0 7.0253505166308825
1 7.673865370703351
2 8.111963644647275
3 7.4322130517373495
4 7.411988261479712
5 7.387106418673995
6 7.894032610160491
7 7.061308751804895
8 5.996644012039698
9 8.248221837285518
10 8.011465194091542
11 6.981703570233598
12 6.868218320806764
13 7.2848955917774
14 5.1190971268435845
15 5.141682590834062
16 5.845723464889392
17 6.005089286274823
18 4.111469874248723
19 5.877329134263438
20 7.064274840243285
21 6.718807701866606
22 6.775987144677915
23 7.605233754699711
24 7.099689493163226
