0 4.034260523838971
1 3.773649600727407
2 5.360863599849696
3 4.827044896248484
4 3.3598776095039735
5 5.662618426339413
6 5.615237549777667
7 3.3482876891736413
8 4.280107097537754
9 3.2963296156406607
10 4.898080184587924
11 5.465537099430206
12 3.7197969255862517
13 5.601681614248225
14 3.239431463226467
15 6.782748173453494
16 6.359769105511441
17 8.00621982612897
18 5.272353020973744
19 7.369899122980133
20 8.079628525568141
21 6.815441865205925
22 5.850078594063331
23 3.584953223330451
24 6.307307790038663
