0	0.0
1	0.6340051889419556
2	0.6418389081954956
3	0.6235395669937134
4	0.6709532141685486
5	0.6648845672607422
6	0.5952031016349792
7	0.6490150690078735
8	0.5999253392219543
9	0.6232122182846069
10	0.6716453433036804
11	0.5654395222663879
12	0.597891628742218
13	0.5964524149894714
14	0.6167249083518982
15	0.687470555305481
16	0.6906968951225281
17	0.6677669882774353
18	0.6356585621833801
19	0.6859824657440186
20	0.7219085693359375
21	0.6077873110771179
22	0.6189345717430115
23	0.7194792628288269
24	0.6749058961868286
25	0.6798063516616821
26	0.5625997185707092
27	0.6195087432861328
28	0.6391948461532593
29	0.694518506526947
30	0.6256632804870605
31	0.6524118185043335
32	0.608483076095581
33	0.7022771835327148
34	0.6775756478309631
35	0.6619433760643005
36	0.6851150989532471
37	0.616127073764801
38	0.6340511441230774
39	0.5213658213615417
40	0.6367152333259583
41	0.6657493710517883
42	0.6786221265792847
43	0.6364527940750122
44	0.6666609644889832
45	0.5936279892921448
46	0.7001977562904358
47	0.6241910457611084
48	0.6925399899482727
49	0.6539999842643738
50	0.6432505249977112
51	0.7110974192619324
52	0.7284486293792725
53	0.741158664226532
54	0.7621192932128906
55	0.6632185578346252
56	0.5888041257858276
57	0.654201090335846
58	0.7076581120491028
59	0.69488924741745
60	0.6489635705947876
61	0.6669664978981018
62	0.5600517988204956
63	0.7313132286071777
64	0.6473134756088257
65	0.6297509670257568
66	0.6366649270057678
67	0.7425820827484131
68	0.7300228476524353
69	0.6935547590255737
70	0.7247285842895508
71	0.6694812774658203
72	0.7420998215675354
73	0.6533991098403931
74	0.6638215780258179
75	0.6497438549995422
76	0.6479495167732239
77	0.6853528618812561
78	0.6519343256950378
79	0.7245181798934937
80	0.6848305463790894
81	0.7661928534507751
82	0.6813550591468811
83	0.7280499339103699
84	0.6953491568565369
85	0.7249382734298706
86	0.6761330366134644
87	0.7334117889404297
88	0.6932716369628906
89	0.7509178519248962
90	0.7223117351531982
91	0.6707619428634644
92	0.6396536827087402
93	0.6424583792686462
94	0.6323044896125793
95	0.7509002685546875
96	0.6668062806129456
97	0.6455150246620178
98	0.6403785347938538
99	0.667361855506897
100	0.6686858534812927
101	0.7309711575508118
102	0.7343694567680359
103	0.6997075080871582
104	0.7241902947425842
105	0.6708696484565735
106	0.7010847926139832
107	0.6833109855651855
108	0.717036783695221
109	0.6644009947776794
110	0.6632708311080933
111	0.6598942279815674
112	0.7553520202636719
113	0.6877033710479736
114	0.6929969191551208
115	0.6329631805419922
116	0.6569886803627014
117	0.6400196552276611
118	0.6934499144554138
119	0.601182222366333
120	0.6079292297363281
121	0.6550465226173401
122	0.726298987865448
123	0.8205633759498596
124	0.6930435299873352
125	0.702510416507721
126	0.6376165151596069
127	0.6961225867271423
128	0.7355034351348877
129	0.5393468141555786
130	0.6811150312423706
131	0.6505150198936462
132	0.7217606902122498
133	0.6935418248176575
134	0.6209198832511902
135	0.6862757802009583
136	0.7024366855621338
137	0.6289884448051453
138	0.6975365877151489
139	0.6915792226791382
140	0.6905766725540161
141	0.672821581363678
142	0.7314108610153198
143	0.6584026217460632
144	0.7226579189300537
145	0.740433931350708
146	0.647523045539856
147	0.6665278077125549
148	0.7677069902420044
149	0.6434262990951538
150	0.7225021719932556
151	0.6766471862792969
152	0.7570602893829346
153	0.7111001014709473
154	0.7010086178779602
155	0.6472156643867493
156	0.6548187136650085
157	0.7661346197128296
158	0.6949592232704163
159	0.7124744057655334
160	0.6820500493049622
161	0.6490758657455444
162	0.7494456768035889
163	0.7611700892448425
164	0.698914647102356
165	0.6786296963691711
166	0.7264643907546997
167	0.6638048887252808
168	0.6839019060134888
169	0.7177783846855164
170	0.6946015357971191
171	0.7552406787872314
172	0.5941714644432068
173	0.7160075902938843
174	0.648390531539917
175	0.6379739046096802
176	0.6597140431404114
177	0.6829248666763306
178	0.6559967994689941
179	0.7398499250411987
180	0.7451054453849792
181	0.6766131520271301
182	0.7659415602684021
183	0.8055294156074524
184	0.7469855546951294
185	0.8440031409263611
186	0.715449333190918
187	0.8071330189704895
188	0.7176440358161926
189	0.6894950866699219
190	0.6994037628173828
191	0.7476802468299866
192	0.7227407693862915
193	0.7438830137252808
194	0.7996083498001099
195	0.7125331163406372
196	0.6758465766906738
197	0.7539142966270447
198	0.6398429274559021
199	0.8695352673530579
200	0.7343011498451233
201	0.6732609868049622
202	0.7714434266090393
203	0.8335946202278137
204	0.7864063382148743
205	0.80764240026474
206	0.8277203440666199
207	0.7484546303749084
208	0.7390132546424866
209	0.8041800856590271
210	0.8562501668930054
211	0.6222976446151733
212	0.6387456655502319
213	0.6300491690635681
214	0.6991172432899475
215	0.7585568428039551
216	0.6948761940002441
217	0.7136207222938538
218	0.7650980949401855
219	0.7604533433914185
220	0.7343431711196899
221	0.7685332298278809
222	0.7492886185646057
223	0.752051830291748
224	0.7168430685997009
225	0.7537736892700195
226	0.7709671258926392
227	0.6652971506118774
228	0.7444632053375244
229	0.7156132459640503
230	0.7404688000679016
231	0.7020691633224487
232	0.7296431064605713
233	0.7634473443031311
234	0.7007100582122803
235	0.7237246632575989
236	0.6860409379005432
237	0.7614123225212097
238	0.7624677419662476
239	0.7600343823432922
240	0.7905222177505493
241	0.736115574836731
242	0.6038236021995544
243	0.7401195764541626
244	0.7656369805335999
245	0.7596897482872009
246	0.684201717376709
247	0.6729307174682617
248	0.8635421395301819
249	0.8579713702201843
250	0.7684674859046936
251	0.7098507285118103
252	0.7314554452896118
253	0.7531212568283081
254	0.6343643069267273
255	0.6525838971138
256	0.7618410587310791
257	0.7277472019195557
258	0.76457279920578
259	0.7496209144592285
260	0.7655107975006104
261	0.6299356818199158
262	0.6760743856430054
263	0.5852155685424805
264	0.7483859658241272
265	0.7536057829856873
266	0.7867802977561951
267	0.6653792262077332
268	0.8040242195129395
269	0.797222912311554
270	0.7901535630226135
271	0.7055870890617371
272	0.6865231394767761
273	0.724574625492096
274	0.6702078580856323
275	0.6893176436424255
276	0.787666916847229
277	0.7012906670570374
278	0.7348389625549316
279	0.6351302266120911
280	0.6477515697479248
281	0.6978546977043152
282	0.7465887069702148
283	0.7110911011695862
284	0.6797404289245605
285	0.7225423455238342
286	0.7056036591529846
287	0.7887579798698425
288	0.6971359848976135
289	0.7755271196365356
290	0.7045760154724121
291	0.7235944867134094
292	0.677402913570404
293	0.7009737491607666
294	0.7271739840507507
295	0.6630120277404785
296	0.6722716093063354
297	0.7081772685050964
298	0.6880699992179871
299	0.690305233001709
300	0.6945952773094177
301	0.7992649078369141
302	0.6159592866897583
303	0.7125236988067627
304	0.754691481590271
305	0.6937487721443176
306	0.7215686440467834
307	0.6773367524147034
308	0.7527121305465698
309	0.6488123536109924
310	0.7047923803329468
311	0.7326465845108032
312	0.8336589932441711
313	0.6903910040855408
314	0.7416091561317444
315	0.6706844568252563
316	0.7783153057098389
317	0.687411367893219
318	0.6666049361228943
319	0.7273285388946533
320	0.6808608770370483
321	0.7168673276901245
322	0.7156863808631897
323	0.7246353030204773
324	0.736407458782196
325	0.7467489838600159
326	0.6726688742637634
327	0.633715033531189
328	0.678726315498352
329	0.639991283416748
330	0.7337929606437683
331	0.6902178525924683
332	0.8042684197425842
333	0.6494608521461487
334	0.7728150486946106
335	0.6872865557670593
336	0.7199134230613708
337	0.7147611379623413
338	0.7018758654594421
339	0.7535092830657959
340	0.7921209335327148
341	0.7420623898506165
342	0.7540467977523804
343	0.628188967704773
344	0.6433029770851135
345	0.6670816540718079
346	0.831736147403717
347	0.7016520500183105
348	0.7039552927017212
349	0.7598139047622681
350	0.7592375874519348
351	0.7586805820465088
352	0.6033396124839783
353	0.7475449442863464
354	0.6516287922859192
355	0.6975811719894409
356	0.6837342381477356
357	0.6423153877258301
358	0.7022390961647034
359	0.6710890531539917
360	0.7011045217514038
361	0.7060136795043945
362	0.7140158414840698
363	0.6514206528663635
364	0.694510281085968
365	0.6930350065231323
366	0.7419208884239197
367	0.5967810750007629
368	0.7220781445503235
369	0.7271904349327087
370	0.7868682146072388
371	0.6350456476211548
372	0.7334986925125122
373	0.6154374480247498
374	0.758059561252594
375	0.6957072615623474
376	0.6492504477500916
377	0.6380892992019653
378	0.7381280064582825
379	0.742290198802948
380	0.70138019323349
381	0.6729561686515808
382	0.7624901533126831
383	0.6394807696342468
384	0.6658268570899963
385	0.6641164422035217
386	0.6539582014083862
387	0.67649245262146
388	0.7046292424201965
389	0.7021656632423401
390	0.7713696956634521
391	0.6647003293037415
392	0.7925823926925659
393	0.6653178930282593
394	0.681389331817627
395	0.7086113691329956
396	0.6906455159187317
397	0.6335518956184387
398	0.6867058277130127
399	0.7115336060523987
400	0.7309296727180481
401	0.634886622428894
402	0.736122727394104
403	0.6839896440505981
404	0.6777446866035461
405	0.7533549666404724
406	0.7203609347343445
407	0.7314496040344238
408	0.6355494260787964
409	0.6684138774871826
410	0.7112842798233032
411	0.6428898572921753
412	0.6542372703552246
413	0.7537373304367065
414	0.7854247689247131
415	0.6544590592384338
416	0.7087135910987854
417	0.680975079536438
418	0.7369074821472168
419	0.6863095760345459
420	0.6537138223648071
421	0.6611238718032837
422	0.6301802396774292
423	0.6781858801841736
424	0.7189250588417053
425	0.7119367122650146
426	0.7895967364311218
427	0.6059641242027283
428	0.6215353012084961
429	0.8389729857444763
430	0.5936399698257446
431	0.8141787052154541
432	0.7162964940071106
433	0.6260881423950195
434	0.6588379740715027
435	0.7094570994377136
436	0.6380201578140259
437	0.6552127599716187
438	0.5695495009422302
439	0.616664469242096
440	0.6192420125007629
441	0.7105880379676819
442	0.722608745098114
443	0.5857856273651123
444	0.6666632294654846
445	0.6950182914733887
446	0.6265692114830017
447	0.6259471774101257
448	0.7255869507789612
449	0.7234691977500916
450	0.7305092215538025
451	0.7143356800079346
452	0.6536993980407715
453	0.6812833547592163
454	0.7251856327056885
455	0.7183760404586792
456	0.743305504322052
457	0.6028594374656677
458	0.6544821858406067
459	0.6792876124382019
460	0.7324888110160828
461	0.6890426278114319
462	0.7776248455047607
463	0.6903781294822693
464	0.6705431342124939
465	0.6344178915023804
466	0.7013922929763794
467	0.5849011540412903
468	0.76169353723526
469	0.6574547290802002
470	0.7255668640136719
471	0.7447224259376526
472	0.6335272192955017
473	0.6801454424858093
474	0.6615522503852844
475	0.7264958024024963
476	0.7004621028900146
477	0.6746858954429626
478	0.6577742695808411
479	0.7625555396080017
480	0.6294658184051514
481	0.7088665962219238
482	0.5887897610664368
483	0.670721173286438
484	0.6015228629112244
485	0.6385786533355713
486	0.6569018959999084
487	0.6596031785011292
488	0.6406917572021484
489	0.7051169276237488
490	0.6576792597770691
491	0.7091832756996155
492	0.6161561608314514
493	0.6615005731582642
494	0.7638313174247742
495	0.6968761682510376
496	0.5960763096809387
497	0.6727851033210754
498	0.5613566040992737
499	0.587757408618927
