0 3.549991777577637
1 4.333810524545657
2 6.581721961953349
3 2.706430208807782
4 2.9793052895536105
5 3.598885565556571
6 3.1724411648356323
7 3.4258417398595964
8 3.3580988664710487
9 3.3417886435211583
10 2.6576909205724655
11 3.2222848562098267
12 3.184900263952148
13 3.4004390897001096
14 3.64388942434433
15 3.756341762751533
16 3.8710348390565823
17 3.6293166048492944
18 3.2222433973095876
19 2.9270308026578538
20 3.207504158950663
21 2.8106681304727283
22 2.858992980037786
23 3.1813345205234977
24 2.7536349368332904
25 3.410318775824705
26 3.3820358460680024
27 3.4813151623194947
28 2.829010482547214
29 3.2354574356919774
30 3.348221960834645
31 3.686531982126439
32 3.346428959338543
33 3.4607771187786116
34 3.787364128815352
35 3.6898986846971114
36 3.60376318020457
37 3.455350485994178
38 3.6089933999461894
39 3.9364141130985737
40 4.064667983754772
41 4.177250579070975
42 6.173989390546385
43 4.183545132703262
44 6.27218165014323
45 3.7078080237635866
46 4.248535120919823
47 3.6321647257943326
48 3.521048815742852
49 3.220731295700445
50 5.6651523347714
51 3.520629211348025
52 2.8266698314506
53 3.9471196232189087
54 4.025467866732183
55 3.7875861855492223
56 4.856055023758713
57 3.6320348523984625
58 4.6007144676086
59 4.5540284937359665
60 3.8250234881938114
61 3.2808254797288265
62 3.7818423811089064
63 5.051448041426477
64 4.956735314927241
65 4.102724274006399
66 4.0259601847295166
67 3.9301510199346925
68 3.9110383657643184
69 3.8741061547551934
70 5.373370952256016
71 3.954721280278341
72 6.890407331260291
73 3.825756101329842
74 3.799651610568828
75 3.6320194729291515
76 3.7751463587080947
77 3.5637598392601046
78 3.8838259535204824
79 3.7768239592123036
80 4.12445976502842
81 3.864842304289255
82 3.756054571019646
83 3.8926897074968316
84 3.779799981863216
85 4.015785977776023
86 3.7544889208800343
87 5.880621095896693
88 6.416389970308267
89 8.86495220361897
90 4.929494643708918
91 3.8923687654179284
92 3.532063089989945
93 4.80854087364983
94 3.6273776835961478
95 6.5576815313866215
96 6.9345198609479395
97 8.56934885290093
98 3.809350683948862
99 3.96434015616994
100 4.097114068551159
101 8.707740572055215
102 6.026261210519049
103 6.402526765868298
104 6.111300379630232
105 6.530051667703215
106 6.3257693643221184
107 7.74228711968471
108 6.272301092456836
109 7.047941267917361
110 6.388084988430619
111 5.86882013926883
112 4.015958511277874
113 3.8653213590061704
114 8.509700819893945
115 3.7119291155929566
116 3.4528731535059687
117 3.9053311518440252
118 3.9555081843520012
119 4.831268630738267
120 4.578801754600305
121 4.238836594733907
122 2.974889636220892
123 4.117944964789648
124 4.678218322030227
125 3.3985660935020863
126 4.094288147758152
127 3.983570041566467
128 3.3183024674383717
129 3.463663074518607
130 3.668700831357193
131 3.5175520842572636
132 3.122507496508237
133 4.319227474166729
134 3.241070201761432
135 2.8680724608759314
136 3.435216123932698
137 2.994451707694197
138 3.2301196195839443
139 3.472552295801062
140 3.3276957755756387
141 3.4894554844908523
142 3.609376317583931
143 3.192874922789709
144 5.634753526495017
145 2.914927739607187
146 3.4464577261245526
147 3.3819157432621583
148 4.094620156378592
149 7.1449438616100265
150 6.8187509685833945
151 3.722915869252837
152 7.648919848927836
153 3.1963351863599714
154 2.7843643684939656
155 3.051937185526015
156 3.4780476112918475
157 2.9464634284561946
158 3.72229098029467
159 3.0867141915334066
160 5.477650193282617
161 3.8045037011259177
162 3.5928805894860623
163 3.0642669053941676
164 3.1450782436529487
165 3.2786251877522212
166 3.5591514655257925
167 4.023000339354914
168 2.7330935964431635
169 2.9983891803423597
170 3.8891511526543914
171 2.5656549416679666
172 3.5914223051651804
173 3.5282218171419086
174 3.245955136444262
175 3.509706162775996
176 3.4535127938449617
177 2.933507204805067
178 3.1340091471447393
179 5.805560089247345
180 3.2277992993917644
181 3.5539624946528265
182 3.4942872233223587
183 3.586165632236941
184 2.881735466667068
185 3.4933913456967276
186 3.8250861587205423
187 3.7722285193611103
188 3.638002626775447
189 3.65360116204883
190 3.2687258054840806
191 4.234783273386607
192 5.825295493715976
193 3.843072724787574
194 5.658864841288356
195 5.161737221417916
196 5.525610572759352
197 3.983004192455928
198 3.7066508841544294
199 4.216536305244471
200 3.738038828422614
201 3.5461264235599494
202 3.4380437691239747
203 6.493776649172521
204 4.136299494481207
205 4.512806299011596
206 3.3152183263632224
207 4.668284379764636
208 3.871445508939505
209 3.576384766522898
210 3.730458421088148
211 3.851926120732899
212 3.7619531448517916
213 4.0919212325883025
214 3.8477179821903786
215 2.8241944488022006
216 5.450486326565676
217 3.0311176783196747
218 4.624461620831084
219 3.2413045518673784
220 3.2558351817376487
221 3.2490127574862013
222 3.4829057732513076
223 3.8689347327064576
224 3.8225313177059714
225 3.760784319431382
226 6.035141717906862
227 4.187031036502235
228 4.155238469732528
229 3.8920395357598028
230 5.5316672090503785
231 6.538626712830305
232 6.719491026158979
233 3.8447056302249525
234 7.1962778264520475
235 6.244685119402451
236 7.870297045362842
237 8.165022135046993
238 9.549357420374989
239 4.912735029145485
240 3.765441511821441
241 3.718674966769281
242 8.832814206964478
243 3.7318576860769266
244 3.6370880162935384
245 3.9354973260145827
246 5.512757203244846
247 3.9522452128843515
248 3.674707011012883
249 3.6432001294198098
250 3.95468124135031
251 5.757538580230967
252 3.85112438716362
253 3.8175565665262927
254 4.048727318389123
255 4.059852595749341
256 4.054792347863826
257 4.14220009481495
258 3.550351835279457
259 4.642713580438076
260 3.9708855632771836
261 3.8765161601831735
262 3.808266993700407
263 4.2579304291035305
264 4.252087038536342
265 3.7493443170270555
266 4.040978812296006
267 3.2963605397573366
268 3.9447275442065495
269 3.184342959278721
270 5.450686298802444
271 6.355616036882567
272 3.7296283685389295
273 4.077515766871641
274 5.523331637155653
275 3.829839015980783
276 3.994620858620146
277 3.934352909360745
278 3.84744681463683
279 3.8467837869453874
280 4.003179365038664
281 4.029674883121955
282 3.9229602299864106
283 4.023345488109766
284 3.492006849461932
285 3.834638440281409
286 3.849426752637532
287 3.3153515510836056
288 3.2256004422783966
289 5.320180866836507
290 3.6901047450796978
291 6.651417663732471
292 6.187417508587366
293 7.697346239989652
294 5.804976437902816
295 5.344365631648844
296 5.365955608175456
297 6.432911035139601
298 3.6659802776983312
299 3.5375673611393776
300 2.9159472156517645
301 3.602265185539989
302 3.5645510674280376
303 3.582299731252112
304 3.5794221367241192
305 3.9559206602503045
306 3.9574996565186726
307 3.7197652430283346
308 2.927915019136242
309 3.208944205478748
310 6.464274590362824
311 3.883893462621401
312 4.076973385428087
313 3.038231150327711
314 3.033974325720204
315 3.0302563501077544
316 3.3884514490043376
317 3.6836514304863823
318 4.029056612570241
319 3.0048478844468125
320 3.7248526279350296
321 4.807901194533103
322 4.1660582951241105
323 2.993755130208222
324 4.057836285573731
325 3.942173838028326
326 3.806356944018267
327 7.408750771090395
328 3.66820826529738
329 3.447300837021663
330 3.096572792284238
331 3.832607179330752
332 3.9486743496127232
333 8.36199738857977
334 3.842305105244968
335 3.3557978543513722
336 3.4656563479476112
337 3.2189301132808814
338 5.693671830133855
339 7.195651595136777
340 4.121670721441481
341 6.8349579860316885
342 3.693450276714182
343 3.135742381574088
344 3.6718763647310375
345 6.020412869078263
346 3.782939931434521
347 3.894538985669345
348 3.3285801479024433
349 3.485916061719303
350 3.382335394304714
351 3.148344921701904
352 3.4280946828609298
353 3.432960859001208
354 3.377022957137841
355 3.0781055566015247
356 3.5494934635223605
357 3.961091957854205
358 3.5073657374976803
359 3.6078075720900413
360 4.163370760384515
361 2.5977241279188577
362 3.3685757720215133
363 3.598804318755744
364 3.067109449050031
365 3.097260535493098
366 3.2932282413909824
367 3.006644043117834
368 3.3130535949893773
369 5.3269946892942714
370 3.5621004553369384
371 2.861323479359771
372 3.5754718828265473
373 3.051929709000177
374 3.248918052473809
375 3.282399772009878
376 3.3843150504968103
377 3.6411449457162064
378 3.6611795207233184
379 3.209866350875266
380 3.140641949568989
381 3.569553227688353
382 3.8663028520989573
383 3.9627604212694725
384 5.046232156057808
385 3.2527455256115476
386 3.074095559211869
387 6.537931644491108
388 7.0279231969707245
389 3.898359582122738
390 3.9604906381738543
391 3.77995160113747
392 3.8830306052309296
393 3.992709035461209
394 5.983986004383059
395 8.081766204820477
396 8.401444947681075
397 6.937989825718262
398 7.411546796683284
399 5.852153595708487
400 9.053646152816357
401 7.103568389873795
402 7.079867818555568
403 6.449618346883038
404 7.941499642254272
405 6.657961575708513
406 7.662189691395185
407 7.5313372096188544
408 6.9610765542456
409 7.474291235355186
410 8.108143188732935
411 6.968371905511747
412 6.78305523315619
413 8.30941290415107
414 6.377278962351719
415 5.24570164885349
416 6.514222782031021
417 4.838676189561717
418 5.233206664419368
419 4.030174907747199
420 3.888818479512218
421 6.303765185712568
422 3.9125477851392283
423 3.8242692471192443
424 3.813852047052422
425 7.451277179063976
426 3.6010402907988777
427 3.8425875500436097
428 6.52431069367963
429 5.736076693552543
430 6.775064746241604
431 5.9225649498054
432 6.680251536210747
433 4.064340920430467
434 6.841520843172836
435 5.168005740749739
436 6.720830148735154
437 5.838413333688363
438 3.54461043882741
439 6.819316718238078
440 6.2470708343162356
441 3.9942767604452896
442 3.716799186487864
443 3.521050134880973
444 3.946096787374561
445 3.968569038883589
446 5.856917033340433
447 5.638392911081682
448 8.902690363768782
449 7.055327737425476
450 7.207949951043235
451 10.069614850395533
452 5.467263231312664
453 5.551811614293963
454 7.0514175643265355
455 7.234266894362642
456 6.902161927788902
457 6.558693051904402
458 5.635392447789227
459 6.640024614425953
460 3.0144809384923055
461 3.242808883741592
462 3.7352201352772556
463 3.83683576203383
464 3.818724242113469
465 3.6286731092603013
466 3.8902175823950658
467 3.867914400344685
468 4.369974975512259
469 4.5109263117100795
470 6.9365313755875295
471 3.8581099229313938
472 4.05794656656695
473 3.7149963260334893
474 3.589232187705596
475 3.511130800823085
476 3.0985911310905583
477 3.621954391199732
478 3.876666347838292
479 3.7096233486199335
480 3.588200866572306
481 3.71593679118345
482 3.808870006135751
483 5.323535729335399
484 7.661851481834672
485 3.8338423188493915
486 3.8026626063912903
487 4.292311153623507
488 3.849667633863274
489 3.2172323890753662
490 3.561701382336608
491 3.509338945383885
492 3.128362497934714
493 4.2144795426089345
494 3.856249404177467
495 3.1837750030039245
496 3.1430878558113795
497 3.3937518950702614
498 3.0020688765705192
499 5.7048697547979685
