0 3.8665920363883255
1 3.1881031730992473
2 3.4050085959944005
3 3.511680343602756
4 3.699925786922333
5 3.611738384669441
6 3.846559164416138
7 3.5387947369755866
8 3.380843812907298
9 3.270736707838275
10 3.431431370177167
11 3.2298159583991595
12 3.390046568609687
13 4.525533972084535
14 6.9500707150864445
15 7.885220641098876
16 7.469419616433827
17 7.215550980826179
18 5.480163552968249
19 3.994872473400583
20 3.67953192032363
21 7.978041902937524
22 7.724083774859323
23 7.829039037800451
24 7.8366430866575785
25 8.299037475025193
26 9.708370257354753
27 11.138470522477158
28 6.987895198604176
29 8.550930616431044
30 9.853820488975815
31 10.606544240762998
32 9.508502025289513
33 10.625376874671442
34 10.575308596313302
35 10.019826487507515
36 9.62737184538637
37 9.22146728912247
38 7.961402597704137
39 8.352201533220082
40 8.324312530727244
41 11.346394501634904
42 10.806794219939725
43 9.85285084228046
44 10.234768705702779
45 9.776310593268818
46 10.173087114744266
47 9.782693352440738
48 10.190207779654083
49 10.791823816007465
50 8.786723987775408
51 8.562670274869742
52 10.09874650638529
53 11.458152618922638
54 10.473558707313527
55 10.428792063515933
56 9.494773768704729
57 9.811919861059694
58 8.686438584825115
59 8.013917185161224
60 8.648487974212017
61 7.26314306534176
62 9.71014359775775
63 10.934857468782447
64 10.13089846932153
65 10.655762159316584
66 9.974908690900993
67 9.863422119100033
68 10.359396127391745
69 10.441386879916806
70 11.0965267559185
71 10.62650367374295
72 10.22713443940093
73 11.891445838049895
74 9.377683712957836
75 10.397857800898175
76 9.139885187406684
77 9.60124185056081
78 8.841603476840099
79 9.078925925032195
80 11.000389683937799
81 10.03341166872931
82 11.212287181796949
83 10.51232587063214
84 8.676624042120084
85 9.26129714253852
86 9.989547926873314
87 9.688935887274134
88 10.031788239517532
89 10.341047141556418
90 7.801496859749321
91 7.360872260294277
92 8.738525190206325
93 10.943484717343033
94 9.773309336303948
95 8.896199328665398
96 9.758052189285662
97 9.89439293381449
98 9.75899075315481
99 10.717490667909596
100 9.71647773260137
101 10.162653024093746
102 9.779765781554302
103 10.143877626079172
104 10.073398765959313
105 10.293319755243544
106 10.421989164168313
107 9.951229844032065
108 10.557198816555468
109 10.25182489587939
110 9.568175295686112
111 10.541277820988961
112 8.75583074573687
113 10.453034876637268
114 9.459952592532005
115 9.438090261005081
116 10.449996969890115
117 9.764926319604495
118 10.214041525782767
119 9.523892889178736
120 9.678593326374276
121 10.277535872838898
122 10.32442947699976
123 10.156881701339767
124 10.02522148682567
125 9.27021600348279
126 9.426793674650431
127 10.184650813601843
128 10.228203785739481
129 9.304380601161848
130 10.175036652935184
131 10.743241857957281
132 9.716997101767255
133 10.62345040006617
134 9.711542404927343
135 9.583452513936328
136 9.364490966858305
137 9.62093143646272
138 10.72932320385119
139 9.266698437098878
140 9.9091206310825
141 12.548549806804566
142 9.251918075581079
143 10.24591764527075
144 10.28794618882612
145 10.371758102769892
146 10.588143938063654
147 10.96490297545123
148 10.812677026807107
149 11.148528400428972
150 10.66132263304751
151 10.332184475860497
152 9.657871379659614
153 9.223784495533424
154 10.30305843379549
155 9.635695373097272
156 9.54468439279509
157 10.788329953989725
158 10.62857605650481
159 10.082997736015784
160 9.963323577521324
161 9.715485310882181
162 10.961113247377149
163 11.2037314227503
164 11.171984677501074
165 11.90383041869802
166 10.068155396289848
167 10.886232465007737
168 10.421545829364723
169 10.15738188725731
170 11.200040163414016
171 11.08391167464052
172 11.004722588622846
173 11.56027181402494
174 10.054813936560755
175 11.839576282195907
176 11.65223402478859
177 12.047772312380257
178 10.371403849452674
179 10.547708080295529
180 10.895928896545625
181 11.114226596443398
182 11.121684531203346
183 10.995152302982074
184 10.14209993314304
185 10.816571617379944
186 11.491588239609982
187 10.525657638507399
188 8.95736336468658
189 9.904607644883546
190 9.804656070495296
191 9.978454551175924
192 10.469833828374643
193 10.769055985957623
194 10.613184769740652
195 10.731521626797562
196 10.462544379385461
197 8.2511221619272
198 7.373937409157819
199 8.697096285353158
200 9.465639364298887
201 9.238410816271497
202 10.132311502275606
203 9.524977785853322
204 10.1239673108989
205 10.43080996892142
206 9.895092431388631
207 9.010219222887013
208 9.801590715332894
209 11.057513038581503
210 11.339038345275473
211 11.090789904500976
212 11.166261021340617
213 10.334082567897585
214 11.381134698698657
215 11.385671954354855
216 11.901283256618207
217 11.086754627296191
218 11.084174964797416
219 10.915014230847072
220 10.719696935236431
221 9.377565350171055
222 9.254409183558531
223 9.209413050253493
224 10.15313802739806
225 11.084643314959841
226 9.444630876353044
227 10.443305763112434
228 10.933668256881795
229 10.869013950941957
230 11.75346163177007
231 9.98555776846528
232 9.943388644011339
233 9.823428625627185
234 8.699777641677905
235 9.51818570649905
236 8.508308619263087
237 10.506531719895177
238 9.761006126190289
239 9.943650730906326
240 11.061446273618753
241 9.644459729852624
242 11.068722275776832
243 8.380285359513548
244 7.478456669100345
245 7.829628526560246
246 7.352794132485856
247 8.760405283012524
248 8.511884850548451
249 8.530358906835142
250 8.514760986946271
251 9.383292805064547
252 8.565254901736196
253 8.263306758031655
254 9.793477751254695
255 10.904754886760013
256 12.590886404287174
257 12.342261212631744
258 12.011650482446857
259 12.046184630281484
260 9.404209960161678
261 10.317975620730431
262 10.581391937578056
263 9.767820731963582
264 10.233869716449458
265 9.08165535900417
266 7.388001806935353
267 7.534937160243232
268 8.642392670072294
269 10.54269720363666
270 9.840207269368289
271 10.637180291493522
272 8.448183315605595
273 7.514115757764643
274 10.089206304142357
275 9.55207038877827
276 9.383118303942492
277 10.81192583865433
278 10.285300999684768
279 10.30462524700671
280 11.17153320236562
281 12.024812260772817
282 11.68186445101644
283 12.36350929821829
284 11.003350112044641
285 10.546796087493428
286 11.687756309771183
287 10.813012232371984
288 10.675406816561935
289 10.982458759019794
290 10.460639327331455
291 10.874277148168265
292 10.079211459882508
293 11.515704189307508
294 10.985938762366606
295 10.028767020283654
296 10.390349538593844
297 9.59946286354385
298 8.867841414182386
299 8.019515814087214
300 7.34606558202004
301 10.409803813357232
302 9.77284200588998
303 9.32124081659857
304 12.207381484587172
305 12.102376207413572
306 10.872051164673998
307 9.52952818395692
308 10.178856194591608
309 9.489039916937198
310 10.033308473591728
311 9.47747054885124
312 12.441838768741743
313 11.93495940843393
314 12.22181744765116
315 11.430857420909568
316 12.204186373523001
317 11.967268574035018
318 11.492145871234733
319 12.610923032019263
320 12.140047077055641
321 12.002344412953265
322 12.524705883136276
323 12.13185103902754
324 11.685879971105757
325 11.6944128689132
326 12.057524687483102
327 11.508815513891234
328 11.550049188982502
329 12.068165155945183
330 12.406026582481413
331 10.372791151113859
332 9.987421205182876
333 9.275366557782554
334 9.405101068226857
335 11.351599511318675
336 9.789140580410075
337 10.557824191217488
338 8.654759387067225
339 10.554565638681668
340 10.430728127527292
341 10.27313135717182
342 9.225803036038807
343 9.976636672106968
344 10.556408474871404
345 9.356358660195374
346 10.388428678249891
347 9.829402404689622
348 10.230073773289206
349 9.35413958339187
350 9.969918047631326
351 8.581961370174314
352 9.147769822106326
353 10.079921574279625
354 10.060162212436966
355 9.958948439397249
356 9.526520329071177
357 8.11977476303205
358 8.90041410410527
359 10.124272822088466
360 9.809876453164337
361 8.765948194826494
362 10.782957160720754
363 9.544788875633664
364 10.024308069610646
365 9.44156997090065
366 10.338972623667082
367 8.418649898396042
368 8.66537297218702
369 8.638421547939913
370 9.944410602264645
371 11.403295460890941
372 10.428654235704993
373 9.746477620647084
374 10.544689630567731
375 8.99456917420196
376 8.644068066062014
377 10.581306544236321
378 10.156601838471818
379 10.615580436189457
380 10.106330186509869
381 10.225828559548189
382 10.70805026725335
383 9.290318228394144
384 10.692344524935878
385 10.322844497894039
386 9.991878130163867
387 11.125427473547882
388 10.222084032987292
389 8.015167697826946
390 7.243729611388983
391 8.860205290958021
392 9.418538262668829
393 9.776654382995561
394 9.896808614133764
395 9.96843971283869
396 8.915634684118402
397 9.749063815301179
398 9.916389825449903
399 8.312581771058799
400 8.002521845763269
401 8.032590920980851
402 8.91140053812702
403 7.701444655984763
404 8.938369624690147
405 8.6567182138755
406 10.076417890402354
407 8.090030507347139
408 7.7385522777809035
409 8.236610764678606
410 8.154506224860429
411 9.42675833586971
412 9.543354123370934
413 6.868450780399299
414 9.087625532988724
415 7.934359928544557
416 7.158837789037682
417 7.25330222471766
418 8.852199126709944
419 9.306479278851395
420 9.147012740433798
421 8.99673911900636
422 8.706623231784564
423 8.055003744921422
424 8.173343242989686
425 7.246119352424177
426 9.74110860618274
427 9.269745907399143
428 7.737805553810708
429 8.915769515209599
430 8.194497886113766
431 10.419161700931829
432 8.477329833254176
433 7.120068973255876
434 9.171844041232005
435 7.223700107284838
436 8.501836915693474
437 9.604693631324505
438 10.389386766994274
439 10.145816625475947
440 9.976169895971319
441 9.345108223297668
442 10.768586717269638
443 8.532087338720027
444 8.995422260777898
445 8.272446411087824
446 8.941437412218272
447 9.520880540759467
448 5.52648849533173
449 7.033752769812434
450 7.18820660188127
451 9.43480714398072
452 9.542617066889564
453 10.21611119294605
454 9.99340035745569
455 9.804631093714619
456 10.350188871560999
457 7.666831717694216
458 8.423866697403215
459 8.946845276960293
460 8.94841228868777
461 8.266420390931465
462 8.567483462029383
463 7.765797480750708
464 8.47237442923836
465 9.919447039339072
466 9.746116865352024
467 10.080258412044488
468 8.628897943925121
469 9.002794871952773
470 8.63953334908452
471 8.275173835186097
472 9.215181951464489
473 8.201517464626097
474 7.520025199492936
475 9.395370990229907
476 9.12825971801056
477 9.802493359600337
478 10.007979347295636
479 10.076523786955141
480 10.314820512691167
481 10.25508235249339
482 9.18753768399108
483 8.077948498554441
484 7.5593457585450885
485 7.597915574992304
486 7.580080334651875
487 7.733303032583839
488 10.450362918950894
489 6.8592070566162935
490 8.236661009074968
491 9.17266687047798
492 8.809745262047159
493 7.996881671976288
494 7.085327663848018
495 4.000402960370149
496 7.464338838237165
497 3.698665891985335
498 5.7793107087086355
499 8.150220892690955
