0 11.408020443157682
1 10.374910533194534
2 7.687928359143329
3 7.527080656426847
4 6.705753228112421
5 6.887821694208407
6 10.193001885052764
7 10.271957701546995
8 11.047277280639051
9 8.084671126150976
10 9.482896068983946
11 10.096976699301647
12 9.170300969200898
13 7.707881157985154
14 8.71699640534143
15 8.350321300194306
16 9.69518927105962
17 6.853077948486077
18 8.932482001628895
19 3.8240145350576333
20 6.008536641739632
21 9.3171348108643
22 9.69416072569839
23 8.962018352157967
24 7.8085943315264865
25 9.193461484561242
26 7.395370584338725
27 6.683984420501675
28 5.934984503801663
29 9.545439574812043
30 9.018413802225677
31 8.758448003501993
32 8.606749711055214
33 7.32774980992043
34 7.977395257009994
35 8.048512539843095
36 8.54853160933577
37 7.367674585036351
38 8.45208364052705
39 9.323888320486828
40 7.211366803092407
41 6.899868751527133
42 10.160181313119082
43 10.82236550533467
44 9.438168284934598
45 8.710541980220198
46 11.85498960779213
47 9.88428105492482
48 10.154549571483098
49 8.342550024476115
50 8.050180802784386
51 10.74342385610083
52 11.23531643281125
53 9.63495582712141
54 11.918879115944959
55 11.563930531542177
56 11.170346163413807
57 11.235801484135244
58 10.420080356908052
59 8.896618242017396
60 9.147730649891583
61 10.47687340716202
62 9.835387831102953
63 12.549079154207744
64 10.431063772221771
65 12.290119272053035
66 9.832935359466118
67 7.743094640199038
68 11.244224150056482
69 11.572193962069447
70 9.766837428916135
71 12.044484861692993
72 10.11164630316967
73 10.355961970138242
74 11.69119427439082
75 9.439700535091456
76 10.95477785094339
77 10.499544067440528
78 9.852059922501132
79 10.523792162003652
80 11.726705551801333
81 9.690062260401259
82 9.935428357854597
83 7.999620795754471
84 9.291175624042811
85 9.887180876044816
86 7.004412191383207
87 8.543218089542927
88 9.853112030630898
89 11.81039373100377
90 7.228341395866604
91 10.025130603246643
92 9.630658613068652
93 8.556665090710782
94 9.196363503071563
95 9.248281334176134
96 6.848279460504585
97 10.389718122746084
98 9.587144740571791
99 9.43363662192856
100 10.058207065720191
101 10.162360269326788
102 8.707892685728202
103 9.079946922281449
104 10.703214590516913
105 10.531237130324245
106 10.329286856140852
107 11.979014401076387
108 10.336241021844934
109 9.558141764569806
110 9.841792513502307
111 10.231797267720136
112 9.534134377658741
113 8.431826301292428
114 9.74060315423884
115 9.170094203136886
116 10.318841716580845
117 10.573022795834937
118 9.14509731413142
119 6.09357322362534
120 4.583861513044846
121 9.64625920709424
122 6.363195018372897
123 8.622417464664652
124 5.567165764801758
125 6.523121158348622
126 7.749457311826736
127 9.01746721368155
128 9.178074473527182
129 8.876100739467024
130 7.250971492809125
131 5.195217308226108
132 6.871993820751127
133 5.889226302833151
134 7.082606688324875
135 9.49929248031237
136 5.298968084004397
137 7.821867174140791
138 7.038862675107798
139 8.448475047517476
140 8.858080504684251
141 7.547430368621866
142 8.098297112919738
143 3.947512537463264
144 7.5262465019646365
145 6.629382233457054
146 6.691601476673902
147 6.689688258594084
148 8.768756480219889
149 10.353262333398032
150 6.6354931067186005
151 8.692659732387437
152 7.710251836327436
153 8.798185458489973
154 5.639407139733761
155 7.621901887257463
156 7.891766625533987
157 7.199855929282021
158 7.826953950770662
159 6.501556058645041
160 8.164181721201226
161 9.195431955575975
162 7.973558955254083
163 8.610790825466522
164 9.126107218436742
165 7.984768143604756
166 10.399862008272311
167 11.603491634533059
168 10.190217451352929
169 8.782459049904526
170 11.940294101455013
171 10.936063735807009
172 8.24372827107795
173 10.615092842406744
174 8.892394916838459
175 10.86538855362564
176 10.678794076788636
177 11.835847793807886
178 11.872317323428158
179 12.423986613161562
180 11.113886146043606
181 11.394265566782877
182 9.305974221810596
183 9.942455149294716
184 11.521750110277509
185 12.626292719310207
186 9.806690661267018
187 9.657608791532706
188 10.609779136619625
189 14.372909125107237
190 12.733270774800333
191 9.943113774043523
192 11.195685795728961
193 11.322033235335091
194 10.347699378602247
195 10.398336498561466
196 12.265709098265207
197 11.266716612417298
198 12.28420336223655
199 9.274432884679381
200 10.467778509032375
201 10.39040110630292
202 11.006736173147848
203 13.37421423512105
204 12.05580075464113
205 11.374310732655697
206 11.546625670600674
207 11.820932313240425
208 9.531247662882325
209 9.974904337435103
210 9.416979356396732
211 11.47111511246223
212 9.53063238385107
213 8.418675574825253
214 10.682409512059861
215 9.74668005113519
216 11.456474046166813
217 10.037577797667844
218 11.418576391814875
219 11.80966447587153
220 7.789572195982008
221 10.264773876656625
222 12.265513514042416
223 11.316969153519375
224 8.870436600765027
225 8.699146651812061
226 10.728261093818615
227 8.038029398654698
228 9.19344311129824
229 11.965074905270777
230 9.613162067778955
231 7.995312442194866
232 11.107191156489698
233 11.698619297552955
234 10.110163087486155
235 8.778038132660695
236 8.114434260175292
237 8.39713087056864
238 7.243755597687485
239 5.786710134164254
240 7.292903934987207
241 6.718580170042557
242 8.040124419119707
243 7.100822441549013
244 8.783671466868972
245 8.887570105410283
246 7.6377304750674515
247 8.045625149850142
248 7.478350442156909
249 8.199937205925176
250 6.65976704515945
251 7.9810242634170345
252 6.5168065171467955
253 7.444670302511496
254 6.830172957607927
255 8.373648966588581
256 6.523710384816627
257 7.249479929777253
258 7.951094419294422
259 7.056337569313778
260 5.372506932686298
261 6.362156048946896
262 6.828949921010187
263 6.027712192244186
264 5.569630646747366
265 5.710691448838285
266 6.3753748041739895
267 5.296539817692167
268 8.626188972929347
269 5.161652288028969
270 7.32016342177131
271 5.247843752491488
272 5.755948496749189
273 8.630961197652915
274 5.447281660398765
275 7.130666238092281
276 6.690211288797238
277 6.809272273817856
278 5.830452328911298
279 5.886561791759504
280 5.9004867976700375
281 7.095586603099211
282 7.4432832757486445
283 6.169681196012991
284 5.548847052906036
285 6.633236812874203
286 8.565881173549704
287 7.104891588143905
288 6.4112847574453316
289 6.607348624210183
290 5.594595400910625
291 5.954073231062661
292 7.728995409433088
293 7.8421818176802995
294 6.9596289169817025
295 8.264251223681685
296 7.070027895244633
297 7.668249973450512
298 8.64693295045218
299 5.5047872457049545
300 7.144008130330871
301 6.808007439302941
302 8.916581611332415
303 3.7199261389040816
304 5.078838240820634
305 6.02783679964942
306 7.604479931069956
307 9.67760910377537
308 9.920995785531893
309 11.969526781198086
310 10.34541193947172
311 9.622039487738395
312 11.214176650729685
313 12.231536304354925
314 11.531726126330028
315 8.750197939836028
316 8.724298256932556
317 8.946940449638767
318 10.03143676782795
319 9.887559851676288
320 8.932965627872601
321 9.05087665522035
322 9.510143824208098
323 10.910114837192666
324 12.736800604875924
325 12.152264466471012
326 9.865082510732044
327 10.279868104965344
328 9.879297389727785
329 9.89318307024543
330 10.103567593880909
331 8.766093887606603
332 9.9426786879018
333 10.33049142729206
334 11.300835660058633
335 10.5332433192993
336 10.250319956242256
337 9.61421452222154
338 7.523600350113549
339 11.072196768807096
340 4.247172463895755
341 6.848785263191892
342 6.072598401373352
343 10.8564013548411
344 8.604672202052937
345 8.181840524611701
346 6.704057238586212
347 10.065169366535898
348 8.212546893883637
349 10.23260328311322
350 9.603177875392156
351 4.488878359426762
352 8.665882426118461
353 9.57088682092365
354 7.624458123614648
355 7.6972087768116415
356 7.900342777623686
357 7.716965837493922
358 9.387494291375432
359 9.946734996868244
360 9.150457607320206
361 8.79856534333243
362 8.863472381454084
363 6.649056018630371
364 8.716863025514982
365 7.649193611820821
366 9.698836959640806
367 7.379900808796866
368 9.77368795418899
369 9.064222259312386
370 8.387730040181571
371 11.941091570031444
372 9.354883622612585
373 11.702526152048648
374 11.749821309405343
375 11.172436737175998
376 9.555946008524188
377 12.686930310033583
378 9.526499447065456
379 10.11662648143315
380 9.900367911625587
381 11.183677469893151
382 11.471404954050364
383 11.590287893553958
384 10.514708990584271
385 9.471066735861976
386 10.032173451842665
387 10.546525718824363
388 6.504306598748377
389 7.820240268472447
390 10.270761475234792
391 8.73759584070866
392 6.347497130903493
393 11.111965495577282
394 9.234948334273595
395 9.837548096524632
396 8.04452268162836
397 7.678103975932283
398 8.376442622001667
399 9.45239971453104
400 11.347859348703714
401 10.282420381301506
402 9.618076462988737
403 8.428385496691586
404 9.590289124804814
405 9.81188650196118
406 11.2711179678007
407 10.90080375941485
408 10.619378594919816
409 8.476915509675864
410 9.234812281697726
411 8.772998574897217
412 9.753444205972237
413 7.588045121311854
414 8.878045738447886
415 8.923813011150195
416 9.951889311730193
417 8.047182136399721
418 9.737707119029286
419 7.838861421423016
420 8.412917149192774
421 7.0713104863893435
422 7.891118379407131
423 9.257995991744728
424 10.138653954346154
425 9.261071685445726
426 8.400308190746602
427 8.068340829111358
428 9.274833366498566
429 8.629535690614757
430 9.922056384730494
431 7.798857971762841
432 8.455101117115962
433 8.557277243924895
434 8.591074697339907
435 8.641153556159951
436 9.97844360323016
437 8.237785897192879
438 9.461453889285174
439 8.690983355005958
440 8.726058532596047
441 7.276022043603962
442 9.458961545873168
443 8.874902299589632
444 9.268964255598346
445 9.589308148599473
446 9.71820749414237
447 7.87763691866052
448 8.638938390672246
449 9.13657774580922
450 8.877651157795507
451 9.398752513706073
452 8.777848514215073
453 8.739388399916335
454 11.305708523840345
455 7.8944497066800094
456 7.82841003983355
457 9.890607335132927
458 9.367425999809612
459 8.354713054396504
460 9.153628139094698
461 10.7183999642018
462 9.444445450134891
463 8.854736047852239
464 8.536792178332474
465 7.9904164625124965
466 4.422969422425568
467 9.61123445386147
468 9.25010320326732
469 10.376684195454779
470 10.070574400308516
471 11.42723611529508
472 10.286668196595455
473 11.993263848008667
474 10.952621119545036
475 7.7023157960344335
476 8.636460123311847
477 8.597131736953086
478 8.595078174159063
479 6.801393488128489
480 4.577707586355608
481 8.521822326680692
482 8.328711566408879
483 6.263535686032703
484 5.413756261353375
485 7.225522046812446
486 6.643686131878718
487 7.015740688390576
488 6.110742012025341
489 6.130847138551764
490 7.873094186881137
491 9.628193373195082
492 8.046260689889039
493 9.415031431412887
494 8.895133713298947
495 8.13757030023689
496 7.338916846202804
497 9.523849054356063
498 6.136087098668601
499 7.900085494545953
