0 8.920619807710493
1 6.124996016468634
2 6.532891885600159
3 8.635005300865583
4 6.910315907641831
5 3.3624738713615065
6 6.0252959503214685
7 4.455823145285735
8 6.105470212197122
9 8.69270080092292
10 4.798476982419501
11 2.7036328762476742
12 3.7832641313583464
13 3.4568862269110827
14 3.9189835057975544
15 4.751669543591933
16 5.21577390716001
17 4.344045109189678
18 3.886567528122351
19 3.440802360091844
20 7.425311532629139
21 5.051089424168331
22 8.895666575368786
23 3.8375644352331157
24 4.845679980034894
