0 4.572686938931743
1 4.634807469723963
2 4.8125122269179945
3 4.627144130964168
4 6.961742160980384
5 5.145332628577346
6 4.724619799282848
7 4.839578446553563
8 5.614123109848427
9 6.493913516627681
10 4.629354207693306
11 5.06043211370709
12 4.637733180857995
13 5.559679442154983
14 4.90839526962397
15 4.998205579013319
16 5.727345501254106
17 4.787185992461318
18 5.53934346540652
19 5.507264047032006
20 5.764679806981826
21 5.423302135884461
22 5.046082093378954
23 5.606611078831527
24 5.4006882771004046
