0 7.016502430526383
1 5.187801950642199
2 6.1791749141625
3 4.982671125159626
4 4.35624029332376
5 6.008028054045368
6 4.864816677976912
7 4.982511387806845
8 5.227768553399715
9 5.036376013475505
10 6.643520749634149
11 4.923530034740298
12 4.731786540688749
13 4.734106610156949
14 4.824836880981974
15 5.156667333040203
16 5.636651474805067
17 5.74109038121594
18 4.802684533602946
19 6.676772744578586
20 5.494554032527673
21 6.949898329339091
22 5.456607514164235
23 5.0386621036451125
24 5.543874626958001
