#Frame    total[bond] total[angle]   total[dih] total[vdw14] total[elec14]   total[vdw]  total[elec] total[total]
       1     261.6986     598.0394    1065.2596     276.7144     3037.8961    -581.7362   -5751.0372   -1093.1653
       2     269.7793     616.9728    1079.8328     279.2744     3070.2518    -567.6934   -5780.6074   -1032.1897
       3     273.7215     589.1283    1064.5740     285.7161     3096.8976    -565.6645   -5739.7642    -995.3912
       4     274.8568     637.5136    1058.5567     277.1949     3056.4994    -562.2103   -5739.4292    -997.0180
       5     220.4173     646.3001    1086.8240     296.4168     3059.7954    -565.5961   -5734.0589    -989.9014
       6     284.4000     614.5526    1057.8435     285.0605     3080.9910    -570.4390   -5805.9438   -1053.5353
       7     239.6346     667.1451    1079.8140     288.9805     3046.7179    -559.3810   -5710.8565    -947.9453
       8     282.6913     669.1066    1065.4866     277.7945     3075.3694    -578.4012   -5755.8669    -963.8196
       9     258.2032     669.4088    1052.8248     281.2171     3033.7970    -581.7469   -5722.4753   -1008.7713
      10     255.3421     652.5416    1077.1552     280.6300     3019.0150    -579.4496   -5650.6956    -945.4612
      11     285.6306     619.4663    1065.3967     273.9034     3034.6385    -587.3245   -5667.8216    -976.1106
      12     268.8963     645.5775    1096.5377     276.5154     3044.9363    -582.1093   -5740.8381    -990.4841
      13     266.4154     666.2345    1091.1714     281.7422     3049.9265    -578.7502   -5749.6674    -972.9275
      14     243.5368     628.1378    1062.6820     292.1891     3101.9327    -603.0936   -5776.0769   -1050.6922
      15     267.0972     638.5561    1064.4415     287.1459     3084.8659    -566.3225   -5762.8693    -987.0852
      16     269.8511     636.5210    1095.2625     278.0577     3052.6911    -584.2886   -5752.9557   -1004.8608
      17     249.9513     663.2878    1063.9425     281.3935     3033.6164    -580.9154   -5780.0326   -1068.7564
      18     235.0048     634.3484    1075.7571     283.3784     3043.2680    -574.4250   -5684.0433    -986.7117
      19     296.5928     617.6394    1053.2121     277.0872     3060.1569    -569.1506   -5732.0239    -996.4862
      20     227.7779     649.8061    1074.0876     278.3707     3069.4649    -569.8847   -5839.4819   -1109.8594
      21     276.6617     633.3348    1092.3374     276.9784     3035.7657    -580.2023   -5731.9125    -997.0368
      22     275.0569     644.8638    1048.6414     277.7840     3007.5281    -561.9931   -5724.4056   -1032.5246
      23     269.8457     637.7910    1074.8311     271.4526     3046.1975    -578.0961   -5740.4547   -1018.4330
      24     275.5977     684.4139    1071.9549     277.7014     3035.0889    -579.2832   -5702.5265    -937.0530
      25     263.3782     639.6640    1043.8701     279.9129     3004.4460    -574.9833   -5663.7603   -1007.4724
      26     265.8103     621.2723    1075.9433     283.7563     3048.4947    -581.6903   -5703.9106    -990.3242
      27     247.8297     631.8373    1078.4585     280.7612     3021.3185    -587.5236   -5651.6816    -979.0000
      28     249.7755     602.2425    1068.0106     283.2331     3057.5996    -586.0510   -5731.7366   -1056.9263
      29     252.2435     634.3865    1042.8633     279.8914     3000.6757    -572.4030   -5690.9753   -1053.3180
      30     262.0587     622.6524    1041.1850     275.4442     3031.3962    -581.0998   -5680.8542   -1029.2175
      31     260.7542     643.6930    1061.0114     278.1077     3032.5700    -568.2320   -5685.5792    -977.6749
      32     271.3746     626.5963    1060.7128     276.8216     3016.0604    -571.7772   -5691.4506   -1011.6622
      33     257.7557     646.3385    1048.6082     275.7767     3033.9926    -555.2460   -5656.3575    -949.1317
      34     276.1525     616.1163    1042.1295     287.2472     3073.6541    -586.9637   -5758.0375   -1049.7015
      35     269.5942     610.2168    1056.2055     273.8385     3027.8149    -591.7858   -5759.5815   -1113.6973
      36     236.2018     661.7088    1047.0744     271.8755     3017.6354    -571.5220   -5709.6963   -1046.7225
      37     280.3753     614.2339    1042.8824     269.2598     3005.6650    -566.6863   -5677.0330   -1031.3031
      38     288.4341     635.0267    1046.5835     278.0581     3023.1049    -571.1169   -5715.6229   -1015.5325
      39     258.9447     620.3460    1081.7590     294.9143     2989.3455    -568.6534   -5781.8493   -1105.1933
      40     250.8460     674.5786    1052.6872     275.0962     2987.2377    -568.1528   -5723.6041   -1051.3112
      41     288.8878     637.5756    1043.2408     284.2839     3038.8437    -580.8626   -5733.6307   -1021.6615
      42     266.0348     645.1184    1059.7747     289.9227     3026.8245    -596.6047   -5674.3834    -983.3130
      43     259.3402     613.7655    1063.6493     277.7445     3018.7409    -579.9024   -5693.6977   -1040.3597
      44     276.1176     590.2500    1057.0243     270.5943     2993.1804    -573.6677   -5617.3945   -1003.8956
      45     285.9441     664.3116    1038.3521     271.8006     2982.2783    -582.1929   -5668.5727   -1008.0789
      46     268.4726     643.1370    1050.4714     282.1435     3019.5048    -569.8653   -5600.2835    -906.4195
      47     242.3316     614.6935    1056.1684     287.4977     3004.9651    -576.8673   -5609.5366    -980.7476
      48     230.2076     645.5344    1063.8171     269.0834     2993.6891    -594.1385   -5637.0802   -1028.8871
      49     266.7816     576.5384    1061.9335     289.1369     3024.8972    -583.3734   -5598.9025    -962.9883
      50     256.7771     630.8410    1048.2068     284.4098     2989.9777    -583.9819   -5622.3984    -996.1680
      51     259.9418     671.4282    1064.2817     276.0646     3019.3944    -576.4280   -5684.5498    -969.8670
      52     253.9904     639.0262    1060.4546     279.3122     2999.4820    -573.7096   -5600.5094    -941.9536
      53     252.0903     656.4201    1038.5943     285.5659     3002.7603    -569.7736   -5566.1592    -900.5019
      54     264.0905     627.3855    1056.9611     278.8478     2986.5399    -590.5761   -5562.7114    -939.4627
      55     266.8135     629.0689    1034.1200     272.8191     3001.9254    -553.4620   -5658.2944   -1007.0096
      56     280.7324     631.0837    1053.9820     284.7369     2989.5938    -579.3116   -5637.5660    -976.7488
      57     275.8486     606.1408    1086.4513     287.4946     2972.0169    -572.7645   -5699.9598   -1044.7719
      58     261.6192     648.9825    1086.3879     275.1288     3004.0752    -563.2880   -5677.8568    -964.9512
      59     284.7473     658.0415    1055.5936     274.2305     2977.1918    -591.0976   -5726.1137   -1067.4068
      60     268.4331     632.2069    1049.5752     286.7033     2987.0663    -570.5181   -5614.5564    -961.0897
      61     263.3428     611.9664    1058.8282     281.9638     3051.0617    -594.5937   -5693.1530   -1020.5837
      62     273.7121     664.3334    1066.8962     275.7960     3031.0070    -584.3065   -5722.2006    -994.7625
      63     281.0048     595.7841    1046.1241     294.0019     3009.2730    -582.6796   -5673.0842   -1029.5759
      64     263.1919     625.6288    1078.1105     276.4423     2996.1139    -586.2426   -5704.9670   -1051.7222
      65     247.9179     629.1875    1061.9938     277.2136     3020.4433    -580.5468   -5676.3040   -1020.0946
      66     255.0855     637.4527    1058.1029     278.5563     3001.6608    -574.8332   -5718.9711   -1062.9460
      67     274.0435     661.1050    1060.8774     285.3391     2989.2147    -582.4885   -5683.8587    -995.7675
      68     260.7815     633.0707    1039.1645     273.1623     3011.9488    -571.6817   -5706.6251   -1060.1790
      69     282.9425     644.9273    1077.4212     277.3142     3023.0657    -575.8784   -5774.6315   -1044.8389
      70     287.7143     603.9030    1082.6248     291.9902     2990.4891    -591.7293   -5706.8674   -1041.8754
      71     223.7945     618.7844    1089.6520     279.0595     3004.1950    -583.9321   -5719.3984   -1087.8451
      72     255.0151     636.7960    1067.1564     274.0626     3008.6779    -584.3867   -5684.7300   -1027.4086
      73     259.1926     609.2647    1058.7307     283.6099     3016.4672    -602.0238   -5728.1000   -1102.8587
      74     263.5557     659.8491    1064.1049     288.5768     3035.4007    -588.9909   -5768.3422   -1045.8459
      75     257.0668     650.5161    1054.6573     284.9676     2992.2473    -594.0900   -5711.0022   -1065.6371
      76     273.7329     642.3634    1030.7538     274.4300     2959.7809    -605.0536   -5725.5111   -1149.5037
      77     277.4633     651.9083    1063.1961     281.4445     2985.0116    -605.2902   -5710.2643   -1056.5307
      78     259.7003     620.7187    1051.9475     279.6886     2983.8445    -577.8718   -5725.3657   -1107.3379
      79     265.3018     634.6384    1066.2939     275.4649     2992.6889    -568.9661   -5736.5045   -1071.0828
      80     243.0898     626.6952    1060.9131     287.7085     3016.0053    -575.6298   -5709.9490   -1051.1669
      81     264.1442     637.2397    1056.7762     272.6727     3005.7715    -583.2298   -5722.0705   -1068.6961
      82     275.6695     580.0811    1057.6773     275.1179     3020.5288    -589.0718   -5717.3083   -1097.3056
      83     265.4391     624.3789    1056.6992     278.4177     2960.7512    -577.3953   -5713.6329   -1105.3420
      84     252.6753     641.1417    1061.1721     281.5133     2986.6983    -578.8955   -5643.2340    -998.9287
      85     246.4759     642.1081    1057.5763     270.0222     2977.0563    -585.7105   -5764.5529   -1157.0246
      86     278.1739     643.3925    1072.6900     277.5288     2974.4612    -581.5861   -5764.0589   -1099.3985
      87     254.6684     609.9164    1057.6381     292.5316     3043.2929    -593.1338   -5792.6744   -1127.7608
      88     251.3789     632.9927    1052.3304     284.9823     2997.7331    -610.4895   -5770.5714   -1161.6436
      89     268.2992     620.8821    1060.0489     275.4475     2985.4078    -582.2303   -5743.9520   -1116.0967
      90     279.3949     636.7311    1034.4537     289.8716     3015.9785    -575.0753   -5715.8370   -1034.4826
      91     258.3878     607.4189    1048.9838     291.7783     3044.2624    -583.4804   -5713.0252   -1045.6746
      92     288.3403     637.9783    1023.9951     276.2867     2975.8293    -575.4436   -5665.1849   -1038.1988
      93     220.6647     624.9897    1045.9865     273.8861     2999.3477    -579.9802   -5685.2921   -1100.3976
      94     244.5630     682.8714    1056.7311     273.4944     3041.5840    -575.9138   -5762.1651   -1038.8350
      95     257.4324     613.9949    1048.8076     292.8761     3009.1701    -588.2818   -5675.2499   -1041.2505
      96     256.6482     627.5141    1059.1410     281.2283     2935.0236    -609.4798   -5581.2825   -1031.2071
      97     270.9263     619.1357    1027.6444     276.6365     2992.2023    -601.2175   -5669.5548   -1084.2272
      98     244.8049     605.2827    1044.4443     286.2393     3015.0091    -600.6124   -5695.6242   -1100.4564
      99     272.1824     593.2496    1052.0148     278.4322     3021.7333    -605.9943   -5715.7975   -1104.1795
     100     267.7957     645.5121    1063.2437     271.7698     2985.4834    -578.1785   -5706.9253   -1051.2993
     101     260.6422     662.4284    1090.2432     273.5038     2965.3510    -586.1675   -5615.0059    -949.0048
     102     256.4950     646.4829    1060.5410     281.6403     3007.4211    -600.1811   -5642.1345    -989.7353
     103     251.8199     638.7451    1074.5982     282.5833     3007.1051    -585.1772   -5652.6062    -982.9319
     104     263.0455     655.4048    1043.8886     280.7631     2961.5789    -593.0240   -5615.7885   -1004.1316
     105     236.6845     646.7669    1051.6824     298.3759     2989.7676    -582.3997   -5657.4664   -1016.5887
     106     264.8172     632.4788    1076.0670     276.1939     2954.8688    -588.8762   -5595.1346    -979.5851
     107     274.3824     645.0481    1051.3372     270.7123     2955.1423    -588.5561   -5674.1626   -1066.0964
     108     264.9601     604.6932    1033.2238     285.9935     2962.6204    -589.0053   -5646.0915   -1083.6057
     109     261.4075     584.6873    1059.8213     280.4747     3002.9497    -589.6488   -5662.5779   -1062.8862
     110     248.8887     613.6018    1034.7669     285.6819     3017.6754    -567.3112   -5733.0434   -1099.7398
     111     252.5015     631.4461    1067.4308     283.8250     3018.3920    -610.2051   -5642.9568    -999.5665
     112     265.5576     601.3918    1050.1736     270.3030     2978.2228    -601.8570   -5660.1797   -1096.3879
     113     262.2300     654.4561    1051.6374     286.7345     2965.0995    -570.9868   -5667.4843   -1018.3137
     114     244.4208     641.2155    1040.9506     286.1292     3003.6147    -601.8891   -5653.1765   -1038.7348
     115     249.9996     627.3405    1037.4513     276.6639     2967.6319    -594.7789   -5610.2836   -1045.9754
     116     268.3669     645.1553    1041.8785     276.2962     3007.8280    -567.9617   -5652.4531    -980.8899
     117     283.4262     619.4382    1061.0499     275.2804     2998.6393    -580.4668   -5638.6873    -981.3200
     118     253.8614     634.9068    1055.5663     280.9562     2950.3028    -599.2123   -5589.6927   -1013.3116
     119     266.1567     623.8686    1041.5402     267.8624     2950.6179    -609.7354   -5638.2010   -1097.8906
     120     253.8881     613.2771    1050.3310     272.1333     2955.8166    -589.0558   -5647.3009   -1090.9105
     121     241.0790     625.4139    1040.0756     285.6343     2969.3160    -605.5315   -5647.4866   -1091.4992
     122     257.2114     593.3496    1062.0879     287.0780     3001.9032    -589.2354   -5711.1002   -1098.7057
     123     249.9287     628.5046    1062.5218     290.0327     3009.6755    -590.0274   -5754.9112   -1104.2752
     124     234.5719     619.2193    1040.3827     292.3488     3048.1523    -584.6470   -5820.5777   -1170.5497
     125     273.9596     630.0299    1055.8980     283.5435     2995.6967    -603.4232   -5678.2078   -1042.5034
     126     306.2113     650.0503    1041.9377     268.7201     2944.1783    -575.8050   -5676.2586   -1040.9660
     127     266.4732     610.1969    1046.5655     286.8423     3009.6396    -583.9180   -5725.5278   -1089.7282
     128     277.9624     607.0021    1028.5260     277.7370     2925.2798    -590.4524   -5627.5539   -1101.4990
     129     263.3587     620.7000    1021.8883     263.4556     2942.8552    -585.6278   -5631.3460   -1104.7160
     130     263.8413     648.8648    1065.1613     278.8899     3006.4420    -571.2501   -5772.4460   -1080.4967
     131     252.3538     604.4647    1044.3433     291.3994     2996.7741    -593.0624   -5709.6589   -1113.3859
     132     249.9747     627.8272    1050.8745     283.8000     3006.8560    -600.8331   -5706.0190   -1087.5196
     133     256.3237     645.2429    1036.1809     284.6419     2995.7861    -573.6728   -5694.8179   -1050.3151
     134     270.2069     628.8081    1064.7076     282.1794     2963.1434    -585.7819   -5693.4331   -1070.1697
     135     252.3282     652.7952    1061.5360     275.1452     2994.1336    -590.0177   -5715.1038   -1069.1833
     136     258.5160     627.9773    1033.0841     285.7206     2993.3489    -577.1167   -5733.8308   -1112.3005
     137     245.7022     624.6905    1040.9547     272.4579     3006.5803    -587.4945   -5724.9501   -1122.0590
     138     270.8366     648.1048    1061.7985     281.9321     3014.7432    -579.6946   -5724.6825   -1026.9618
     139     257.1782     628.7210    1031.2055     287.1106     3003.7324    -583.2437   -5665.9037   -1041.1996
     140     273.7681     638.3656    1055.5105     266.4751     2978.4660    -592.8348   -5654.8821   -1035.1316
     141     256.3687     641.2601    1043.8183     285.8391     3017.2682    -595.2713   -5663.4609   -1014.1778
     142     254.9356     656.7903    1030.1568     283.8611     3017.7481    -578.6783   -5677.1851   -1012.3715
     143     240.9482     640.0596    1078.8924     275.9961     3010.9858    -574.6010   -5692.3931   -1020.1122
     144     263.5385     599.9624    1067.9494     283.5688     2989.7384    -579.9698   -5646.0855   -1021.2977
     145     261.1208     635.0829    1060.6900     268.8234     3010.3092    -590.1752   -5747.0094   -1101.1584
     146     260.2968     626.8101    1051.9466     277.7564     3010.2979    -582.1946   -5677.8105   -1032.8973
     147     268.4854     596.6854    1044.3508     273.0242     2998.7365    -591.6290   -5701.2433   -1111.5900
     148     232.8264     639.3266    1051.6592     282.8932     3028.6954    -583.3334   -5728.7719   -1076.7044
     149     251.4501     652.8537    1052.1526     286.2652     3027.1739    -574.4880   -5695.1585    -999.7509
     150     234.1735     601.0099    1063.9729     302.9083     3013.4462    -565.4311   -5730.1618   -1080.0821
     151     263.4730     657.4773    1054.1773     270.3968     3000.9726    -574.9355   -5607.9500    -936.3885
     152     267.2603     640.0563    1053.8284     277.9529     3005.4550    -602.8459   -5618.4919    -976.7848
     153     282.1432     646.4448    1065.7371     277.0647     3050.7292    -591.6125   -5678.5246    -948.0180
     154     258.7299     628.9247    1041.9542     277.3661     3018.6849    -602.1437   -5613.7608    -990.2445
     155     276.6442     621.4779    1071.6106     276.7799     3027.9426    -615.2483   -5661.1691   -1001.9623
     156     244.3191     636.1132    1056.9508     280.4369     3039.5243    -615.9388   -5644.3724   -1002.9670
     157     269.5020     623.4752    1070.5065     276.7527     3047.1059    -570.0838   -5722.0143   -1004.7558
     158     265.8373     643.2080    1049.6200     273.3196     3002.5363    -580.1064   -5638.9716    -984.5568
     159     272.0601     617.1748    1045.4547     289.9830     2991.8282    -601.4756   -5689.9158   -1074.8905
     160     271.5252     612.3950    1055.4486     265.8211     2982.6117    -588.7818   -5625.4560   -1026.4362
     161     263.1787     612.8401    1049.0985     281.1950     3006.5626    -600.1071   -5660.8046   -1048.0367
     162     262.4034     634.2413    1056.4127     281.5636     3018.5105    -584.7572   -5638.5278    -970.1535
     163     277.4664     639.0026    1056.1120     285.5588     3038.5688    -589.5162   -5748.3147   -1041.1223
     164     279.5340     624.1277    1070.7578     283.9214     3033.6217    -576.1415   -5663.4188    -947.5975
     165     254.3631     617.2271    1066.1404     282.8963     2987.8007    -582.3606   -5637.8882   -1011.8211
     166     257.2258     634.9496    1046.2069     270.0779     3014.7629    -580.4621   -5642.1448    -999.3836
     167     270.2757     647.6302    1079.7537     289.9627     3030.8653    -606.9750   -5669.3843    -957.8719
     168     263.2674     629.9628    1067.4537     287.6263     3028.0489    -561.2162   -5630.3276    -915.1847
     169     264.7099     618.1686    1046.6191     279.3223     2957.5547    -571.9682   -5627.8179   -1033.4115
     170     252.7338     636.0299    1048.3552     288.4234     2968.4358    -571.7406   -5655.0407   -1032.8032
     171     256.8615     658.1916    1056.2415     283.4816     3033.4773    -590.1305   -5680.6283    -982.5053
     172     251.7548     586.2932    1062.9571     287.6794     3005.2446    -603.3514   -5769.1393   -1178.5616
     173     269.3409     659.3947    1075.9854     285.1330     3047.0524    -582.6049   -5723.6296    -969.3282
     174     258.8847     634.5561    1070.4521     290.3741     3005.4512    -589.5667   -5631.8411    -961.6896
     175     249.0570     608.1965    1063.7170     273.9069     2976.7100    -569.2643   -5697.1659   -1094.8428
     176     276.4931     591.4773    1038.5971     277.8772     3008.1211    -584.9862   -5733.5685   -1125.9889
     177     271.5425     648.1564    1077.9110     280.7081     2986.5623    -595.5446   -5663.4667    -994.1310
     178     273.0654     648.4860    1061.6812     283.1530     2959.4683    -585.1888   -5743.3263   -1102.6611
     179     272.8743     617.8241    1054.1751     281.7004     2968.4247    -583.1345   -5714.5223   -1102.6582
     180     252.4650     627.8833    1046.4045     279.6923     3039.4828    -579.6984   -5742.0285   -1075.7990
     181     252.4218     617.8018    1061.2753     276.5319     3027.3356    -590.6203   -5730.1609   -1085.4147
     182     276.3823     630.2463    1059.4108     279.6062     2999.7094    -588.4640   -5722.7078   -1065.8168
     183     269.0051     608.4598    1069.4817     289.3337     3022.8198    -585.0471   -5665.3293    -991.2764
     184     252.8607     642.2469    1060.7242     290.3995     3035.8522    -579.2148   -5708.8185   -1005.9498
     185     256.9256     630.6113    1054.4836     287.9911     3025.2540    -579.0365   -5713.4474   -1037.2182
     186     264.5889     630.4923    1060.9937     272.0400     2987.0457    -588.3917   -5686.9792   -1060.2103
     187     268.3973     624.5388    1055.0007     276.9607     2994.9071    -582.2566   -5703.4957   -1065.9477
     188     248.3241     624.3662    1047.1141     269.9765     3059.6690    -578.5568   -5766.4598   -1095.5668
     189     234.2789     620.7512    1067.3178     290.9996     3024.3471    -578.4383   -5751.7492   -1092.4929
     190     235.4243     627.2281    1085.7599     288.3364     3011.9881    -590.4111   -5709.1841   -1050.8584
     191     249.1824     620.5926    1041.7011     289.1663     3009.7159    -573.1815   -5687.0867   -1049.9100
     192     247.5073     617.1657    1043.4223     276.5902     2990.3260    -566.1033   -5692.8705   -1083.9622
     193     270.8651     587.3562    1046.2280     280.4894     3022.3111    -582.0005   -5724.5395   -1099.2902
     194     251.7848     638.2697    1069.8629     278.0983     3011.7061    -573.4859   -5748.8715   -1072.6356
     195     255.0766     653.8617    1045.7762     276.7199     2992.9609    -584.8383   -5740.8994   -1101.3425
     196     257.9351     619.4110    1036.7254     288.9932     3048.7698    -584.0996   -5810.8256   -1143.0906
     197     255.4091     600.8593    1047.9796     293.6645     3005.9062    -566.9423   -5798.0728   -1161.1964
     198     252.6563     650.2847    1046.3938     285.3332     3011.4850    -591.1902   -5764.7675   -1109.8047
     199     265.9576     653.0166    1054.6912     269.1020     3020.6055    -595.0328   -5767.4079   -1099.0678
     200     273.5096     594.0534    1053.5945     271.5876     3020.1970    -577.5035   -5761.2137   -1125.7750
     201     234.3514     665.2509    1047.7814     300.6299     3001.7065    -578.5130   -5729.9187   -1058.7116
     202     264.3723     657.5520    1043.9149     284.8457     2985.5487    -599.4866   -5718.6740   -1081.9270
     203     246.5159     681.6995    1070.4436     275.6005     2966.2471    -586.8241   -5682.6395   -1028.9570
     204     231.1949     611.5168    1053.3786     286.6736     3046.3124    -576.6567   -5783.2376   -1130.8179
     205     219.0709     633.1256    1049.7214     292.6495     3008.6317    -587.5222   -5723.9421   -1108.2651
     206     253.8991     640.0925    1065.7562     287.3084     3039.2353    -590.3114   -5731.8132   -1035.8330
     207     283.0176     631.3799    1051.5249     275.1314     2957.8480    -598.5867   -5638.6730   -1038.3581
     208     264.2149     655.0881    1072.3993     262.6840     2978.0025    -589.5765   -5734.1747   -1091.3624
     209     281.8389     647.0164    1042.4643     281.2851     2989.4673    -577.7367   -5740.0868   -1075.7516
     210     261.1301     621.0546    1050.6187     297.9749     3026.3519    -592.8441   -5741.2048   -1076.9187
     211     252.2775     626.0390    1051.4381     279.5822     2945.0448    -580.8710   -5600.3417   -1026.8310
     212     253.6776     631.4685    1047.5412     277.0325     3009.2925    -621.4889   -5713.7536   -1116.2302
     213     260.9752     627.2121    1033.2473     274.8917     2995.3337    -603.7648   -5682.6992   -1094.8040
     214     261.4054     626.3525    1048.3909     278.9296     2999.1239    -602.1383   -5719.3598   -1107.2958
     215     236.5544     690.4581    1041.5524     279.4692     2987.2133    -596.8265   -5726.3344   -1087.9135
     216     255.9999     622.7411    1065.3392     283.1565     3042.8998    -588.1503   -5746.4730   -1064.4869
     217     253.8161     631.3290    1064.9515     280.0755     3013.1691    -594.2155   -5678.0701   -1028.9444
     218     270.3867     638.7446    1059.4022     289.5761     2998.8777    -582.8236   -5688.8889   -1014.7252
     219     228.8552     620.7760    1043.9044     269.8674     3012.4933    -584.4511   -5756.1643   -1164.7191
     220     272.0222     650.5431    1061.6381     287.0192     3028.7775    -597.5075   -5786.7326   -1084.2399
     221     250.3958     611.5632    1058.0787     282.8292     2995.3275    -559.9910   -5755.3313   -1117.1278
     222     250.9886     653.9558    1076.6236     279.2748     2994.8945    -587.7336   -5743.9220   -1075.9183
     223     266.7194     682.9851    1078.5624     274.8609     2995.5934    -592.2021   -5794.1531   -1087.6341
     224     253.6664     605.9261    1047.6238     280.3876     3030.4826    -604.2685   -5872.4367   -1258.6187
     225     257.3190     632.3977    1053.7253     285.9768     3029.7142    -583.9476   -5820.7936   -1145.6081
     226     242.5729     649.3378    1052.1983     282.4239     3037.7211    -597.9451   -5819.8397   -1153.5308
     227     265.6154     642.3278    1053.6886     271.1759     2992.6286    -594.9120   -5737.9083   -1107.3839
     228     229.6522     645.0162    1036.3419     278.5181     3011.0699    -580.3112   -5784.2022   -1163.9151
     229     277.4378     631.5319    1066.2832     296.4153     2988.5175    -581.0227   -5769.0390   -1089.8760
     230     256.4117     656.9226    1060.1328     286.6131     2994.3083    -588.2823   -5813.3632   -1147.2569
     231     263.5738     621.3743    1056.1486     280.8677     3017.6902    -595.0553   -5775.2340   -1130.6349
     232     249.0707     613.2616    1046.6475     277.6469     2995.3845    -580.5258   -5835.0155   -1233.5302
     233     240.3306     629.6439    1056.0786     287.5752     3006.5254    -591.1341   -5720.6572   -1091.6377
     234     244.0784     644.0417    1067.7025     284.6048     3045.2137    -602.7456   -5773.2856   -1090.3902
     235     258.1052     634.7168    1055.7318     282.0354     2988.4890    -595.8508   -5708.3942   -1085.1669
     236     252.7693     627.8719    1067.5668     276.8051     3008.8554    -597.6438   -5724.9238   -1088.6992
     237     242.4644     659.1396    1046.7412     291.0511     2986.9093    -594.0554   -5714.1226   -1081.8725
     238     273.8254     672.3750    1071.4741     280.6332     3015.4590    -598.7066   -5750.2825   -1035.2222
     239     266.1515     685.3976    1051.9184     272.6533     2977.3085    -606.1498   -5687.6341   -1040.3546
     240     279.0599     645.2230    1040.4795     286.5428     2970.9864    -593.2620   -5761.6320   -1132.6023
     241     276.8986     606.4284    1042.0298     276.1773     2997.4590    -600.2555   -5716.7444   -1118.0068
     242     255.6223     625.3790    1033.0490     276.0796     2991.4556    -600.2191   -5711.1150   -1129.7485
     243     250.5671     636.2005    1048.2152     283.4291     2965.8621    -610.0083   -5773.7941   -1199.5284
     244     266.6279     619.4893    1042.8888     292.6510     3032.2766    -598.1102   -5745.2112   -1089.3877
     245     244.2299     622.0815    1041.5505     285.9922     3033.8876    -609.8178   -5787.3115   -1169.3876
     246     255.0319     643.3571    1047.7895     282.8520     2975.7170    -600.6181   -5692.7320   -1088.6026
     247     249.5783     628.1123    1051.4334     291.5131     3015.8230    -596.9608   -5791.3691   -1151.8698
     248     264.9201     600.5301    1050.2940     272.8431     3010.5139    -578.8120   -5708.7095   -1088.4204
     249     268.6148     628.2233    1059.2463     284.3538     2993.7393    -604.2502   -5704.9513   -1075.0240
     250     266.2188     640.8021    1062.5526     274.2864     2993.1997    -587.7135   -5752.8838   -1103.5376
     251     246.3043     650.8159    1041.9688     278.2558     2993.2364    -585.2824   -5772.3377   -1147.0387
     252     246.6435     661.0412    1031.2187     283.5877     3014.2943    -574.4492   -5780.6735   -1118.3373
     253     249.5682     637.2914    1069.9159     273.8179     2991.0413    -589.8215   -5760.6992   -1128.8861
     254     257.6170     621.8634    1051.2795     271.6719     2972.7447    -593.3229   -5723.5464   -1141.6927
     255     271.4498     632.8281    1042.3168     277.2711     2970.8875    -590.4238   -5735.9183   -1131.5887
     256     272.4167     673.8125    1060.0612     279.0894     2949.2898    -591.2387   -5812.3686   -1168.9376
     257     269.4876     629.7371    1033.3429     284.5960     2985.7533    -582.1633   -5743.4143   -1122.6607
     258     263.7594     653.6273    1028.3423     287.4889     2984.0292    -582.8371   -5790.8911   -1156.4812
     259     257.0403     659.3088    1047.2952     284.8763     3014.2904    -583.5953   -5745.9790   -1066.7632
     260     244.5003     621.0119    1048.5862     268.8023     2976.7296    -591.7786   -5761.6385   -1193.7867
     261     244.6433     667.1978    1052.3567     289.1972     2995.2396    -595.9176   -5785.9560   -1133.2391
     262     263.0458     601.0976    1036.1798     283.2596     2972.4564    -561.8455   -5760.1503   -1165.9566
     263     255.4008     644.8824    1034.7636     273.7060     3048.5039    -601.7956   -5779.0997   -1123.6386
     264     248.9577     619.0579    1042.2378     274.1643     2997.1026    -589.4026   -5741.7093   -1149.5917
     265     280.4451     650.3787    1047.6060     280.5334     3004.8495    -592.5586   -5675.6320   -1004.3778
     266     264.3369     624.6661    1052.7059     278.1319     3005.4781    -598.5249   -5699.5389   -1072.7448
     267     242.7259     620.7339    1045.8172     285.1627     3019.7251    -582.4877   -5711.7215   -1080.0443
     268     259.0047     609.8915    1058.4300     272.6370     3029.2788    -570.6544   -5707.0364   -1048.4487
     269     263.5296     630.0961    1056.8022     284.0634     3006.0577    -570.5376   -5690.0584   -1020.0470
     270     247.7079     623.1747    1048.5948     286.1598     3053.7617    -589.8407   -5784.1721   -1114.6140
     271     246.3414     654.4142    1063.0495     277.0832     3031.0399    -586.3006   -5730.4085   -1044.7809
     272     273.8435     634.8220    1058.8929     284.4623     3025.3983    -591.4441   -5732.8853   -1046.9104
     273     265.2793     616.3060    1082.2859     292.8479     3003.6696    -581.7411   -5691.5649   -1012.9174
     274     250.3731     620.6897    1055.1580     283.0616     3026.7495    -580.9523   -5757.0164   -1101.9368
     275     279.3373     649.4407    1077.1017     282.8145     3009.4939    -599.2939   -5703.9001   -1005.0058
     276     272.4354     613.4303    1056.8106     277.4244     3005.9268    -586.3321   -5748.4229   -1108.7276
     277     266.1471     600.7740    1075.8457     283.2717     3034.4804    -594.6171   -5743.5777   -1077.6759
     278     242.1823     656.8102    1032.8570     279.8003     3012.5155    -586.2753   -5747.1954   -1109.3055
     279     287.3364     615.3750    1051.6685     276.3922     3028.5857    -599.1336   -5771.5376   -1111.3134
     280     256.6257     639.5858    1064.2412     288.8469     3035.2472    -583.9431   -5755.3365   -1054.7328
     281     260.6905     639.6726    1069.6806     277.3450     3005.6913    -581.7409   -5685.0974   -1013.7583
     282     252.4854     620.1634    1052.4435     283.9062     3028.1791    -591.8616   -5719.9257   -1074.6097
     283     283.1786     618.0481    1039.9516     272.1134     3028.7575    -575.3404   -5692.7247   -1026.0159
     284     250.6035     613.2521    1040.5871     275.0959     3022.1960    -592.4424   -5730.8049   -1121.5126
     285     249.4983     675.8033    1065.6232     294.4704     3037.3182    -587.8005   -5755.9975   -1021.0848
     286     269.3972     610.7077    1059.0450     280.4398     3003.7601    -583.1714   -5760.9728   -1120.7945
     287     256.8507     680.5325    1058.3521     277.8450     3032.0932    -598.0515   -5762.3722   -1054.7501
     288     251.3529     621.9534    1035.3046     291.0636     3036.2951    -593.3841   -5751.3159   -1108.7305
     289     264.6423     672.3915    1069.0824     282.7577     3027.7985    -583.1044   -5776.8584   -1043.2904
     290     273.6112     613.9426    1073.7227     283.0573     3046.1944    -591.1247   -5793.5489   -1094.1455
     291     278.3927     644.8440    1061.1143     268.9093     3013.0334    -588.5685   -5769.9443   -1092.2193
     292     262.1149     636.8901    1053.7949     270.5469     3032.9023    -577.6447   -5765.6825   -1087.0780
     293     261.5875     630.6431    1072.3744     274.1348     3016.6650    -585.3693   -5776.5975   -1106.5621
     294     278.1347     622.3960    1051.5138     293.5140     3029.4641    -551.4408   -5763.9625   -1040.3808
     295     292.0787     631.7820    1048.0114     272.3822     2994.2128    -592.4971   -5665.3676   -1019.3975
     296     264.8515     628.1935    1039.7736     280.2834     2987.1309    -580.3137   -5650.4914   -1030.5721
     297     254.3929     636.3799    1055.8163     279.9844     3007.1354    -595.4387   -5698.0711   -1059.8009
     298     270.4762     665.5124    1027.1200     278.2704     2996.1964    -584.9686   -5710.0081   -1057.4013
     299     283.8901     599.8762    1073.9854     266.2612     2993.4941    -597.0488   -5706.7189   -1086.2606
     300     250.9700     624.5813    1066.7667     282.7436     2997.8083    -598.9545   -5750.8813   -1126.9660
     301     257.9239     592.5573    1067.6753     279.6397     3028.5080    -591.4628   -5798.0502   -1163.2088
     302     240.7911     660.6229    1059.5815     295.1983     3038.6821    -579.7752   -5805.3413   -1090.2406
     303     265.9354     660.9766    1059.1782     272.7069     2961.2952    -587.5963   -5616.3166    -983.8205
     304     252.9642     620.4765    1032.3005     290.5989     3013.5097    -582.0030   -5725.0000   -1097.1533
     305     291.4235     671.8731    1069.5741     275.4910     2979.8913    -607.2334   -5718.1463   -1037.1267
     306     254.9002     646.0122    1026.6966     286.4853     3010.1946    -565.9123   -5672.3788   -1014.0023
     307     259.2206     638.9362    1045.9668     274.6093     3015.6786    -589.9585   -5735.8318   -1091.3789
     308     255.7741     636.7364    1026.8206     280.7683     3017.6837    -584.8108   -5655.2128   -1022.2406
     309     272.9374     584.1416    1057.3492     292.0100     3000.3194    -570.0479   -5694.1418   -1057.4320
     310     266.9813     621.9267    1052.1248     286.3287     3023.1357    -586.1762   -5743.2649   -1078.9438
     311     256.0455     617.4954    1042.2734     274.2062     2962.9144    -583.7833   -5661.2535   -1092.1019
     312     267.4407     632.4742    1048.2303     287.2917     3006.3211    -607.0157   -5757.0473   -1122.3051
     313     271.7022     624.4799    1036.2761     293.5355     3007.1229    -589.6055   -5721.8355   -1078.3243
     314     246.9947     660.6672    1054.5488     272.7730     2970.3658    -591.5290   -5620.8477   -1007.0271
     315     248.7238     658.6087    1049.4987     281.2957     2988.4120    -583.6974   -5708.3944   -1065.5529
     316     264.5922     638.4024    1068.3620     270.0588     2982.3663    -563.7431   -5690.4504   -1030.4118
     317     270.5557     629.0760    1034.2357     275.4077     2965.7848    -585.5912   -5691.7793   -1102.3107
     318     272.5826     592.7798    1035.7189     287.5863     3001.5275    -584.5502   -5675.0662   -1069.4213
     319     268.9409     641.4843    1054.5660     281.3680     2967.4020    -567.5577   -5660.9665   -1014.7630
     320     263.8847     643.4304    1044.1066     280.6467     2984.9683    -580.5170   -5676.9548   -1040.4351
     321     266.0153     679.4832    1054.4435     275.5128     2980.7185    -599.1562   -5672.7533   -1015.7363
     322     258.9191     662.1005    1055.1683     285.1364     3016.2452    -597.5489   -5678.7333    -998.7128
     323     261.0276     652.8004    1038.5440     287.0491     3000.0349    -596.1315   -5669.3986   -1026.0742
     324     293.0415     617.7067    1040.9533     280.4334     2981.6307    -584.5642   -5684.9923   -1055.7908
     325     242.1167     605.1758    1042.9471     280.5709     2998.3454    -585.4202   -5662.2388   -1078.5031
     326     247.1343     652.0794    1047.2571     279.7331     2985.0073    -577.1218   -5701.7089   -1067.6194
     327     253.7867     633.1697    1051.0680     277.7178     3009.1861    -586.2671   -5687.9926   -1049.3314
     328     279.6155     603.3256    1061.5470     275.9153     3003.3691    -584.4914   -5715.5852   -1076.3042
     329     248.0163     628.8306    1067.3285     278.4461     3011.8587    -582.2927   -5733.3958   -1081.2085
     330     252.8707     621.8099    1050.8575     283.0163     2997.8252    -587.6949   -5664.3254   -1045.6406
     331     251.1504     665.4237    1056.5732     281.5114     3008.9061    -579.6185   -5755.0952   -1071.1488
     332     247.3426     636.7552    1051.2619     281.9931     2993.3025    -597.6608   -5748.4677   -1135.4731
     333     251.8235     609.2041    1061.8801     290.1101     3016.4020    -573.0966   -5730.3385   -1074.0153
     334     262.1698     642.0210    1057.0470     271.1181     3007.8946    -585.4576   -5687.7289   -1032.9361
     335     288.8077     621.1453    1063.8456     288.1395     3023.2239    -601.6737   -5780.9737   -1097.4854
     336     256.0635     645.8540    1034.6417     284.1953     3035.2592    -574.2847   -5793.8986   -1112.1697
     337     253.3089     669.7244    1057.9611     280.4004     2995.0653    -593.8745   -5751.0038   -1088.4181
     338     273.8263     642.3160    1051.4528     277.4595     2973.0060    -583.6465   -5680.9301   -1046.5160
     339     254.4916     636.7349    1073.5878     287.7317     3015.8465    -575.5526   -5759.7528   -1066.9129
     340     238.2135     629.3313    1077.3530     286.2643     3043.2081    -608.4110   -5754.7218   -1088.7627
     341     252.8526     625.2562    1050.1533     282.1361     3027.4158    -570.0135   -5785.5245   -1117.7240
     342     267.0048     629.8490    1046.5669     275.8507     2989.3208    -584.7557   -5646.0741   -1022.2376
     343     240.1493     636.3275    1072.2321     284.5030     3027.8541    -575.7568   -5781.6016   -1096.2924
     344     254.8353     626.2902    1082.6995     286.3292     3016.1625    -582.2130   -5652.4778    -968.3741
     345     228.7163     659.1395    1033.8044     289.9299     3029.9479    -599.1838   -5608.7938    -966.4396
     346     260.9159     608.3859    1048.8770     297.0660     2977.3673    -579.2532   -5681.7433   -1068.3845
     347     252.1204     570.4086    1053.1516     283.8801     3004.4614    -583.0326   -5653.7984   -1072.8089
     348     255.0019     623.2226    1062.5288     290.1858     2993.1862    -599.3467   -5645.9292   -1021.1506
     349     243.3027     634.0187    1042.6665     280.8319     3009.8539    -571.0925   -5687.7072   -1048.1260
     350     264.0561     620.1715    1045.5829     273.4528     2993.7119    -588.2514   -5656.1509   -1047.4271
     351     280.7601     623.0922    1046.3337     294.8692     3040.1911    -570.1096   -5733.3840   -1018.2473
     352     268.9288     626.1786    1062.8362     276.5721     3011.2369    -611.1120   -5701.9911   -1067.3505
     353     254.4536     642.6864    1049.7581     271.0876     2999.4415    -594.4545   -5670.3503   -1047.3777
     354     232.9086     622.6857    1052.1986     291.7482     3024.8694    -598.0998   -5675.7671   -1049.4563
     355     259.0656     625.3871    1067.6884     289.7521     3004.4553    -596.3567   -5672.1789   -1022.1871
     356     263.0833     668.7482    1050.1697     276.9866     3016.4841    -596.1597   -5684.6976   -1005.3852
     357     272.3008     662.1739    1044.1333     302.5676     2991.1865    -590.2581   -5609.9476    -927.8436
     358     262.3754     652.5786    1049.0737     287.5493     2999.5944    -605.0200   -5677.9929   -1031.8415
     359     270.9423     632.3075    1056.6182     295.2494     3013.2544    -587.3917   -5668.1979    -987.2179
     360     272.5992     668.2268    1076.9336     285.0544     3020.3521    -582.7387   -5664.9564    -924.5290
     361     234.8128     624.4662    1051.9820     287.1258     3020.3367    -579.2782   -5687.5517   -1048.1062
     362     232.7646     651.6466    1057.6108     284.8093     3035.1736    -594.0776   -5787.2479   -1119.3206
     363     265.0847     617.6433    1060.2106     268.6248     3005.4205    -592.7068   -5753.0056   -1128.7284
     364     255.4630     648.4290    1043.2492     281.6343     3032.9747    -572.5978   -5698.7838   -1009.6313
     365     262.9664     598.3941    1039.4210     277.3612     3030.4000    -592.1595   -5667.7610   -1051.3778
     366     252.4974     668.3254    1050.8605     282.1738     3005.7491    -588.2588   -5658.2192    -986.8717
     367     235.7941     636.9454    1062.5803     279.4912     3015.9794    -581.3846   -5710.1677   -1060.7620
     368     242.9862     597.7949    1050.3832     288.4096     3044.4268    -561.7403   -5696.7988   -1034.5383
     369     276.3506     619.3961    1061.2344     280.2746     2995.2274    -588.4882   -5669.1658   -1025.1709
     370     275.4305     609.4918    1051.2925     277.0020     3002.1625    -590.1453   -5702.7585   -1077.5244
     371     238.8718     602.2869    1052.8040     283.1474     3042.7265    -592.8175   -5649.5587   -1022.5395
     372     258.7625     638.3699    1024.9364     280.5658     3009.5260    -588.6857   -5687.2909   -1063.8162
     373     248.8834     627.6931    1050.6926     268.6841     3016.9529    -601.9784   -5670.6284   -1059.7008
     374     256.6876     627.5646    1045.3010     276.2029     3043.2210    -594.7442   -5699.3571   -1045.1240
     375     262.4952     633.9625    1069.4473     280.9365     3003.8852    -581.1078   -5639.8971    -970.2782
     376     247.1995     631.1060    1055.4418     279.5811     3007.5382    -590.1511   -5681.8334   -1051.1179
     377     232.3262     652.0891    1046.7753     275.7439     3022.6261    -583.5752   -5716.5919   -1070.6063
     378     276.8662     623.4415    1064.1200     280.4176     3026.1505    -592.2701   -5767.5104   -1088.7847
     379     258.4871     625.4786    1065.1656     278.6654     3030.9042    -592.6797   -5741.2581   -1075.2370
     380     249.7324     602.8175    1026.6611     272.6018     2998.3534    -589.8657   -5762.3320   -1202.0315
     381     263.0351     626.6798    1045.1974     286.0034     3051.1777    -563.8822   -5749.9851   -1041.7740
     382     254.6743     645.7375    1060.4578     277.1448     3003.4273    -597.6641   -5724.2045   -1080.4270
     383     252.1421     624.7822    1040.9239     269.7582     3032.5138    -590.5804   -5816.6837   -1187.1440
     384     246.2338     629.9569    1061.8199     272.8630     3018.5637    -599.6459   -5754.0396   -1124.2481
     385     236.0110     651.9619    1048.8313     284.8657     3022.5236    -588.7013   -5782.0598   -1126.5676
     386     268.8491     631.9783    1064.0292     279.6213     3031.0014    -585.3755   -5741.8201   -1051.7163
     387     233.4591     651.2175    1047.0812     285.0141     3054.8453    -571.4420   -5733.1559   -1032.9808
     388     265.1452     678.7650    1051.1864     277.9109     3001.7549    -589.5173   -5629.2950    -944.0499
     389     253.1034     629.4248    1062.3290     277.2091     3016.9797    -582.8457   -5692.6157   -1036.4155
     390     258.0763     647.1243    1060.3014     286.1842     3026.5074    -580.9267   -5713.3521   -1016.0852
     391     245.1399     651.3173    1041.4804     276.9523     2993.2523    -572.9829   -5645.2703   -1010.1111
     392     254.3433     656.7294    1062.6366     270.0142     3007.7860    -589.4519   -5599.1216    -937.0640
     393     262.1142     624.1919    1035.9397     277.2501     2981.2736    -578.2382   -5591.4585    -988.9271
     394     255.0275     614.1281    1031.0446     281.4884     3004.3081    -581.7299   -5741.7014   -1137.4346
     395     274.3918     622.2391    1064.6457     265.4851     3022.9369    -587.7173   -5670.7168   -1008.7355
     396     261.8130     658.1367    1058.8516     283.8713     2979.0992    -581.8697   -5666.8332   -1006.9311
     397     255.6606     657.8059    1027.8509     278.8381     3001.7230    -581.4363   -5649.2245   -1008.7822
     398     262.2616     621.6912    1055.5668     283.8250     3024.3884    -615.8576   -5666.9111   -1035.0356
     399     280.7753     586.5997    1065.0407     285.0652     3011.2681    -573.3384   -5655.9776   -1000.5669
     400     254.8320     618.3158    1061.4099     276.3100     3007.0003    -574.3778   -5708.4551   -1064.9648
     401     251.4591     615.6187    1035.0435     280.7966     3010.8178    -590.5690   -5690.2855   -1087.1190
     402     300.4393     671.5424    1054.0478     274.8846     2967.0084    -582.9521   -5719.5641   -1034.5936
     403     252.6618     616.6421    1059.8490     278.1187     3033.8451    -598.8779   -5699.1803   -1056.9415
     404     258.1308     618.7133    1061.2734     298.0697     3028.8876    -592.6788   -5691.2327   -1018.8368
     405     240.7666     637.9679    1072.7447     292.7916     3046.6940    -583.8538   -5708.0355   -1000.9245
     406     252.0309     632.1174    1047.3062     278.3495     3017.8369    -583.6103   -5764.6509   -1120.6203
     407     262.8414     608.5017    1062.6550     279.1409     3062.3653    -591.3238   -5724.2274   -1040.0469
     408     251.5816     612.5526    1057.5509     285.0177     3016.6553    -602.3780   -5703.4941   -1082.5140
     409     243.0410     640.3029    1033.8145     284.1196     2990.9636    -606.0598   -5698.7616   -1112.5798
     410     239.0464     660.8337    1048.2428     284.7222     3017.1622    -607.7171   -5656.1090   -1013.8189
     411     227.8254     613.4203    1068.8392     287.1600     2993.2570    -599.2378   -5618.6630   -1027.3989
     412     250.1628     642.2798    1065.1295     281.4329     2991.6469    -608.6139   -5701.1520   -1079.1140
     413     241.0562     646.2165    1052.7813     282.3278     2994.6195    -573.9684   -5719.1255   -1076.0925
     414     242.0494     625.0010    1050.5833     278.0646     3043.7578    -579.7735   -5716.8919   -1057.2092
     415     245.8513     622.7810    1075.2752     280.6417     3039.9837    -592.8183   -5715.0751   -1043.3605
     416     244.0975     649.5422    1055.9775     267.1980     2981.7339    -594.9504   -5751.5927   -1147.9940
     417     248.0480     623.8682    1052.2919     273.4221     3054.2341    -586.6080   -5691.7331   -1026.4767
     418     253.2021     625.0000    1045.3692     288.3289     3052.7850    -596.1938   -5657.2532    -988.7617
     419     260.0648     615.7991    1068.9839     285.8321     3042.1850    -590.6471   -5673.9856    -991.7678
     420     240.2822     608.4213    1042.0325     305.9272     3036.6702    -575.4643   -5672.3932   -1014.5242
     421     291.1729     666.1753    1053.4081     285.3337     2964.5808    -610.7453   -5695.2909   -1045.3654
     422     262.1695     619.2856    1033.6624     276.7034     3005.0576    -592.1602   -5557.8204    -953.1020
     423     230.0324     614.8714    1046.8144     297.7573     3004.8471    -569.5463   -5612.2182    -987.4419
     424     269.1583     646.4448    1063.4811     290.4119     3000.4427    -578.0993   -5691.3105    -999.4708
     425     255.7948     602.1032    1073.3026     286.7436     2999.6668    -590.0262   -5620.5855    -993.0006
     426     258.0117     591.2526    1057.5493     281.6714     3022.0511    -573.2728   -5695.8600   -1058.5967
     427     253.0317     618.4348    1054.1769     279.7134     3015.9626    -592.8031   -5699.2084   -1070.6920
     428     262.3619     621.0921    1067.7911     279.0155     3030.7257    -579.6632   -5709.3176   -1027.9945
     429     297.4918     642.3799    1064.4078     278.5673     2991.0368    -590.1978   -5682.9415    -999.2558
     430     233.5221     650.9298    1068.5168     291.1793     3004.4386    -568.9053   -5728.0230   -1048.3417
     431     250.2636     651.1254    1052.8844     282.2113     3006.3480    -598.9742   -5783.8568   -1139.9983
     432     259.5865     637.3036    1076.6229     281.6989     2983.1134    -585.2183   -5729.7270   -1076.6203
     433     260.0581     591.4695    1065.0460     288.7916     3013.3046    -593.7485   -5659.2010   -1034.2798
     434     252.5273     614.1618    1047.6879     283.0171     3034.7095    -587.7925   -5762.5660   -1118.2549
     435     263.3153     646.7317    1070.3280     280.7810     3030.0486    -598.9450   -5761.1940   -1068.9344
     436     281.0765     599.5243    1056.8815     271.3834     2997.7813    -573.0931   -5689.0604   -1055.5065
     437     255.9619     582.7144    1037.5092     285.3683     3035.9368    -572.3837   -5735.2040   -1110.0971
     438     241.5139     609.4524    1075.5937     289.2991     3050.7318    -585.6148   -5740.9509   -1059.9747
     439     286.2451     601.9005    1075.2850     282.4330     3035.4564    -583.7460   -5729.5938   -1032.0198
     440     281.9248     627.8405    1039.8375     278.5344     2997.2191    -600.5383   -5712.9091   -1088.0911
     441     271.2039     629.7159    1064.9875     279.1321     3019.4565    -575.6221   -5723.7002   -1034.8263
     442     247.2187     608.9984    1056.7425     289.6649     3033.7014    -598.6665   -5745.4507   -1107.7912
     443     262.5278     651.1229    1050.2215     273.4269     3016.6780    -601.3515   -5759.5778   -1106.9522
     444     270.2465     661.5724    1053.1179     274.3383     3010.6580    -592.9567   -5704.2148   -1027.2383
     445     313.4286     625.8404    1070.9651     272.2409     2993.6227    -584.3020   -5771.1250   -1079.3294
     446     252.6920     635.2640    1079.5881     273.1202     2997.1055    -590.5850   -5729.1324   -1081.9476
     447     250.3639     602.3673    1065.6757     284.7492     3041.0844    -580.6968   -5751.2640   -1087.7202
     448     278.0032     596.7292    1063.0775     283.5961     3018.7213    -583.4899   -5812.8400   -1156.2026
     449     279.7108     617.1172    1053.3546     270.5765     3040.6614    -589.2707   -5731.8917   -1059.7419
     450     254.8775     580.9905    1042.1399     289.0416     3011.0934    -581.4069   -5767.8130   -1171.0771
     451     272.6140     635.4383    1067.5260     278.1255     3061.3707    -601.8058   -5709.4807    -996.2121
     452     256.8417     638.7079    1058.1801     269.7768     3046.5343    -596.1855   -5838.7081   -1164.8529
     453     244.4496     621.7625    1065.8864     290.5696     3045.0546    -569.3588   -5704.0224   -1005.6585
     454     265.8847     658.7420    1063.2188     269.8790     3029.2966    -589.6630   -5704.5756   -1007.2174
     455     272.0794     633.2370    1048.5386     284.1976     3046.6398    -576.9103   -5755.6803   -1047.8981
     456     271.6753     661.5813    1058.4976     286.2028     3026.6860    -565.5129   -5651.7853    -912.6552
     457     269.6824     625.7057    1041.3937     290.9846     3046.7540    -583.0951   -5604.3853    -912.9600
     458     260.6868     621.3991    1065.7655     279.6936     3016.8241    -591.5780   -5649.5149    -996.7238
     459     275.7409     646.3268    1068.0385     267.7356     3001.5908    -564.7325   -5664.1704    -969.4702
     460     250.2589     599.8302    1053.6873     292.0932     2995.5176    -589.5495   -5670.1417   -1068.3041
     461     255.8109     650.6285    1055.7058     279.9273     3025.4592    -573.6401   -5658.5845    -964.6928
     462     259.9216     637.8723    1046.6558     277.2196     3015.2067    -580.0401   -5742.9673   -1086.1314
     463     263.9491     639.0262    1045.6819     271.8586     3014.2574    -562.3556   -5664.1959    -991.7783
     464     263.9276     611.0860    1037.8050     278.8124     3011.3926    -596.6864   -5632.0905   -1025.7535
     465     242.3527     661.1089    1057.4341     273.3679     3022.1752    -598.8886   -5624.3684    -966.8182
     466     241.7403     619.6597    1071.9067     280.8394     3007.1842    -582.9407   -5671.3803   -1032.9907
     467     268.4525     623.0266    1051.1168     291.9719     3012.5208    -583.0290   -5631.3560    -967.2964
     468     263.2879     612.2230    1055.8243     270.5424     3005.8596    -593.3312   -5647.8917   -1033.4856
     469     254.3403     652.6592    1057.9977     284.9272     3005.9523    -576.4686   -5604.7357    -925.3275
     470     273.1608     637.9884    1057.9179     285.2469     3005.7966    -601.9852   -5562.8967    -904.7714
     471     293.9254     618.4260    1051.2459     270.8611     3018.3596    -595.4413   -5640.5467    -983.1699
     472     268.2192     623.4393    1051.9466     282.6092     2988.3192    -574.5492   -5662.1755   -1022.1911
     473     250.8119     608.4932    1061.2569     286.2487     3080.9455    -588.8556   -5764.2340   -1065.3334
     474     247.9904     624.8944    1048.1446     277.6930     3028.4569    -581.8408   -5710.1255   -1064.7868
     475     271.2346     601.2974    1050.1981     285.6371     3047.4992    -550.2063   -5714.2787   -1008.6187
     476     269.8716     604.8118    1081.7477     285.4526     3030.8172    -576.7955   -5734.1837   -1038.2784
     477     272.0254     633.5469    1058.3480     276.1677     3012.8636    -588.4287   -5750.9583   -1086.4353
     478     255.5293     595.9968    1045.5199     286.7499     3047.9136    -566.0876   -5644.6487    -979.0267
     479     257.0671     604.4974    1085.2570     279.0652     3019.0606    -593.7478   -5653.8260   -1002.6266
     480     271.4988     625.5933    1052.5049     284.5677     3005.8389    -581.2735   -5762.0933   -1103.3633
     481     260.2310     625.8640    1060.6361     274.0895     3020.2861    -572.6919   -5776.8982   -1108.4833
     482     250.2734     632.8432    1043.0410     291.5062     2991.0328    -590.7066   -5720.4633   -1102.4734
     483     258.1560     638.7702    1056.0684     281.1919     3012.6461    -581.7234   -5682.4940   -1017.3847
     484     270.9701     622.1627    1052.0285     281.5266     3008.2102    -589.1851   -5690.9129   -1045.1999
     485     274.6961     662.0335    1046.6738     269.7003     2965.5801    -600.2824   -5661.8415   -1043.4400
     486     255.4961     621.8266    1047.4411     286.9961     2986.0972    -564.4892   -5695.4416   -1062.0736
     487     296.3476     603.6671    1074.4549     275.5170     3026.0998    -563.3285   -5783.9692   -1071.2113
     488     256.6942     609.9902    1070.6759     294.3956     3048.0858    -586.9530   -5615.3503    -922.4616
     489     258.6510     618.4512    1060.8116     278.8222     2995.6908    -591.3492   -5627.1245   -1006.0468
     490     247.7502     617.9767    1069.2435     278.7360     2980.6682    -583.4737   -5646.4732   -1035.5723
     491     246.4188     633.7466    1061.5964     302.7885     3006.1680    -566.9268   -5662.2139    -978.4225
     492     274.0635     595.7046    1060.9424     287.8974     3041.3995    -569.0895   -5694.1063   -1003.1885
     493     257.5902     617.1325    1038.5518     278.9720     2984.8782    -554.7443   -5720.7291   -1098.3487
     494     258.8992     621.7668    1055.6411     277.0802     3023.1377    -578.9908   -5756.7524   -1099.2181
     495     262.2306     625.4274    1060.0328     273.8084     2962.1172    -569.0251   -5601.8698    -987.2785
     496     253.2725     653.0447    1037.5580     276.6864     2994.2436    -571.9449   -5634.2942    -991.4339
     497     265.4028     631.3039    1051.2395     281.6645     3029.3827    -579.4355   -5683.3730   -1003.8151
     498     246.3545     620.6291    1046.6503     287.3334     2964.3009    -565.5919   -5656.6773   -1057.0011
     499     258.6816     619.6530    1039.4223     286.9038     2986.8552    -580.7232   -5668.1346   -1057.3419
     500     250.7978     620.2143    1049.3970     269.3909     2991.3428    -566.1430   -5640.1930   -1025.1931
