0 5.24279299200892
1 5.829094911446924
2 5.395467451188695
3 3.8791046159621625
4 3.440362984489967
5 4.997550864003615
6 4.69887441784976
7 4.38072178015517
8 3.9973375618399087
9 3.942521534413448
10 3.705637068983242
11 3.8583138780471744
12 4.099542367320578
13 3.843652738925493
14 3.6167025890632982
15 4.067134809890187
16 3.9711793367164465
17 3.8398408219610642
18 4.507476575281646
19 3.973869594534689
20 3.949459221360181
21 3.9202388888609128
22 3.579771770944706
23 3.9027472701498183
24 3.9692514785946558
25 8.84530628445784
26 6.348970498433763
27 7.877579070388174
28 8.32540330825825
29 8.19202711536181
30 5.435017138472239
31 6.411942876272601
32 6.41384697621408
33 6.520612153504611
34 8.745384156074865
35 8.213944732312715
36 7.472564205644361
37 6.917443238724332
38 7.454973155981749
39 9.082120164097729
40 9.692206609232562
41 10.397700010885394
42 9.097987013493432
43 3.8996189252327915
44 3.77828388467377
45 3.8010188447083713
46 3.8751334924152623
47 3.869898416799215
48 4.18465407548267
49 3.67325765279418
50 3.6606111110069564
51 3.462577529966876
52 3.6793033068975873
53 3.2422420240963983
54 3.3985285154296063
55 3.783125708463021
56 3.7779597165425742
57 3.3612933039012014
58 3.83497495713531
59 3.6472195393539373
60 3.7290170781087926
61 4.0934973033653055
62 3.7629326702622765
63 4.5334628234490575
64 3.601001491854989
65 5.220122991733154
66 5.123334891689627
67 4.378062603883663
68 5.632736932720455
69 6.00324767561835
70 6.25515368456501
71 7.753061887178611
72 7.376320247958657
73 6.765320562759799
74 7.339604561562801
75 6.597930694074632
76 3.4450709093012226
77 4.17325569911825
78 3.941565409586805
79 3.968972920851728
80 3.8140151125462802
81 4.100363770741948
82 4.108933305627269
83 5.32896671786326
84 3.509967589458633
85 3.768171359538742
86 5.07724403030245
87 5.219579103605291
88 6.22475860175446
89 3.6714690435530586
90 3.8448488934315668
91 7.604468480951954
92 10.073642951325077
93 10.463784012376607
94 8.81516292803069
95 8.168628741081813
96 10.813084987440842
97 10.996565135097766
98 10.084539108375843
99 10.377281933643328
100 9.580207224588907
101 11.577220021533362
102 9.591525033494234
103 8.757020874428715
104 9.168443533665918
105 9.042480386575212
106 9.006371889173815
107 7.645235216609136
108 8.416367447522552
109 9.815069566900835
110 8.742170947269528
111 7.07726993607565
112 5.917035884006753
113 7.1631560496871245
114 7.521948571577022
115 7.432015695070844
116 7.146885807751245
117 6.293268669109565
118 8.219965467232315
119 9.695513618026691
120 7.547860004647789
121 11.039299348927376
122 8.289657345915405
123 5.492051526717192
124 5.425204424953945
125 6.185611491568915
126 6.084787172841221
127 3.672823003288643
128 6.218857159966524
129 4.388871358550407
130 2.9335027057551915
131 7.01239084404329
132 5.534645749050702
133 3.3841310180793895
134 3.7251126329616557
135 4.9437232291520825
136 6.450282089639623
137 6.929549528232607
138 7.160467351755112
139 7.779443920659697
140 5.131275681394447
141 3.571642265599997
142 6.519734701445159
143 3.960010486667125
144 4.180596504804621
145 6.0796702893360335
146 4.069226412687273
147 8.257710134273069
148 8.152023568880713
149 8.396543913471591
150 7.9581380925542335
151 8.826884689218803
152 8.097010474909544
153 8.308672153581842
154 7.101674674786849
155 6.911411580407251
156 7.110670289646614
157 8.056354898540405
158 7.5291488021490665
159 4.873327828950838
160 6.310297126045074
161 6.690108334755985
162 4.437831181058168
163 7.378526227226705
164 6.996332226750156
165 6.832986270205403
166 7.638020381919606
167 6.350074381077948
168 7.9394286864611505
169 8.093115322191025
170 7.943380915744667
171 8.24162040207065
172 8.201547044634527
173 7.90036707006873
174 9.75909952701454
175 7.767461103440094
176 8.300834300548624
177 9.541933678153935
178 8.580915722533742
179 9.275969916261584
180 7.767122247929757
181 8.254491446394967
182 8.743061880149526
183 7.060547242054928
184 8.057955957005298
185 9.257990911806075
186 9.034737653046575
187 8.104018667079956
188 8.212692289473011
189 7.068838840219947
190 8.252007184092829
191 7.733493047683897
192 4.931928473102547
193 6.404703110260617
194 5.77816742617544
195 5.684709245854039
196 6.416068872246264
197 5.229140814878445
198 5.686043865519234
199 6.368520518858458
200 7.9003671938388536
201 6.1141433173954
202 6.684867490746853
203 6.745736577852525
204 6.331092986932176
205 5.608579497579428
206 6.426237277887704
207 5.72092214278089
208 7.42998226989797
209 6.6341150811089795
210 7.233685401451883
211 6.771813513639002
212 7.670051083336553
213 8.69637468829555
214 8.766888959799859
215 6.6339608392988785
216 7.263669165192088
217 9.239573172018142
218 8.46972588862638
219 6.310841036606514
220 7.771361596446211
221 7.0641360190967095
222 7.095913343374036
223 7.041645239481384
224 6.267850049398811
225 7.000547327693924
226 6.320774114271208
227 6.014483915154358
228 4.909218405408855
229 6.5521870788454875
230 6.407430445706499
231 4.9291033675286435
232 6.292352599257124
233 6.281173327685137
234 7.998021342125411
235 5.688159137194719
236 6.614534555399692
237 7.1743244323217805
238 5.265423491672671
239 6.853381026020448
240 6.611482853753596
241 7.871054817823279
242 5.74271771432304
243 6.943304422827712
244 5.727924741357891
245 6.079820839049659
246 5.178878395528429
247 6.139995285567315
248 4.560557628271752
249 7.469405890744929
250 7.774253254942305
251 4.382995135535693
252 6.922867733417032
253 5.908455550747542
254 5.517355895123798
255 7.483211159177828
256 6.634366084387427
257 8.182906653240583
258 4.793427836232949
259 3.836951608726338
260 7.91951554643078
261 7.551196523281281
262 6.0349051046397815
263 7.694196640856424
264 7.110341446368446
265 7.791545464345753
266 6.9398517760445655
267 7.688407785791554
268 8.641703827658715
269 7.7239422483083535
270 8.917515789737989
271 7.925451256906729
272 8.689852934090087
273 7.743062980514029
274 7.714310394553782
275 8.261729707531014
276 8.62949678621034
277 8.71627229312579
278 6.649836973716719
279 8.124090618528022
280 5.6216354414928595
281 7.421988924000351
282 5.81694760771563
283 6.650982114487937
284 7.459098597850154
285 5.727145012149092
286 6.243188664459913
287 6.419238711724915
288 6.446383350520177
289 7.8316707845618465
290 6.770326472004034
291 7.305535586039787
292 6.134176030545647
293 6.2127031539768325
294 5.926754520505522
295 5.792944274363085
296 6.52266839517921
297 7.996471396735822
298 7.673938971443344
299 7.7499597045586945
300 7.937431711765694
301 7.118637851257631
302 7.730017767492479
303 7.335291762001493
304 8.063562358366134
305 7.962456129820776
306 7.013084921839772
307 9.615848039308487
308 7.313405651123781
309 7.407505196497622
310 9.372329040169792
311 9.365007466075813
312 8.592123367251569
313 8.440826380654237
314 6.975980255551618
315 7.921676497774844
316 8.093913978907384
317 8.15388109910725
318 6.598399119915544
319 8.062046196778276
320 9.045746018818717
321 6.378271630384611
322 7.768577650637001
323 3.983782801779528
324 8.4664295987986
325 6.407597416249493
326 6.375850393026393
327 5.407160269205497
328 5.184574127330285
329 7.050305490955532
330 5.413058987881918
331 4.819418430163505
332 5.646167869617309
333 6.7622208429079915
334 6.9595407581065185
335 7.558046719326244
336 7.184315815383773
337 6.3245813448621275
338 6.492190080606233
339 7.393924702580295
340 5.148877506769418
341 5.834538999553989
342 7.676555840766273
343 5.185822449316845
344 6.898253935694516
345 6.6225792996125445
346 5.856617314186974
347 5.2340952086597685
348 4.240628015395032
349 6.582342225483873
350 5.884766512528074
351 4.969162201937259
352 6.9111773579113205
353 5.8478801290462386
354 8.138056736385376
355 6.958688336426511
356 9.132764682122092
357 9.209514974348325
358 7.888704431688483
359 7.517456844042498
360 7.4184099142453945
361 7.071207550511228
362 9.482690387132303
363 7.68526918581086
364 7.797591396820714
365 8.997702012819376
366 9.909945680273566
367 9.008036562492423
368 8.09698149688359
369 9.648477313852345
370 8.616682796545923
371 10.229889735737801
372 10.956797489060305
373 8.636219979717119
374 9.308131760187052
375 8.244356222538213
376 7.358958026517701
377 3.9118443265519107
378 3.3457122052419663
379 3.4943826444035424
380 7.192309146233585
381 7.020188320966262
382 6.070377529122995
383 8.870650199739668
384 9.797764464153387
385 7.9706817368329395
386 8.891920424952854
387 8.480882553944237
388 7.891603773560958
389 10.39548713908102
390 10.797984062094766
391 10.608078885608098
392 8.940450572825334
393 6.530968608575149
394 6.313819844198431
395 6.931891059409177
396 3.4626017144456185
397 3.8698726795458938
398 3.7103835532154714
399 5.261566122165062
400 3.9414725068322953
401 4.240460066008944
402 3.888242971842829
403 5.36742557496257
404 3.7373488642093275
405 4.580780526188844
406 3.842354655220574
407 3.87691823057594
408 3.8728402958624857
409 3.6112306056869117
410 3.754905166358841
411 3.53656229351409
412 4.90318505847116
413 4.188110146549491
414 3.8545771532907294
415 5.871110467070997
416 3.9354849615053
417 3.9256759846477713
418 4.088154647000684
419 3.9101149004348126
420 5.618584482762732
421 7.5651380796244085
422 5.3028184713915065
423 5.452399294934046
424 5.495688456490572
425 3.895843377829552
426 3.819280834799491
427 3.95508157301064
428 3.980422609033253
429 4.0061945840885835
430 3.829100491587614
431 3.6861988012566016
432 3.1854939693297686
433 6.638080286854608
434 6.640511068517024
435 7.893721111021699
436 5.846662429202963
437 6.241289284943854
438 3.8942990532058044
439 3.94655088458367
440 3.8170329049811262
441 3.7742975757266706
442 5.007806420262032
443 3.7864208270211566
444 4.715377669495118
445 4.892300404902511
446 3.970268227215043
447 3.9216403905133124
448 4.88348808860732
449 4.012048627305255
450 4.166495990798901
451 5.681251543512909
452 3.842602019996083
453 4.2369805241144975
454 4.901492148044124
455 3.747741984136106
456 3.825676220394886
457 3.747308695692567
458 4.827101371280461
459 3.644694679638646
460 6.213669263564425
461 7.2911721039013315
462 7.249629829382631
463 3.8733626233559186
464 3.9664456078844212
465 5.521570571190087
466 3.6342327505501033
467 3.6925599635056314
468 3.727848453869873
469 4.044077176467273
470 3.9923840190551085
471 4.070263922439178
472 7.763558552436222
473 7.122247663249098
474 6.87056536464998
475 6.72402449772373
476 6.41881339225061
477 7.2637249500815395
478 5.845112683874337
479 7.589752701798352
480 6.6477708073144
481 7.877124995214043
482 6.869367642176569
483 5.342403995131955
484 3.89399356135966
485 3.725425602119497
486 3.4929394787812815
487 3.9102643504403356
488 5.003539426267347
489 3.839974109352235
490 3.59443854279892
491 4.712685168273203
492 3.738491219176828
493 5.233760052774549
494 3.882793467887107
495 3.9198901117771516
496 4.196500245872626
497 3.564239556061415
498 3.847649957555733
499 3.6772193171436283
