0 4.509591032750123
1 4.835364694566426
2 4.642090930329593
3 4.788631431604865
4 4.371062479202854
5 5.55957539280561
6 4.442629254205139
7 4.10785692117221
8 3.919902658653516
9 4.031697430963296
10 4.399981500374205
11 4.682883746631802
12 4.53180676431396
13 4.645021863715857
14 4.577612216333626
15 4.380836296609002
16 4.516567857819485
17 4.488440055117235
18 4.743209879112231
19 4.212765127453116
20 4.572473192456895
21 4.375509447432139
22 4.356470293991849
23 4.717893500700916
24 4.800401506927886
25 4.394132618164041
26 4.838363387640182
27 4.334941673914184
28 4.366440259195196
29 4.327846310784134
30 4.333731574819489
31 4.608747713282126
32 4.490013920933104
33 4.488210117568137
34 4.389114708570705
35 4.489712117763077
36 4.012312373446327
37 4.638695855201111
38 4.871584620856309
39 4.291794722788546
40 4.302222797324174
41 4.587196905627205
42 4.495495504958681
43 4.376182187136166
44 4.435227272854802
45 4.766826915268475
46 4.983873400355395
47 4.730367397383289
48 7.139984032423041
49 5.756845248328103
50 6.443418377701238
51 5.758180616712849
52 6.511825902482692
53 6.730507811346443
54 6.631995155293547
55 4.987255723823753
56 7.40842661985594
57 6.790809442056558
58 6.417706691790774
59 5.000819876506393
60 7.136615335535277
61 7.149688005315311
62 5.251230491006592
63 5.869647346817
64 4.77380475771531
65 6.362252504640066
66 6.427569819927846
67 6.7602103477061455
68 6.492338268286467
69 4.756583896580815
70 4.785916179296802
71 4.795363661660295
72 5.722609622641126
73 4.767380213254093
74 4.951354604452656
75 7.138930927591511
76 6.7741831998025575
77 7.744199882492443
78 7.3096590269512385
79 6.4370739161905375
80 6.1819314000166825
81 7.555190847987651
82 7.01736593238878
83 4.823280521258133
84 4.739868515316093
85 4.78377028226892
86 4.625965497928418
87 4.831692126466106
88 5.969038022107169
89 7.012179667862395
90 6.365758902570322
91 6.547811469561268
92 4.694687110924086
93 5.894599868860885
94 7.115750186903292
95 4.854055024632294
96 5.0927774500290495
97 4.687161404137192
98 5.040413535774763
99 4.694665958729012
100 5.0807794127509665
101 4.655903005661652
102 4.880796204353825
103 5.9762274660667565
104 4.841710117324948
105 4.686712926664032
106 5.009460161524319
107 4.957755037550176
108 4.802598892153355
109 5.982591501562338
110 5.5419593243127245
111 4.226372388488379
112 4.610887611503623
113 4.615710872468769
114 6.8582677150422064
115 4.117180277114963
116 6.724647028824883
117 8.072425837034608
118 5.763449706316955
119 6.759383326488128
120 6.264820853969135
121 6.72027303198849
122 7.424293990395472
123 8.339655584620864
124 7.677688417160247
125 7.911741034015138
126 6.716627338583935
127 7.037259234837508
128 7.361536328234058
129 5.132359199188061
130 4.951239350570214
131 7.310661373030717
132 8.179977208673241
133 8.524612276608176
134 8.458135827944474
135 5.758848150124849
136 6.490817121307004
137 7.778130835686384
138 5.8286466183499375
139 6.124070623658047
140 6.974528855594078
141 9.333797971516148
142 9.412903642976934
143 6.890582975079167
144 7.627035071251618
145 5.418480716114423
146 6.091956676065185
147 7.73629191554913
148 5.359626158561152
149 6.86158357958073
150 4.987142533956547
151 5.12687809075079
152 6.4095628299243375
153 5.8536049485652875
154 5.930262848199301
155 6.34629500240782
156 6.765520740654056
157 3.8818814555384775
158 4.433010080554352
159 4.164687059780641
160 4.473082788376908
161 4.0310447466733335
162 4.983959533179305
163 4.317028792858272
164 4.616196296852766
165 4.700670822699504
166 7.23502961314511
167 4.866470334871337
168 5.241686647854816
169 5.330201842140532
170 6.774666275797187
171 5.165243444013133
172 5.817559328402664
173 5.093901279470248
174 4.680167375247059
175 4.7362238086167405
176 4.646911084944322
177 4.897564707234146
178 5.016905762673098
179 4.998570935274651
180 4.856059743984545
181 4.991716216427316
182 6.341123724813942
183 4.869792029670176
184 5.136812691321121
185 5.005149867982027
186 5.067186114587823
187 6.763738000527762
188 4.9350198476553855
189 6.517478632042178
190 5.114653331918916
191 4.758321951731238
192 4.861600823681034
193 4.995942482212447
194 4.88397482229023
195 6.336383753445493
196 4.970587266072761
197 4.867429894252444
198 5.1411940197
199 4.990289715778494
200 4.815614008943055
201 4.804706963198877
202 4.636696932817913
203 4.896820973885573
204 4.908381089957302
205 4.987281155499
206 6.226969164971455
207 6.08622578837335
208 4.85033856897747
209 7.396440391963799
210 5.010504131687232
211 4.637734386219974
212 5.261849924797788
213 5.018719003158186
214 4.832342341421158
215 6.234234226674363
216 4.814707945566905
217 5.259532811825371
218 6.050575239118824
219 5.372353282208851
220 4.980587089708187
221 6.970808190022367
222 6.213155412111255
223 4.948636212673556
224 5.010185458719127
225 5.2977582389968685
226 5.680388523560988
227 5.438668445807728
228 5.485061929862492
229 7.983631275424263
230 4.886869301935338
231 5.262558947768995
232 7.392988784045095
233 4.443642596365224
234 4.483147606575384
235 4.7094896417688155
236 4.319391320692217
237 4.541526447428943
238 4.423046808973883
239 4.232975369246996
240 4.6518611274772335
241 4.318474643802799
242 4.572340111686418
243 4.592868910069486
244 4.292186089311986
245 4.627783093825312
246 4.5012053763106
247 4.355187801687174
248 4.362818748735081
249 4.311636899576964
250 4.462697809889544
251 4.406468810970293
252 4.2637042138835834
253 4.281354878071275
254 4.4692089789884095
255 4.3951849892978645
256 4.387140007640159
257 4.321326400745577
258 4.754693934705924
259 4.530011261224224
260 4.659674367298105
261 4.732375761722588
262 4.450349584791482
263 6.866802882741311
264 4.998528583278624
265 4.809128853499721
266 4.740155467044662
267 5.384684174550698
268 4.90284543419858
269 4.7650046697589135
270 4.94094265160002
271 7.774365455973673
272 4.945627461875751
273 4.76717316948791
274 4.811402876929149
275 4.533050276207481
276 4.856132602735436
277 4.892189517698884
278 4.853438097152728
279 4.96128806860577
280 4.911138314447723
281 5.008345449081256
282 5.169218302828518
283 5.720570842463415
284 4.929243483412156
285 5.685792565938043
286 4.894360777836398
287 4.7725643260028905
288 4.618504514387984
289 4.850019123050246
290 4.938005074217001
291 5.525641103963444
292 6.366829561109718
293 4.739073041105258
294 4.692615730249311
295 5.146812635284247
296 4.953120787517253
297 4.890357280095629
298 4.592503558464361
299 4.821036317806199
300 5.432057613150715
301 4.804786299380653
302 5.038854427615172
303 4.909055053165975
304 4.566345776399673
305 4.7942074439463225
306 4.813066583867758
307 4.556093067625346
308 6.827961998124242
309 5.817183732718785
310 4.776246266054843
311 4.827301620737318
312 5.277529769290532
313 4.772188849495808
314 4.47395836452194
315 4.623138259569106
316 4.901970974290443
317 4.808048582952247
318 4.849538126045994
319 5.1603073628027305
320 4.850368185955358
321 5.550704927377972
322 4.828391947941433
323 4.7298169081838815
324 4.823275880788953
325 5.129550433433969
326 5.176039992020762
327 5.871713302156333
328 6.723271103811613
329 8.507120207879094
330 6.8543223226064764
331 6.341163158404683
332 8.862185338765098
333 8.282475036781005
334 9.242406824143643
335 7.793874065346492
336 8.560019032739111
337 9.30850377372751
338 8.078326998990901
339 7.215801375021693
340 8.474814318607082
341 6.988516331059175
342 7.983207184170669
343 7.643277473893691
344 9.041933961063181
345 8.181978183928242
346 6.570148059051058
347 7.909067425240941
348 9.044748375128203
349 7.2612220370617875
350 8.156947735179546
351 7.105387496725749
352 7.955254427967016
353 8.785699118954568
354 9.014243750812836
355 7.640409042641297
356 9.598395314820843
357 10.053544445993237
358 9.052022948229212
359 9.433464458179659
360 9.279316470089507
361 9.398691159496813
362 10.719305671868053
363 9.971160173878468
364 9.168351928740138
365 9.303458636484986
366 9.904318902777607
367 9.920595854200648
368 9.343835334007144
369 8.849487706043758
370 9.513235520473744
371 9.164800997693272
372 8.040134381235836
373 8.989876739892955
374 7.989661581516584
375 10.199423663518958
376 8.984460380108624
377 9.911304913311863
378 9.046032472470454
379 9.247416611385205
380 9.468717331202358
381 9.02081535378135
382 8.255263686107838
383 8.41348888205679
384 9.387715760820798
385 10.803279076146731
386 9.494673182502849
387 9.934778142341228
388 8.497908227518462
389 9.54046313071638
390 9.438119572703906
391 9.155566127208678
392 10.130579700919641
393 9.70631691211862
394 8.535346802349139
395 8.53880678512449
396 9.538682114406553
397 8.545800733649342
398 9.993234955473591
399 9.37026000727995
400 9.349350442341306
401 8.9112782181568
402 11.355153642200566
403 11.539780476537416
404 10.229826806311127
405 10.93713597828648
406 9.993592281588747
407 10.287586383603879
408 8.830775966392515
409 7.080052737725577
410 9.72643167700464
411 9.701444536929326
412 8.963411177507782
413 10.075815946735824
414 8.19629317416308
415 7.842036394744699
416 9.797141895994024
417 10.435779986623338
418 9.713927047055162
419 9.9428021313127
420 9.892189408472207
421 10.125969295346486
422 9.635615334064937
423 8.00355167847339
424 10.073651030683951
425 8.348407012428487
426 9.949454409599571
427 8.700590482216388
428 8.938939265540517
429 9.89895888892534
430 9.653843710538876
431 9.125915218288947
432 9.25730185693095
433 7.390408335072844
434 9.217536190832881
435 8.706106884945704
436 7.978948258478508
437 9.8291394763754
438 7.499617021681858
439 8.552513244284837
440 9.22774704016522
441 8.20689909172891
442 9.457131118922636
443 9.663802850569862
444 7.731032486525433
445 9.130411176044543
446 8.895598748199117
447 9.015310470542953
448 7.527309137351274
449 8.838233336206535
450 8.643611002614008
451 9.396882361250997
452 10.965344866224616
453 10.02105387667825
454 9.180128668722363
455 10.086822379215958
456 9.531251275304365
457 9.690055715466588
458 10.813629656639934
459 10.324511393626047
460 9.375772259111267
461 10.16619574512303
462 9.210795297157715
463 9.323310349408159
464 9.081460703264083
465 10.77972948026558
466 9.577309214653486
467 9.440667960954928
468 8.989965501591842
469 8.358697823541513
470 7.607858936902172
471 7.235689853138288
472 7.154250504694253
473 6.786185206650127
474 6.237723632709619
475 4.463210032450536
476 4.567062972746009
477 4.506314630920377
478 4.779511495564616
479 6.0917707960881495
480 6.2379992228011005
481 4.643692631619832
482 5.448388281454548
483 5.489788998684808
484 4.712064548963988
485 4.476083029270875
486 4.433810291352955
487 5.030516757201091
488 4.752528613510713
489 4.693205806789814
490 4.653890846500049
491 3.781834841612003
492 4.614300885877046
493 4.779434534029406
494 9.533261768589833
495 6.963632035962445
496 8.292140522311424
497 6.905288512841593
498 8.693310539608666
499 6.0480474846915895
