0 4.580285068922944
1 7.010729289275312
2 6.461060469450844
3 6.005857692796595
4 6.064107119493713
5 6.886525580142944
6 6.287238018373436
7 5.762868262004861
8 6.611470773338287
9 5.620929449890973
10 6.27928231368827
11 4.569718334515952
12 3.913386395415521
13 4.312051434768474
14 4.5550584204133235
15 4.489789332200073
16 4.380224747737035
17 6.17438240513898
18 6.362042119481982
19 3.9693553424337615
20 3.846224989816901
21 3.8045318455414003
22 4.162365700828091
23 4.514463038552938
24 4.220105697413675
