0 3.957302912651341
1 3.9423111864803717
2 3.8046494991508317
3 3.806784635823181
4 3.7949810337042296
5 3.632581077791757
6 3.9386712510874595
7 3.8864416717663866
8 3.8242265954190744
9 6.08966096500784
10 3.516953655291034
11 5.128685095688973
12 3.595814834522775
13 4.641855789265519
14 3.476219270607843
15 4.37004646979994
16 3.777713842465782
17 3.8521856095834432
18 3.755133974608853
19 4.12066062713155
20 3.6254549515842625
21 3.936092130813353
22 3.52261452876279
23 3.724649563209554
24 3.9007595964257145
