0 4.875866780557588
1 5.3692724648955865
2 4.514285809403774
3 5.593490021350547
4 4.449998850387794
5 5.021754009780859
6 4.39783837720648
7 4.320805236507141
8 4.363078410948895
9 4.375808870345662
10 4.399966383944654
11 4.916258336971061
12 4.7060148160422335
13 5.425405971062827
14 4.242766406678818
15 6.400769348393309
16 4.5186323384967615
17 4.605172796004668
18 4.62390305829383
19 4.789679597394067
20 4.543318330785985
21 4.917828798401372
22 4.563508931779383
23 5.29199151824432
24 7.577253640930742
