0 4.355023441703326
1 4.344076372624692
2 4.305658068437101
3 4.609606060414323
4 4.631370193727064
5 4.1195873059009775
6 4.073078859180852
7 4.251837950794398
8 4.339887489675888
9 4.138403442501126
10 4.281539569015554
11 4.654973104644345
12 4.0627678807288685
13 4.5432408346842115
14 4.328463176149583
15 4.395987373467368
16 4.623187336803979
17 4.239980157601301
18 4.451253886871008
19 4.353332217510858
20 4.545060359824204
21 4.711000803671769
22 4.081612041987128
23 4.542166241298982
24 4.4003129645645025
