0 4.975083452849014
1 4.520587327012685
2 4.230402963574979
3 4.452626813375893
4 4.346981464854438
5 4.007135218468571
6 4.174569929537405
7 4.519944691424711
8 4.278775795342959
9 4.116992248382093
10 4.543190732816132
11 4.862849790364675
12 4.578998342429313
13 5.54858747614807
14 4.702954909218943
15 4.873026534107681
16 4.6929628707277615
17 4.393078518295598
18 4.232006247813824
19 4.959038371320313
20 4.708577337138674
21 4.202142417584158
22 4.474620873694819
23 4.276401580931252
24 4.449442785643661
