0 3.4783022274024558
1 3.5104354012054646
2 3.4410046030313053
3 3.1410426132058
4 3.3659474581620326
5 3.211384477470831
6 3.3715130406217937
7 3.498273629568292
8 3.3714419870183434
9 3.478182271152478
10 3.4383319875192018
11 3.3925173126644323
12 3.530679498717283
13 3.404317497627939
14 3.369060337118135
15 3.443627872390391
16 3.900038605878329
17 3.325020917640817
18 3.2859614033135935
19 3.2918764364326587
20 3.630347120372098
21 3.414889492044378
22 3.4540797057429584
23 3.374501944943562
24 3.420827670584576
