0 5.394853049948287
1 8.918444041035585
2 7.038456702685115
3 8.44499539537825
4 4.412892280910885
5 5.378455019230861
6 8.571713551268068
7 3.537648842295986
8 7.8090293575351
9 4.355109358920225
10 6.220245126386028
11 5.413679443870799
12 7.424013028604523
13 9.798665164931696
14 4.295972706225334
15 3.9117913708731153
16 6.878778224203453
17 6.972397099584417
18 5.643812987234905
19 8.7952557184956
20 3.6412839176464193
21 7.718463016849545
22 7.50766805438882
23 8.22301993781968
24 7.192054323192546
