0 6.176452026636511
1 6.686465230728912
2 6.577136663668543
3 6.121154987645939
4 6.926712936403778
5 7.58953902272515
6 3.9454503711779796
7 4.746399530427851
8 4.269998894481034
9 4.256610823633769
10 4.491662495604153
11 4.242397523825316
12 3.70497250797607
13 4.172755236237975
14 4.408935142236648
15 4.522844880613232
16 3.8516218007547955
17 5.663230636250061
18 5.9482178572491105
19 4.53866289168655
20 4.029334402220998
21 3.854635294759392
22 4.012355632884163
23 4.825811569111026
24 4.535558411135692
