0 6.109902756866629
1 7.468199602055789
2 4.3934573515004205
3 4.498175896186774
4 4.537816208976624
5 4.395635981946365
6 4.590927306056112
7 4.661248266718478
8 4.323499059818695
9 4.278250601733817
10 4.543657647012045
11 4.321692069151867
12 3.764849752873734
13 4.392322147986794
14 4.427453332837429
15 4.498391603648764
16 4.2874649600091885
17 4.844876847742098
18 3.8820482635319324
19 3.9583591214937086
20 4.2807636238118105
21 4.3666367454894095
22 4.3160104110195565
23 4.557903514267381
24 4.3285864034412
