1 0.9086986184120178
2 0.53922039270401
3 0.4637129008769989
4 0.35494470596313477
5 0.34910911321640015
6 0.41929060220718384
7 0.43386387825012207
8 0.38525813817977905
9 0.38182201981544495
10 0.42463773488998413
11 0.3806977868080139
12 0.40349137783050537
13 0.4397032856941223
14 0.5252231955528259
15 0.5097337365150452
16 0.4583587348461151
17 0.5092917084693909
18 0.5369678139686584
19 0.429988294839859
20 0.3771027624607086
21 0.41507187485694885
22 0.452912837266922
23 0.4167689085006714
24 0.43769681453704834
25 0.5082159638404846
26 0.5450135469436646
27 0.5197752118110657
28 0.4431120753288269
29 0.44937562942504883
30 0.39887574315071106
31 0.36489948630332947
32 0.38556498289108276
33 0.3850085735321045
34 0.49483272433280945
35 0.6769741177558899
36 0.5029543042182922
37 0.6651182174682617
38 0.6910078525543213
39 0.8069218397140503
40 0.7688189148902893
41 0.8017171621322632
42 0.9217566251754761
43 0.7567907571792603
44 0.8956159353256226
45 0.5848386287689209
46 0.4287315607070923
47 0.3669966459274292
48 0.4267425537109375
49 0.40424349904060364
50 0.34639278054237366
51 0.3271951377391815
52 0.3931800127029419
53 0.6130532026290894
54 0.624614953994751
55 0.5106248259544373
56 0.3779543936252594
57 0.31720030307769775
58 0.35330313444137573
59 0.36104387044906616
60 0.3775649666786194
61 0.34381020069122314
62 0.3485255241394043
63 0.3973982036113739
64 0.7833317518234253
