0 3.86104654570798
1 3.43938406647552
2 3.899078944095098
3 3.625151746609981
4 4.090397591713304
5 3.841677348633868
6 3.774589371731715
7 4.500590862932021
8 3.7073970028742496
9 4.738193017370122
10 3.701378897666328
11 3.7948481143911574
12 4.872048426993469
13 3.809444453630456
14 3.7855029901919526
15 3.5967515025557053
16 3.906587054210864
17 3.2058664068060407
18 3.9998352857953736
19 4.808803189042646
20 4.038400239362879
21 5.792456673465284
22 3.585460039555673
23 3.944529600263278
24 3.689255762782455
25 3.944686977184388
26 3.212186389958922
27 3.9598927131761728
28 4.362372424983606
29 3.286579208922651
30 3.816111033912573
31 5.4424963170031875
32 3.5426523107313055
33 4.329271827205936
34 3.9118420751937615
35 3.8352040865048243
36 5.732174268650386
37 4.985931241271749
38 3.6520844080917274
39 5.8255436988090725
40 3.9028238073261794
41 3.8920917958915053
42 4.437137052965066
43 3.765112764729935
44 4.222552288982224
45 6.1888410194406305
46 3.715167408756547
47 3.6074544564045663
48 3.94906217670869
49 5.111460346279519
50 4.044700540508645
51 4.13739334028621
52 4.33238735758119
53 3.693515182350335
54 3.5967764675372975
55 3.806234732343005
56 4.490459252008994
57 3.5983962905584757
58 4.014182944661012
59 3.819098988580505
60 3.8999392679156464
61 3.5605188855014984
62 4.102949885344268
63 3.80018764068061
64 3.966623090461624
65 5.108198857068001
66 6.988080191439243
67 3.8557043574371748
68 5.203898617733668
69 6.628915187512827
70 4.6332147123195
71 4.171490165603472
72 3.800578885642266
73 4.208609621726361
74 3.8782164493537863
75 5.873393401650572
76 4.17756385308302
77 3.9145869746045814
78 4.018472061161682
79 3.5786676178788106
80 3.8820046238166688
81 3.6576765883933935
82 3.4840011801090855
83 4.349972652743421
84 3.752523513148474
85 5.42913788504967
86 5.399090495106818
87 6.858456259331775
88 6.014418645660332
89 3.788675810115987
90 3.8842196805765954
91 4.529482122530955
92 4.399640025275412
93 4.175880232369432
94 5.0295136524561
95 3.539896144832521
96 5.707116758100028
97 2.918626525341978
98 3.8446231924608996
99 6.211838086276145
100 6.814156441185424
101 5.202803426586218
102 3.839291269763094
103 6.610062679266077
104 6.41791964482136
105 7.980344044030962
106 7.027238417508438
107 5.91774728998243
108 6.127141644183078
109 5.751165585443076
110 3.97052640639094
111 6.3073823006486895
112 4.808647118989315
113 3.8999340514855714
114 6.585387616993808
115 4.273288826913774
116 4.65839113932595
117 3.796122328849663
118 3.973213480319364
119 3.6384673567122094
120 3.086308793542427
121 4.0579431211438015
122 4.7937202581410725
123 3.792413854359664
124 3.9415787049500826
125 4.905816681087033
126 4.045342795819133
127 3.518774998827373
128 3.969210207847763
129 3.562621606810927
130 3.693160671718154
131 3.7897272537817766
132 3.5455680944577077
133 3.6881080265124857
134 4.957141404650786
135 3.908609925055182
136 3.6755426772614395
137 3.7638985971413805
138 4.610828241013633
139 3.5178756991647715
140 4.241443509147954
141 3.5497611746191375
142 3.8513331810518734
143 3.9862063267786643
144 3.715260539929938
145 3.9573686243523762
146 3.8322244133078804
147 3.763833369696643
148 3.8973410772289236
149 3.7890215542241514
150 4.102689932524734
151 3.3221061599977606
152 3.6809686267754995
153 3.571554997695609
154 4.074336633889771
155 4.375046885217617
156 4.54052845706914
157 4.580823732640653
158 6.230368037184448
159 5.5982085194974935
160 3.078526104234818
161 4.6308853081998835
162 3.8980999641993295
163 4.20892553562515
164 3.17590643614556
165 3.6362177811974523
166 3.8149648233664624
167 4.587080530878082
168 3.884999367823639
169 4.431118108363572
170 3.736958343978811
171 4.884793417792459
172 4.180630149188695
173 5.29717960158136
174 3.7903359365430163
175 5.961731830365923
176 6.25904329967866
177 4.628868581442906
178 4.028704308976517
179 3.8699204798392204
180 3.613619075564581
181 4.175910693725522
182 3.423733308536812
183 3.8818808122045128
184 3.385520846605535
185 3.7945318223275484
186 6.396341361450594
187 4.262466426419131
188 3.585384270326128
189 6.23416957957461
190 3.5661818666837797
191 5.394464484548484
192 4.352557243294593
193 4.359818727353338
194 6.174852975205006
195 3.714711513006723
196 3.757467489543165
197 3.546238425816373
198 4.418551954459898
199 3.3943739510581183
200 3.5477209285265876
201 4.572801606807177
202 4.397283676251505
203 3.628091555014542
204 4.224230840466946
205 3.7710642615641605
206 3.5147113665243013
207 3.721516177522057
208 3.7191216432403245
209 4.178039141527435
210 4.6628529639920435
211 3.9880873561073176
212 4.084278330312481
213 5.641598088450615
214 4.209706386977052
215 4.26975013967911
216 3.913512281416129
217 4.273659510199597
218 4.053826512989209
219 5.054557590658796
220 3.600266629397012
221 3.800971936721478
222 4.2514647534800805
223 3.6858632302798435
224 4.498258525502159
225 3.7067300046835725
226 4.111231150456639
227 3.8735676210506753
228 3.8324734765695867
229 3.6737226200639754
230 3.7604539178597163
231 3.163737192727586
232 3.8764185794612005
233 3.851416498734631
234 4.020047452002263
235 4.8412588570729325
236 3.522306410891942
237 5.277129392490479
238 3.812655412810859
239 4.019367658304659
240 3.890529986476185
241 3.8210737157261283
242 3.7531746286376055
243 4.148740781949675
244 6.025509709497139
245 6.005456400642598
246 3.918199453307759
247 3.9457942890335134
248 4.374884950037257
249 3.9580789712850755
250 6.394480048313946
251 3.784152698183633
252 4.591119952368291
253 3.858240672297801
254 3.6294855393321477
255 5.983901276916307
256 3.957338150608589
257 5.38788848158172
258 5.313584875913146
259 4.322193673076008
260 3.684057582409887
261 3.5923727284658056
262 3.5608827099767
263 3.9215399894230716
264 3.713177506004816
265 4.938632832958732
266 4.213436591408033
267 3.744861395125596
268 3.6570400809942436
269 2.78135114457016
270 4.030476904573633
271 3.638478895169457
272 4.195836669952273
273 3.612520174275662
274 4.033162003961697
275 3.4945704130653836
276 4.409550421879972
277 4.045607009235302
278 4.449078757242347
279 3.8400151972417937
280 4.388888548841603
281 4.482253139269162
282 3.7468058823398755
283 3.9330149479957175
284 3.8433796012573835
285 3.8475483555120507
286 5.262352576449316
287 5.5716898547558635
288 5.202219160368881
289 4.029760964861311
290 4.6781200590600305
291 5.552386023114987
292 5.826456093390823
293 5.658279953603735
294 4.814942670785885
295 3.6661312865322144
296 3.7422607092816107
297 5.7750279821144135
298 3.5483874479066118
299 4.362243423941205
300 3.846849548894891
301 5.2032676962926105
302 4.4468707296490155
303 3.79969753353672
304 3.8114310101872007
305 3.2213099423795084
306 3.5664537636524627
307 3.6455428206848812
308 4.287794834075396
309 3.5774271969449862
310 4.905659790472771
311 4.908393266999665
312 3.7549362325828706
313 3.289403177490991
314 4.418745050446567
315 4.039135448110397
316 4.334320826568376
317 5.846471679958136
318 4.027716772071663
319 3.8991190788295813
320 4.104410748690503
321 3.726505694791549
322 3.7277290852499876
323 3.8150690115560604
324 3.8616680234733227
325 3.7583543239637978
326 3.6460432965163485
327 4.684902549523837
328 3.688216310487018
329 3.8154260290764155
330 4.252645221824865
331 4.205373312614947
332 4.024742677428422
333 4.48148361693283
334 4.321428351992971
335 6.529926106075383
336 3.9179599340297853
337 3.9188758290081807
338 7.189478821601482
339 3.172205369380463
340 3.8920556936910433
341 4.885026458047575
342 3.7752349562047494
343 4.297885966896169
344 3.9682622422586236
345 3.997167669682233
346 3.8619519755574774
347 3.7722195349743726
348 5.358075551130459
349 3.700240674816081
350 3.9343667053033458
351 3.4830796129001778
352 3.8000356706317895
353 3.738834253290951
354 3.354577096126358
355 3.632379181495222
356 3.651953557638271
357 3.402133796675485
358 3.3990031000602023
359 4.003190748673882
360 4.056503218040756
361 4.565555117510432
362 4.098334355852754
363 3.9257054770500215
364 5.475124108920327
365 5.897081884538919
366 4.731009959949101
367 4.267861305530491
368 4.829274432712998
369 5.48476290321128
370 3.9544655221471214
371 4.844744255221204
372 4.633325918167424
373 4.768267638671321
374 5.172241085179789
375 5.299617386952904
376 6.4798256193993655
377 5.5619338117884105
378 5.006228956904866
379 5.274736077246226
380 5.400439745541895
381 3.8685885862847957
382 3.577092691781589
383 6.4045566903036555
384 5.898460951553798
385 4.918613192837708
386 3.5240376494169303
387 3.6100666853603185
388 5.73281946586929
389 5.496617814462787
390 5.34731497790563
391 4.8521492556288
392 3.7483280225052877
393 4.617883341096168
394 5.4349106237599285
395 5.506115495179728
396 4.588715765874157
397 3.9753217220813952
398 4.488742977036099
399 5.503842277980048
400 5.7510739484814195
401 5.397269512652433
402 3.395830804627919
403 5.308683642368198
404 5.027017105697207
405 5.671093435202205
406 5.068390808619016
407 5.682148960774892
408 5.648932339040415
409 5.518293491977977
410 3.9190670894605057
411 5.439025135284497
412 3.9173895491227033
413 3.8400975225480174
414 4.0887682208108
415 4.46123773244221
416 4.547887449832496
417 4.01834842352822
418 3.977070269909888
419 5.642921461863343
420 8.015950656540106
421 6.39032270794997
422 5.91041237338886
423 3.4710503652686175
424 5.471059091698961
425 3.9681231872448843
426 4.82291895744146
427 4.021573634638494
428 4.23526896535721
429 4.233408641625545
430 5.001654438598692
431 4.262467872697915
432 4.358980734296875
433 4.630785272849978
434 3.6475220850626098
435 5.390482264166445
436 3.251008952268422
437 4.3042386438196045
438 4.867903373446913
439 5.498788355290129
440 3.7721602050524767
441 3.410881563629511
442 5.323536502068642
443 3.4962295886313264
444 5.69025119738409
445 4.729507630860042
446 5.214648674404736
447 5.022050499321127
448 4.620562669294986
449 4.401045826135725
450 4.849395103216065
451 4.52904060294804
452 3.937083623308575
453 5.561003610953994
454 3.7228091228639637
455 4.162223937115981
456 3.2396296400127316
457 5.3137243575090185
458 3.6427122398463516
459 5.6897746677749845
460 5.672754461948833
461 5.231920356637921
462 5.2734596453412435
463 4.890551347070065
464 4.2381655160279035
465 4.31050765792296
466 4.666946922368657
467 6.68012799205997
468 5.52665775035485
469 5.664926728341187
470 5.922677687985876
471 6.883747438974017
472 6.801684695324997
473 6.904439490766227
474 5.984411135758666
475 7.331450911866873
476 5.898225482841703
477 7.410625264997185
478 7.285591125173206
479 6.528263872595203
480 6.573719298315673
481 6.102544850941244
482 5.978268623643696
483 6.385996639668985
484 5.494099762091206
485 3.132888781916152
486 3.6341594683471574
487 4.899563493618933
488 6.322787482699111
489 5.621704317729806
490 5.134384266126948
491 3.3925489019977983
492 3.4418118165882987
493 3.221017939436953
494 6.863035093351733
495 5.682875724731185
496 4.629248288039297
497 4.077590667655042
498 5.654947085535892
499 5.737388363845925
