0 10.433046304380442
1 7.198798406687334
2 7.956981836729399
3 8.023986134086652
4 10.081877067048575
5 3.8763993290524104
6 4.882250577651528
7 3.670579095097297
8 3.530392581218025
9 3.8748922842892894
10 3.787953805687419
11 3.2232823953041247
12 3.5448833917089484
13 3.6769196719280335
14 3.678297133543646
15 3.7396091019382194
16 3.632215583972777
17 3.6542424155830875
18 3.8724548162376284
19 4.219691477876227
20 3.6669705360780878
21 3.2214754055999855
22 3.8570160379261282
23 3.1057813165681742
24 3.7125688247756066
25 3.761348151778194
26 5.205809954647239
27 4.290249355514016
28 4.0224570246088245
29 3.768979210791331
30 3.6636628026337665
31 5.189495017745888
32 3.8313393132745945
33 3.557591218303521
34 3.6646129531056193
35 8.634640513095386
36 3.704320513972032
37 8.083494862600746
38 3.966469291864619
39 7.63040455751527
40 4.751057027638819
41 3.8288839966092842
42 3.9744880125582136
43 3.755653245442323
44 3.7720942851371704
45 3.7818106005034844
46 8.435018613414341
47 5.533313548374822
48 9.096056618969099
49 3.94314456157413
50 10.686974554662163
51 9.362633451221894
52 10.716423946090147
53 8.238481839030698
54 6.684994579456465
55 7.957598949367129
56 9.68387757711444
57 9.507794999168853
58 6.926368278181118
59 9.357971618362082
60 10.39729461911085
61 11.65563487317615
62 7.000112370517844
63 11.079593475251507
64 8.172455812183635
65 8.68466950161885
66 7.478713213476476
67 11.131182992348263
68 7.2814973657802415
69 13.258602583091532
70 7.301765576576197
71 9.088528451677593
72 12.677791213950886
73 6.253374775294724
74 5.7744555735923315
75 4.61111110338566
76 5.015448698443829
77 5.992455389558496
78 7.7862266002256195
79 8.370171438009882
80 9.906477747366232
81 9.187463925950464
82 6.765172545078243
83 3.7021717563035463
84 3.4989459077959553
85 3.812283524356907
86 4.022030964746463
87 3.7780801193061806
88 3.833376242497776
89 3.8023626451643104
90 3.841975999938647
91 4.060465903671678
92 3.9978527730306017
93 3.96362315866168
94 4.506203065132762
95 3.4552855609808293
96 3.6385840532072247
97 3.7151655152057113
98 3.8649448597538467
99 3.7521036926049387
100 4.045793639125231
101 5.5384032141486115
102 3.7621937020112144
103 4.341471528153614
104 2.7003651277056098
105 3.732706074068658
106 3.3035760490247386
107 3.400497001922039
108 3.1557525795505774
109 4.274234527312843
110 3.993002297214898
111 3.3879809624668105
112 3.983104936868782
113 3.6887025798108106
114 4.006539353175551
115 3.3384415805289525
116 3.6905851683901534
117 3.4950349582098585
118 3.9775227200984657
119 3.8123745584593216
120 3.5395575167460134
121 3.706627639521738
122 4.061051824364835
123 6.354156723932008
124 3.916608876135401
125 3.7581502926561146
126 3.8072232686463146
127 3.72697156167522
128 3.9809251754353485
129 3.6760576522324566
130 5.624628654073667
131 3.7517043616922203
132 3.886292861016839
133 3.6747280144381675
134 3.9496587410470196
135 3.368040928443656
136 3.7044211121571315
137 3.478467360416824
138 4.5391401881253195
139 3.6172914144970365
140 3.76877443392533
141 7.172303998587142
142 12.763284547246906
143 12.613955336151015
144 9.447278269448097
145 13.556129820860269
146 11.08139727072166
147 11.25853699842473
148 11.186893003598456
149 12.038723500861625
150 13.566165696967545
151 10.780189817644564
152 10.89146741287702
153 12.144372850312196
154 12.802717247386974
155 8.573156765974018
156 6.631375199601295
157 7.428269562386058
158 7.1059150447165536
159 3.7560636206935865
160 3.62566746120466
161 4.039613798568441
162 3.5720616971400525
163 7.048536740301126
164 7.337030598111302
165 8.209504626714464
166 3.6569144781105054
167 4.1572184440239885
168 3.677349268501705
169 3.8489931414008876
170 3.855671765693916
171 4.150628234343512
172 3.7244038016365937
173 3.7523931612470283
174 3.8773903715084237
175 3.536365046135909
176 4.0660593224407595
177 3.5183343418516815
178 3.8091013941761287
179 3.5390842207005755
180 3.6645738855442005
181 3.7526432138753263
182 3.628866029972883
183 3.4817293027144562
184 3.7488127352050067
185 3.8240354864254917
186 3.757159251226317
187 5.434641339922912
188 3.6681600393323093
189 3.785813857539092
190 3.6896580651086457
191 3.8591326273237363
192 3.927787148590173
193 4.111843790370361
194 3.5026280588491505
195 3.8557854734027144
196 3.747148661273244
197 3.6974147482885273
198 3.8736033821604354
199 3.841013867735269
200 3.954138683376252
201 3.950430419697313
202 3.4157467880729184
203 2.932248397677054
204 3.827666695402646
205 3.5244635143090615
206 3.934749464911581
207 3.8843793988162245
208 3.8954863378552718
209 3.5408472648127645
210 2.907979055585488
211 3.6208742619175656
212 5.212779858690591
213 3.4590819014816745
214 4.035954845429087
215 3.9034482727961115
216 3.512519373308514
217 7.064775009085321
218 3.3267154025893673
219 4.558708641043278
220 3.868910632969846
221 3.249383771002039
222 3.4099746236329125
223 3.8881100259518933
224 3.7808079781891806
225 3.8577070453565465
226 3.473859871144785
227 3.888896004734349
228 3.8309619690699086
229 3.605859256977596
230 3.2945500478926757
231 3.985437597409153
232 3.6094133912617217
233 5.028549701049463
234 3.58541240824968
235 3.7429317313061974
236 3.022484137111045
237 3.7139928143898016
238 3.535654584829877
239 3.954851078742355
240 3.7670551690676133
241 4.251535738285046
242 3.8108741936449633
243 3.7719715176341455
244 3.8530500564202357
245 3.4553306632590903
246 3.967055114580536
247 4.097475609559346
248 3.8550167252629484
249 7.351977192597954
250 3.642767636548638
251 7.90149752870543
252 4.074040875305981
253 3.116214921438907
254 6.612148178525942
255 7.8561501035280275
256 6.098999467145495
257 9.544970391067492
258 9.649386056647577
259 7.678589949595955
260 7.2133620958721405
261 6.971796645302443
262 8.404637748774924
263 5.935867898284728
264 7.275382667164335
265 6.064951788644336
266 10.773398291900515
267 7.238154510405943
268 10.381527668363013
269 6.913140008130711
270 3.7878664727664697
271 4.2137642294728614
272 4.973890151660862
273 3.8792542134091472
274 3.5654993059219855
275 3.6594896487702617
276 4.568449564137708
277 6.274967550613215
278 10.534038375829516
279 9.903783133709625
280 10.435600926361776
281 11.742786542157958
282 8.718862111725505
283 8.905701041711607
284 7.327764340422246
285 10.636063389310658
286 11.167299223182248
287 10.022506749663698
288 12.695988568733695
289 9.312446366908334
290 9.858795542322568
291 8.904188040075068
292 6.545998392083374
293 4.83979169935868
294 3.8760772075930325
295 8.591151408580943
296 8.515393909808674
297 6.249426643148632
298 4.498811800101259
299 5.520989897758235
300 3.5360332687913747
301 3.429634639914736
302 3.8898132766456324
303 3.2565409319681318
304 4.292759338269721
305 6.257729835348765
306 6.353510066813898
307 4.275175584517945
308 4.07529556240431
309 7.645393861183222
310 3.7584777382832772
311 8.601502685254586
312 3.863353306817852
313 4.221110384969291
314 5.995138748529744
315 5.452867289880906
316 4.054333087501207
317 7.254786058029271
318 6.816592278006162
319 8.951300117211568
320 8.437009154157826
321 5.273378742093807
322 3.849616344377242
323 5.465184827761991
324 6.460207275187863
325 9.112963238623095
326 3.9054888049796594
327 3.9615191108898125
328 4.87170489473531
329 3.7249231058347445
330 3.843752924165939
331 3.7621502468140884
332 4.0770216247082125
333 3.84767211797918
334 3.3099406044421587
335 4.531669118961813
336 4.16371404306329
337 3.8513425165145803
338 4.036791604352943
339 4.196416494519193
340 4.279043284718906
341 3.850441527557337
342 3.701057774940292
343 3.6851803311577274
344 4.109416957859601
345 4.100001917374496
346 3.9050104003722796
347 4.223421988958127
348 3.863949836724846
349 3.7171511059726416
350 4.12138488649459
351 3.7148117695285645
352 6.46305305955575
353 6.270546154626859
354 5.883024339345111
355 6.8570107026461775
356 4.073166762346408
357 3.7283958533417887
358 5.698705831856707
359 5.240885458993639
360 3.968250524871803
361 4.1963136266994745
362 4.71109732464196
363 6.275219321499378
364 7.607918940054547
365 9.316853800436117
366 7.929552279566031
367 5.420866308110538
368 4.0340296542932075
369 3.840526301857293
370 3.725757503682406
371 5.685660887555063
372 3.9163554145159125
373 3.981668966834381
374 3.728335002804778
375 3.690245405722847
376 3.997991889667764
377 5.513079398336581
378 3.748830923898686
379 8.249565482966657
380 7.685770242371377
381 3.8530774996398254
382 3.752503755489501
383 3.789446381397833
384 6.707331185805134
385 3.8817143264488063
386 3.885951007515159
387 3.6436215173239583
388 3.8026365141744316
389 5.217648269092435
390 3.7483698331823962
391 6.982613808618353
392 5.391184366174168
393 5.225382555824757
394 4.024090254560489
395 5.005745354657981
396 4.08712748395916
397 3.4600431583130544
398 4.400607927029436
399 3.812029932800656
400 3.8033364546605086
401 3.7480734431890332
402 3.9374541699351875
403 3.645339940620211
404 3.815402490616872
405 3.81824257428515
406 3.3377967410700555
407 3.2899385973085664
408 6.90282773071278
409 3.992912795479469
410 4.179017952267949
411 3.893920512502796
412 10.168592879245343
413 9.634735649762774
414 11.229352176898617
415 9.302302590144759
416 9.526897035959168
417 8.788109374149295
418 8.147302802541901
419 9.281191150452948
420 3.4992700616792365
421 3.9484686131354376
422 3.6789210256399554
423 3.732869254242583
424 11.165623315211151
425 11.425018402473459
426 10.903059722128424
427 10.044448425570646
428 9.69977257979584
429 12.94770763047844
430 10.753853103840333
431 8.628877770735182
432 8.845348451722733
433 11.059927904176872
434 9.297705238480926
435 9.675489922127786
436 8.323428881181396
437 11.25613061752124
438 11.579894694089662
439 7.47414640811803
440 12.167809714344463
441 6.739531878263473
442 10.191859236004213
443 11.144808758438257
444 8.874198714599244
445 9.337053284592864
446 13.152624454212411
447 7.442279257718287
448 9.55584077331689
449 7.982346750485132
450 10.521262421099008
451 11.435868695965699
452 9.612110477712717
453 10.232853268969427
454 10.650875090654205
455 9.486785795485837
456 12.047395958204316
457 6.711930212910423
458 7.597653319587755
459 7.063219249120101
460 7.583261742009149
461 11.728410683122842
462 12.714486846810523
463 13.022914121537266
464 10.612960087362332
465 10.124569000810249
466 8.513192063135554
467 10.756696849412473
468 10.421070980251645
469 9.720291147163824
470 10.653250199739906
471 13.249429805251559
472 11.873188704820276
473 8.797062726948479
474 11.908524970623533
475 9.113279093298225
476 8.655143878631229
477 10.047236789884352
478 10.659976608312213
479 9.020564363561583
480 9.963686681933625
481 9.423812836492651
482 13.319348845914536
483 9.528016439210237
484 11.116910417817785
485 11.970568782395919
486 14.49462544184141
487 10.604560288096973
488 9.210425195831572
489 9.431021574274485
490 8.508774760101357
491 12.02421915333348
492 11.305163557161054
493 12.933141149685213
494 10.00136655067798
495 10.736400081659394
496 11.588840327392123
497 12.216776423414464
498 8.18427034626922
499 13.087000228745918
