0 7.9482988976722195
1 9.117436606410568
2 5.380168345040066
3 7.449735448552397
4 8.243298379919715
5 5.2028477241137345
6 6.86064707834105
7 8.236163831255974
8 6.447338009411675
9 8.352994814458865
10 9.48472071799453
11 8.606118204354612
12 9.083999240590082
13 7.761083647955775
14 9.887862088205972
15 9.150914048854826
16 8.33388286779651
17 8.2574703036593
18 7.867253619127543
19 7.778184955735122
20 9.220512967122858
21 8.92996064235521
22 8.679863278593299
23 7.886091783227684
24 9.098043681848047
25 7.328203859623788
26 9.417825944960969
27 6.607220421796025
28 9.01683262529561
29 8.921547417151537
30 7.650571540576862
31 8.576900583426031
32 9.274981802174503
33 8.301133666660704
34 8.6087079432334
35 7.9324333132004465
36 5.427823614709773
37 6.982728776793345
38 5.30627538004206
39 8.308706110854642
40 8.671254579786313
41 6.893236528843429
42 8.078827497007152
43 7.190488482002991
44 7.079157558556857
45 8.291187211977109
46 6.19416772567253
47 6.054681469343337
48 5.211136053833337
49 8.801358238796656
50 6.686140754014622
51 8.85541935463163
52 9.628559676854552
53 8.296415144014043
54 10.113148968324504
55 9.89239238674314
56 7.00423489578628
57 11.424351832852008
58 8.058716452620086
59 5.524312938543488
60 7.155842791804738
61 6.858059971901778
62 8.042071325268623
63 7.502134346762555
64 7.587981347706411
65 9.532144140475562
66 8.133202867008283
67 5.194849587595757
68 7.890360450789658
69 6.95455346922866
70 8.381908919957542
71 8.990806868711237
72 8.255157864434205
73 8.283527225180704
74 7.366305504696588
75 7.86046450260908
76 7.08019560302486
77 7.471289883473155
78 6.599502299884317
79 7.29718392864425
80 6.37200271913985
81 7.562268443637391
82 8.4259547796238
83 8.13022412121281
84 9.079386717838512
85 7.113335866208805
86 6.7340078000426296
87 9.25420500060642
88 6.48969107846852
89 8.366873733046491
90 7.46772213957646
91 8.3745010468197
92 9.623184602769468
93 8.944600777923803
94 7.74327080035941
95 9.342399568960836
96 8.64356754603176
97 9.590134590996268
98 8.435963965879386
99 9.428039123789619
100 9.66970817548257
101 9.488718479383548
102 7.76357279244951
103 8.297222271709913
104 10.52403626457476
105 8.757827164602537
106 9.774295975655246
107 8.353768371018893
108 10.108228501804998
109 7.206582419567636
110 9.037326207364304
111 8.437354620924358
112 8.261369413336423
113 7.915124226380509
114 8.760649863568434
115 8.194378336245869
116 8.094260136108645
117 8.190268006092467
118 8.723403105480315
119 7.530612921487503
120 9.174451507880384
121 9.1964289216376
122 8.244728403296863
123 8.856997584886862
124 8.256298821859122
125 7.244963625055366
126 9.99565041516706
127 7.231450823084874
128 10.215346377899879
129 9.314453244072661
130 8.725629681164417
131 8.693092486964124
132 9.555347754110096
133 8.677992593482553
134 8.6079870320472
135 9.459817780998916
136 7.908055538094874
137 9.136208515239975
138 8.067346218983356
139 9.212194074613445
140 8.765761645644957
141 6.904214896946264
142 5.556599080768979
143 6.3410298179283116
144 6.2204497719895455
145 7.296643501814952
146 6.863999206805242
147 6.603842783171958
148 8.042420868570344
149 9.530955735048492
150 6.743058590676462
151 8.037532089089396
152 8.07187113932982
153 3.8482337716394563
154 7.724436716579919
155 6.801351822759343
156 7.208551828574733
157 7.060248518202108
158 8.044324647956097
159 7.452750849092884
160 8.15331798112052
161 7.559799189421257
162 8.268536068137394
163 8.963579847202121
164 6.921667878589977
165 6.635376750839259
166 9.36074323508762
167 7.157836522495614
168 7.547388479872992
169 6.597227101048584
170 8.620791813765738
171 6.582878089775284
172 6.214472789507823
173 7.752888736687177
174 5.407504383238469
175 8.599296077549507
176 6.728616437165771
177 7.120769074065742
178 6.429200340814954
179 8.356682307137866
180 8.401035114970993
181 6.942259898400582
182 7.91224350114944
183 7.072600678271373
184 6.380039019058789
185 7.432577950581514
186 6.245299480392331
187 7.672432622978832
188 5.522014260351376
189 7.229795226369566
190 6.128866614404808
191 8.268056977859835
192 6.794756335247095
193 7.665909971185263
194 7.351650730540709
195 6.643373831802906
196 3.0188353790555635
197 3.2341543924012734
198 3.0928258615270803
199 2.8243096765408895
200 4.595205032723027
201 3.3143814454744165
202 5.014544422983065
203 2.915573270479278
204 3.392081696886702
205 5.1713171921246746
206 3.7927303459830806
207 4.429229983444405
208 3.866188404088942
209 5.327850721607537
210 2.94467539380645
211 2.9416213165637672
212 2.784082097368167
213 3.35147202114747
214 5.229296894287616
215 2.904756571248068
216 3.9161848566651587
217 3.016968709068394
218 3.754949945760835
219 3.4545378638266184
220 5.291276014097617
221 3.983542708116651
222 3.577539488042839
223 2.787986620943514
224 3.7529541152532895
225 4.453424962933892
226 4.146570506272115
227 3.712211414384584
228 3.40940253096815
229 3.702664346268958
230 3.2588252002366738
231 2.805483251789887
232 3.1028271199902897
233 3.1507119557089234
234 3.928037253175009
235 2.9806413593077723
236 3.2084267605163572
237 3.8056517702276604
238 3.510407730601433
239 4.061430495263261
240 5.061967871194953
241 5.300379533766062
242 3.308474150144047
243 3.43762164753687
244 4.760373751904006
245 2.765728623176647
246 3.270637819189181
247 5.749494217136326
248 3.4858621586712246
249 2.7754432563102003
250 2.9329954343154347
251 3.322495801473833
252 5.6527365091507376
253 3.0058762386641864
254 3.3708246770027075
255 4.978619595654213
256 4.906899612132595
257 3.5537675984320614
258 3.2446883037135343
259 3.2654891861430078
260 4.928996585228337
261 2.8994849857120113
262 2.7145000253039147
263 3.25859550702659
264 4.3908796743912415
265 4.459029976749385
266 2.7101181218442054
267 3.4992622283151844
268 6.845264206490759
269 3.3176392063288187
270 2.818118369378359
271 3.194401140306518
272 3.2768560909141167
273 2.8986471680484303
274 3.4046284604033215
275 2.8466948153369014
276 2.8152621557402133
277 5.202978052901334
278 3.5304014725280517
279 2.8832604689114616
280 3.353499660763246
281 4.387302658942776
282 5.500548193528547
283 3.4004979762018563
284 2.804637231932647
285 2.9354286366974303
286 2.8981807872781378
287 3.4974579342879246
288 3.8340242847172057
289 4.135590410509844
290 2.7572505525123265
291 2.7766608928864267
292 2.7225855119579245
293 5.043638460747738
294 6.078914840066052
295 3.0853182976822056
296 3.256626228232494
297 5.873457877124268
298 2.8830986842071336
299 2.7986614277681645
300 2.6942895170275047
301 4.179989958789191
302 3.4533070856191386
303 2.802858773865848
304 6.617339125625124
305 5.13472112782458
306 7.518288062281012
307 6.434463745505673
308 4.887753401449978
309 6.306797048762732
310 7.641475107565175
311 6.668834956111623
312 5.410657543732875
313 5.302583168834385
314 3.603404366450261
315 6.743127303466207
316 5.992435558905512
317 6.782351667453863
318 3.362120422704546
319 2.9649202099355194
320 6.6234899974499175
321 6.66926487660924
322 5.594821508415227
323 6.141183981702015
324 5.5658443213933975
325 5.04253558239359
326 3.0213215295067246
327 3.2419764534145328
328 3.746702523272136
329 3.311389000735985
330 2.838427010385141
331 4.317988142056243
332 4.2861694743453835
333 3.313125700128846
334 3.6948326437176737
335 4.317577878610362
336 4.405413849112253
337 3.51651653676603
338 2.7887388325685363
339 2.8432412327932037
340 3.356736846519158
341 3.6549769030155725
342 2.542254072875092
343 3.2325140538594135
344 4.846862288788345
345 2.913832916991124
346 3.125718944874101
347 3.568502203633998
348 3.9729480515359956
349 3.456050647117281
350 3.5973765656865493
351 3.999985856262958
352 3.3651970569217355
353 4.5138188439294815
354 4.803482001739852
355 4.96385367461055
356 3.6374539087313487
357 4.9720115090190635
358 2.9278922496868267
359 6.193859289946496
360 5.535973609548236
361 3.9548706598350267
362 2.99358941003708
363 3.2786686351469845
364 2.744673453696475
365 3.1106392759572423
366 3.0302599981184546
367 5.095922155371844
368 3.327296834961322
369 5.194951070908172
370 5.17691455994014
371 3.4787683198074695
372 2.758799702462928
373 3.3729384051806184
374 5.123329969363247
375 3.188730438899819
376 3.3867154604881833
377 3.261065684269144
378 4.630029553563367
379 3.408826552897511
380 3.887146157405603
381 5.428888706569864
382 2.917863375980027
383 3.6107066878507865
384 2.9649647146399523
385 3.241762703222605
386 2.575530165976859
387 6.5536907253839365
388 6.923015124265086
389 6.07014226626983
390 5.7560847101427095
391 5.293085416313305
392 7.535560931889851
393 7.7445733043036915
394 5.817010900747252
395 5.858258191947059
396 6.326407333694507
397 5.593783127449051
398 6.143903690587276
399 6.026433863947086
400 7.641188774501657
401 2.8935230175968574
402 5.781718923968272
403 5.950790870626484
404 5.588087844737406
405 6.986663431775267
406 7.6038500764494135
407 7.369355426467231
408 5.9893662739708295
409 6.3193864722469035
410 6.906905755783439
411 5.230543533912008
412 8.847939116619237
413 7.487844394546994
414 9.404218777321681
415 7.768011777264997
416 7.728246409342394
417 9.11784473322806
418 8.263129642411826
419 9.361901134939648
420 7.775689152208947
421 8.586494773518652
422 8.05429171468235
423 6.275677569574779
424 3.9669348376399616
425 4.771439611859492
426 8.67642658408069
427 8.788041793741012
428 8.710960841213115
429 8.844879726865981
430 3.607597543314808
431 7.207812741966512
432 5.784550421403811
433 3.8208993781093588
434 6.53554463991591
435 6.0575722918784285
436 6.556824299285793
437 7.1115254597718245
438 4.2693148204450795
439 5.998504864063353
440 7.74908620278054
441 6.342423934265379
442 8.26417936401529
443 8.022056506055758
444 7.106473318716068
445 8.149895493904308
446 5.850429994722471
447 6.809025011092048
448 6.355916189643771
449 3.899779996562091
450 8.357526451481615
451 8.541941743407337
452 6.880931839207745
453 9.034582143345254
454 8.917121471788551
455 8.446303620394067
456 5.228520215237736
457 8.542903494227414
458 9.472489770456804
459 7.69869740937339
460 6.097180521547969
461 8.633791601855954
462 6.617012372206481
463 7.385946685773194
464 8.200809897398466
465 5.3567118066775326
466 5.725147973126113
467 6.235339009848142
468 8.030416545476756
469 7.289881604611292
470 6.808255957847702
471 5.402561754523889
472 8.08388350024457
473 7.572666103677475
474 5.553697124599918
475 5.765824778954625
476 6.861649641164713
477 7.482419431122271
478 5.916083206786493
479 7.6281374982254935
480 8.117434225387246
481 3.934907983926053
482 3.8835424484726717
483 6.138289353771505
484 7.218568232526824
485 4.505270889749911
486 4.0186591236522
487 7.640801400980703
488 4.108427112477385
489 6.137795508532008
490 6.837116416318323
491 5.929069720918164
492 6.510034232096483
493 8.163962949133587
494 6.7708917569361144
495 7.306468665728998
496 6.226840825048003
497 6.4099109041218805
498 7.344203107447895
499 6.238532808127227
