0 10.125132692469991
1 9.481347772638788
2 9.294387818787476
3 11.354565889960552
4 8.786819133185215
5 8.553721392210285
6 8.141020703147044
7 9.135315860970938
8 8.980266311158744
9 6.960207906035107
10 8.213891682747334
11 8.844022433867508
12 8.216459955277221
13 7.789399999355891
14 6.5437811804230845
15 7.535712876903146
16 8.518116434993749
17 8.957623505902363
18 7.984649294580917
19 7.230953239478784
20 7.535798028132693
21 5.926243593319447
22 6.720867033847656
23 8.317252451439854
24 8.542609264345552
25 8.326998729949793
26 7.425168512849729
27 8.591217750273223
28 8.908426685155561
29 7.258271939567971
30 6.592779227272152
31 8.698267565089699
32 6.388229881576291
33 9.260298304545865
34 6.128244116606105
35 7.249541759188576
36 8.407599815829263
37 6.356376244797181
38 6.860019836720021
39 8.404656489565248
40 8.08921716614858
41 7.234260844673871
42 6.2838254320213425
43 8.506922458792685
44 7.656366080010129
45 7.342112077216345
46 8.299162350359515
47 8.4893461150036
48 9.097851478805739
49 8.887004893924667
50 7.931991103560292
51 8.359400885963858
52 7.772682773462974
53 7.187238356841296
54 8.762376036356622
55 7.342798824061035
56 6.809450596594991
57 12.894081575685595
58 11.15267735940329
59 10.330489542303782
60 12.745183510309086
61 12.983961293249308
62 11.00444722319643
63 11.560831633750414
64 12.346970574699808
65 11.00580389755527
66 11.319592183000301
67 8.574270110687893
68 7.026805653067932
69 7.054905002412503
70 7.642049763487834
71 7.7859082228992404
72 9.997469765619918
73 9.082072723327393
74 9.554231531364941
75 11.659140240444833
76 8.732740431809553
77 7.205067957598263
78 8.067748659449856
79 6.801271268752844
80 6.45135326893928
81 7.480328535992015
82 6.726830553494028
83 5.703769561021299
84 6.869585718810269
85 7.299557879608075
86 8.603552363007362
87 8.08440211366217
88 8.775811764844445
89 7.741801560696995
90 6.545003497440953
91 8.301516122398798
92 7.735257769572469
93 8.21104712967385
94 6.884309889723831
95 8.512123727762852
96 8.612208607149183
97 5.6613159075422
98 7.123428622945467
99 7.816709747799516
100 7.302084065800909
101 7.550036796881728
102 9.429054109983996
103 5.161823719426111
104 6.694833929424593
105 9.06412802888727
106 5.639876223223637
107 5.925351389256434
108 7.784105922563689
109 6.898190019130291
110 9.025993715556343
111 7.385965872715631
112 9.194131431514933
113 9.708333241285569
114 10.201024383814948
115 9.782475624471038
116 9.253602977804196
117 6.268946130532457
118 9.896759716923006
119 11.15413454299131
120 9.546325722939704
121 9.13632410050637
122 7.412477354332054
123 4.628722586665539
124 8.304011970542769
125 6.591291062194251
126 9.56697866790275
127 6.985323918323445
128 8.479204305401295
129 7.752676160453587
130 12.307139607854747
131 8.494629579417373
132 7.048018209030255
133 7.868614081617539
134 7.4653595036234
135 9.142221790141749
136 9.665964539954118
137 8.37791758230023
138 9.488319567804758
139 8.77737283932607
140 7.335217410086767
141 9.185412041217065
142 8.937551929783845
143 9.66042850936015
144 7.6367155601515915
145 10.538296830096227
146 8.759571297960486
147 8.674317703753278
148 9.340936475477704
149 8.5108348805098
150 8.248465616112604
151 9.422472096096731
152 9.088628180891046
153 8.052088973350502
154 8.80958529980049
155 8.24381140166801
156 9.160307650434458
157 10.458871951927463
158 9.26623023784941
159 11.479671578491557
160 9.279719972506234
161 9.34118851860479
162 7.429909488484151
163 9.596621116169905
164 7.805629023680762
165 9.231611058184171
166 8.15323262017639
167 8.419293342766936
168 7.085278239288871
169 8.757018763067846
170 6.747772408360409
171 7.351173719218937
172 6.6235943194575935
173 8.293106343802028
174 8.44115714226719
175 8.835686550905104
176 8.642669261059726
177 6.662188068026065
178 6.681288739452796
179 8.5511252062927
180 8.75390251543845
181 6.861743397855767
182 7.330359828449166
183 9.570210519803243
184 8.723220588986113
185 8.321114043746219
186 6.6171236527047474
187 10.413505786208619
188 7.121554641827539
189 6.5902939445188835
190 7.790635081758158
191 9.222285946697768
192 9.100529167882673
193 8.497112502101464
194 9.755006416089866
195 9.137309097803099
196 9.18540320906986
197 7.832612475733999
198 9.143465940896943
199 8.771724253674462
200 7.610960455746805
201 9.43433812654239
202 10.061208735767519
203 9.105441400564853
204 9.007465864753993
205 8.59006392136178
206 8.768698056370816
207 8.249627016505839
208 9.936833384863867
209 9.233034499693327
210 8.968304077551563
211 8.205912285108992
212 8.358811137368765
213 8.934640867979939
214 8.051672329505706
215 8.392492313709342
216 7.928582472868607
217 7.913275754731045
218 6.860469148200673
219 8.536638582186912
220 6.9277616030200795
221 7.040912576556867
222 7.811606096761447
223 8.37892937838287
224 8.38093592340722
225 7.266189015718332
226 6.9194343395319295
227 7.28780240568753
228 8.06237169172729
229 6.86822440723755
230 8.070679710623866
231 7.436599531336082
232 7.465667609332742
233 8.009236372774836
234 7.662912125227422
235 9.362797233008829
236 7.017751085768185
237 8.575753080607425
238 6.838275112286554
239 8.652981687304994
240 8.293028787173075
241 6.752165559167407
242 8.641261752800478
243 7.419985735987689
244 8.30913876049575
245 8.082770862935094
246 7.5837984970813475
247 8.162123783082553
248 7.99910253391497
249 8.47829008067566
250 6.586189416029076
251 5.338780312004727
252 8.877136249575665
253 8.967587955298223
254 7.686038617524642
255 7.8484276846565075
256 8.238180043556723
257 7.044077067792816
258 8.907256001641155
259 7.378856268200904
260 8.596703023235142
261 7.526669697345507
262 8.302582393845654
263 8.32541070773059
264 8.99349787591561
265 8.019311488433468
266 8.195345940801303
267 7.682882605357709
268 8.12304366152451
269 8.807237407535904
270 6.821740806731019
271 9.291242500796617
272 8.912290907763916
273 9.21819384408169
274 8.69789228394574
275 7.407232382281095
276 8.62444910803873
277 9.548914859363823
278 10.049978374407099
279 7.503677730023746
280 8.187909102109998
281 6.306107495880171
282 7.775829815509146
283 7.640079185811606
284 6.925275301114907
285 8.066429130917248
286 6.865501612010372
287 7.355113059271058
288 7.992566941276153
289 8.52888492610559
290 7.591631578821504
291 8.166793951793196
292 6.294996931982966
293 7.112871759046568
294 7.8039829365277615
295 8.987883698473954
296 8.599165246121538
297 8.129057107933209
298 8.738264119534085
299 7.39844305440048
300 8.191274171261473
301 8.632768311508649
302 6.847798938780793
303 8.945866171712039
304 8.682359008637508
305 8.953591193839452
306 8.919303149688963
307 9.554798047369589
308 9.489298502602468
309 8.773373891722652
310 9.755485969299357
311 9.392909843198744
312 6.739974674384697
313 7.851947334104387
314 8.37462796246316
315 8.385307443902208
316 7.511973802189878
317 9.111481498660055
318 9.775997534038591
319 7.64211213898503
320 8.823120678555272
321 8.859607504768082
322 6.801835783418628
323 8.269377665525854
324 8.416569031819797
325 8.025955504227486
326 7.875119551306176
327 8.134038507953123
328 7.264510363201954
329 9.517917030621025
330 8.076344357557312
331 8.37106640367111
332 8.014070610285698
333 8.045916733538013
334 8.817640314123446
335 9.098036729964505
336 8.458304720407316
337 8.510765490222258
338 8.585216493791238
339 7.553297142477195
340 9.230290810729302
341 7.773056152475837
342 7.88510895384979
343 9.098493174083503
344 8.276124873988834
345 9.412435520969765
346 9.224468172490413
347 7.120694437400383
348 7.07352142473358
349 7.795718236762819
350 8.055882467634488
351 7.657199963903777
352 8.25738381674984
353 7.292668704431862
354 7.600834110903729
355 8.251741192756567
356 6.581193006535172
357 7.194246421727124
358 8.54329748790171
359 6.577655190808425
360 6.513469341757717
361 8.467522601131456
362 7.036761651449868
363 7.4834197747394535
364 5.031053770538293
365 7.651790468026847
366 6.9250502560254406
367 6.385063583083822
368 6.751921342697669
369 6.0030164201892156
370 8.718046540752214
371 6.989555583374214
372 6.928821524331802
373 9.494732099539352
374 8.578598184571787
375 8.030573300918576
376 6.529655321504179
377 7.0720662712271976
378 7.698191241000373
379 8.290228706082994
380 6.825575784091788
381 6.774798756881896
382 7.98138639043917
383 7.723841260225589
384 6.767863532132854
385 7.669645916686669
386 7.117300066028938
387 9.971024125735
388 6.8945400954631735
389 8.94151447776274
390 7.706089416717501
391 7.7494680878875695
392 7.40188951067385
393 7.926651527412164
394 7.137905433480365
395 7.503191267366036
396 8.370870312120521
397 6.942592442210754
398 8.898537876886772
399 5.97880080705607
400 5.184857478199029
401 8.250636991260189
402 7.893268238011348
403 9.014425764136165
404 8.460166198967581
405 8.121157898162215
406 10.209429972842473
407 10.451121784471198
408 10.415008933491372
409 10.813852339443999
410 8.383231489049685
411 7.25749986118584
412 7.661056522135663
413 6.791690061047744
414 9.892407502928704
415 7.334667098731937
416 6.842266240367785
417 7.4493597882422735
418 7.750428735375462
419 9.119858436418484
420 7.7566139948912385
421 7.974729918976595
422 7.9844631112198705
423 7.733936570535468
424 6.521820968639683
425 7.286273718478229
426 6.863729683513603
427 8.09163215881556
428 7.623705381724887
429 7.596637920557249
430 7.285837213420208
431 8.055681865901446
432 6.8906288270376095
433 7.458335031161263
434 7.866482427642469
435 6.976702804736107
436 8.200150487917584
437 5.959157272528442
438 7.676845521155017
439 7.361813363171665
440 6.089659428618443
441 6.626875774612767
442 7.080263232258603
443 8.357555903207166
444 7.841612578453117
445 7.372989666297571
446 8.742021311820425
447 8.687132183914713
448 6.861143452210314
449 7.172586152933512
450 8.01655087989278
451 7.791677492932816
452 7.656079007716509
453 7.207415891575531
454 7.73683661431755
455 7.547260749895295
456 8.597610371304727
457 7.325753562270043
458 8.3248047199863
459 6.803679763065673
460 9.751617516974047
461 9.64064614357456
462 9.566072546769158
463 9.410393979873554
464 10.622635917448283
465 8.37136575814865
466 7.345685451674369
467 8.722077856566099
468 7.589694751394131
469 8.703640637006517
470 8.06663023527932
471 7.706966266785275
472 7.680494581062037
473 8.471012111272646
474 8.996010159404852
475 7.464759673048662
476 8.426541727507454
477 7.814806771494004
478 8.391815606049233
479 8.64370742870227
480 7.7762196697784916
481 7.455295823196121
482 9.333148276861078
483 8.164242755983334
484 7.628970573816645
485 9.446349192749462
486 7.757809074573288
487 10.770104615255429
488 7.229806694082909
489 7.285591390880542
490 7.094886956189683
491 6.70886680000147
492 7.439321550714309
493 8.455719809513422
494 7.756203440676819
495 6.253220736750648
496 6.540202016402675
497 6.359689419092525
498 7.342913007448595
499 7.305937690933106
