0	0.0
1	0.7090575098991394
2	0.7551195025444031
3	0.8316532969474792
4	0.9286417365074158
5	0.8484265804290771
6	0.7355148196220398
7	0.7657878398895264
8	0.8281087279319763
9	0.7148444056510925
10	0.907590389251709
11	0.6969348192214966
12	0.8782573342323303
13	0.8347370028495789
14	0.8967430591583252
15	0.8740683197975159
16	0.9535412192344666
17	0.8029480576515198
18	0.8643285036087036
19	0.8372921347618103
20	0.7651210427284241
21	0.9505283236503601
22	0.8293877243995667
23	0.79672771692276
24	0.817138671875
25	0.7524064183235168
26	0.9387091398239136
27	0.8478296399116516
28	0.7715041041374207
29	0.7271381616592407
30	0.8263819217681885
31	0.8303824067115784
32	1.078614592552185
33	0.8046655058860779
34	0.8669490814208984
35	0.8099091649055481
36	0.827873170375824
37	0.9383363127708435
38	0.8865141272544861
39	0.7907930016517639
40	0.8801923990249634
41	0.7982057332992554
42	0.8202320337295532
43	0.8807733058929443
44	0.8082144856452942
45	0.9270991086959839
46	0.8259206414222717
47	0.756325364112854
48	0.8682737946510315
49	0.8474870324134827
50	0.8317678570747375
51	0.6801698803901672
52	0.8273447751998901
53	1.0145609378814697
54	0.8160969018936157
55	0.8158999681472778
56	0.7539463639259338
57	0.8177586197853088
58	0.8687765598297119
59	0.7711467742919922
60	0.743481457233429
61	0.903278648853302
62	0.8045400381088257
63	0.93936687707901
64	0.829688549041748
65	0.8558158278465271
66	0.8213191628456116
67	0.8507243394851685
68	0.8367306590080261
69	0.7855685353279114
70	0.7101721167564392
71	0.8303127288818359
72	0.8558253049850464
73	0.7429631352424622
74	0.8043878078460693
75	0.9612299203872681
76	0.9387226104736328
77	0.9235163927078247
78	0.7533013224601746
79	0.7861418724060059
80	0.6651347279548645
81	0.803418755531311
82	0.9418538212776184
83	0.8490538597106934
84	0.7861520051956177
85	0.8928732872009277
86	1.1061336994171143
87	0.8217712640762329
88	0.7478729486465454
89	0.8426131010055542
90	0.8276246786117554
91	0.7364093661308289
92	0.8841838240623474
93	0.9025779962539673
94	0.6451679468154907
95	0.8442028164863586
96	0.9007158875465393
97	0.7440829277038574
98	0.7889723777770996
99	0.818290114402771
100	0.8824779391288757
101	0.6912763714790344
102	0.720397412776947
103	0.8005813956260681
104	0.8092849850654602
105	0.8970596790313721
106	0.8388546109199524
107	0.864128589630127
108	0.9047512412071228
109	0.8878198862075806
110	0.7967364192008972
111	0.8638271689414978
112	0.8552136421203613
113	0.8090260624885559
114	0.7472178339958191
115	0.9329487085342407
116	0.8854848742485046
117	0.8926653265953064
118	0.8540580868721008
119	0.8742855191230774
120	0.8492515683174133
121	0.9420965313911438
122	0.7920486927032471
123	0.9334479570388794
124	0.8579636812210083
125	0.8880124688148499
126	0.8005523085594177
127	0.8145995140075684
128	0.8933086395263672
129	0.7610094547271729
130	0.8645322322845459
131	0.8565419316291809
132	0.8296840190887451
133	0.9648503065109253
134	0.7396646738052368
135	0.8213074803352356
136	0.6588143110275269
137	0.8061192035675049
138	0.9106007814407349
139	0.8468134999275208
140	0.86506587266922
141	0.7934118509292603
142	0.8919170498847961
143	1.1205360889434814
144	0.862910270690918
145	1.008376955986023
146	0.8560451865196228
147	0.8218333125114441
148	0.8072450160980225
149	0.7302338480949402
150	0.7946949005126953
151	0.8637399673461914
152	0.7634612917900085
153	0.8204646110534668
154	0.8391725420951843
155	0.792158305644989
156	0.9509992599487305
157	0.8443168997764587
158	0.8408417701721191
159	0.8465657830238342
160	0.8913207650184631
161	0.7592673897743225
162	0.8273415565490723
163	0.6901034116744995
164	0.8754948973655701
165	0.9059650897979736
166	0.8373775482177734
167	0.8161129355430603
168	0.9651705026626587
169	0.9446198344230652
170	0.7651538252830505
171	0.7127411961555481
172	0.7773934602737427
173	0.7500134110450745
174	0.8209285736083984
175	0.9008858799934387
176	0.8518723845481873
177	1.063296914100647
178	0.7974528670310974
179	0.9424498081207275
180	0.8762343525886536
181	0.8522861003875732
182	0.9064726233482361
183	0.9269046187400818
184	0.6746969223022461
185	0.8885639905929565
186	0.9194663763046265
187	0.8074281215667725
188	0.9273205399513245
189	0.9532204270362854
190	0.7422436475753784
191	0.9545482397079468
192	0.8697289228439331
193	0.8753006458282471
194	0.8147371411323547
195	0.8583133816719055
196	0.8615996241569519
197	0.9318536520004272
198	0.7362112402915955
199	0.9801491498947144
200	0.7738355994224548
201	0.9339978694915771
202	0.8214554190635681
203	0.8875787854194641
204	0.7977463603019714
205	0.9070888161659241
206	0.9565848112106323
207	0.7473483681678772
208	0.7122175693511963
209	0.6347546577453613
210	0.9154374599456787
211	0.9593406915664673
212	0.8089777231216431
213	0.8082835078239441
214	0.8825250267982483
215	0.8578193783760071
216	0.7752271294593811
217	0.8587861657142639
218	1.1610541343688965
219	1.0005851984024048
220	0.7951465845108032
221	0.7822307348251343
222	0.9308260679244995
223	0.9098835587501526
224	0.8379947543144226
225	0.7888479232788086
226	0.8482059240341187
227	0.7740544676780701
228	1.0146394968032837
229	0.8793879151344299
230	0.9518072605133057
231	0.8230758309364319
232	0.9171045422554016
233	0.8206889033317566
234	0.7551426887512207
235	0.9185506105422974
236	0.8634777665138245
237	0.8345116376876831
238	0.7317101359367371
239	0.6553192138671875
240	0.7844969630241394
241	0.9219123125076294
242	0.9526647925376892
243	0.9393923282623291
244	0.8222165107727051
245	0.82966548204422
246	0.8499506711959839
247	0.845259428024292
248	0.8835596442222595
249	0.8179208636283875
250	0.7630945444107056
251	0.7793800234794617
252	0.8545607328414917
253	0.8458625078201294
254	0.8725656270980835
255	0.8700010776519775
256	0.9196837544441223
257	0.8369886875152588
258	0.8775580525398254
259	0.8271223902702332
260	0.787095844745636
261	0.8076573610305786
262	0.9113906621932983
263	0.9017752408981323
264	0.9338821768760681
265	1.127055048942566
266	0.9197146892547607
267	0.8265208601951599
268	0.7868074774742126
269	0.8488068580627441
270	0.8699501752853394
271	0.8405209183692932
272	0.7556870579719543
273	0.8584551215171814
274	0.8852904438972473
275	0.7837825417518616
276	0.6809064149856567
277	0.7308781147003174
278	0.8140533566474915
279	0.7448517084121704
280	0.967867910861969
281	0.8783388137817383
282	0.8792093396186829
283	0.9332045912742615
284	0.7657827138900757
285	0.9028367400169373
286	0.7786979079246521
287	0.8672515749931335
288	0.8361954689025879
289	0.7949014902114868
290	0.7880601286888123
291	0.8443889021873474
292	0.8071750998497009
293	0.8471270799636841
294	0.852155327796936
295	0.8079951405525208
296	0.9736608266830444
297	0.7496414184570312
298	0.9309215545654297
299	0.7834956049919128
300	0.8696837425231934
301	0.7105392217636108
302	0.7704254388809204
303	0.7911628484725952
304	0.874626636505127
305	0.7882159948348999
306	0.9830400943756104
307	0.8042668700218201
308	0.755629301071167
309	0.8019296526908875
310	0.7579988837242126
311	0.892837405204773
312	0.8849031925201416
313	0.8289062976837158
314	0.8913381695747375
315	0.9570263028144836
316	0.8498631119728088
317	0.9195107817649841
318	0.8468208909034729
319	0.9587701559066772
320	0.8124476075172424
321	0.830136775970459
322	0.9302409887313843
323	0.7924778461456299
324	0.924811065196991
325	0.8308783173561096
326	0.8620688915252686
327	1.0029785633087158
328	0.7983216047286987
329	1.1776992082595825
330	0.7936097979545593
331	0.8941706418991089
332	0.7830970883369446
333	0.7947167158126831
334	0.8958075046539307
335	0.7254078388214111
336	0.9584442973136902
337	0.9234048128128052
338	0.8655012845993042
339	0.9008700847625732
340	0.8042823672294617
341	0.8569825887680054
342	0.8578031659126282
343	0.9427649974822998
344	0.8665618896484375
345	0.9137147665023804
346	0.9066646099090576
347	1.0330034494400024
348	0.7590070366859436
349	0.8466237783432007
350	0.849242627620697
351	0.906277060508728
352	0.9231629371643066
353	0.7859618067741394
354	0.8363877534866333
355	0.7499983906745911
356	0.8017566204071045
357	0.7752448320388794
358	0.9900268316268921
359	0.7223641872406006
360	0.8525844812393188
361	0.7766432762145996
362	0.9597355127334595
363	0.9394445419311523
364	0.8261805772781372
365	0.8352611064910889
366	0.9324610233306885
367	0.8524813652038574
368	0.7462935447692871
369	0.7765937447547913
370	0.8349312543869019
371	0.9158039689064026
372	0.7976762652397156
373	0.7280423045158386
374	0.9861563444137573
375	0.8130847811698914
376	0.8966245055198669
377	0.8798591494560242
378	0.7838433384895325
379	1.037410855293274
380	0.9400355219841003
381	0.9072067737579346
382	0.7163420915603638
383	0.9030925631523132
384	0.8119350671768188
385	0.8913838863372803
386	0.7681577205657959
387	0.8468814492225647
388	0.9084002375602722
389	1.0766797065734863
390	0.9101579785346985
391	0.8703964352607727
392	0.8827604055404663
393	0.8802250027656555
394	0.8538308143615723
395	0.943681538105011
396	0.8603357076644897
397	0.9394170641899109
398	0.9921808242797852
399	0.8698973059654236
400	0.8927736282348633
401	0.8620972633361816
402	0.8822459578514099
403	0.8177763223648071
404	0.8963544964790344
405	0.9114850759506226
406	0.8751505613327026
407	0.9238042831420898
408	0.8378047943115234
409	0.9459037780761719
410	1.0044749975204468
411	0.8992239832878113
412	0.9350607395172119
413	0.8478775024414062
414	0.8633871078491211
415	0.8532323241233826
416	1.048441767692566
417	0.9021876454353333
418	0.9108796715736389
419	0.9031007289886475
420	0.7373803853988647
421	0.981024980545044
422	0.8374064564704895
423	0.8131999373435974
424	0.8775224685668945
425	0.8867848515510559
426	0.8142353892326355
427	0.84738689661026
428	1.0631779432296753
429	0.8709912896156311
430	0.7077804803848267
431	0.9333928227424622
432	0.9752159714698792
433	0.9567031264305115
434	1.017418384552002
435	0.7842039465904236
436	0.9837921857833862
437	0.8357948660850525
438	0.8827031850814819
439	0.765748918056488
440	0.8266530632972717
441	1.0395985841751099
442	0.8541540503501892
443	0.94588702917099
444	0.9971258640289307
445	0.9559204578399658
446	0.9815316200256348
447	0.9466864466667175
448	0.9212878942489624
449	1.0748248100280762
450	1.0132452249526978
451	0.9472542405128479
452	1.0485368967056274
453	0.9659485220909119
454	0.8052058219909668
455	0.8401678204536438
456	0.7373631596565247
457	0.7912737727165222
458	0.8420801162719727
459	0.844622790813446
460	0.788873553276062
461	0.9241605997085571
462	0.7621330618858337
463	0.9094572067260742
464	0.7541416883468628
465	0.7175596356391907
466	1.0074124336242676
467	0.825499415397644
468	0.7618094682693481
469	0.8630967736244202
470	0.8087456822395325
471	0.8155495524406433
472	0.937504231929779
473	0.928855836391449
474	0.8593689203262329
475	1.0051202774047852
476	0.9974693655967712
477	0.811021089553833
478	0.8359332084655762
479	0.9643608927726746
480	0.7392641305923462
481	0.8304339051246643
482	0.8687123656272888
483	0.7871713638305664
484	0.8625423312187195
485	0.7563697099685669
486	0.8740862607955933
487	0.8819394707679749
488	0.9524102210998535
489	0.8881012201309204
490	0.8428599834442139
491	0.8656767010688782
492	0.9554796814918518
493	0.9427028298377991
494	0.9552064538002014
495	0.825458288192749
496	0.9229161739349365
497	0.8638685345649719
498	0.9234569072723389
499	0.8585158586502075
