0 3.5945318869012315
1 3.833185075369967
2 3.469056671048365
3 3.8594941259924824
4 3.489151919802118
5 3.4494903563310366
6 3.4870779229086684
7 3.41870164665155
8 4.305963786481859
9 4.413028332005532
10 3.434682942694924
11 3.5482092834211603
12 3.6672598279388136
13 3.959683096813953
14 3.6642161059509615
15 3.464524864293908
16 3.6486395397765543
17 3.6763446130333683
18 4.079301226756042
19 3.99678996561949
20 4.542478977229794
21 4.420241304029543
22 3.615730500145332
23 3.599753123021484
24 3.6473481703422626
25 3.510570652744677
26 3.552686358199138
27 3.44855876077493
28 3.532678876494723
29 3.8972078639179237
30 3.5920339422487175
31 3.667928727860398
32 3.538126157667316
33 3.719650397082771
34 3.433502429730566
35 3.863980368287849
36 3.5860688577398356
37 3.6844214852117205
38 3.540413166089883
39 3.7551006675344567
40 3.5205394250186015
41 3.9184137433428083
42 3.4655585410517866
43 3.5591121665734877
44 3.941384442841715
45 3.3449149715967788
46 3.621706800567778
47 3.4088038823341766
48 3.515316913410177
49 3.4346339835743454
50 3.50125483885383
51 3.562697065800698
52 3.700399538296412
53 3.8369689714450335
54 3.474397911479507
55 3.9599089783834085
56 4.461269993501667
57 3.477654928861966
58 3.5201209083682365
59 3.461601059798856
60 3.739577177239906
61 3.5823916262201436
62 3.3779158676809167
63 3.836110385252459
64 3.7379292295003985
65 3.5421256446610574
66 3.524302531464705
67 3.3649587813838955
68 3.6936582778590856
69 4.287585800466582
70 4.078133742454912
71 3.6250887374233924
72 4.069276930726403
73 3.5599812823334536
74 3.400002711550699
75 3.5531320827422603
76 3.4920481497401727
77 3.75903483386993
78 3.9700213678058898
79 3.476401216497009
80 4.115945792285033
81 3.5577468148831253
82 3.534662682634891
83 3.500889701400039
84 3.381186494163731
85 3.7985957563992043
86 3.4293798612763333
87 3.4154672747046035
88 3.9764636372285738
89 3.537818609748088
90 3.496687056796644
91 3.8627400774108125
92 3.5299355538489623
93 3.7229968850787687
94 3.4402787935005152
95 3.607069236771413
96 3.5787971791910556
97 3.7035767533676958
98 4.509818909231913
99 3.430520649543666
100 3.714367714731238
101 3.6596890098344135
102 3.3477743225005323
103 3.480357343035355
104 3.6139610462603584
105 3.5212738247419493
106 4.205506016342548
107 3.881583859370648
108 3.610285058778078
109 3.6881111773466806
110 3.517836681918227
111 3.7770824046383202
112 4.006670994067529
113 3.6755144326075806
114 3.78689351340283
115 3.5095713522759113
116 3.641718276954716
117 3.3837775898815483
118 3.5405167766255277
119 3.727759029005725
120 3.4712719921918826
121 3.9118469179378654
122 3.3039012246689157
123 3.587246177487364
124 3.6711495443755737
125 3.4294003779033124
126 4.013050262279901
127 3.7162986289748257
128 3.4921157904342004
129 3.475348776829537
130 4.465565850081423
131 3.6083556270618633
132 3.533668448579022
133 3.405544365041088
134 3.7360016786121264
135 3.933804107998953
136 3.5497412406397353
137 3.4958204561463346
138 3.8065397752705556
139 3.59968111270425
140 3.9900580589233154
141 3.8414230661221054
142 3.6769268175890026
143 3.7288390356632126
144 4.405970077312615
145 3.580616434886461
146 3.5250249974933276
147 3.4285105727273386
148 3.7834270177774116
149 3.465331299992287
150 3.4915874014342334
151 3.680592610179215
152 3.5388227022286403
153 3.6373460893948137
154 3.606174615728056
155 3.5729324982628925
156 3.4965613864506055
157 5.8275516570853965
158 3.659605335792975
159 3.65299932895397
160 3.431867268087707
161 3.428963631103948
162 3.513748568903801
163 3.499901238981777
164 3.64068847003163
165 3.5186404942414304
166 3.508516313458138
167 3.4976357508583322
168 4.215756248895391
169 3.531023108877218
170 4.278716881123255
171 3.663408408870576
172 3.73380858508608
173 3.40452240052863
174 3.7897757347205467
175 3.5718552721795245
176 3.5773202345602995
177 3.3524941332826654
178 3.447436114734209
179 3.6908327097977973
180 3.6930690128932455
181 3.3371568291934226
182 4.057294766077335
183 3.6841876449008835
184 3.940674293343476
185 3.5979165462655076
186 3.655362306262918
187 3.675828969592058
188 3.4691906754874084
189 3.630758349559559
190 3.5359201114893772
191 4.1487739302307025
192 3.5576898387245137
193 3.5682333177594416
194 3.737657167019733
195 3.449062219195581
196 3.4413398925571665
197 3.8723499132910923
198 3.7620329025978037
199 3.493275794584979
200 3.5703778248592357
201 3.7004473462239145
202 3.7648660694244276
203 3.6167273249150025
204 3.7184688413848574
205 3.638355302244077
206 4.001905243383724
207 3.6924492851739488
208 3.507658907710371
209 4.466075557311847
210 3.941610556359958
211 3.8423118748216836
212 3.889172442001807
213 3.8026756275353257
214 3.707943186024682
215 3.6265504645265656
216 3.508113157206602
217 4.358782385151297
218 3.79543785384142
219 3.851497107369406
220 3.591990508250053
221 3.6096680547641835
222 3.6157285693544363
223 4.224773468980888
224 3.578808196053632
225 4.449544957360271
226 3.444047716069126
227 3.788683642303411
228 3.5327476169906324
229 3.627540582166582
230 3.7079663039239783
231 3.623080632345997
232 3.456153642883359
233 3.8624681342562375
234 3.5972398029063295
235 3.555036174659458
236 3.633797982210112
237 3.747075963625197
238 4.033272201366924
239 3.8231794540853485
240 4.0072414902886155
241 3.5831232278648817
242 3.4794023163310617
243 4.335775189481534
244 3.6606632683569478
245 3.8906521319978578
246 4.058821479242644
247 3.5228004190643962
248 3.6427673977931905
249 3.9132952305957356
250 3.4656933912428434
251 3.4916333530755637
252 3.622553445860246
253 3.518138296804258
254 3.5184609696880043
255 3.7322348291241156
256 3.5632190749617276
257 3.5669403907979502
258 3.5041913309089967
259 3.436460690249976
260 4.245024655320942
261 3.737217697100477
262 4.3664342892236
263 4.62898922008599
264 6.903005690911345
265 4.781897954643562
266 4.415896069174425
267 4.2478535608099275
268 3.9006971075374866
269 3.4929234609656485
270 3.6522648515129417
271 3.7165902868725795
272 3.7005145600539575
273 3.787993414407646
274 3.5855342766136373
275 3.4386029879813127
276 4.139401194096136
277 3.4788094319739367
278 4.43300876173748
279 3.4836187643809664
280 3.360334423876112
281 3.8495262327807986
282 3.4769703938597125
283 3.6326042759804547
284 3.6322680645774823
285 3.632116847690469
286 3.5450239273795083
287 3.407238057046942
288 3.45939242367634
289 3.5813311676951556
290 3.5182647150107083
291 3.5822186777099168
292 3.433854542443147
293 3.7702836312870054
294 3.6297467792044467
295 3.707307384152047
296 3.443513800272892
297 3.5172127288150574
298 4.182436201888062
299 3.4612608619537815
300 3.5722533652213357
301 3.587770896679821
302 4.606504559308955
303 3.5979097704311487
304 3.6849168784562805
305 4.311562275885847
306 3.5034751035075486
307 3.677670900633645
308 3.3588151484962037
309 3.5987601812821297
310 3.424209054639922
311 3.9259532758256337
312 3.588953326898168
313 3.66123595903262
314 3.657518427053836
315 3.7801385872113684
316 3.4050055173343377
317 3.6004846011784135
318 3.6498420267635394
319 3.5138178292100615
320 3.2968817541463262
321 3.4666477332122865
322 4.662076507510201
323 6.931242390238218
324 4.117652461171504
325 3.477823906784831
326 3.8684663080651003
327 4.082382471910225
328 4.5094328217390975
329 3.5589299468298363
330 3.4556328422544342
331 4.244907049774559
332 3.579527971644209
333 3.5532158283187263
334 3.538577676455767
335 3.6001825699769574
336 3.4684529315029544
337 4.347847505535078
338 3.6480684866375337
339 3.6787609419613774
340 3.5281815891384056
341 4.216581207175514
342 3.5028400963095567
343 3.8115184989063917
344 3.6980980563954793
345 3.785840901590793
346 3.648164007546952
347 3.711474316452439
348 3.885700402933659
349 3.501808956021839
350 3.5815137714462053
351 3.528295853462923
352 3.551403771609971
353 3.563249527493546
354 3.7118289997804985
355 3.6904132967329066
356 3.4675101124482173
357 4.1009465453211735
358 3.82109482805347
359 3.8537757093955327
360 3.7341904033681397
361 3.4237147119729436
362 3.5302514330934334
363 3.6993416348402195
364 3.813374626884554
365 3.4954100641941444
366 3.453822029021771
367 3.5054925200429405
368 3.5771111309930483
369 3.480349768536889
370 3.7295549202617213
371 4.074725398612917
372 3.588023216885803
373 3.63683348210978
374 3.5564644324567887
375 3.491462302145588
376 3.5919845130249697
377 3.5969439663179177
378 3.5872411627219796
379 3.5685790563447863
380 3.395542986657739
381 3.61990950067594
382 3.4515121682702903
383 3.5069341649456205
384 3.447093044683789
385 3.4534198748289398
386 3.6293502028224673
387 3.479750496143848
388 3.5805267679960178
389 3.425429736063621
390 3.898578934982072
391 4.148304204809625
392 3.4607085787779965
393 3.6908813382273427
394 3.8985446354558126
395 3.906704905412653
396 3.4186065623061306
397 3.4752364928660553
398 3.930501519404539
399 3.7646589508146646
400 3.598629072479593
401 3.8600307967985175
402 3.4727223751887797
403 3.9396584720522614
404 3.6158093473040553
405 3.9330160318517193
406 3.4543612811687523
407 3.5152690674252125
408 5.054531069116733
409 3.662561863520685
410 3.40560211217515
411 3.564412877286507
412 3.7402343621506664
413 3.5245356515071022
414 3.6475121632720544
415 3.7853772741179257
416 3.9548449793994918
417 3.8998977170758145
418 3.3737986184671076
419 7.260517825392959
420 4.840622240635715
421 3.5914958869569262
422 3.5169122321725053
423 3.5357741019260613
424 3.691926910493329
425 3.563210209471383
426 4.048011166092876
427 3.6129395403853968
428 4.066307550078444
429 3.7462073577330144
430 3.6450904350072038
431 3.772707121606609
432 3.5709235795846017
433 3.6972236794865925
434 3.5203489444811953
435 3.487501840413035
436 4.090126307952961
437 4.866106910446917
438 3.490131791402541
439 4.342964646998174
440 3.3407553584539382
441 3.619162496356138
442 3.5524470563878285
443 3.369787530123555
444 4.534901151556424
445 3.4365677520736755
446 4.021611410179253
447 4.121410837934793
448 3.551389822918853
449 3.6881389344338293
450 3.691378146872154
451 3.4774733872919357
452 4.134602744526663
453 3.5467287404220884
454 3.5049156190993855
455 3.491964002613237
456 3.4923448659536716
457 3.5679852792870315
458 4.526805043269265
459 4.45014722280175
460 3.5670426009185405
461 3.724308785702082
462 3.7757145172557434
463 3.476038453579368
464 3.3940081310508403
465 3.5763918114193323
466 3.6694890075779916
467 3.5860853441498866
468 3.698158009040955
469 3.5045768858460193
470 3.4109332652550077
471 3.6510490545644063
472 3.517045445757505
473 3.5860228168353925
474 3.6428984449483175
475 4.060134981573551
476 3.64642208030831
477 4.319739041008419
478 4.3440779325736925
479 3.5834267808603397
480 3.75193368079254
481 3.796701785529002
482 4.022766576092516
483 4.205543803661429
484 3.577074444986797
485 3.5924582557819114
486 3.5451121849922558
487 3.6254293197772967
488 3.714390648995781
489 3.5988614581181393
490 3.3164952357168214
491 3.7622900768134393
492 3.562832882674073
493 4.153149249242622
494 3.520349618761202
495 3.4388127001884263
496 3.645843792565054
497 3.5367611899528795
498 3.580601698902928
499 3.5010415096888186
