0 3.9221110647814172
1 3.649409935390399
2 3.927689616821867
3 3.9568393360510723
4 4.00895296175907
5 3.745228319476785
6 4.0195560519632
7 3.6866689043701366
8 6.354543207226018
9 5.643830024690415
10 6.220908447028685
11 3.795230121961547
12 3.7597210067824
13 3.843418821974844
14 3.8713024183525744
15 3.7843685447693405
16 4.659671401784291
17 5.7690905964321155
18 6.078200248867172
19 5.357519706496301
20 6.328627907259429
21 7.515140767913879
22 5.118493068783033
23 7.481966444124546
24 4.934430197996218
25 5.889513083819034
26 5.6740609011322105
27 3.8032950087463697
28 3.7283791170633633
29 3.959183670105882
30 3.3524830747042857
31 3.4409272086691653
32 3.6743511400470195
33 3.546681614714293
34 3.7574513494921753
35 3.6409676091307572
36 3.528343907344237
37 3.6938286175481645
38 4.217341586143766
39 3.708468013408967
40 3.7091084079481638
41 3.427638244949354
42 4.405545880105175
43 3.7693639074521945
44 3.9147762957179233
45 5.509836409504986
46 4.637333774135018
47 3.4016332614518334
48 4.368795224666384
49 5.750691039984013
50 7.535955403621525
51 8.280708805215658
52 5.8097485005243
53 6.34880264532146
54 7.228095600693509
55 7.170453394428151
56 5.963283297684843
57 5.500462273728248
58 7.993047098943002
59 5.841013096235576
60 5.7736187978803475
61 5.175613233160751
62 3.4402114169384284
63 3.9452872762890445
64 3.7167529052466826
65 3.609965710806638
66 3.8173583213151865
67 3.98308634412923
68 3.4434638058279865
69 3.290126763278565
70 3.7998868402603128
71 3.6196796994353444
72 3.878204020268439
73 5.998730056850374
74 5.916632179266821
75 6.226856422879962
76 6.593143747033568
77 5.44199025354633
78 7.056621521740397
79 7.097160607986731
80 6.7540814200858685
81 5.9933149047699725
82 7.714333131769511
83 6.631220588215132
84 6.631411767899476
85 5.7970947578488445
86 6.83394422154085
87 6.647483777317922
88 6.891495874344693
89 7.445410737139266
90 4.613275013137478
91 6.148178303085839
92 8.287929481134924
93 6.740621195846979
94 3.736676487264425
95 3.764022597962955
96 3.786415872334862
97 4.939050758462476
98 3.7963539072560097
99 4.089053297773511
100 3.86518095477411
101 5.745286767969936
102 6.073346028782808
103 5.88162502384203
104 6.773636595239726
105 7.325580534484919
106 6.754754286727518
107 6.787852466690795
108 7.480091947291045
109 7.252245206467553
110 7.098572714599988
111 7.363022050878234
112 5.787082510717646
113 6.62750818867068
114 6.369921086559473
115 8.127376520593126
116 6.743872000656496
117 7.024453053342606
118 6.884238428355756
119 3.7680577572813307
120 7.205379145201604
121 6.175745178040941
122 6.425159252925013
123 6.165846899390956
124 6.313640368204138
125 7.371139496686709
126 7.282263773766954
127 3.8246713460654838
128 3.564712625445257
129 3.8590488985358484
130 4.048858343439378
131 6.862155873553934
132 6.607589755040174
133 8.609068706356174
134 5.3540027775141
135 7.850574746019302
136 7.057558538770413
137 7.937957131976641
138 8.331506016850094
139 7.272101473462377
140 6.748413964314574
141 6.114007155662998
142 5.804668659311233
143 6.269125024337171
144 6.6444754297802655
145 7.031653573499114
146 7.564405887812031
147 6.863374304760181
148 4.2978102741804936
149 4.69785316648561
150 3.9316501990588972
151 4.149583046100646
152 4.014139893159048
153 3.831171038865535
154 3.820489295065186
155 4.158407000445826
156 3.6056354409186038
157 4.025302186320047
158 3.676994685842974
159 3.5639661859607665
160 3.968155364457606
161 3.8699074811332723
162 3.818564971190531
163 4.043852484651372
164 3.7582906979055717
165 4.080730767678009
166 3.576248962429372
167 3.954158450543495
168 3.7301376012695315
169 3.8164927300882887
170 3.5753813486394805
171 3.8165225040481303
172 3.785679709132098
173 3.8088196652797457
174 4.054358992367136
175 3.8592250287042704
176 4.4715409499662115
177 4.002669948938474
178 3.4196980260792977
179 8.661548113967124
180 5.926605226088726
181 3.9310771082091645
182 4.347282402179927
183 3.6607247067272057
184 3.847543229679327
185 3.7771347892298093
186 4.059572023736875
187 5.867265474410169
188 3.9067294460177573
189 4.737543179721105
190 3.648637804950749
191 4.22058840139576
192 6.757212915653204
193 7.319998506201222
194 8.570165970917772
195 5.447655011043113
196 6.3763779188400225
197 6.249601560026326
198 5.1408174608358514
199 7.231413515017291
200 5.8184810125651305
201 5.55786537510872
202 6.452907311193102
203 5.741533501671451
204 7.12609850946319
205 5.506644166635756
206 5.888559089487488
207 6.263244939484446
208 5.11336378969165
209 6.7841922355456
210 3.6350444731851086
211 4.059836517947604
212 3.7085069333042884
213 3.6514462474309566
214 3.8117452232387388
215 4.31193087029846
216 3.866237739891247
217 5.988767881377168
218 7.569989516890274
219 6.788013333502165
220 6.988197050502512
221 7.222508073026526
222 6.885226189331656
223 4.212127423948536
224 3.974860893216833
225 5.685205110095172
226 6.5214311905729865
227 5.884149365881653
228 5.894836930392456
229 7.43082244209268
230 6.400900383962698
231 7.618901516537541
232 5.043312545339061
233 4.033282411925171
234 3.894704036880955
235 3.7582395732480203
236 3.491557242869604
237 4.009017966599742
238 4.240747850960707
239 3.9491560988033565
240 3.9356041241409914
241 3.888951368031444
242 3.4833531629600993
243 3.3936043907744513
244 4.3895606146704385
245 4.059362926708291
246 3.711629087250896
247 4.001805121273975
248 3.618355647688009
249 3.9791442329152567
250 3.903911093041452
251 3.7353531749187563
252 3.9064573121439703
253 3.6325100481064294
254 4.345842908758973
255 3.9036536327205624
256 4.037827397822758
257 3.737399040284491
258 3.8271793327334094
259 3.9444301444900947
260 5.636368878214509
261 6.623697066153862
262 7.3460742623349145
263 8.219089509686388
264 5.294957311746263
265 7.392438900551666
266 5.037189338341231
267 8.411027972194198
268 7.2234418859373415
269 6.95815531423101
270 3.519716401627279
271 3.6866072910314656
272 3.7328116491552357
273 3.9643869201665405
274 3.968127646150782
275 6.330878969370011
276 8.29539028620115
277 5.9212920606729975
278 7.53826236653712
279 6.561799499782295
280 8.80213250699283
281 9.34355242035058
282 8.085619673371925
283 8.71220528910227
284 8.965465149489635
285 8.931773784086314
286 7.435452401786441
287 5.91321050881381
288 6.954684140857273
289 6.186075430465494
290 6.000866222120113
291 3.776394466358933
292 5.7051318039755925
293 5.999475259650565
294 5.89076721649637
295 7.383071393256778
296 5.741010013490306
297 7.323997877905325
298 5.204853376874936
299 8.138227041436393
300 6.9720124597813795
301 6.897756305813698
302 9.007892749018417
303 8.012072000060245
304 9.031885711989938
305 10.100781661441298
306 9.288923107353936
307 10.27170444639108
308 10.83608995003752
309 11.164954725047505
310 10.502239351194861
311 10.784380496484843
312 11.176476240150246
313 11.390236744715336
314 10.540907509697258
315 10.932045904112313
316 10.692023937378384
317 11.102735388673922
318 10.592841355401571
319 11.114207277823054
320 10.803669222778417
321 10.630720671490245
322 10.716191479902866
323 9.427719607409228
324 11.074666667017958
325 11.043325167255773
326 11.44854214141533
327 11.201643298536963
328 10.262697755120342
329 9.732560342953695
330 11.299725189100567
331 10.777116071433337
332 11.404475369479886
333 11.018562845127473
334 9.815378089606204
335 10.319352908859662
336 9.611347991198828
337 11.736133844686496
338 9.853346894004734
339 9.190633266853256
340 9.161225928054348
341 9.93440235019429
342 11.343208383962684
343 10.702614974153372
344 10.053522668382463
345 8.729793217099386
346 10.223222213179415
347 10.683691351195133
348 9.79104077032424
349 10.122104422577761
350 10.415072629706302
351 8.992670422975676
352 9.584355921180867
353 9.780175636928721
354 10.254266508690943
355 10.885098465091374
356 9.76224163448662
357 9.593833001151191
358 9.209671079831502
359 8.682466615564401
360 8.543564319803902
361 7.500226602512794
362 8.07605445840288
363 8.713122467756547
364 7.99806371614911
365 9.269842046195908
366 7.638111055807415
367 9.207305920507912
368 7.7385377881780935
369 7.81916770876025
370 10.019634897055454
371 10.444978261055088
372 8.93690613039253
373 7.7184370732913585
374 9.614528918785046
375 9.112047939147423
376 10.49581037438047
377 10.822239622454076
378 10.327769366493788
379 10.333240919108853
380 9.686723184104864
381 9.231862515750244
382 9.570915111039104
383 9.852509241430337
384 8.352418905289879
385 9.722972276244377
386 7.374932865757758
387 9.944126484541174
388 9.59962986655855
389 8.651066283269662
390 9.269189565133907
391 9.870375976501444
392 8.300554615421852
393 9.840703459247624
394 8.920286053092209
395 9.31038638287969
396 9.651089923050462
397 8.353448553386755
398 7.093191941387448
399 7.67500172152855
400 7.714345550767847
401 8.435035034412161
402 8.796107987671267
403 7.322371010949327
404 9.781863655742558
405 9.122682651490924
406 9.300167566019581
407 10.165015321972218
408 9.04075006426621
409 9.495669243235366
410 8.178693608777616
411 9.723827673536768
412 9.655726825940649
413 7.745338840868363
414 8.876191028669295
415 8.732976308329636
416 7.489658942409125
417 8.53094763061278
418 8.83775863572447
419 7.3958515666660665
420 9.093928379280843
421 9.394581119524362
422 8.217590188598843
423 8.342106600638514
424 9.426970854639533
425 9.224792916320828
426 8.620641574364363
427 9.304013964995871
428 8.462624989273724
429 9.048144472119121
430 9.785325751392397
431 7.570399299709196
432 7.877404576636826
433 8.014165251195347
434 9.351277320701369
435 9.42341275091901
436 8.579049291548206
437 9.089086811894942
438 7.620677228556943
439 8.960694724297593
440 7.565968241112059
441 9.453626767984984
442 8.065016326927745
443 10.665884055363296
444 7.8615239260162255
445 8.382370563300151
446 10.413700620128843
447 9.362633336864143
448 7.767436950944933
449 8.716836286050766
450 9.263278732912314
451 8.076263799662097
452 8.133720703902611
453 9.188250672089781
454 9.502783165348182
455 9.956824281535047
456 9.86954836952951
457 5.921727847278683
458 9.449948062125877
459 8.81586040330254
460 8.180555626532952
461 6.045716945583702
462 7.540650088555367
463 7.149188856995588
464 7.915487153506746
465 8.073444831943823
466 8.614539298454805
467 8.029298457438326
468 7.158834660304714
469 6.945599071988203
470 8.507029844725215
471 8.389401926801462
472 8.473742009944434
473 8.478421289430393
474 9.546166032149863
475 7.966212970005496
476 9.373689079618188
477 9.38961603584854
478 8.93201810439515
479 8.186110614963416
480 8.172664734727213
481 10.01945299795457
482 9.028851230348863
483 8.934232326038643
484 8.7073340268543
485 9.353583933146218
486 9.023555770574257
487 7.362291658893934
488 8.95038339753115
489 7.879241314519924
490 9.140655141166649
491 8.04547296735922
492 8.865305017443614
493 8.454254942957505
494 7.20823872071037
495 8.429841794726332
496 9.07313251807124
497 9.475047413557906
498 9.848488444236157
499 8.261687185538491
