0 6.706166296937811
1 7.748523721319807
2 6.021758944208709
3 9.401901182690885
4 6.517364576352681
5 7.5824980211295445
6 7.843817878929052
7 6.650115231137742
8 5.898880029192594
9 5.725453467740185
10 8.359873886428515
11 8.989701853719264
12 7.574379144195357
13 8.742530465308306
14 9.050910021146617
15 7.972284743531862
16 9.428727742498557
17 9.151845181152778
18 8.431228025241273
19 6.789562293474575
20 6.533432683151
21 6.624993662845956
22 10.395051429765987
23 7.902540114617559
24 7.663750480130637
25 8.666269459523315
26 9.21950918553073
27 8.479495547725408
28 10.487993842202068
29 7.844620026014841
30 8.266488138836586
31 8.538365143979014
32 9.668346127924673
33 3.9171152418798094
34 4.077106250399282
35 10.272662731314295
36 7.753659495047037
37 9.613554497436459
38 10.170230399819214
39 8.826375071489535
40 7.719891126706925
41 8.067708347767534
42 8.019365471773405
43 9.86860044161432
44 7.391029812818122
45 5.244477132922712
46 5.0449774974500885
47 8.487502788688804
48 9.851561132033371
49 11.80211606720923
50 12.286610405994004
51 11.694026712468023
52 12.042858867861211
53 11.04650432606535
54 12.025423268660223
55 12.179126652893489
56 9.139193886414327
57 11.495541582483954
58 11.390545790682532
59 12.255562237730887
60 10.899032779496796
61 9.385146569842474
62 7.219930145946879
63 6.804534954696284
64 7.929817732406669
65 9.001541712932731
66 10.665131820814358
67 8.770517148143323
68 10.28618904985693
69 10.27789985566203
70 9.668988072469931
71 9.588460805974357
72 4.959551027062701
73 9.910883018580924
74 7.608801080904127
75 11.808159462507561
76 10.468007906832025
77 9.107763998064366
78 9.578138680421905
79 9.662330980517583
80 7.3051880804965945
81 8.942102139258353
82 8.491786805886807
83 7.256416199346414
84 8.718492216617015
85 6.3954208087625375
86 9.674173716186708
87 8.885873462877338
88 9.007165630692159
89 11.02749500433933
90 8.195293621738905
91 7.582895805324151
92 9.390585294672857
93 10.374542889544022
94 9.617216646646066
95 7.556391397148162
96 8.29401919953338
97 8.142414691878109
98 7.036329500956066
99 7.309486696287188
100 7.413812560238706
101 8.656452518478849
102 8.013314285976644
103 7.132509859041506
104 7.916945761847065
105 7.207794606861083
106 7.512824204808639
107 7.986223346541101
108 8.477715757487232
109 8.296528526210583
110 8.05004888429912
111 10.477577488789166
112 8.672243326227266
113 8.221979732301543
114 7.982870020373305
115 8.531058394436835
116 10.756317887778208
117 12.282596311801207
118 10.761889273323085
119 11.094448987349695
120 11.801463799406987
121 10.429719994333661
122 11.392793306646388
123 13.04960321417176
124 10.27328114925751
125 7.747127818223689
126 6.494358131620071
127 6.7015369036131665
128 10.016160514599417
129 8.812501093230315
130 9.582053413252341
131 8.118213837187696
132 10.615555652794315
133 7.424340310760835
134 9.656794429719481
135 9.708718174535608
136 9.460291982943778
137 10.475068152963381
138 7.590926892438127
139 10.087974912613545
140 8.684576312854137
141 10.327834839261726
142 10.450991899892301
143 8.70182930121076
144 8.00477204362466
145 9.991020097894838
146 9.423166936080227
147 8.273265968558542
148 8.345477437124229
149 8.726996591357844
150 9.743619145645003
151 7.237485925052256
152 10.113902280678804
153 7.758519279931184
154 11.325624738280654
155 11.453446337303475
156 11.216929724885457
157 11.838227780559032
158 11.6614663230952
159 11.277817543724183
160 12.377568739096322
161 10.346412685305792
162 11.779130903426726
163 12.026901327265426
164 11.997214748578944
165 9.411010210207671
166 11.50234405699986
167 12.02234655490913
168 10.335493925922776
169 12.080031803089508
170 11.930139080236414
171 10.60682131685611
172 11.19290689969076
173 11.75807364026433
174 11.23471932121384
175 8.082199210399692
176 10.936957378114602
177 11.591978268446123
178 10.162199001176432
179 11.534976745325734
180 11.44825169240593
181 12.426669314807366
182 11.151320349414185
183 11.75657044405836
184 11.99803700393546
185 12.042108002631824
186 11.33322156065975
187 11.685351910465364
188 11.323725687847688
189 10.797150650941155
190 12.087696819726183
191 11.221126484921797
192 10.319035956617103
193 10.377440969877632
194 9.793902425580272
195 9.07784873239543
196 7.769175629831128
197 8.564206960223439
198 7.740334638551639
199 11.859152073193458
200 9.956348591401913
201 8.946337291467792
202 8.851416283568351
203 8.20629468826486
204 10.666360150789263
205 8.229387409654919
206 6.6610610102073835
207 7.506303011474787
208 5.866775855353625
209 9.611258242406093
210 8.926087196248854
211 10.646418307216518
212 10.51953112746565
213 10.108786622788518
214 8.50849533093958
215 9.687787318128597
216 7.976956730133245
217 11.373303977522546
218 11.57270834501969
219 10.139439094823736
220 11.109594035679379
221 9.583806792734116
222 11.325927780900827
223 11.265550939861129
224 11.870467931164969
225 10.513566847860766
226 10.566811832768469
227 10.621719086787353
228 13.150056164425626
229 11.997223761637798
230 11.29674761996248
231 11.97342096396855
232 11.334628529320558
233 11.834114307659624
234 12.049881164954511
235 11.56403594217904
236 12.733453449847032
237 11.722041170056041
238 10.997442647566691
239 11.357796282065552
240 11.552501312321715
241 11.498870812938984
242 12.336371689868653
243 12.0046374694985
244 11.07624978352919
245 10.656477157921724
246 11.18869488375435
247 11.934736518810837
248 10.556699371945333
249 12.196275924062434
250 11.370113036982609
251 10.863102521430477
252 8.96114786387862
253 10.064351305818088
254 11.044858877424613
255 13.00915111589936
256 11.28057952362553
257 11.48518124442311
258 11.769554334450017
259 11.376187347888635
260 11.474017433240837
261 9.710935747994625
262 11.436009573909335
263 12.251954928316076
264 8.541194119803704
265 11.63620087119582
266 11.358553999035173
267 10.947360848846753
268 10.58246606367001
269 11.564272748167078
270 11.705686823970183
271 9.845085533757773
272 10.894138060561534
273 11.381050559155753
274 9.080754164743581
275 10.456241319635854
276 10.08064043216466
277 10.679620700645152
278 11.758372175527793
279 11.517427296639609
280 8.419433889988296
281 11.06389779761758
282 9.514110796635586
283 11.056257002757684
284 9.048710949174014
285 11.689101971974697
286 10.262666429770086
287 10.90072547812255
288 8.602435190291247
289 8.233355896534636
290 10.649363356594455
291 10.892935234304735
292 11.109956535053994
293 9.846967639017029
294 7.590926809738835
295 9.774986614538376
296 7.197057383479259
297 7.390724356156953
298 8.580778100721748
299 9.157615322285604
300 9.382324067489495
301 8.794817682654948
302 8.197097979311803
303 11.01794176546238
304 10.966346496832184
305 9.511199081117121
306 8.034386951034106
307 8.792254000896271
308 9.945583275433385
309 10.5882062765553
310 9.498545321336985
311 10.633419141520198
312 10.653617028101259
313 10.59423104518739
314 9.201690118251335
315 6.850176467869829
316 8.206183144315869
317 9.77097050484492
318 9.210929905161745
319 11.282218512036852
320 7.680683228592495
321 8.754531756216775
322 10.562541938451787
323 11.576236674028603
324 8.409935897079604
325 10.689320001328472
326 10.93395265869802
327 10.55861874157024
328 7.402444202063798
329 9.521769651946052
330 10.146757403364665
331 11.456001452840257
332 10.378810882866926
333 8.889785872031883
334 7.116307251405973
335 6.144349286243363
336 9.071997156722116
337 8.575934101528437
338 8.369146624643784
339 6.581786037343416
340 8.453805079885901
341 8.963183803957874
342 9.099191872506522
343 9.463073792141259
344 9.409458528228585
345 7.5401077571549875
346 9.09858876626277
347 9.514030804465454
348 8.633824563010457
349 8.112780785202924
350 8.37496300936681
351 6.537767845783959
352 8.154655359349542
353 7.365402873117236
354 4.514140003973166
355 9.439768773692853
356 6.096626156816515
357 6.236608534992348
358 4.584348382768942
359 8.272322854723516
360 8.290007179012486
361 6.924509052397071
362 7.8726858412826575
363 8.721409779629793
364 7.310055106203669
365 8.118220730086907
366 7.87275159425713
367 10.024169419822828
368 8.739528372224356
369 6.759886312560441
370 9.51088714662183
371 8.268268978377593
372 8.56241461722539
373 8.942618261751196
374 8.14827736680409
375 10.453057067805958
376 8.34488161552089
377 6.409584924714082
378 5.546023537409665
379 7.901716291919369
380 9.563571078701273
381 7.078140137223202
382 8.355401841074002
383 9.785994100783782
384 10.459607734661418
385 8.74115507080586
386 10.561886479884285
387 9.606060335065825
388 8.208930973204959
389 6.7270955008971285
390 6.312361643320244
391 6.625497780120823
392 7.576259949615338
393 10.173466948398028
394 10.19208524887419
395 10.790417606707912
396 9.798247880656959
397 7.800942163523772
398 7.518209578975117
399 7.422486215553829
400 8.420414138288844
401 8.941283394547941
402 9.25052092276687
403 8.251821123909238
404 8.040685350517554
405 8.688199156227899
406 6.9866220959134955
407 7.0239617542369475
408 7.328380005041377
409 7.080255439567675
410 7.67757620151122
411 7.341984384621995
412 7.91398007651618
413 7.1415520470549465
414 7.501366259935991
415 6.918287014734777
416 6.535774738116363
417 7.257552809632544
418 7.383086523653868
419 7.0250026143696775
420 7.618777672690284
421 11.313227950560059
422 9.172249857960418
423 9.895753486289562
424 7.71291907229104
425 9.09581351110412
426 5.625862795022438
427 4.746492008455623
428 6.3335200651950405
429 6.709107875785361
430 7.07721360144145
431 4.933383239536821
432 5.132717350270962
433 3.9795259481933347
434 3.832612610497552
435 4.640037333638239
436 3.6002060295471727
437 4.3083259965632505
438 4.39011186608152
439 3.693817816391801
440 3.9732972629981678
441 3.610587511454615
442 4.0590921125204895
443 3.579715614875125
444 3.8337889893456536
445 4.333772656063271
446 4.072629748011995
447 4.226049341709003
448 4.055528159324206
449 3.7457738671710246
450 3.8201737343220756
451 4.217700167473321
452 3.912662473773949
453 4.075904104637738
454 4.073435987316333
455 3.5098045696804534
456 4.464512711688106
457 3.9134893158799517
458 3.304227624529905
459 4.109642421868027
460 4.017850835686519
461 4.560575521465914
462 4.285754830003759
463 4.105705077525043
464 4.280875867076473
465 3.619327760550528
466 3.94091209123442
467 3.595740663234966
468 4.064263676182495
469 4.746608698998635
470 4.305295934171877
471 4.779758173712874
472 3.4985166911674135
473 3.9906155656777536
474 3.493091742910821
475 4.2081859113740405
476 3.9828344181606234
477 4.29925767396295
478 3.6966552725231536
479 3.913625773202752
480 4.7682148843189625
481 3.912546862124618
482 6.240203393997268
483 4.090423755304757
484 4.1938536210652995
485 8.753092245833683
486 5.875171351347097
487 5.04279002588276
488 6.820324337510676
489 6.567240080121214
490 5.090566413756183
491 5.100179434710333
492 6.321003555642831
493 6.73264578094436
494 6.662005342182291
495 5.5843815616756824
496 6.291977987904504
497 6.9201656058659395
498 4.714835494687936
499 7.340064843268049
