0 8.245968522643375
1 7.726994755506136
2 5.965013031603984
3 4.799582138162053
4 10.117928784505395
5 7.669273194615229
6 7.438754844591114
7 6.541651054655483
8 3.7293961753703546
9 7.245382123364433
10 2.8980513784294044
11 3.5622021198469223
12 3.2034597227813526
13 3.0727978820767468
14 5.2145043862851415
15 5.045855951919616
16 6.948284623925198
17 4.638471171565568
18 7.090209063608379
19 6.353877395759483
20 3.3576835829281433
21 3.01467973705006
22 3.0139992077858677
23 3.347199425962775
24 4.9589098398463145
25 4.1072537364792465
26 3.5347076598158726
27 3.2722554280844176
28 3.0296760639417735
29 4.048974566983695
30 3.7083869132269847
31 3.81397686010685
32 3.4304293656030036
33 3.62217975592032
34 3.0116356376387423
35 3.1178003281278226
36 3.8421615871976633
37 2.875428495617874
38 5.003316894815504
39 3.5173223464352104
40 3.315981243885597
41 3.60588750995523
42 3.5000081227705198
43 3.5463439745104934
44 4.171340075906076
45 3.707576271549142
46 3.400823030471892
47 3.4333546761917946
48 3.2612823971803597
49 2.8341943601824466
50 3.4583289227361558
51 3.564693491581187
52 3.7064983224355093
53 3.1744756709035653
54 5.330289402919287
55 6.029879728469468
56 9.055620091772095
57 5.189753317582849
58 5.299126813958178
59 4.4276765790136
60 9.147202101938648
61 6.2551949367128215
62 5.97563315060397
63 3.439796346896428
64 4.045486413069396
65 3.7803563301492416
66 6.455642580078178
67 6.088300130613114
68 6.83161981306053
69 4.069871546673247
70 3.2144633115043195
71 5.790716270580225
72 6.016455830061913
73 8.289619978690496
74 6.219836553026955
75 3.455015640341613
76 2.7250226288764106
77 3.914606845788276
78 5.38517713038388
79 4.739755469861646
80 3.0999470955786794
81 3.287413895529885
82 3.5329338954791454
83 3.109808031478469
84 3.3302157501757077
85 3.0811504147923796
86 3.751230208529089
87 3.3985381285164395
88 4.496566863006102
89 3.6869567654390303
90 5.977221447813963
91 3.69550829654829
92 3.4238599376718852
93 4.589647399001319
94 3.4102591557966724
95 3.4570378467189777
96 4.738108009312843
97 3.853033260283275
98 4.213882863914346
99 3.7593572366266272
100 3.6848751070503454
101 3.7110875331011295
102 3.899786582758047
103 3.568370894511162
104 6.5763506969965775
105 3.885605817693955
106 4.498994044432435
107 3.654625919081474
108 3.3983047283945083
109 3.46085222772923
110 2.9735706436178573
111 6.2630735193812175
112 3.4347261070157082
113 4.2215557781807895
114 2.8632443528813276
115 3.366345049107219
116 3.2243066544384966
117 3.819408814569494
118 3.461390881389596
119 3.783427414260911
120 3.6036961694629874
121 3.3550957925722935
122 3.9693232416233535
123 3.668157531069044
124 2.7678481273456517
125 3.387296049214032
126 3.6733981106042872
127 5.43515964801654
128 6.657221668560326
129 7.2151266583118305
130 9.01345752185893
131 5.870556892769817
132 6.333385275992723
133 6.388283520006473
134 6.308640184645974
135 7.787188285680503
136 6.659175302130277
137 9.724675072858771
138 10.7447354788795
139 8.217911031708752
140 6.884275492817145
141 8.824001490537967
142 7.622080856675352
143 3.691147249883179
144 3.622089070219279
145 3.350062241143245
146 3.315787973221415
147 3.1856658957765136
148 3.616042398657079
149 3.8877840583643404
150 4.726481268888704
151 3.7279934773163284
152 3.74759737903571
153 3.005576393343897
154 3.8976723035146104
155 3.480081793703258
156 3.5270348132599003
157 3.3955285117969325
158 3.709499860205184
159 3.6589813328567304
160 3.2453247172847988
161 3.2776569331661882
162 3.851646887401927
163 3.6604166494495707
164 3.659289128571687
165 5.311944517392384
166 6.62159817998868
167 3.1194902258274313
168 3.1633505436348277
169 3.1117870342698972
170 3.473412056341722
171 3.7550801181243036
172 3.557151222520768
173 3.1539065463387495
174 3.6402588896235084
175 4.766317111201484
176 6.129997816518043
177 6.194481723887456
178 7.446429404871388
179 8.887074142934834
180 6.766313871609011
181 9.53170684877753
182 7.79222561412281
183 5.7740463392463015
184 5.821546373936228
185 7.472572640152062
186 7.274367803399992
187 7.589542517270879
188 8.701009357071948
189 6.731896559398652
190 4.735794575131445
191 6.008677248089921
192 6.480109396922325
193 3.7709962114143467
194 3.2020460336888874
195 4.318267721001209
196 3.6084796644999138
197 3.4875976826267596
198 4.789008081832755
199 3.6143156701078287
200 3.1245807589968946
201 5.062035879248454
202 5.942187181691709
203 3.017606223270093
204 3.2004257377576013
205 3.692251002227466
206 7.427485208073362
207 7.639508220637085
208 8.699859663674772
209 8.960196846929234
210 6.102252799212945
211 6.843568976669764
212 3.6652323180533557
213 6.072626232804837
214 6.371869673525065
215 5.443273908346262
216 4.81080030194364
217 7.113262456125336
218 6.6356057825869135
219 6.193521236233787
220 3.201118089495516
221 3.3816913458937443
222 6.366158980223732
223 5.568144273646141
224 6.00151160042594
225 5.477322502216788
226 9.10406677139375
227 7.585209670178494
228 7.895346054553743
229 8.286638599153875
230 7.642237913259536
231 4.0725647936452996
232 5.790468491529918
233 7.026726912329509
234 7.201245252120308
235 7.726045047394826
236 8.336266345418165
237 9.286432154974198
238 9.749105956745014
239 8.511448536622542
240 7.611850427494574
241 7.659287740380179
242 8.479795560321284
243 9.89393636902259
244 6.781228985503622
245 8.443282888256945
246 9.658670054845633
247 10.20014053755295
248 6.892228583697739
249 8.937780785399001
250 7.195437973589092
251 9.018404367422983
252 8.153889424003603
253 10.920551010786784
254 8.819183090896374
255 8.617184821828738
256 10.228354715827718
257 6.8783542091885534
258 6.6919141198489145
259 7.297560199147402
260 9.248882732270442
261 7.085267420379613
262 8.701213091955896
263 11.485070085764844
264 8.484774705399445
265 6.431705997257304
266 3.7378156857649723
267 3.8055886507766785
268 5.325253572361993
269 3.826372564314467
270 3.7707760952574767
271 3.803137816590799
272 3.7178305147471913
273 3.5743443836822637
274 3.393397365400465
275 2.714408926522952
276 4.941516840562982
277 3.3771354193355636
278 3.872839220853294
279 3.8533958741196748
280 3.8508678231650495
281 3.4943972460209802
282 3.0663980561886186
283 4.899319844535426
284 3.4762896354127117
285 2.9108765775255385
286 3.688478696037061
287 3.4920088675407808
288 6.410253329643601
289 3.6415385443820663
290 3.078380143637365
291 2.8935035980206245
292 2.598076329372203
293 3.0484838409413495
294 3.562042599100132
295 4.1779391380013005
296 3.0539138283921314
297 7.155234993396131
298 8.201405715549436
299 7.715768645921066
300 6.840979232479565
301 7.385928599758696
302 6.547346995035678
303 8.116353151312989
304 7.891544703347935
305 3.65806339329604
306 4.71084162611651
307 3.582500111324479
308 3.5928996392174724
309 4.829118315478933
310 9.90940697779322
311 8.492784731056807
312 7.66047793922975
313 6.464269476020094
314 7.43839092684009
315 6.969820563935711
316 6.7332849353049555
317 4.438800269713375
318 3.9969490468943
319 3.7754468108890453
320 3.4005102583045828
321 4.0096377677776305
322 3.1634335650231393
323 2.8589177708852462
324 2.9846162209465077
325 3.2211438246620587
326 3.4621793901215816
327 3.207105465335366
328 3.5711157837938754
329 3.6474862454910735
330 2.8176585699853396
331 3.123728543263991
332 3.0946010190757325
333 2.816954440980456
334 5.357881165941085
335 2.7140486106739883
336 2.852018483795181
337 5.298901397161575
338 7.414271841272784
339 4.2133967393355825
340 5.998747953444683
341 5.8425587496332545
342 6.267096380094859
343 6.092117722415171
344 6.448394010854555
345 5.756092719143572
346 7.7344191921893835
347 6.920663397370376
348 7.053547406889662
349 8.452997628579157
350 7.7679582740291275
351 4.565065086348045
352 7.524646082948597
353 6.617721149630599
354 6.875723056137073
355 6.533648849087218
356 5.879788259318878
357 7.123585308911695
358 9.342581578193123
359 9.739824276923695
360 9.819802921704273
361 7.700849263403103
362 7.0542161437889455
363 11.435681264872082
364 7.416824962130852
365 6.082551725161896
366 9.271771124598168
367 2.7242335480799524
368 3.440729548331231
369 3.6889768944166703
370 3.3071145043498076
371 2.8225251663452546
372 3.8880284813517245
373 3.18451300823834
374 5.329650576587555
375 4.137108364269014
376 4.479445864028584
377 3.109615151249805
378 3.585336019819871
379 5.7864428806251
380 3.4615257688894268
381 4.071766710053517
382 3.2214688767817687
383 4.272818549261541
384 5.686238862640437
385 7.108659990373643
386 6.825847536689003
387 5.828402439886572
388 6.903671905527317
389 3.491712018860242
390 3.258602345138923
391 4.213442605030825
392 3.2921653375998394
393 7.215028673784896
394 3.633309453328789
395 3.5841054499408376
396 3.5352177999573597
397 3.558748216494959
398 3.372669781194989
399 6.565605839686173
400 3.197704420668502
401 4.617718454988438
402 3.4541330096060783
403 4.468262181277333
404 3.3018797576683068
405 3.346138480905121
406 2.8453783239809676
407 2.8104483783591325
408 3.4266392312511655
409 3.5706139480947217
410 3.2612368337790625
411 3.2151883309922926
412 3.7249007655351516
413 4.976595743359914
414 3.118950409503074
415 4.7618800566205355
416 3.5054137551964124
417 2.8168906172695825
418 3.4479870412608387
419 3.1469685137870167
420 3.867553131470946
421 6.718923527191458
422 6.1505134346727885
423 2.915523943091506
424 3.2813909293893864
425 5.701132735623909
426 6.019476666315465
427 3.1021734153415594
428 3.0520856892792882
429 2.889669316177802
430 3.1363423925512666
431 7.658020149661415
432 3.212703336380618
433 3.68161719239899
434 3.461718312758897
435 3.7773291155937514
436 3.4629050400242822
437 2.7015703742008506
438 3.4279500752606555
439 4.504243262636036
440 3.0365661343197585
441 3.0492207386488452
442 4.497698151652154
443 3.077127905326176
444 3.4842571587533033
445 3.723044187893482
446 3.4362860453780146
447 3.046342394844467
448 3.459704440300424
449 3.307875510744178
450 5.872902861724003
451 5.718336666745899
452 4.884617935385971
453 4.383042916856044
454 4.019592610312354
455 3.4235547376141926
456 3.888754651662467
457 3.200553775325698
458 3.746968317635574
459 3.7501908272985762
460 3.78753501343365
461 6.6240709666267374
462 3.490585852054453
463 4.070971154446034
464 3.367675390670864
465 3.167454908516621
466 3.5742584589311637
467 4.06630242992486
468 2.818278104674038
469 2.849672529361023
470 3.88461762717831
471 3.8822263707637616
472 3.350172300847557
473 4.174891151861824
474 3.1836454493660846
475 2.8583182985279847
476 2.7162617431039475
477 2.8159243802137346
478 3.687131503621859
479 3.376780789848029
480 2.6182434835172943
481 3.2755954457539045
482 3.6934398525710423
483 3.6533377261104962
484 3.802645739198897
485 2.8592315472943475
486 3.1723991077482303
487 2.733333649184079
488 3.333533181583551
489 2.946191371521974
490 3.2614264288110135
491 3.9273850154626233
492 3.3073096880823583
493 3.736055438080173
494 3.1944500398243254
495 3.3224589673366607
496 3.3097850156710855
497 3.095430326056982
498 6.184450050024752
499 3.386683860005175
