0 11.915951765145802
1 11.197195375292473
2 10.624793740895242
3 8.60028868899585
4 10.219453453018447
5 11.840635410184134
6 10.584214270313606
7 9.793655429771833
8 8.399479500303489
9 10.293597265644058
10 12.902460471831228
11 10.550565928006494
12 10.997706616894446
13 10.114213281940367
14 11.455520884369854
15 9.452549469705355
16 9.691905750766493
17 10.921714500661526
18 11.412007578749146
19 10.48792325557976
20 9.6489690046018
21 9.55554101372241
22 10.488611845126341
23 11.942549979006184
24 10.726250693210908
25 10.114020954820228
26 10.641909836250987
27 9.996742214440006
28 11.233686602562443
29 8.7212630145143
30 10.386650519889557
31 9.68221113777484
32 14.766519014443565
33 9.988550510810597
34 11.366736788710252
35 10.323793593207016
36 10.35740079647401
37 10.700242634074556
38 10.761431403087766
39 9.676797141686405
40 8.658641153816777
41 10.526585959392905
42 11.595532459578385
43 8.61036700809876
44 7.836411437285992
45 8.542711876713357
46 9.024722769358938
47 10.48168780071441
48 11.324636897275614
49 9.63696665557566
50 10.112741796779883
51 10.050263712100252
52 7.470214210582599
53 10.357047299369562
54 9.080631772797709
55 9.45469839410855
56 10.512554740695768
57 9.226091699207414
58 10.685377448947849
59 10.907550445602844
60 10.625671042168124
61 7.606736052532374
62 9.949812900896998
63 10.43261535563236
64 7.740668469932025
65 7.71314068070029
66 4.698661762631603
67 6.294369807798146
68 4.116843218516235
69 4.36022055459627
70 3.6100269404270464
71 3.8540294253943768
72 3.8592017606084794
73 3.7781778681442777
74 3.623321966120431
75 6.556003254289595
76 3.725556554662356
77 3.498478857055435
78 3.817517867750931
79 3.7270731723352277
80 3.7460948026620318
81 3.669168341507903
82 5.644665410934448
83 3.7140300793023533
84 3.348001541882411
85 3.3754888787756254
86 5.053526510730085
87 3.7763742251020798
88 5.808002021566279
89 3.535568326910244
90 3.2879066520203595
91 4.092166069521668
92 3.709606924587813
93 3.852402913110023
94 3.6998288845206084
95 4.557387356444434
96 3.6017839028979535
97 3.8306380876201036
98 3.8699362671865694
99 3.2356362725318792
100 3.337001008214249
101 3.9366391512232046
102 3.5682238451702974
103 3.772855680424917
104 3.810618464167285
105 3.4946500030512953
106 4.22980028490822
107 5.1858907515020505
108 3.478290006492189
109 3.682346903150939
110 3.721124934381674
111 3.313609984344086
112 3.6033785287976396
113 2.7856238236013384
114 3.507004984117831
115 3.506297940013294
116 3.2545546252545154
117 3.3826986782373765
118 5.656804182483728
119 6.496867384237344
120 3.863339679930981
121 3.6288686158656245
122 3.6361718938345358
123 6.986135887113249
124 5.32181758389758
125 5.492723826081781
126 6.446024903266903
127 3.7553547806122856
128 4.37677476985954
129 7.815656620618839
130 8.517016490531073
131 9.064181165428861
132 9.351445314913471
133 7.666975679415866
134 8.027162356718812
135 11.521050854866381
136 9.388108280232316
137 9.751089196945422
138 7.677061657613992
139 10.270757461141935
140 9.539652290336793
141 8.695685024583263
142 10.01596996349822
143 10.46100367161037
144 7.17368564655683
145 6.869691277670163
146 9.660447483664397
147 9.573935502851006
148 11.204135659083596
149 8.737483906751512
150 9.170903228512758
151 9.690989670827598
152 11.065355118520554
153 9.525938517830696
154 10.479189931051641
155 11.402880371525491
156 9.514039849845252
157 10.015839531317237
158 9.473687343582343
159 9.75109590068936
160 8.478930730281999
161 10.325866495240746
162 10.425437742072821
163 9.430856853799765
164 9.580859141651882
165 9.928237573229678
166 9.348056208421365
167 11.440014328578684
168 8.27029068619342
169 7.54371391245413
170 9.331982731678261
171 6.852875338848079
172 9.671563400443706
173 8.231812118459851
174 9.15711387694871
175 7.5640632400640735
176 8.695904864601706
177 8.724050595656438
178 9.699543120440307
179 10.775109780891976
180 10.143189515460115
181 9.503456277328173
182 10.608013158960627
183 9.090375489028268
184 3.5451575685966614
185 4.9372015356735375
186 3.460439242241568
187 2.9000394195370642
188 3.6622709868028194
189 3.1575925435471732
190 3.4003780363992524
191 3.7693384822509666
192 7.031632038050894
193 5.676270129687011
194 3.356798716679741
195 2.9989407400027406
196 3.7730028005843907
197 3.5695418756661743
198 3.598545204589895
199 6.938546818168357
200 5.252024812821488
201 5.300327722428736
202 3.903942204905559
203 3.0399093054334063
204 4.874953823291763
205 8.494646657054552
206 3.913618741238097
207 3.267393590017086
208 3.6287971387656923
209 3.2112818445292652
210 3.4729406380086343
211 3.3276677177661993
212 3.2708234215356686
213 3.5115990949531946
214 3.430703338275901
215 6.935601374070381
216 4.104063203073882
217 8.669206001272185
218 4.041190811977047
219 3.4997818398751432
220 3.6520354660711654
221 7.0328307113663895
222 3.3018919221565786
223 5.192641956693275
224 3.8163214454018313
225 3.3032267219742626
226 3.878550788140788
227 3.3948899017519416
228 3.543490984410942
229 5.99271317818163
230 3.67531363805518
231 3.184862934758826
232 3.3096016031517723
233 3.8851631215573468
234 6.684994631383683
235 3.07025328774862
236 3.2148946481580873
237 3.75620273904603
238 8.937337476070802
239 10.014100878208627
240 11.14680943606471
241 9.860599032023705
242 9.778961518211355
243 7.6796960079342105
244 6.5064779706439975
245 3.3694954629838327
246 3.578337295958274
247 8.28949088352559
248 7.325744225548783
249 11.20643827764056
250 10.69648568557085
251 7.970033178293995
252 7.847553039601465
253 10.239467921213457
254 12.348697140374616
255 10.18667037857497
256 12.27106078341825
257 12.00874690641117
258 11.543794362521394
259 13.11357389197299
260 10.302475843613207
261 10.904453302765862
262 12.001052330073149
263 11.216887310276526
264 10.125512413275093
265 9.904253461183659
266 8.753161850830223
267 7.0787708744573825
268 10.818330186906437
269 12.256711131153605
270 11.99426467031895
271 9.556243693039379
272 10.733433949626846
273 9.914646583919824
274 10.90719057955581
275 11.791605791866864
276 11.11277206599472
277 10.464923838728204
278 11.051420689213128
279 10.809909134089574
280 10.367279055974016
281 10.790601727191566
282 11.568472168406158
283 10.669309653340424
284 11.293008646007733
285 8.696304576939376
286 9.210660697403778
287 9.801920670729347
288 8.559234962495582
289 9.334528608135399
290 7.802910800536115
291 9.14616139564334
292 10.59042275944685
293 9.85560975532873
294 11.018703381706418
295 10.500002523793022
296 11.664114162253876
297 11.523290896526085
298 12.675592308261752
299 8.097961174256147
300 8.933775429722864
301 8.268227007005919
302 8.353394689028548
303 8.205814322186962
304 9.283658613035279
305 8.220987122988051
306 8.358362431337053
307 9.9561562246651
308 7.992230812982864
309 7.030790533895817
310 5.489338525494062
311 4.468160926824889
312 6.019095408620237
313 8.44765530604869
314 7.596697648157635
315 7.990949788088732
316 7.927295143971751
317 10.007905987382646
318 6.077821640088506
319 6.807472000518396
320 7.410804864474977
321 7.609910472979108
322 8.442407801381172
323 9.805803640244239
324 9.02406277186589
325 10.12738184124568
326 13.136817296134879
327 10.5402329892153
328 9.802066734919604
329 9.552768724833976
330 8.457871228203441
331 10.448399667997638
332 8.970461794081325
333 10.329650982108596
334 10.878425873122561
335 12.118658923699243
336 12.923437074538397
337 11.781873813179036
338 12.520585248632116
339 9.705020161356233
340 8.128413679762923
341 9.290273275491455
342 10.318478108932126
343 11.012704620473636
344 9.926445962242838
345 11.254679238595502
346 9.330307515072718
347 9.474054879352549
348 7.163829132971507
349 13.096374085402664
350 8.952754128952714
351 9.520818327499336
352 9.69104064807653
353 7.910762095774112
354 6.742044367655311
355 9.527149911539926
356 11.11358997797635
357 9.377499987362622
358 7.6523560992315804
359 7.990801163076273
360 6.231911440622574
361 9.29849912305592
362 9.768703266938676
363 8.868121567007968
364 10.030613977550399
365 9.231147153921102
366 9.20658135302518
367 10.483914296390912
368 7.609839260568928
369 6.850427085058107
370 8.90822262760112
371 8.593577984659046
372 10.082947204922984
373 11.706312456838967
374 8.263700753358552
375 7.519436923058269
376 9.574619875384832
377 11.559740027091879
378 7.707121626682086
379 11.10556668637163
380 9.658750102859967
381 10.700148981731106
382 8.899333324302315
383 9.714335021245843
384 10.313678497604942
385 7.965854535483781
386 9.56425226687668
387 10.174828617727602
388 8.325907004519525
389 10.702299919236312
390 10.884985517586024
391 8.091188806617318
392 9.047220688093287
393 8.267040024202268
394 9.705970321034552
395 9.630704147529787
396 11.446929126140853
397 10.253761847034495
398 8.528984319099928
399 7.6476687464897495
400 8.31730312415579
401 9.863001698532285
402 10.12081882801534
403 10.13784811953499
404 10.655651322662376
405 10.048045326671454
406 11.253809330913274
407 8.339563406947605
408 9.701807299251744
409 9.018717668255329
410 9.562548525473982
411 9.887503736414079
412 12.101023175648445
413 8.985269564769245
414 10.326222339522433
415 8.461457771837164
416 10.83924922385477
417 11.340883462923648
418 9.028702354953337
419 10.314469576490671
420 11.842380685477186
421 12.434883864217237
422 10.286084360711532
423 10.045480358156059
424 11.650044927789194
425 10.135594925637792
426 10.635043799592363
427 10.126184695038514
428 10.292776541291692
429 10.470848683968645
430 11.656019947526524
431 12.35007238666461
432 7.976111416791834
433 7.302961231649642
434 9.252030850806218
435 10.529134521971777
436 9.600394860148938
437 7.466216367621283
438 8.811175174997574
439 6.836530599519414
440 9.070612724054037
441 8.255998755492984
442 9.469477222777293
443 8.92264004381469
444 9.683524389815341
445 9.267493709654557
446 10.067136723741816
447 9.78392531664987
448 9.859353551889766
449 9.02024571341586
450 11.018044877161035
451 8.378852460823405
452 9.83364851283964
453 10.703325480383304
454 8.144599323491144
455 10.227231769630828
456 10.308910507337718
457 9.769298174179337
458 10.822423779529878
459 10.162180183071188
460 9.70951090567571
461 10.938463357596923
462 11.58324648722437
463 9.140312149781092
464 11.401473170032672
465 8.66062610821775
466 9.075680102112367
467 8.332407009530641
468 10.796138319434773
469 9.521668608344969
470 10.272177552467308
471 9.397574072828503
472 9.613776373793815
473 10.38437911834232
474 10.528663154294565
475 10.254399164080573
476 10.035499600544915
477 9.473755099631171
478 9.5802099096178
479 9.961236720662493
480 10.038114247632324
481 9.731132692687433
482 7.704960260110436
483 10.248267510403005
484 8.43393286742891
485 12.190322052180889
486 8.546748861062554
487 10.125081666179112
488 10.69738660036116
489 10.530025641200899
490 9.826200313606467
491 9.634004015357378
492 9.74922317138658
493 10.45712566175519
494 10.537844525833421
495 7.422506093528634
496 8.894815875943966
497 9.90136599002064
498 11.228076818955449
499 7.844421658481329
