#Frame    total[bond] total[angle]   total[dih] total[vdw14] total[elec14]   total[vdw]  total[elec] total[total]
       1     316.0742     928.1572    1264.1916     365.0799     5754.2336    -783.1074   -7414.1402     430.4891
       2     345.0359     851.7102    1294.1704     354.2105     5785.3863    -780.4227   -7529.3973     320.6933
       3     323.9909     881.1729    1279.9962     364.0103     5716.0759    -789.6985   -7464.3909     311.1568
       4     288.6649     842.2469    1277.5181     361.1057     5767.6871    -767.1863   -7409.5971     360.4393
       5     320.8230     853.7355    1292.0087     351.9026     5738.5784    -753.7411   -7570.6609     232.6461
       6     340.5294     831.5829    1280.4039     350.0703     5756.9058    -785.5693   -7514.2916     259.6313
       7     334.7251     838.2680    1278.2225     353.9131     5740.4768    -762.4302   -7473.3376     309.8378
       8     327.5037     894.5665    1287.7365     359.4693     5744.4775    -770.5570   -7590.0720     253.1243
       9     317.5708     886.9790    1279.3356     339.9097     5713.5416    -792.8102   -7459.3347     285.1918
      10     331.4312     859.1918    1296.6005     362.5380     5759.6134    -783.2445   -7429.1813     396.9490
      11     340.9349     849.3179    1277.6680     362.2889     5752.4332    -765.9368   -7361.3832     455.3230
      12     338.8703     823.0880    1271.4385     374.1128     5816.5379    -778.1752   -7451.1159     394.7565
      13     312.7725     880.2560    1298.8806     371.7593     5758.1727    -783.9836   -7621.7487     216.1089
      14     326.4441     881.3543    1301.9037     357.5105     5738.8160    -777.4606   -7458.0075     370.5605
      15     327.2324     893.8126    1292.0171     355.3326     5724.0112    -801.2246   -7453.3375     337.8439
      16     339.9114     843.4548    1270.5209     364.3902     5791.8197    -748.0936   -7643.1914     218.8119
      17     317.0540     862.6577    1263.0077     356.4277     5770.4006    -776.6891   -7616.9704     175.8881
      18     303.6960     866.8891    1279.0349     368.4620     5757.0664    -777.2140   -7527.8299     270.1045
      19     337.5860     892.9930    1281.3333     345.1123     5746.9065    -782.7692   -7505.9075     315.2544
      20     341.8106     882.3825    1289.3576     346.1547     5735.5694    -776.8492   -7438.0457     380.3799
      21     324.8625     924.0936    1280.2521     353.2528     5716.2300    -767.4487   -7437.3624     393.8798
      22     322.0938     880.5047    1255.3225     359.6914     5740.0545    -787.1724   -7412.0097     358.4849
      23     312.9282     861.5327    1256.1559     354.8923     5742.6626    -788.8964   -7506.3645     232.9108
      24     320.4210     861.0896    1285.1958     362.5264     5785.4023    -801.1813   -7509.1178     304.3359
      25     279.9458     851.1916    1281.9613     374.2014     5801.9248    -793.9157   -7364.1137     431.1956
      26     287.9793     897.3945    1279.8117     374.4656     5765.9669    -782.2816   -7486.8999     336.4365
      27     333.1194     878.6588    1282.1181     370.4744     5726.8771    -771.9330   -7424.6091     394.7057
      28     314.1403     831.0799    1291.5551     353.5765     5752.2877    -771.4276   -7501.3288     269.8833
      29     307.5549     873.0945    1274.4222     364.4248     5798.0622    -772.4427   -7461.3125     383.8034
      30     329.5832     864.0943    1281.9764     349.1815     5747.3844    -796.9040   -7463.5084     311.8074
      31     321.2064     842.6702    1278.7406     355.6020     5767.4233    -776.5354   -7470.7708     318.3363
      32     359.8197     868.0618    1287.3075     348.7707     5781.6651    -787.1242   -7481.7507     376.7499
      33     333.9346     873.2695    1278.2560     369.7835     5786.2535    -773.6542   -7543.1988     324.6442
      34     313.5958     836.8582    1303.9744     361.8406     5760.3186    -772.2759   -7583.8198     220.4920
      35     307.1860     880.7341    1270.8651     358.8014     5762.0347    -777.9789   -7521.8734     279.7691
      36     324.1708     836.8489    1253.0801     355.7943     5734.9743    -762.6033   -7379.3337     362.9313
      37     326.7754     887.3857    1289.4531     355.5036     5741.3363    -773.8384   -7597.8788     228.7369
      38     304.1778     884.1924    1295.6775     355.7942     5784.9939    -755.1402   -7439.2395     430.4561
      39     333.6755     840.4918    1287.2228     356.4465     5762.2199    -758.0204   -7502.8507     319.1854
      40     312.2387     897.2661    1279.7353     351.0899     5710.6537    -767.4709   -7491.3823     292.1305
      41     286.8609     878.7347    1282.0682     360.8476     5734.2538    -794.6164   -7483.8323     264.3164
      42     353.6150     912.7890    1273.1626     354.8041     5719.7661    -772.6150   -7454.3463     387.1756
      43     322.5380     859.9499    1283.5496     374.8535     5761.0970    -778.0833   -7445.8255     378.0791
      44     325.2677     885.6153    1296.6673     371.1444     5783.0182    -785.3792   -7498.1525     378.1812
      45     298.4548     841.7985    1280.1507     356.5745     5736.8054    -780.2000   -7567.8213     165.7626
      46     325.0686     867.9917    1301.3342     357.5341     5733.6449    -760.4870   -7565.7065     259.3800
      47     317.0872     842.4092    1280.2585     363.9749     5748.4618    -785.2121   -7514.0891     252.8904
      48     312.9641     853.4471    1257.4782     381.6951     5796.7021    -793.2231   -7472.8532     336.2103
      49     327.2954     857.9274    1299.7730     352.5404     5751.1982    -762.4579   -7591.4527     234.8239
      50     330.4327     850.5063    1276.3406     366.1408     5742.4639    -786.0155   -7552.7083     227.1606
      51     316.1114     894.2885    1315.2824     358.9093     5787.2906    -778.6705   -7528.8432     364.3685
      52     315.7543     845.6408    1266.0626     361.3559     5798.2741    -778.6075   -7448.6347     359.8455
      53     321.0732     876.6713    1277.4465     371.6188     5757.6495    -773.7492   -7471.3712     359.3390
      54     305.0199     871.2575    1297.2782     344.5671     5766.7530    -770.1700   -7497.1758     317.5299
      55     293.6910     875.6070    1292.9469     381.4769     5735.3688    -764.9519   -7386.1164     428.0222
      56     311.3016     885.2610    1298.4352     347.0409     5748.1209    -776.1790   -7402.1524     411.8282
      57     332.4915     856.6373    1289.3623     360.3169     5775.2205    -776.7515   -7420.9501     416.3269
      58     306.0346     830.7376    1295.3394     357.2496     5724.6308    -783.1725   -7339.4778     391.3417
      59     344.3222     870.3196    1269.6005     354.1017     5749.8510    -758.3553   -7401.8372     428.0024
      60     353.7247     880.6645    1282.2279     368.4046     5788.3628    -768.5028   -7514.1450     390.7366
      61     336.0926     867.0413    1292.7988     351.7825     5725.4663    -774.8242   -7430.8233     367.5338
      62     321.5595     889.6163    1275.2037     382.8446     5746.0066    -780.5643   -7455.0071     379.6593
      63     299.2091     862.9453    1281.1819     348.4122     5716.2841    -793.1508   -7462.7085     252.1733
      64     332.5512     859.6592    1288.3176     366.4021     5792.4957    -792.7550   -7464.5443     382.1265
      65     334.7279     873.8712    1271.6744     353.6183     5732.7545    -782.3807   -7477.6303     306.6353
      66     303.8920     871.5589    1285.4376     362.4543     5743.6734    -774.6096   -7487.3078     305.0988
      67     300.4324     852.5628    1301.3462     348.2943     5727.0882    -789.3368   -7413.9797     326.4073
      68     335.2283     840.8268    1289.1903     351.0365     5749.1047    -783.4456   -7433.4553     348.4858
      69     346.5694     833.3460    1295.3468     351.1283     5746.8513    -771.2414   -7451.8149     350.1855
      70     314.3373     855.5975    1256.6261     353.6214     5753.1754    -765.6613   -7437.7708     329.9255
      71     307.9959     874.6816    1266.6537     353.2782     5777.0638    -788.4924   -7444.9890     346.1918
      72     290.0770     865.9369    1288.5373     374.2640     5815.8030    -769.9278   -7595.0991     269.5914
      73     340.0986     872.7023    1297.2249     358.1934     5782.1519    -778.9205   -7474.8065     396.6440
      74     337.1867     903.5956    1271.2030     359.5759     5753.3547    -768.0610   -7531.0125     325.8425
      75     332.8668     874.0804    1274.5188     359.8222     5735.7816    -775.5387   -7493.9594     307.5717
      76     329.1126     915.6549    1262.3466     353.4777     5709.5705    -790.6178   -7445.1944     334.3502
      77     314.2780     859.5253    1289.6744     378.3784     5777.7656    -771.9415   -7424.8537     422.8264
      78     333.6860     853.8896    1272.4317     351.8910     5782.8311    -775.1311   -7491.7726     327.8257
      79     310.7789     877.2749    1290.3226     369.5222     5782.9915    -768.7598   -7491.9215     370.2088
      80     306.8191     817.7415    1279.4055     365.0605     5782.8153    -777.3216   -7533.7059     240.8144
      81     334.6919     861.0103    1302.4844     345.8992     5728.0184    -764.7361   -7548.4759     258.8922
      82     335.6328     858.5458    1266.3228     361.4426     5751.4317    -775.2161   -7432.9704     365.1891
      83     323.8044     876.1237    1296.0396     363.5356     5745.5426    -758.9646   -7503.3323     342.7489
      84     324.9281     871.6195    1297.4543     377.3570     5744.7060    -775.3521   -7501.6148     339.0980
      85     323.1634     835.3392    1274.0032     359.0630     5737.1573    -762.5803   -7383.2112     382.9345
      86     306.3320     879.6294    1287.9665     366.8322     5746.7263    -768.8483   -7440.4760     378.1621
      87     346.9664     868.7802    1279.4450     354.5698     5777.0335    -782.5934   -7490.5937     353.6078
      88     332.7495     843.5927    1270.7894     359.1579     5771.6598    -785.9225   -7340.6050     451.4217
      89     337.8720     862.8683    1294.3786     354.9718     5751.4329    -770.6524   -7337.4033     493.4679
      90     304.0480     888.0960    1288.3830     353.0408     5744.7784    -779.6825   -7343.5880     455.0758
      91     318.6940     878.2306    1297.7632     357.6651     5727.3630    -787.0280   -7365.7522     426.9358
      92     328.4258     866.7481    1297.0879     350.2632     5729.2583    -777.9270   -7330.4882     463.3681
      93     316.8422     834.6987    1303.1012     361.8723     5783.6216    -768.8108   -7422.2717     409.0536
      94     344.5809     868.8760    1289.5937     369.7784     5762.4476    -786.2283   -7306.9326     542.1157
      95     342.7334     872.6735    1271.3560     346.2175     5734.2645    -772.6674   -7385.7153     408.8623
      96     315.8590     843.0401    1284.7613     356.5957     5769.2321    -801.5834   -7324.2570     443.6477
      97     330.5170     876.3871    1306.3447     350.9881     5751.6815    -758.6819   -7492.1444     365.0921
      98     345.4356     853.6284    1284.0239     360.6815     5748.5895    -762.4691   -7381.7490     448.1408
      99     307.9632     835.7530    1279.7852     365.1579     5769.4665    -770.1417   -7457.0650     330.9190
     100     313.0182     855.2746    1289.2026     361.3466     5778.0459    -771.9342   -7506.6258     318.3278
     101     319.5190     859.6316    1308.9208     366.6631     5734.3813    -795.0886   -7402.5647     391.4624
     102     320.2447     861.3506    1281.5904     351.4451     5747.9707    -771.2515   -7454.4371     336.9130
     103     321.0624     883.3547    1287.6711     358.1606     5752.1952    -772.4997   -7547.9892     281.9550
     104     299.8321     914.3341    1300.4823     361.4520     5727.5101    -781.6089   -7431.3403     390.6615
     105     323.6038     840.3134    1265.3748     361.9446     5774.5271    -789.7176   -7489.0625     286.9836
     106     340.0698     872.2527    1276.9234     353.4056     5723.5057    -774.7211   -7344.7428     446.6933
     107     307.0450     846.7352    1284.9607     370.5604     5712.6527    -778.2706   -7343.0131     400.6703
     108     354.3862     854.3197    1274.1466     364.6266     5757.0522    -778.6315   -7335.6753     490.2246
     109     313.4313     872.1755    1287.3954     353.0867     5730.2854    -782.1587   -7305.1772     469.0383
     110     337.0525     861.1841    1272.1977     361.0274     5748.0250    -764.0710   -7362.0070     453.4087
     111     317.0665     871.6824    1270.8842     352.3660     5714.1134    -775.7951   -7273.5068     476.8106
     112     376.0443     855.1093    1272.9438     341.9842     5746.5338    -774.8702   -7339.7430     478.0022
     113     306.3281     871.8025    1273.8341     361.7480     5719.6143    -787.0707   -7257.6407     488.6158
     114     333.2331     876.3839    1262.4007     358.3705     5747.1856    -776.4793   -7442.2034     358.8912
     115     326.7076     899.0065    1269.3136     367.2557     5753.0899    -771.3517   -7365.5685     478.4532
     116     317.8212     896.1775    1283.1133     373.4864     5748.8383    -754.0866   -7300.4237     564.9265
     117     301.3591     864.2083    1271.8043     359.3182     5766.9125    -767.0024   -7275.7718     520.8282
     118     300.9924     897.5711    1293.9112     352.7116     5732.9571    -766.6489   -7388.7139     422.7807
     119     313.2286     889.3162    1280.1109     352.1613     5709.1277    -750.9268   -7386.1682     406.8498
     120     330.5239     897.1238    1275.6060     345.5065     5713.8018    -766.4819   -7252.5653     543.5149
     121     309.1224     899.0252    1286.0314     370.6568     5735.5321    -778.3250   -7409.8391     412.2039
     122     301.3050     925.7377    1287.9976     367.7411     5735.4604    -757.0285   -7361.3556     499.8577
     123     323.6814     848.3424    1277.4034     353.0503     5734.9880    -755.1434   -7451.9069     330.4151
     124     308.8619     866.3462    1302.9158     354.8140     5765.7145    -769.4506   -7384.0430     445.1588
     125     316.5725     825.9308    1276.1985     359.7901     5736.0289    -786.8725   -7407.1615     320.4868
     126     304.4093     891.9202    1261.0520     356.8230     5724.1739    -788.0240   -7486.8625     263.4919
     127     347.8617     886.4921    1281.6443     357.4026     5768.0959    -773.7475   -7579.8531     287.8960
     128     310.7264     870.4077    1264.9545     359.9281     5756.1539    -747.8303   -7417.7791     396.5614
     129     306.3572     868.9983    1283.9324     373.7100     5748.4794    -756.7225   -7574.3562     250.3986
     130     287.6692     843.0909    1293.5320     356.5119     5740.4280    -772.9997   -7479.0064     269.2257
     131     308.8251     867.1986    1258.7639     368.9223     5755.9387    -775.0773   -7548.8030     235.7682
     132     365.3039     851.4142    1281.5406     346.2672     5719.1308    -786.2147   -7425.3889     352.0531
     133     336.3751     881.2495    1261.4387     350.8941     5729.4228    -777.0147   -7417.3965     364.9691
     134     342.9273     901.0146    1276.7219     348.3599     5699.3668    -757.7414   -7479.2445     331.4045
     135     323.5250     895.6213    1307.7698     371.4525     5771.0971    -768.3521   -7554.7788     346.3347
     136     358.4518     891.2402    1283.5121     352.4806     5720.5675    -760.1614   -7470.8370     375.2538
     137     358.3544     845.2705    1263.3839     350.9547     5774.7869    -774.1804   -7389.5219     429.0481
     138     309.3077     890.1618    1281.4589     357.6301     5771.7108    -756.3795   -7556.4362     297.4536
     139     281.6298     880.5377    1272.3539     347.5756     5718.1410    -754.0697   -7374.2271     371.9411
     140     317.1045     894.7186    1274.3076     355.9588     5746.6690    -760.6360   -7512.9542     315.1683
     141     306.4747     840.4658    1267.6371     369.3229     5796.8647    -762.6866   -7372.7057     445.3729
     142     327.5933     858.8102    1277.0795     359.7874     5750.4232    -758.1280   -7392.1720     423.3936
     143     325.1473     816.8923    1293.0274     366.7449     5757.4624    -767.5042   -7314.5682     477.2020
     144     317.0988     863.5314    1264.4165     351.6331     5733.9119    -763.0940   -7374.1198     393.3780
     145     318.4088     842.5803    1293.4849     372.9176     5803.2875    -742.9919   -7410.5653     477.1218
     146     347.6624     852.0660    1278.1757     349.5916     5768.4412    -782.9966   -7290.2144     522.7259
     147     338.8275     888.8200    1281.9287     361.5710     5785.7777    -779.3062   -7366.7167     510.9020
     148     325.3549     870.0588    1289.7953     367.9186     5756.5981    -763.0391   -7444.4561     402.2304
     149     308.7520     872.8845    1283.4022     351.6653     5770.6691    -780.1879   -7469.3955     337.7898
     150     326.9133     884.5080    1283.0716     364.7323     5771.7486    -766.5857   -7410.2103     454.1777
     151     336.7176     826.1680    1279.6512     348.6121     5787.7768    -777.4937   -7437.6343     363.7977
     152     294.4019     853.0134    1268.8443     366.7331     5758.3038    -754.3730   -7509.9714     276.9521
     153     328.2345     878.9818    1283.2082     358.7042     5782.2305    -757.1578   -7579.9556     294.2457
     154     271.5052     848.2792    1255.3386     384.7444     5781.9221    -780.1309   -7513.5913     248.0673
     155     332.3291     860.2347    1270.8709     357.6556     5762.3575    -768.9768   -7513.2617     301.2095
     156     309.4153     873.4639    1272.9368     363.1088     5736.1885    -782.0977   -7523.2004     249.8152
     157     339.9809     839.1370    1284.3465     372.4880     5742.2358    -768.3240   -7532.9066     276.9576
     158     327.0767     851.0597    1270.0993     371.0848     5732.1220    -769.2797   -7510.1295     272.0331
     159     335.0485     836.6196    1288.6168     348.9791     5724.2215    -761.4761   -7442.5984     329.4111
     160     304.2402     878.5449    1282.0027     354.9288     5757.0979    -766.4102   -7506.0903     304.3140
     161     334.3676     876.2269    1280.2401     346.8231     5754.0230    -774.4850   -7465.9756     351.2203
     162     319.5738     833.2866    1296.8498     368.9706     5746.6799    -790.1969   -7385.0807     390.0830
     163     323.6285     886.8417    1268.9893     363.2251     5715.8597    -796.7588   -7496.8666     264.9188
     164     335.4111     829.8189    1271.5000     365.4437     5767.8019    -758.9566   -7434.2303     376.7887
     165     320.8224     866.7406    1284.7029     368.2626     5722.9575    -753.4018   -7318.7820     491.3021
     166     317.8497     846.0135    1289.5922     362.9907     5767.9007    -784.3592   -7373.7112     426.2764
     167     323.5104     848.9767    1289.9624     364.8080     5743.3642    -769.1896   -7394.1340     407.2981
     168     307.5295     868.6237    1273.1012     364.1345     5756.5797    -788.8032   -7418.6614     362.5041
     169     306.6213     845.5360    1284.1433     370.6231     5744.6681    -776.7257   -7404.9019     369.9641
     170     329.7061     864.7494    1284.2208     368.8624     5748.9058    -785.6208   -7371.6918     439.1320
     171     341.4691     830.0761    1279.3052     359.1042     5737.3669    -769.4550   -7434.7296     343.1369
     172     320.2207     855.1238    1272.4089     361.6287     5751.6300    -765.5280   -7373.0259     422.4581
     173     333.6721     862.0291    1259.5488     345.5532     5720.3402    -786.9815   -7450.6290     283.5329
     174     316.5474     870.7907    1265.1878     349.1443     5766.7267    -777.8634   -7464.9865     325.5471
     175     345.4574     871.8516    1262.1471     344.7900     5722.9250    -775.3930   -7384.5633     387.2148
     176     310.8364     867.0783    1275.0880     355.6827     5753.5116    -758.3891   -7428.0071     375.8008
     177     342.3559     937.8010    1282.5577     351.3389     5735.2395    -793.6913   -7434.7251     420.8766
     178     324.8962     875.1142    1271.2937     371.8969     5728.8049    -787.1131   -7401.2451     383.6476
     179     343.8704     832.3894    1264.3408     373.5497     5748.7394    -773.3573   -7520.4709     269.0614
     180     329.0127     890.4268    1268.1706     370.2154     5782.0275    -774.5937   -7538.7408     326.5186
     181     330.1556     885.0968    1273.2265     369.8790     5768.1817    -784.8012   -7471.3595     370.3788
     182     313.5116     859.0232    1284.9264     361.7303     5753.4948    -768.9254   -7480.4042     323.3567
     183     320.6709     860.9209    1268.6269     359.9574     5760.6447    -773.4663   -7464.1946     333.1598
     184     309.7110     839.9318    1291.4076     366.0976     5772.1867    -779.6860   -7391.0232     408.6254
     185     345.6951     838.8324    1269.1082     339.6297     5721.6348    -783.7969   -7394.0094     337.0939
     186     334.7268     811.2664    1274.9097     368.8934     5763.1581    -761.2004   -7503.5912     288.1628
     187     324.2817     850.5533    1269.0628     357.1433     5728.8748    -788.1596   -7380.6870     361.0693
     188     315.1908     861.3040    1272.5220     361.2084     5791.4264    -772.1591   -7488.5558     340.9366
     189     320.8458     897.6758    1294.7878     352.9834     5742.7405    -806.1016   -7335.3601     467.5717
     190     310.2177     892.4419    1251.0345     358.5508     5761.8759    -779.0036   -7355.5641     439.5531
     191     297.8686     886.7780    1276.0052     358.8269     5745.8555    -774.1319   -7412.1227     379.0795
     192     327.0067     862.8067    1264.1978     357.4325     5755.5722    -767.4046   -7475.8852     323.7260
     193     325.8532     848.3670    1265.0621     361.7553     5733.4041    -782.3946   -7308.2967     443.7504
     194     333.9354     873.9858    1283.6918     369.6365     5791.2574    -761.8448   -7447.3617     443.3004
     195     314.2508     917.8016    1307.4602     366.1980     5791.4787    -765.0792   -7534.9574     397.1527
     196     333.3160     845.9733    1291.0944     344.9427     5750.3230    -778.5921   -7431.7622     355.2951
     197     351.7822     888.9637    1289.5049     364.4603     5707.3763    -756.6131   -7391.4104     454.0638
     198     332.8395     894.6032    1278.3007     344.1630     5739.7340    -776.2757   -7427.0332     386.3315
     199     321.0734     842.5095    1289.7645     349.0845     5820.3095    -779.8613   -7419.8645     423.0156
     200     335.2621     851.6740    1292.2054     352.1392     5777.9174    -802.6886   -7421.8426     384.6669
     201     310.1931     891.7026    1284.2788     379.4820     5806.7554    -747.0639   -7481.7536     443.5944
     202     313.0904     886.9165    1267.8352     345.1979     5764.9067    -769.9064   -7397.5955     410.4447
     203     299.1593     902.1025    1289.6349     360.4712     5746.5383    -767.8841   -7364.1953     465.8268
     204     316.3637     879.9797    1274.1139     354.4811     5816.5627    -778.6644   -7402.2585     460.5782
     205     317.9709     881.1537    1277.9525     360.4709     5758.3820    -771.6011   -7460.3150     364.0138
     206     293.0861     864.0864    1315.5781     366.3049     5788.9167    -770.7519   -7550.3400     306.8803
     207     298.4010     858.1683    1267.8881     366.1414     5816.4426    -772.8289   -7534.3913     299.8213
     208     290.4486     883.3737    1272.5970     362.9055     5741.8911    -766.1145   -7516.9140     268.1875
     209     314.3017     878.3072    1273.4612     361.6849     5765.7586    -773.7686   -7481.7083     338.0367
     210     319.5589     851.8651    1273.2826     350.2742     5766.1886    -771.0074   -7489.8363     300.3258
     211     330.6893     868.4523    1277.4203     349.9030     5768.8561    -768.8523   -7447.9080     378.5608
     212     319.9847     839.9450    1285.2338     373.2394     5780.5927    -776.7525   -7495.9371     326.3062
     213     340.8523     839.0277    1300.1548     365.6885     5762.7475    -781.6199   -7493.1657     333.6851
     214     335.0494     911.7942    1275.5828     341.7866     5773.1973    -766.2072   -7537.5989     333.6042
     215     310.0220     871.2218    1301.7924     351.9009     5811.4030    -757.1720   -7423.6562     465.5120
     216     311.1209     863.7960    1274.0451     355.4787     5771.6468    -770.3675   -7428.7249     376.9951
     217     334.3338     899.0278    1292.3306     362.3922     5771.0957    -787.0551   -7374.4652     497.6599
     218     322.2690     877.6676    1286.0407     361.0965     5758.7363    -777.5552   -7478.7554     349.4995
     219     322.8962     845.7552    1270.2145     358.6862     5745.4751    -770.6188   -7409.5991     362.8093
     220     331.0980     858.1945    1297.8535     352.3987     5749.0651    -761.7685   -7460.2178     366.6235
     221     328.6692     878.8062    1298.8098     381.6953     5786.3665    -776.2585   -7529.3292     368.7593
     222     330.2689     826.9458    1305.5385     358.6015     5730.3832    -772.0753   -7521.1851     258.4775
     223     318.2971     870.4313    1275.8079     362.1780     5768.4891    -774.0849   -7610.0655     211.0529
     224     311.8189     866.3524    1274.7351     358.4327     5737.0410    -769.4162   -7493.2537     285.7102
     225     310.2238     894.7653    1271.6430     346.5536     5732.8261    -770.3865   -7447.8430     337.7822
     226     317.5594     877.7993    1286.9204     355.2715     5767.2986    -773.6546   -7618.7471     212.4475
     227     315.4080     871.8589    1269.5621     357.8056     5754.9655    -779.0110   -7488.7203     301.8688
     228     320.3597     873.1659    1298.0777     358.6654     5728.1854    -774.7156   -7447.6141     356.1243
     229     335.1634     890.9127    1270.8022     354.3402     5713.2549    -765.6386   -7286.0506     512.7841
     230     313.5989     869.2720    1301.0173     353.1789     5745.1958    -773.6194   -7389.1267     419.5168
     231     309.5333     918.1400    1260.2564     350.8665     5733.5015    -760.7878   -7376.4184     435.0915
     232     319.3403     885.1256    1278.5788     366.4665     5730.6484    -763.2360   -7301.5588     515.3649
     233     322.7072     843.4888    1256.6124     363.8727     5769.4174    -787.1246   -7336.1981     432.7757
     234     313.7902     883.3097    1291.4906     366.9056     5758.7936    -792.2714   -7318.5235     503.4948
     235     335.2962     891.0326    1289.6054     350.0943     5757.7646    -768.3983   -7314.2181     541.1767
     236     326.3369     872.8362    1272.5681     357.0267     5745.6819    -769.2518   -7265.1935     540.0045
     237     274.9878     840.8818    1288.8902     364.8526     5771.0647    -791.9008   -7354.3148     394.4615
     238     301.2703     849.5059    1264.5502     368.1328     5744.3324    -780.4996   -7346.2500     401.0420
     239     330.5042     895.7583    1275.8514     353.2029     5748.0193    -787.2259   -7413.2769     402.8333
     240     319.6853     862.2290    1280.7811     359.3459     5759.9842    -777.0627   -7325.4718     479.4910
     241     300.8698     905.2024    1267.8419     363.5799     5780.5588    -774.8451   -7340.3988     502.8088
     242     322.2077     868.3143    1273.7172     359.9389     5738.5898    -773.8348   -7332.3672     456.5659
     243     294.1744     915.4948    1264.6024     359.9054     5719.1673    -785.3416   -7394.0991     373.9036
     244     314.0406     865.3150    1258.8504     358.9923     5758.0263    -768.1642   -7378.0308     409.0295
     245     324.2173     855.4755    1279.9672     367.3873     5767.6070    -782.4378   -7379.1240     433.0924
     246     321.9936     885.2951    1285.1261     353.0074     5767.4752    -782.7411   -7291.2055     538.9509
     247     327.4535     823.1556    1285.5518     360.0658     5806.7433    -776.8745   -7414.7823     411.3132
     248     319.5924     901.8739    1287.2713     350.0373     5737.8802    -763.2512   -7320.2811     513.1228
     249     346.8467     842.2800    1274.5139     357.9659     5760.1144    -773.2528   -7411.1583     397.3098
     250     298.1098     880.7259    1270.5341     356.6970     5755.2932    -781.3988   -7473.4235     306.5376
     251     348.0256     907.0202    1281.1647     350.9564     5723.6614    -786.4168   -7286.6293     537.7822
     252     324.8560     843.7737    1276.7744     352.2837     5701.5270    -771.9319   -7287.1074     440.1756
     253     295.6406     874.7751    1288.4243     353.2992     5736.5936    -787.2062   -7282.0353     479.4914
     254     324.6953     860.9793    1273.5813     354.8901     5749.5314    -790.8877   -7383.3305     389.4591
     255     318.4120     892.9543    1281.7722     361.7564     5709.4354    -744.1438   -7358.7183     461.4681
     256     339.8857     868.0428    1289.3075     351.9405     5738.0840    -778.2978   -7393.0682     415.8944
     257     351.8029     866.3839    1272.0606     356.6718     5706.4739    -761.6652   -7361.3460     430.3819
     258     322.1089     852.1888    1272.7569     365.3905     5724.7490    -782.8640   -7372.7177     381.6124
     259     340.4478     835.1464    1280.7980     367.7578     5758.4852    -754.2678   -7412.6366     415.7308
     260     321.1684     864.1339    1286.1178     362.0746     5753.3762    -767.6903   -7442.8256     376.3549
     261     335.2733     868.0788    1269.5085     369.5394     5739.1277    -769.6679   -7449.6585     362.2013
     262     334.3378     863.6154    1282.1644     372.1818     5767.5872    -775.3545   -7410.3140     434.2181
     263     317.3511     889.7198    1289.6697     354.8884     5741.6362    -758.6273   -7448.7327     385.9052
     264     330.4161     838.0220    1283.9206     354.1315     5737.2226    -790.3841   -7367.8470     385.4817
     265     314.9827     888.2666    1287.3301     363.6252     5741.5929    -790.3638   -7351.8209     453.6128
     266     317.6119     870.5262    1295.9942     372.6702     5733.9128    -768.0986   -7450.8421     371.7746
     267     310.7322     856.6875    1291.3082     364.4384     5735.6071    -788.6461   -7465.1397     304.9876
     268     349.4651     815.5047    1265.3484     359.4011     5733.8521    -750.6877   -7430.6692     342.2144
     269     318.9372     890.1332    1297.7375     363.0334     5762.8138    -777.8559   -7378.0335     476.7657
     270     355.4051     851.4250    1298.8758     356.0284     5722.8189    -778.7591   -7429.4659     376.3282
     271     312.3996     855.6630    1270.3786     360.6389     5726.2897    -778.6856   -7443.4921     303.1920
     272     317.9536     915.8346    1282.2285     354.1428     5740.0523    -773.0763   -7372.3489     464.7867
     273     341.1674     857.3746    1288.2793     367.6431     5761.4066    -770.5256   -7452.4302     392.9153
     274     320.1507     879.6340    1280.2494     352.8489     5731.3174    -765.3795   -7484.3954     314.4255
     275     298.8472     881.6377    1283.5421     359.0160     5754.2370    -768.0234   -7398.7298     410.5267
     276     322.5687     877.8201    1279.5509     362.6637     5748.7050    -755.1907   -7404.1305     431.9872
     277     346.1313     855.1750    1274.1179     362.2695     5766.8561    -751.8999   -7405.1662     447.4837
     278     301.8755     870.5161    1283.7824     352.2200     5741.5221    -783.4131   -7401.7071     364.7959
     279     338.6334     843.5827    1262.9735     346.1965     5737.9497    -772.0220   -7310.1824     447.1315
     280     341.2475     893.2457    1285.8079     363.8148     5767.0819    -737.7090   -7321.7752     591.7136
     281     300.9377     827.2033    1295.7568     367.9224     5788.1519    -791.2047   -7372.4877     416.2797
     282     350.4072     828.5713    1291.7194     361.6298     5744.7026    -752.0907   -7311.0555     513.8842
     283     339.7004     863.8277    1312.0419     349.9116     5741.3850    -772.4976   -7318.5353     515.8337
     284     326.8815     849.7756    1269.1751     346.2442     5781.4201    -761.5374   -7379.0760     432.8831
     285     330.3595     870.0428    1285.2832     342.6910     5778.5241    -783.2878   -7351.3802     472.2326
     286     313.1458     925.2188    1292.6741     349.3800     5746.6410    -773.5686   -7435.7492     417.7419
     287     342.3637     877.1545    1278.3927     362.0403     5742.5540    -755.4864   -7345.0364     501.9825
     288     344.0291     842.3471    1276.5186     353.6110     5792.2958    -784.9668   -7500.0373     323.7974
     289     304.4978     912.7055    1303.9797     363.8801     5736.7360    -787.1499   -7384.8680     449.7812
     290     325.0126     818.1603    1271.2448     364.4495     5802.3844    -756.0297   -7483.7511     341.4707
     291     341.9259     839.4996    1290.9459     346.0428     5744.2067    -772.3504   -7353.8729     436.3975
     292     339.5103     846.9672    1273.8598     351.6787     5746.8056    -786.5922   -7398.4353     373.7941
     293     321.1348     835.7603    1278.4943     358.8056     5788.1226    -781.5375   -7412.9797     387.8002
     294     320.1785     851.3606    1278.7907     360.1948     5763.0320    -767.1059   -7383.1568     423.2939
     295     321.6102     846.6792    1288.0088     353.8644     5768.7204    -776.9761   -7395.8078     406.0990
     296     311.1502     882.4895    1279.5103     355.1007     5707.9075    -756.1787   -7357.3140     422.6655
     297     357.8600     864.9676    1260.5600     366.1032     5772.9058    -774.3617   -7342.3626     505.6722
     298     347.5973     865.3939    1279.0950     364.4537     5788.4758    -770.5573   -7371.9962     502.4621
     299     362.5094     909.4291    1285.6330     355.1058     5746.7020    -787.0678   -7382.9240     489.3875
     300     354.4674     873.5577    1278.2129     361.1218     5728.4996    -784.7430   -7342.2178     468.8986
     301     321.9035     905.2135    1281.2459     368.3995     5725.3637    -779.1498   -7406.2837     416.6927
     302     318.2433     913.8948    1278.4348     361.4163     5749.1991    -760.9013   -7335.4402     524.8468
     303     344.6040     854.9305    1277.9004     353.8958     5747.9257    -778.4504   -7331.2631     469.5431
     304     332.9454     854.0243    1281.6292     361.1445     5746.9517    -777.0508   -7562.1025     237.5419
     305     314.6525     866.2697    1290.3935     369.0467     5745.0894    -772.2455   -7379.7020     433.5043
     306     302.7477     865.8195    1271.0605     367.8406     5766.5719    -791.5669   -7462.7475     319.7258
     307     338.2646     874.3521    1294.5784     355.5682     5741.0371    -772.1777   -7494.0383     337.5843
     308     315.7040     898.4001    1270.0487     357.1233     5739.0235    -773.6796   -7479.8498     326.7702
     309     316.4689     896.2211    1277.0834     351.3102     5775.1318    -790.8337   -7451.8651     373.5165
     310     322.8803     888.7418    1277.8698     356.3401     5745.5832    -795.6650   -7497.8429     297.9073
     311     320.6945     882.8796    1287.0624     370.5041     5803.5021    -779.6974   -7569.8593     315.0861
     312     323.9194     868.8268    1293.2843     358.6736     5777.2170    -779.4409   -7472.4474     370.0328
     313     324.7636     864.7257    1295.1921     371.7904     5768.3916    -776.6478   -7509.1351     339.0806
     314     327.3403     872.4976    1284.2614     380.7050     5801.1657    -766.5838   -7571.3804     328.0058
     315     307.4923     883.2719    1279.3807     351.5155     5769.5597    -783.7885   -7483.6263     323.8053
     316     339.8008     886.6499    1307.2291     357.8971     5721.0853    -773.1898   -7370.6966     468.7759
     317     291.8334     889.0557    1269.8813     355.8310     5767.9078    -754.4599   -7403.8933     416.1560
     318     323.5271     895.2243    1272.8145     343.7931     5720.5899    -769.4656   -7392.9027     393.5805
     319     310.7876     888.4916    1257.5508     359.5630     5744.3221    -761.5144   -7366.8702     432.3304
     320     333.2205     851.6406    1268.9087     369.3758     5751.8923    -760.1638   -7311.0681     503.8062
     321     370.3720     869.0593    1276.6588     362.6808     5762.7736    -771.3535   -7357.0717     513.1192
     322     323.1842     887.0119    1277.1140     354.7217     5747.0443    -780.1077   -7436.1943     372.7740
     323     319.8732     914.8458    1276.0993     356.1523     5772.0444    -773.1559   -7405.3612     460.4980
     324     318.7198     868.2055    1271.4351     350.4714     5736.6368    -786.2376   -7300.3716     458.8596
     325     317.8556     865.6311    1266.5474     354.8571     5738.0016    -774.7050   -7363.6421     404.5457
     326     339.6719     842.3969    1298.2283     354.8924     5752.1878    -779.2417   -7487.3291     320.8065
     327     321.7165     920.0356    1273.2623     353.5064     5758.1550    -778.7626   -7348.3562     499.5571
     328     321.0665     834.2756    1266.6440     361.0655     5748.6578    -755.7370   -7460.4451     315.5273
     329     329.9585     891.6527    1288.6379     340.5393     5699.7880    -767.5863   -7351.8142     431.1759
     330     336.0997     863.9046    1274.1467     354.0930     5782.7676    -753.4636   -7458.7561     398.7919
     331     333.3304     898.9276    1294.8184     344.0016     5714.1992    -783.4165   -7466.3343     335.5264
     332     332.8043     880.6614    1296.3992     363.6570     5722.3773    -748.5212   -7373.9658     473.4122
     333     320.9645     896.5969    1276.9759     359.7765     5761.3312    -787.6051   -7422.8125     405.2275
     334     309.9805     910.0432    1289.5755     355.5070     5766.2398    -767.7454   -7573.6527     289.9480
     335     302.2897     853.7606    1315.5152     368.2716     5774.6294    -763.3765   -7569.8205     281.2695
     336     348.4980     896.3751    1289.1689     351.0621     5746.4886    -781.4997   -7530.1818     319.9112
     337     314.0675     873.3230    1298.8680     366.1546     5746.9088    -781.4659   -7467.2464     350.6097
     338     329.7743     886.1877    1264.7969     360.5198     5755.8325    -767.2184   -7467.1368     362.7560
     339     303.6116     835.6695    1280.7374     378.7492     5765.5897    -763.6306   -7530.7553     269.9715
     340     290.0780     884.0888    1286.4298     367.7128     5737.0317    -772.8091   -7504.2625     288.2694
     341     308.3768     887.5998    1267.4176     364.5165     5770.1238    -785.1926   -7392.8857     419.9561
     342     347.2569     914.8838    1267.1226     368.7780     5766.6646    -759.3000   -7448.8669     456.5390
     343     335.4913     890.1426    1280.7892     349.1629     5727.9944    -759.7971   -7468.1049     355.6786
     344     333.2405     896.0122    1273.5558     366.6220     5745.6013    -761.7280   -7452.7222     400.5817
     345     329.1150     883.0413    1278.2765     358.1250     5768.8967    -745.2196   -7400.6993     471.5356
     346     315.9289     860.9839    1289.9974     352.5054     5744.1088    -777.9372   -7400.1354     385.4519
     347     326.8712     860.9960    1299.0211     374.4804     5773.5396    -750.4490   -7434.2357     450.2235
     348     331.3262     895.3240    1286.9978     359.5195     5760.3045    -782.9289   -7428.2615     422.2816
     349     340.8892     863.5296    1287.0060     347.7107     5747.7184    -776.7103   -7430.0540     380.0896
     350     317.7275     853.2815    1293.6229     350.6194     5780.6045    -785.8179   -7423.6317     386.4062
     351     323.2062     872.3883    1277.7632     374.8825     5757.6124    -760.6435   -7459.1080     386.1012
     352     311.5166     867.9846    1268.3452     366.0114     5785.4467    -755.2445   -7477.2520     366.8080
     353     329.4829     873.9513    1277.9362     353.3956     5741.4307    -775.0587   -7427.9382     373.1999
     354     318.6884     853.0721    1295.8477     369.6352     5741.5193    -769.9273   -7413.3018     395.5334
     355     299.5319     852.4897    1258.0549     356.7423     5780.1232    -777.2886   -7441.8175     327.8358
     356     345.1590     907.4902    1304.6302     356.8407     5768.0039    -765.1931   -7473.8897     443.0411
     357     328.6033     828.4881    1288.8707     358.0829     5733.8426    -799.0000   -7418.0376     320.8501
     358     318.8341     886.8993    1267.3146     359.0862     5734.7523    -756.2108   -7483.3708     327.3049
     359     331.2921     853.0458    1298.9301     357.4972     5758.0583    -784.4261   -7481.4026     332.9949
     360     309.2792     881.3448    1275.5273     355.9249     5726.1045    -770.6383   -7475.0202     302.5224
     361     294.4567     860.5894    1278.6732     367.0771     5773.1467    -776.0348   -7531.2394     266.6689
     362     300.6777     857.9988    1256.8217     367.2018     5733.5141    -770.0686   -7488.6964     257.4492
     363     307.5363     871.7668    1273.2259     355.9734     5757.3506    -780.1647   -7444.8498     340.8386
     364     327.8976     882.9667    1267.6308     342.8674     5730.1758    -762.6827   -7383.9965     404.8592
     365     314.3117     851.3272    1275.3895     369.4038     5778.1379    -773.4173   -7608.4099     206.7430
     366     312.7492     874.7950    1298.3378     351.8679     5757.2397    -779.1446   -7549.3958     266.4490
     367     309.4499     876.6721    1273.8595     345.2562     5739.0061    -769.3783   -7405.4557     369.4099
     368     311.7013     843.2926    1267.8268     351.5336     5781.0538    -775.2067   -7532.6589     247.5425
     369     346.8244     879.2247    1268.7344     367.0278     5777.3899    -769.2509   -7536.1625     333.7879
     370     322.6959     867.7639    1267.0030     359.9146     5763.4561    -757.1791   -7517.2853     306.3691
     371     312.1343     862.1565    1301.0460     366.5918     5771.8944    -768.3562   -7427.3923     418.0747
     372     302.2398     888.4299    1275.2418     371.3220     5759.2082    -771.5545   -7375.7009     449.1864
     373     314.0242     857.0135    1269.1992     361.7430     5743.0513    -751.0249   -7440.2772     353.7290
     374     326.7125     883.6576    1265.4067     364.7909     5747.1480    -757.4318   -7465.3874     364.8965
     375     306.8113     873.9897    1274.1918     368.5663     5759.9340    -767.2248   -7460.6084     355.6599
     376     326.9599     871.9699    1273.2023     367.9236     5730.9999    -762.0941   -7438.9404     370.0211
     377     343.1388     875.0104    1294.0682     361.7876     5783.0262    -772.1208   -7464.5758     420.3348
     378     321.1943     854.0972    1279.3977     359.0677     5750.1362    -783.6852   -7446.2476     333.9603
     379     328.8833     867.6320    1261.5177     366.9413     5739.4514    -777.6947   -7409.3061     377.4249
     380     367.1450     856.5780    1273.4983     346.0028     5732.0702    -790.4270   -7347.9336     436.9337
     381     319.1054     890.0695    1281.9303     356.0484     5707.8299    -777.3175   -7335.4164     442.2496
     382     362.9019     847.4380    1267.8589     360.8253     5742.9173    -766.5709   -7277.3358     538.0348
     383     306.3120     887.8356    1270.3351     362.5428     5772.6636    -774.5548   -7486.1754     338.9589
     384     322.3223     867.1899    1251.9704     349.9239     5755.4217    -759.5432   -7410.4998     376.7854
     385     328.7121     875.4240    1278.8961     362.6494     5766.2733    -776.3049   -7415.8572     419.7928
     386     307.5721     929.5927    1275.2201     372.5634     5761.9809    -756.9212   -7551.8043     338.2037
     387     340.7864     897.6161    1242.2619     359.2216     5735.3239    -771.5001   -7467.3115     336.3984
     388     315.1119     848.1290    1272.1603     355.5965     5700.4067    -786.0544   -7333.2157     372.1343
     389     324.2581     880.3988    1250.1376     366.0706     5750.7061    -739.3001   -7457.6934     374.5777
     390     319.9024     900.0136    1269.7856     353.8574     5735.9305    -776.9953   -7462.0346     340.4596
     391     304.3700     893.3825    1251.4117     360.3308     5742.1016    -771.1057   -7406.4516     374.0393
     392     312.5160     869.7480    1276.3279     366.6466     5737.6399    -781.2316   -7482.9904     298.6563
     393     335.6963     841.3414    1270.5448     359.2750     5746.2628    -788.8494   -7504.3807     259.8903
     394     311.9089     885.2932    1284.5079     358.6645     5766.2536    -760.0972   -7505.8647     340.6662
     395     318.9999     836.2674    1270.5177     366.6880     5758.3410    -770.1163   -7508.0472     272.6506
     396     334.9853     864.1407    1284.0486     361.0621     5757.0600    -781.8486   -7552.8722     266.5759
     397     328.2160     867.6976    1280.7741     359.3672     5761.3517    -798.2182   -7465.4659     333.7225
     398     332.0741     834.8347    1255.8545     358.3876     5749.8566    -783.1494   -7467.5799     280.2782
     399     321.3649     888.3717    1277.0177     367.2955     5723.8857    -782.2295   -7458.0417     337.6644
     400     326.1289     850.4835    1292.5119     361.0637     5745.6506    -770.0060   -7540.7395     265.0931
     401     314.0857     876.4868    1276.3401     354.7569     5764.0500    -758.5804   -7480.8745     346.2647
     402     325.0911     879.0164    1282.5630     376.2904     5789.0971    -778.5955   -7475.4534     398.0091
     403     329.8931     894.0859    1283.0627     358.6188     5746.3046    -775.0537   -7527.0813     309.8302
     404     307.6944     888.6463    1260.7165     356.6632     5768.7081    -781.1376   -7545.1537     256.1372
     405     340.3437     875.0371    1283.8647     366.1938     5748.1451    -766.9626   -7526.9741     319.6476
     406     327.7208     892.9517    1298.6994     357.5197     5754.8733    -788.7337   -7639.5734     203.4579
     407     340.4620     861.8947    1271.0336     352.9597     5780.4546    -772.5041   -7514.0771     320.2235
     408     309.3803     843.3017    1268.8610     366.9952     5745.9225    -776.4663   -7563.6510     194.3436
     409     314.3202     835.4451    1280.0828     371.8292     5774.4806    -766.6501   -7605.7700     203.7379
     410     336.0127     884.2994    1315.2722     365.4406     5772.5393    -790.6561   -7565.4246     317.4836
     411     317.6474     873.3915    1277.7281     365.3324     5769.8379    -758.4369   -7521.6363     323.8641
     412     326.8586     857.4222    1291.3508     347.0766     5762.8103    -771.3554   -7529.3137     284.8493
     413     312.5109     869.2399    1289.0299     369.7489     5769.6850    -749.2656   -7541.4625     319.4865
     414     333.2656     837.5881    1291.3191     354.1322     5739.7496    -797.0975   -7518.5344     240.4227
     415     312.3317     861.0593    1279.7895     362.5740     5754.5404    -753.8628   -7529.2658     287.1665
     416     311.7521     867.5799    1270.4652     367.4517     5762.3947    -753.9058   -7454.3686     371.3692
     417     326.1964     883.9738    1281.3901     359.9078     5735.5304    -770.6801   -7503.2465     313.0720
     418     331.6696     858.9331    1270.1343     352.4163     5751.8622    -785.4410   -7540.6104     238.9642
     419     329.5332     856.5992    1272.3855     347.2281     5754.5466    -775.5009   -7548.9550     235.8367
     420     315.7369     887.6633    1263.5924     363.1109     5743.8279    -762.6517   -7551.0167     260.2630
     421     341.8351     860.7437    1276.1943     359.0895     5774.2245    -777.4557   -7462.7501     371.8813
     422     316.3006     868.7155    1270.9999     365.7440     5732.4004    -783.2812   -7538.0342     232.8450
     423     327.4115     853.5619    1276.3864     354.1363     5744.8883    -790.5079   -7504.2353     261.6412
     424     337.6138     870.0852    1304.0489     356.6636     5757.9141    -762.6797   -7463.7789     399.8670
     425     316.9686     916.4807    1299.9513     355.1038     5741.1626    -773.2646   -7426.9269     429.4755
     426     322.2492     834.6353    1295.3411     357.8251     5762.0798    -793.7833   -7457.2542     321.0930
     427     313.6306     812.5592    1289.2339     346.7912     5761.5146    -794.7789   -7377.3186     351.6319
     428     313.0933     855.4075    1281.1852     349.3752     5772.3237    -780.4076   -7465.2541     325.7232
     429     318.9158     886.8549    1286.6850     355.2589     5767.9773    -783.6289   -7453.2110     378.8521
     430     333.7221     848.3062    1286.0137     350.6950     5744.5946    -760.5795   -7477.0738     325.6783
     431     309.4040     902.0537    1293.9091     354.6031     5754.3790    -760.5210   -7377.1115     476.7164
     432     302.9109     890.6333    1294.0959     361.4662     5774.3340    -748.3718   -7484.9986     390.0698
     433     333.9371     890.8218    1266.8979     370.0799     5771.6174    -781.3238   -7540.2257     311.8045
     434     305.4079     884.0912    1275.8343     358.1465     5746.8054    -756.9588   -7429.6421     383.6844
     435     336.7439     872.9727    1252.6253     361.0619     5705.1833    -766.5052   -7456.7578     305.3242
     436     336.7919     886.3294    1274.8411     357.0121     5763.2741    -783.3815   -7424.0265     410.8408
     437     304.7914     846.7451    1294.6413     360.1854     5795.2230    -756.9079   -7508.7502     335.9280
     438     317.9121     845.1305    1305.0713     371.2461     5756.2803    -777.1270   -7523.0782     295.4351
     439     346.5556     884.6421    1293.9264     357.7120     5779.5343    -769.3245   -7500.5158     392.5302
     440     332.0577     868.7636    1296.0960     366.2026     5806.6579    -774.3858   -7547.2914     348.1006
     441     315.8354     888.2145    1299.1854     369.2504     5718.3974    -774.9437   -7443.1112     372.8281
     442     351.2225     851.3527    1285.2212     362.0022     5782.8248    -795.6564   -7513.4438     323.5232
     443     324.5443     890.1535    1255.2428     365.8158     5755.9260    -780.2973   -7402.9276     408.4573
     444     317.8153     852.8066    1273.1748     364.7641     5768.4169    -773.0184   -7464.2471     339.7121
     445     327.5802     838.8273    1272.3530     367.4719     5762.6983    -783.8739   -7439.7610     345.2958
     446     322.7274     882.7502    1292.0252     357.1434     5735.3195    -773.9258   -7518.2801     297.7597
     447     329.3448     841.8285    1264.0547     357.3110     5757.7313    -776.3971   -7440.1916     333.6814
     448     311.9760     889.1204    1268.0856     354.3165     5757.7791    -780.5652   -7465.4510     335.2614
     449     310.3112     852.9457    1298.2173     374.6233     5792.2243    -771.6569   -7421.2417     435.4233
     450     316.3470     854.4592    1270.6607     381.0419     5768.0828    -759.6930   -7372.3586     458.5398
     451     327.1065     859.7338    1264.8126     348.2380     5765.3106    -756.9214   -7446.8099     361.4702
     452     317.8494     870.8278    1295.2560     359.9751     5757.4902    -779.9778   -7460.9438     360.4768
     453     308.8264     837.0215    1282.4625     357.8205     5763.2494    -751.0693   -7450.8127     347.4982
     454     306.5378     850.6969    1285.6398     366.6712     5783.5745    -782.8430   -7523.4245     286.8527
     455     337.8922     842.9459    1268.9629     367.5437     5738.5314    -775.4839   -7368.8094     411.5828
     456     344.4492     899.9625    1279.7785     349.4136     5706.4635    -773.2249   -7453.6601     353.1823
     457     303.3317     873.3964    1262.2096     349.6794     5761.6509    -776.6777   -7535.2065     238.3837
     458     353.2684     862.9266    1281.6578     358.9551     5769.9556    -787.9746   -7405.3271     433.4618
     459     322.8756     895.5011    1274.7690     354.2789     5748.3962    -773.7335   -7420.5628     401.5245
     460     317.9124     840.2911    1301.6154     355.3885     5772.0564    -778.6410   -7487.2792     321.3437
     461     310.5051     838.1443    1270.0695     363.8415     5807.9123    -785.5835   -7583.4028     221.4863
     462     323.9542     833.6369    1297.9590     366.7597     5807.8583    -781.7936   -7573.8738     274.5008
     463     325.3403     881.1839    1277.3213     347.3875     5780.6837    -781.3007   -7585.7576     244.8584
     464     314.3224     856.2883    1303.3689     379.6161     5758.3283    -777.0344   -7528.8591     306.0306
     465     321.5454     859.8510    1293.0888     349.2501     5752.8621    -784.5543   -7424.2149     367.8282
     466     332.6952     930.0935    1285.2936     359.5327     5765.8418    -782.0099   -7531.1806     360.2663
     467     326.1374     851.9283    1276.1529     350.7609     5767.5119    -784.9192   -7465.9115     321.6606
     468     333.2531     847.6393    1287.6306     359.4333     5778.7264    -784.4822   -7519.4980     302.7025
     469     328.1309     890.4253    1282.2020     356.5938     5749.2760    -776.2792   -7492.8711     337.4776
     470     323.7076     852.3863    1274.2077     361.5114     5750.9680    -791.2475   -7547.9736     223.5598
     471     321.6494     885.2982    1294.8631     352.5990     5740.4318    -786.0846   -7487.9247     320.8322
     472     306.9304     882.2911    1250.1990     364.5902     5725.6268    -783.6798   -7391.7933     354.1646
     473     319.3663     833.3528    1273.8462     360.7177     5765.9843    -766.1613   -7514.6937     272.4123
     474     316.8650     860.7747    1266.5520     369.0592     5752.9759    -780.5301   -7454.0372     331.6596
     475     329.1052     878.6295    1281.1082     371.5930     5768.2895    -764.7889   -7471.3500     392.5865
     476     340.6555     881.6009    1247.5436     351.9430     5762.8676    -772.8590   -7476.0795     335.6721
     477     353.3604     894.6748    1278.7207     346.9989     5756.0976    -779.6337   -7392.8925     457.3262
     478     303.4183     856.1974    1296.7683     354.1257     5778.8906    -774.1163   -7368.7123     446.5716
     479     328.6533     847.5706    1274.1692     350.8503     5764.6506    -798.0509   -7447.8325     320.0106
     480     340.6632     819.2245    1274.1302     352.7097     5745.7270    -779.3342   -7360.4418     392.6786
     481     298.6928     882.0569    1269.5374     355.8020     5756.6548    -769.8127   -7494.5424     298.3888
     482     328.6860     903.4780    1274.2393     358.6189     5770.5862    -760.5411   -7467.7889     407.2784
     483     312.8807     875.7981    1277.6224     364.7792     5741.7584    -782.8793   -7462.2730     327.6865
     484     351.9147     853.9241    1278.7065     374.6991     5812.9596    -752.5717   -7468.8189     450.8134
     485     314.1796     883.5353    1264.6449     356.6046     5797.6171    -763.9439   -7446.2369     406.4007
     486     294.6137     873.9825    1284.7876     373.2457     5774.0204    -761.9102   -7442.5511     396.1885
     487     330.5325     863.0320    1277.5158     361.8592     5782.7641    -774.3385   -7480.3046     361.0605
     488     354.1273     861.4042    1273.7264     361.5436     5734.3853    -753.7723   -7528.0567     303.3578
     489     320.1402     846.0790    1272.8782     364.7203     5746.0087    -775.0795   -7475.1318     299.6151
     490     305.2087     840.0418    1284.1001     363.3774     5781.3044    -786.7911   -7596.9764     190.2648
     491     329.0771     858.4582    1285.1434     364.4442     5774.2222    -774.5765   -7599.9819     236.7867
     492     328.3375     866.3504    1284.5636     350.9212     5773.6991    -790.2094   -7502.1833     311.4791
     493     339.7392     853.4946    1281.5025     365.8654     5789.2877    -767.0843   -7574.5978     288.2074
     494     294.4307     832.5945    1277.5397     370.2715     5785.4909    -762.1052   -7523.8033     274.4186
     495     315.7418     884.5337    1266.4261     360.1757     5773.2440    -763.4538   -7607.1877     229.4799
     496     333.3829     857.4567    1255.7700     341.9970     5744.5137    -752.9524   -7534.3037     245.8641
     497     314.2128     857.1468    1286.9679     348.9258     5761.3465    -784.0997   -7513.3656     271.1346
     498     329.3763     859.4031    1285.7791     367.5720     5786.1566    -781.9964   -7536.4365     309.8542
     499     316.6788     817.4977    1295.3106     347.0089     5781.9058    -782.0405   -7586.8467     189.5145
     500     325.1102     871.4549    1283.8123     353.8972     5782.0682    -759.8109   -7671.9406     184.5914
