0 7.7202743820117234
1 7.813801740904865
2 8.444024170613348
3 8.646344704555164
4 8.114953596583467
5 8.270040540318048
6 8.51660399430931
7 7.015111185889731
8 5.0584569830902035
9 4.734380642767454
10 6.4086228178877125
11 6.0478272386590275
12 5.600465066698308
13 5.334051731024044
14 5.829894749806047
15 7.575022346058378
16 7.631067075504749
17 8.21779769659294
18 8.100671010187696
19 8.12720955866811
20 7.7210513588677365
21 6.968448077568163
22 7.604092358164448
23 8.03754400534275
24 6.8859262201215365
25 7.142228500659794
26 7.196960899942514
27 7.0256390085386595
28 8.595464045628491
29 7.272699779345978
30 8.104735058826233
31 5.981798273071701
32 6.739442615510694
33 7.474872957067307
34 7.725740418257197
35 7.05519415966237
36 4.595354308738488
37 2.747834468086112
38 5.1741148567531035
39 5.83408159981365
40 4.368482810336151
41 7.3508623021158135
42 6.789233029984282
43 7.330299197909089
44 6.986992855126717
45 8.971315318517727
46 2.9694928168757655
47 3.4944242338722753
48 4.819406912223561
49 2.830336267811826
50 3.7394613184201146
51 4.2157613695653895
52 6.562316411311465
53 7.28210050261781
54 8.136258075934016
55 7.5228697811681515
56 5.916031764088288
57 7.375150066520253
58 8.926852375753208
59 6.573370710893926
60 3.9101845699897235
61 3.5392983244669205
62 3.671691718217231
63 3.6403456000193977
64 3.365088176548924
65 3.488653539081263
66 3.837260670750891
67 3.8908413243213342
68 5.640132573001079
69 3.761514845467397
70 3.439839746370522
71 3.1135032231044217
72 3.573610607786563
73 8.632383793468883
74 8.38321387706547
75 8.037723171960359
76 9.52168051788541
77 7.909419236182526
78 6.660811087825741
79 5.86069437944678
80 8.546035639618095
81 7.22198435558136
82 7.4284844747194425
83 6.608233512668342
84 6.811954902470877
85 6.931639067340645
86 9.065925585166555
87 8.05839003518814
88 7.296607187349588
89 8.22724924550172
90 7.727752972294272
91 8.005134637663195
92 7.450936226328323
93 6.994804893610799
94 9.008926325957095
95 7.164717472357868
96 7.658734421031848
97 6.520550680576851
98 6.14618688608715
99 3.76227066676956
100 5.784308360844306
101 3.1563415263218864
102 3.68260394875867
103 4.136295741059005
104 5.151461216138318
105 5.089007896130903
106 3.4841655308393684
107 3.2117911638894627
108 3.665229682572052
109 3.3261449558474534
110 3.344245565913902
111 3.5115645522817385
112 5.258098070859376
113 4.896370758035399
114 6.678941790730779
115 7.760079982198408
116 7.783597139619576
117 8.322118306867747
118 8.94626559721838
119 7.966989282997595
120 7.15118566367997
121 8.949871314842808
122 9.622428556264417
123 8.536339827438816
124 6.713818589375858
125 8.756538817406613
126 7.9570382001274815
127 8.289190737058822
128 7.650728629856908
129 6.219731256895176
130 8.561363972559908
131 7.086769367276779
132 5.810570322885335
133 6.330471917609768
134 7.715721992063125
135 8.567803924555939
136 7.196799354492628
137 7.2885684474745585
138 7.416880702190005
139 7.0123646499698555
140 6.418452349244499
141 5.481128810360269
142 3.4892591635725725
143 3.5805209628790404
144 6.0894344500581505
145 5.775004655627949
146 6.133546847125305
147 7.5272737118442405
148 4.736484378670129
149 6.875504590968255
150 6.987578528991228
151 7.0102411148822625
152 6.858131616837995
153 7.371167810315844
154 6.227141051609568
155 6.521326593245658
156 7.322123179975893
157 8.188348567841016
158 4.896418575490617
159 8.065263425061813
160 7.756381404878539
161 4.19448303210017
162 8.477940053694683
163 9.583693985270344
164 7.914816393852926
165 8.490906590037739
166 8.022012512302865
167 6.462457044152603
168 8.44577262168954
169 5.532917624600229
170 9.17192525118834
171 8.293877304956407
172 7.787510339640556
173 8.453740723419513
174 7.34171904287004
175 7.571274776747453
176 8.585598464906942
177 6.759341054002372
178 7.739846077207252
179 8.171295473301948
180 7.625511957322587
181 8.92922763112195
182 5.169326651301648
183 3.329977633750983
184 6.422940928734232
185 3.372727659415258
186 3.7337365022560336
187 3.3864942644093037
188 3.3480200078272437
189 3.4255472112093788
190 3.6248336237874743
191 3.1868378355348046
192 3.726060868519472
193 3.501257067397669
194 3.776452218903625
195 3.889881049053647
196 3.1145183963327425
197 3.5696269141811108
198 3.880856032138982
199 3.41050415311076
200 3.511736121509249
201 3.5404913241097686
202 3.813078298457729
203 3.7154512150733785
204 3.3463045977486248
205 3.789649676747635
206 3.6248784612833207
207 3.3414361814000246
208 3.4711688570121453
209 3.43897432348417
210 2.826959904671422
211 3.357988451015873
212 3.477285427561534
213 3.4988159489839434
214 3.670895166464099
215 3.840771595270311
216 3.7437660670707484
217 3.705274268296492
218 3.233044787265876
219 3.5849186310203507
220 2.7792469407303684
221 3.847807400399914
222 3.5255590803693537
223 3.205009488771169
224 3.6751826580156095
225 3.455273500306511
226 3.6925761283063254
227 3.080496824352212
228 4.013411813211854
229 3.398693118799034
230 3.130060932882648
231 3.299634105298985
232 3.5197667989134747
233 3.7408156538517483
234 3.8442551841057533
235 3.4423191074534354
236 3.336349068101018
237 3.4231522436919413
238 6.298641835315347
239 3.469463714163822
240 3.4681395617115713
241 3.288510718427207
242 6.403874893364605
243 5.350636830978202
244 7.549942262905491
245 7.5249272608099975
246 5.5357243816803905
247 5.859038590212494
248 6.806077990956915
249 8.183066250801566
250 8.378776900361533
251 8.93403972093896
252 9.468963594280538
253 7.559331733405574
254 7.074032904478059
255 3.5052448579007778
256 3.519364181088387
257 3.4243760182295886
258 3.1266144654216244
259 3.3930372497167443
260 3.5751821158610824
261 3.7291471522392325
262 3.4387436918902403
263 3.4179804819710777
264 3.499682767488151
265 4.850668741558395
266 5.137972117111212
267 6.2664240713781565
268 4.645909509683947
269 4.326196370699235
270 4.600524434070287
271 6.089136360010432
272 3.5665307074857306
273 3.739782659949528
274 3.4725360162529726
275 3.550610869165204
276 3.702800581669936
277 3.871041075279427
278 4.288071909908422
279 3.405345833505086
280 5.594910466001305
281 4.953147975100995
282 3.646288810897098
283 3.1852311483151445
284 2.835209884180077
285 4.921247420341619
286 5.065606567468974
287 4.192738791700284
288 3.826215249321818
289 3.651377628689197
290 6.44810769225565
291 7.790243930228134
292 7.315385971542234
293 7.364348301843271
294 5.533570395580942
295 7.41793356159426
296 8.84546974566511
297 5.682333851007191
298 7.592279849881673
299 8.222253571734845
300 7.8539257469024735
301 7.444554481849771
302 7.945577307069695
303 8.02643683501964
304 6.917807748252027
305 6.932723948483855
306 7.97019440947818
307 7.859392429612357
308 7.8507138168279536
309 8.50585259583647
310 7.9895027512819246
311 7.065621418054054
312 8.614222278463698
313 5.841390378234932
314 6.936215268003256
315 8.358706030630268
316 8.123037224434258
317 8.210833785116224
318 7.969320244980358
319 8.102847775705364
320 8.703030928594323
321 8.816303692470903
322 7.604612854047008
323 7.774849559244515
324 7.749500755262959
325 7.5911531629173306
326 7.8347077827159515
327 5.652646451534871
328 5.531304064592656
329 6.089258424566726
330 6.629261515963801
331 8.78067654375743
332 7.32499228636774
333 8.667543765750526
334 6.543636891631513
335 7.11685362256162
336 7.289771695267795
337 8.749236062864187
338 7.560375202056911
339 8.918640173082265
340 6.109541634373282
341 5.228575958057597
342 7.744913773392937
343 8.447775073764703
344 6.869317650694078
345 7.4936548748143545
346 7.351344231309292
347 7.599510614312737
348 6.617993377749407
349 7.06441890152962
350 7.463703665873933
351 8.521927608892529
352 7.834834751418276
353 8.866902139063544
354 7.521653226935053
355 8.088862914477337
356 6.008454256158717
357 8.399221740745194
358 7.6570591761763485
359 7.570219708881552
360 6.579796289064021
361 3.696412063337708
362 3.04139270094309
363 3.3514445789480782
364 3.4038014927081597
365 3.2987460987058457
366 3.250777557878924
367 3.5340492268593717
368 3.468950752878537
369 3.1477035253473207
370 3.212359042426768
371 3.3737721857948704
372 3.5103070215574004
373 3.6152115859665424
374 3.41609753385215
375 3.7365527903481586
376 2.8500236927772553
377 3.55486209756742
378 3.6858171494024763
379 3.3749583665857457
380 3.385088350131646
381 5.371105200182062
382 6.333273434962994
383 6.754580557093668
384 5.806126433012138
385 7.103486073836541
386 6.438453098457234
387 6.566282048760783
388 8.845461051820289
389 6.284679290849415
390 6.76850693230666
391 4.791064199728428
392 6.799886880377762
393 6.1124439094522165
394 6.243639654355255
395 4.573991408487064
396 3.6555151269055868
397 5.847481456372634
398 3.647262452885233
399 3.59441682536291
400 3.550551426894864
401 3.391283760777345
402 6.573204775550103
403 4.660123039715899
404 3.580841478649881
405 3.75646642124158
406 8.288618405140236
407 8.676392285498274
408 6.659728507778231
409 7.604360469768862
410 9.044683146466472
411 8.36439008657009
412 7.865061799817026
413 6.6534619501955
414 7.792622131184252
415 5.871150467894855
416 5.010111296156029
417 6.56873857217631
418 8.016475147657548
419 6.760825909984962
420 7.103873027166227
421 3.6049868998371735
422 3.5502899728530966
423 2.836830942674652
424 4.05095958875036
425 4.022036025919735
426 3.4138349364190113
427 3.5166386697613774
428 3.4497672714548044
429 3.0790469305004815
430 3.598591669169819
431 4.88754374190278
432 3.426677885385131
433 4.682139950606988
434 3.488199044217632
435 3.448759895991606
436 3.8368674291681253
437 3.867663236801703
438 3.506935339442439
439 3.410557174360138
440 3.51716980157711
441 3.496177906458424
442 3.7202773341132453
443 3.396465252329999
444 3.9133291186030186
445 3.8757290350651683
446 3.285232518699217
447 3.5298920777441873
448 2.983578113572676
449 3.2358024796421314
450 3.5650005870662973
451 5.4806227193121755
452 6.625292747235902
453 7.816965274796597
454 6.287864277304084
455 9.672885153439136
456 6.859434202611788
457 5.018234946490475
458 3.4219635565789304
459 3.6505333689582002
460 5.8011597574780085
461 5.043787680097365
462 3.3236829373077748
463 3.515738130556088
464 5.0962228396838185
465 3.4635172488666104
466 3.6481351172431054
467 3.7193080461978845
468 3.4754186448425908
469 2.8970762256273312
470 2.791482825308593
471 3.734857280467677
472 3.330376752474648
473 3.399908540582868
474 3.2951507743456614
475 4.016025819176866
476 3.2205996593934216
477 3.561237584589677
478 3.6289391068886614
479 3.6633376296578977
480 3.0445659684846573
481 7.449591664101761
482 7.435373612303223
483 8.87755355239496
484 8.002711981391462
485 6.381294621421731
486 8.590062727768716
487 6.305495700461768
488 3.944747456738953
489 3.4682227946086925
490 4.684079612010601
491 5.5183569540473005
492 3.363134369103546
493 3.455677709062863
494 3.4772934238944107
495 3.6742504708231487
496 3.112474446266726
497 4.374635651320442
498 6.175399940285356
499 6.782170737714189
