0 7.862469526389041
1 3.854188026639143
2 8.071657147676875
3 7.888250841116257
4 7.844994017349772
5 5.459447939093581
6 6.095353302755506
7 8.275893128306812
8 8.181118238282156
9 8.574668084070082
10 6.4833975796000205
11 7.145110711944735
12 7.676143838149122
13 9.172340717548204
14 6.834335628471414
15 6.614345756316618
16 3.7024609850105614
17 7.780087032272023
18 6.942024316382045
19 3.9736238055158575
20 8.960259303063154
21 6.592401651917409
22 9.488195978869545
23 3.826628664503406
24 6.29012562551496
25 4.079500355508837
26 3.9235301641771874
27 4.5190781136455875
28 8.568356134240071
29 3.966598189267578
30 7.044457147216805
31 7.220963078296026
32 7.818306639485957
33 9.617293713011684
34 7.478455569669801
35 8.007599350405412
36 9.414162921097795
37 9.82872644755185
38 6.444994868243435
39 8.55031762573701
40 8.430760932868672
41 7.743179430149146
42 8.759620063444713
43 7.7679958196413015
44 7.536389489228002
45 8.876594260673166
46 8.527645801599007
47 8.185817621862986
48 8.754635569652034
49 7.497234669781734
50 8.572648790598373
51 9.59137046842285
52 8.105501339109717
53 8.660878045994465
54 8.343753106581442
55 9.547163390298213
56 8.035436418525558
57 9.01534676854596
58 8.324183260893847
59 8.652489575662543
60 8.98212446504053
61 8.501547879537204
62 8.920583879170875
63 9.060928407557164
64 9.281721872117
65 6.911131065097535
66 7.489553334888123
67 8.413972104894153
68 8.18799813290162
69 8.57242222079006
70 8.62519759679392
71 8.68044041288452
72 7.848109087699649
73 8.375714327921457
74 8.103879013466711
75 7.164172995382261
76 7.997815429820754
77 7.923577245879068
78 8.753878799153968
79 7.316593610885974
80 7.483057047959496
81 7.130435061200476
82 6.284646986432261
83 7.186423301145166
84 6.251060697280974
85 6.767231340821242
86 7.472239568909495
87 7.147025977335312
88 7.306492006398435
89 8.86835433073221
90 6.998681519655793
91 8.862697821642511
92 5.7789999383060735
93 9.27962485863869
94 5.2039759109945605
95 7.926315762373461
96 7.2585839204266875
97 7.588882066059846
98 9.937365290994581
99 5.406202491588121
100 4.732365578667224
101 3.4395820553845295
102 6.079124343598469
103 4.865260618081559
104 4.61006717439954
105 5.764470598003658
106 6.231837096792732
107 5.712325156248721
108 3.6100288688670488
109 7.677431345009166
110 5.06424205410064
111 2.910009662299496
112 6.476248821328696
113 4.321562874067955
114 7.057307213231392
115 3.8005821490087546
116 7.656608530989911
117 6.0509214344009425
118 5.9934516867633825
119 6.469442272633383
120 6.986123023570667
121 4.922605596496037
122 9.111765888879644
123 9.956674012764678
124 7.453942907617423
125 6.9028809645373395
126 8.538783997768492
127 7.222892389808165
128 9.841019349324363
129 9.307335022134302
130 7.366274457183328
131 8.498765182779263
132 7.982492753522763
133 9.43833478596171
134 6.8889482731748295
135 7.869396899750552
136 9.123987920857743
137 5.522426292337355
138 6.953125071773787
139 7.312509898419064
140 7.945666223875192
141 6.053349652993369
142 5.780964366687216
143 6.76307807407255
144 5.140494032564811
145 5.258627924933756
146 6.813131559575294
147 6.3935718486325355
148 6.733621070260168
149 8.176129863402648
150 10.108939192480598
151 8.006093677010822
152 8.403380773186298
153 7.7015826540701315
154 7.3336744824888305
155 5.617377654334994
156 5.8047594633833235
157 5.210395187480586
158 8.663146405849899
159 7.364017075795916
160 6.544555966089668
161 7.450099959451745
162 8.257923183854174
163 6.329721537389961
164 7.774673204267625
165 6.6859320888371085
166 8.79920875344758
167 6.159890946440241
168 8.350454967280736
169 6.79901961274257
170 9.240761272430463
171 8.442296515920818
172 9.15093368739434
173 6.5826862533114845
174 6.964726899017837
175 6.095815585550157
176 5.904384848682466
177 7.883694425761591
178 8.770923224459676
179 6.202801689380938
180 9.069506972907691
181 7.959485017314193
182 10.147754829533968
183 6.819230802737017
184 8.408362983140009
185 7.146326047840949
186 7.676195697923701
187 6.275607998517232
188 3.8719597858910326
189 3.946209512560776
190 8.221354849851565
191 6.824404823246025
192 7.125230473254145
193 8.638408937708869
194 8.512326164257889
195 8.399321167501158
196 8.994221288546075
197 8.542759840619427
198 9.45170466762424
199 7.092164514481206
200 7.1143277394214826
201 8.588101670501342
202 9.559639112797651
203 8.887930209300322
204 7.616449117561694
205 5.149745505702991
206 7.93773520132294
207 6.417350554882687
208 6.59713866621828
209 8.055544674457481
210 6.770556450175275
211 7.376003686019746
212 6.9691199317965715
213 4.22180262377551
214 6.639424329965385
215 9.32276747903037
216 8.122756045410013
217 8.733787238890944
218 8.693201868433867
219 7.433536926825071
220 6.5108820350370795
221 7.2082168883913775
222 8.936309432331358
223 7.359506119523851
224 7.602075795040301
225 5.24073519552097
226 8.503085443451077
227 8.261376660473353
228 8.327117253819818
229 8.344972011663451
230 7.789167975557687
231 7.675246241581679
232 8.978367309361877
233 8.097112154464748
234 8.822422270994263
235 6.722053249393098
236 8.168404949574159
237 7.561094124006981
238 9.149144182016654
239 8.006608067014222
240 9.499897196379923
241 7.532417261413457
242 7.781984462023694
243 7.2394093512941895
244 7.52254242399798
245 4.524402988777813
246 5.505906357436905
247 7.1845816147064765
248 5.936352602304656
249 7.551428519099907
250 7.715662645840899
251 7.516243107256453
252 8.075623831036506
253 5.969937107081766
254 8.405811268312839
255 8.614082791863261
256 6.363426652549622
257 8.029197553253777
258 6.128458394651421
259 8.202805601871479
260 6.547220350243891
261 7.096221808470841
262 11.092149879393983
263 5.68323884200669
264 9.400730718996568
265 8.372402075746908
266 8.066441492957498
267 7.9351410968208835
268 8.07604872856707
269 3.624957087197022
270 8.110362306014775
271 3.69151617900541
272 6.3527389166313775
273 8.391728070976605
274 7.561064009367004
275 8.017918243932458
276 8.790668558269982
277 9.321738140018939
278 7.122355940124513
279 8.087180913588881
280 5.5063739941412395
281 7.606860242037822
282 8.8537899853158
283 7.3247868976146115
284 6.258013764266305
285 6.491586926615844
286 4.44261649828541
287 4.059984539388484
288 5.78143170851129
289 7.2459824633844185
290 7.057248597431198
291 3.963695929169981
292 6.291661743537276
293 7.342256884352711
294 6.499280907894854
295 7.179369333252659
296 7.194776582941918
297 8.280759301917143
298 8.465986580994501
299 9.062975479300789
300 6.2025083338087805
301 7.157454136088604
302 3.880891347414028
303 6.000256186648835
304 7.763528498036408
305 7.481309026323455
306 10.20797768878509
307 8.973207340121066
308 8.852024442827581
309 8.543142845827951
310 7.012176728046631
311 9.319198680039541
312 6.613279841022773
313 7.575113350715931
314 6.688730874691999
315 8.624042811188076
316 6.468822266212505
317 8.084875505899475
318 9.050596834155066
319 6.535230267250911
320 8.952712424883687
321 6.641230425846058
322 6.833930763499826
323 8.186982177601408
324 9.536043485566216
325 8.562633410748004
326 8.730176194961421
327 6.205662696282407
328 9.342957077453361
329 8.85452767498637
330 10.168079878058712
331 7.3273637906939575
332 9.115547492670025
333 8.224512229240585
334 6.949662302556205
335 6.391182924095398
336 8.645255497585445
337 7.640716253781471
338 8.896262112340793
339 5.704532827086935
340 7.994674346574419
341 6.2068902970857565
342 5.655286116717155
343 8.818763618588443
344 6.058003108003344
345 7.459163296150453
346 8.406570841142663
347 8.102432733396851
348 6.23566447775332
349 5.1756578896588605
350 3.9250713245441355
351 9.034054343983499
352 6.409880878483455
353 8.59042098187692
354 6.438899015490823
355 9.33832709807663
356 7.842442687292692
357 9.46673142820184
358 6.6706183679269495
359 8.627121377637957
360 10.933996302705413
361 9.967937779677179
362 8.547142469012286
363 9.451522629114084
364 3.9126696142341224
365 5.8046497960677925
366 6.20214241973921
367 7.774589170840024
368 7.149899645887386
369 3.80554876800033
370 9.01597881608951
371 3.8642156214579555
372 7.259319510506546
373 3.93873144552497
374 5.962375939196968
375 4.158034525782301
376 8.21074073709317
377 6.513206418770247
378 6.699239381519459
379 4.142314276683326
380 5.437572360468889
381 6.429677255164184
382 7.655750070004307
383 8.002831296200219
384 7.604852916501819
385 9.149602980980392
386 5.207654893127279
387 8.222698110743062
388 6.907462093588218
389 8.115563129802682
390 5.618965912380655
391 7.93338498585382
392 9.181591213624609
393 9.262451106275893
394 7.83003747531735
395 7.047291569553029
396 5.644266090681417
397 5.690791691762071
398 7.073204327428893
399 3.547682145903736
400 3.8906272556155765
401 5.946662296858148
402 5.746592242835947
403 5.990350204805087
404 6.361538428231967
405 5.892862288514232
406 6.261030177628121
407 5.819758918554145
408 7.482520685375284
409 7.630666266249359
410 8.268111946305474
411 6.086063644661526
412 6.238218671786162
413 5.993260788268915
414 6.632172469037191
415 7.743939517803196
416 3.623518993481612
417 7.7202355623895675
418 3.226457082797871
419 5.871265500014831
420 3.8259234202314563
421 3.8573991092279667
422 6.266066398274979
423 6.87298138298834
424 3.535353203510637
425 6.329265218336817
426 8.838759997791291
427 6.371927902099839
428 8.750748449558934
429 8.921723894187274
430 8.216009769195741
431 5.413234047699694
432 9.326101139119482
433 7.559488296637083
434 8.276888407352875
435 7.553571948056072
436 9.516914213535093
437 8.439401415630096
438 8.3482539470541
439 8.985675003672126
440 8.59924255998029
441 8.644731095219973
442 6.556607557058757
443 8.865430013384916
444 6.79526535505349
445 6.479639262904628
446 7.612152351016424
447 6.815376774295558
448 6.560235700410224
449 7.827378308425039
450 4.350210923400784
451 6.997324684652318
452 7.581028319342796
453 7.49225259257603
454 7.625833577686278
455 8.456455156006779
456 7.25610853533497
457 5.836100008555719
458 6.834341303832438
459 5.472984038081908
460 7.440903424171506
461 7.55779283691613
462 7.821354029243126
463 9.325668424914507
464 8.570882833430176
465 6.707783872706659
466 7.839145521739675
467 7.75532263595806
468 8.42707090076478
469 9.090908257135368
470 7.663896458497743
471 7.95577286701652
472 8.018515632123318
473 7.886903648413918
474 6.391559725446183
475 7.3419478846487625
476 8.421303043757987
477 4.026528643491661
478 7.773146506869676
479 9.0782873988164
480 9.193596117630479
481 8.74879510979723
482 7.545865365013029
483 8.102955970776124
484 8.718384452993893
485 8.46848583923728
486 6.0431341078925325
487 8.923209650544761
488 8.921022350976545
489 4.315599029594155
490 9.825763300679286
491 8.748638655017999
492 7.395793366509224
493 8.95997870944669
494 8.569272892487774
495 8.25869472015152
496 8.378697138501627
497 9.310294388949158
498 6.310213164087177
499 8.34171855198085
