0 7.578325727965611
1 5.5668607712187725
2 3.827282849443507
3 3.829385239804947
4 3.963936880515021
5 3.581288871873872
6 5.970837898915903
7 6.443717557739526
8 7.050225859266115
9 5.62740034542109
10 7.080019873430059
11 8.100815161594056
12 5.39608789056554
13 7.831141748846886
14 8.023057208007373
15 4.5129722868402125
16 4.770947400202378
17 6.64902897909736
18 5.816373968090163
19 6.3112933038306505
20 5.666211319152069
21 5.711723855766058
22 6.211750712205248
23 4.9484845621225055
24 5.160686730512217
25 5.448655117021633
26 5.445554857774175
27 4.581830197173132
28 10.000675215770556
29 9.785434186154868
30 8.947776042048668
31 11.293876676666823
32 10.306840315081402
33 9.939581037587011
34 8.541630379959551
35 9.182231618618195
36 9.840436995136098
37 9.229280710142989
38 9.950732405800402
39 8.63766948476379
40 9.825228202246263
41 9.593616814620786
42 9.471257649694072
43 9.22303025707364
44 7.408383648047508
45 8.327780292178446
46 9.143992287145245
47 9.771984707874477
48 9.510972610199197
49 10.975409349713452
50 9.539332779812414
51 7.454238955615114
52 9.877894766355338
53 9.896353254790487
54 9.222122575103551
55 10.367355406870766
56 10.232310675622015
57 10.99705703374653
58 10.251602987521105
59 10.199790274760788
60 10.060037869887735
61 8.928556237504113
62 10.585304491286115
63 10.906443756589267
64 10.565512054243037
65 9.498689397215422
66 9.629862446444564
67 9.348855998738317
68 8.55217564613658
69 11.13527110976911
70 10.143437356073745
71 8.817484214022821
72 9.067209709207193
73 8.522289766076408
74 10.056334097821868
75 10.27962444438791
76 9.380115214966542
77 8.618541079006036
78 9.724926800926616
79 10.225325404109125
80 9.126520731284069
81 10.438485701782424
82 8.997065699798364
83 9.03345158790399
84 10.323529346468714
85 8.36633844083592
86 9.16708030203908
87 9.913185107211048
88 9.474526783667619
89 9.877464111130097
90 8.952225529859032
91 11.72777462344159
92 8.996923584420003
93 9.448570124349512
94 9.384393970401838
95 9.606391749232882
96 7.823106304409055
97 10.656875321227151
98 9.620509405722476
99 9.0860277846433
100 9.828506349933367
101 9.38879428509581
102 9.948476627545677
103 9.271524356341855
104 9.114345417199553
105 9.518479334492001
106 9.043351907141238
107 9.276477962255335
108 9.566412868199023
109 8.372712609470991
110 9.080261448560984
111 8.840802509026403
112 8.84324316779645
113 10.766325629512643
114 10.132474088623551
115 9.879706342541333
116 8.767511382326148
117 9.250337512602771
118 10.575445111188943
119 9.703855044055954
120 9.070908997237419
121 10.955618739360464
122 10.383381676755208
123 9.828282504479082
124 9.109762487327663
125 8.29607013859756
126 8.70596320896513
127 11.204211036529175
128 9.219593475012832
129 9.913039779776067
130 10.501802612981757
131 8.418226293416467
132 9.846771496018311
133 9.21223306287534
134 10.336358979476636
135 10.046567467765447
136 9.335692521435163
137 10.214528562622535
138 10.041596651743117
139 9.159619098279698
140 11.197674012122906
141 9.352683788045567
142 9.041175223665329
143 9.239808475322517
144 9.8153486733084
145 9.060587133299904
146 8.240010472136163
147 7.659669491758881
148 9.227924583407495
149 10.156533083617829
150 8.33693917663665
151 9.803244971019
152 9.044758646709502
153 8.92330513633496
154 9.397401121971926
155 8.715226295902786
156 9.11977948252468
157 10.46659548957083
158 9.85988532940427
159 8.820511215883936
160 9.670760419161358
161 8.969530325176343
162 8.112196884126721
163 9.886640305063931
164 10.244744727125859
165 11.180014133144564
166 13.088684372453042
167 11.460833799310139
168 10.70689792243099
169 11.604570183673479
170 7.202934714305805
171 8.747099556867585
172 9.36595903855641
173 10.128123586073253
174 8.909229309914416
175 12.698453393424199
176 10.366041586983195
177 10.120544741825778
178 11.696151031548347
179 11.146219393571439
180 11.709922296825937
181 10.734226677745935
182 10.571556869889767
183 10.76620731660574
184 9.886672697764809
185 8.101134266213862
186 9.150328672969945
187 8.723490184234764
188 10.063117202829552
189 8.761336833191098
190 10.223121433770169
191 9.920289692082436
192 9.814202271553386
193 8.722752972788905
194 8.281658089570776
195 8.322863509711192
196 7.1773882751997995
197 10.647542451081305
198 11.336503665649934
199 9.10100899896476
200 10.396121300893899
201 9.289624016211866
202 10.571816927457714
203 9.66260770591621
204 9.465300368258331
205 10.31523315013204
206 10.256344221528977
207 9.44688236511004
208 9.859634602057778
209 10.07322588470428
210 9.447343817328765
211 10.508767713284355
212 9.969875377496578
213 9.251903988618816
214 9.49958063122012
215 8.523140712420199
216 10.012414930903187
217 9.140841437693657
218 9.27393856415099
219 8.702551896741992
220 9.082216509594257
221 9.906421161658923
222 8.628599315316054
223 9.956967842667755
224 9.38775361812918
225 10.78026359419289
226 9.712251267981326
227 9.516073112816008
228 9.389603339995187
229 9.337535959928834
230 9.934129230678563
231 8.824859663320716
232 9.72627549321508
233 9.025543276243939
234 9.591177350527078
235 9.231235682426224
236 9.654356452957392
237 9.21215498287206
238 8.613643160751682
239 9.90193101450401
240 9.306914224797676
241 10.579742159962278
242 9.775919006476032
243 10.523314351130189
244 9.854990079819455
245 9.300934034414308
246 9.801801318762385
247 9.950166113486148
248 8.98101682632889
249 9.352631592923828
250 8.987615942073026
251 9.649800062346314
252 10.201679022791916
253 9.962750750782181
254 9.14806636740698
255 9.014032745798893
256 10.065675295486715
257 10.603167142007452
258 10.656555870949122
259 9.47207740753141
260 9.753550838741962
261 10.806222907698572
262 10.37289823818723
263 9.712724520494351
264 7.928062439942948
265 10.476293132664376
266 9.01864556814334
267 9.741799881940436
268 8.412976271351715
269 10.133460516396626
270 10.231362780856935
271 8.178705241314988
272 9.48211875076701
273 9.151359017092204
274 9.972957984998157
275 10.700283600734291
276 10.258114474521635
277 9.685688249862288
278 9.932569369638955
279 9.018994964845282
280 8.780591132443229
281 9.75247075234981
282 8.565612296616388
283 9.603447210200624
284 10.434707009790252
285 9.716827184451452
286 10.095131793166503
287 8.719035433585049
288 9.05850711756815
289 9.660259393126235
290 9.763706001922476
291 9.168683292526262
292 9.396337918733865
293 8.976606292142112
294 9.750939701676408
295 8.382037575714323
296 10.212794999957389
297 8.835275105351396
298 10.038675473022344
299 8.042748235267085
300 9.800592836567798
301 8.639157655047875
302 9.059354291753435
303 8.866278412603487
304 10.084997140149243
305 9.79736417170495
306 8.310316963214397
307 9.925308115330445
308 10.21039528764874
309 8.902778974033497
310 8.254654379511452
311 8.693984730314378
312 10.669203626127912
313 10.360247537369585
314 9.247581121898865
315 8.60583841254969
316 8.248059653933113
317 9.618128765783744
318 8.68068317197439
319 8.151590663317236
320 9.127220478154157
321 8.935228977723428
322 11.347548732117552
323 9.189095920208212
324 10.322320900284023
325 9.290189095515139
326 9.508002705149085
327 10.663895470982357
328 10.774802535398393
329 10.00177701717559
330 9.251897435439904
331 10.521354103049777
332 9.402908933638297
333 10.49225213319116
334 9.068044592437065
335 9.161533517220679
336 9.345455696963208
337 9.160840693144094
338 9.303560932775
339 10.226388982997712
340 9.41444798830954
341 9.677059863317611
342 8.312580819123935
343 8.189211623975256
344 8.248728250873597
345 9.98584619628856
346 8.939761346983703
347 10.361781768560615
348 9.989373727691719
349 8.286504713711206
350 7.082116769722337
351 10.308338600978988
352 8.811771490000043
353 7.911983053428995
354 7.8251482171000175
355 9.176099097942169
356 9.945767023471246
357 9.303899414530575
358 9.625871091032211
359 9.50566701004027
360 10.407980585819162
361 9.109084799382266
362 9.823989024496909
363 9.063532836379323
364 9.341181427041137
365 8.95657051486051
366 10.359638894063899
367 10.035118446833115
368 9.015253886008585
369 10.427275814151255
370 8.750666352975385
371 9.18381862801639
372 8.176880937861583
373 9.764929606624275
374 10.022339090711494
375 10.080462472914402
376 10.760970138178164
377 11.39856606341307
378 11.126857664211187
379 9.814852625217119
380 10.805956368494707
381 9.146202104480201
382 9.26284328302331
383 8.933786833362452
384 10.863439290092542
385 8.38771691088534
386 8.892416729189152
387 9.290303291244825
388 9.821269606159483
389 10.198778936064555
390 8.917901742150674
391 9.340835782808917
392 9.48334981536922
393 9.216744856091568
394 9.331691292394577
395 8.222145759522943
396 9.37358945785132
397 9.222369016846379
398 10.725078164383266
399 8.857328279876514
400 9.637386129226208
401 10.243280043151165
402 8.939243902245101
403 9.176383534928304
404 9.135203270341929
405 9.243295739290069
406 10.015085327065666
407 9.266271887233543
408 8.441403879992842
409 10.20814793033972
410 9.678441519579316
411 8.781809386742353
412 9.953611237877714
413 9.174114749310657
414 8.43843986110084
415 8.131865817203268
416 9.290453980155354
417 9.224578738996067
418 9.466265405758506
419 8.870414667344821
420 11.043536151085124
421 9.678398136524985
422 10.08344749269082
423 9.647060971885209
424 9.7434059879553
425 8.888832147797253
426 10.005465142790868
427 10.02434654422925
428 8.446376294773835
429 10.282507321721647
430 8.336453652224302
431 10.314888326824958
432 8.35455305098091
433 11.218488649121609
434 9.735965067323482
435 8.629238639538489
436 10.271187316447401
437 9.752794945255662
438 10.46906709063954
439 10.009660395181761
440 10.609025557255032
441 9.767640179397398
442 9.205233544157265
443 10.447111433205407
444 9.970544078518227
445 8.590462975852285
446 11.591961482364496
447 10.92364575491947
448 11.85908220156763
449 9.924404496523705
450 11.342647261038206
451 12.2087218085537
452 11.68486575161033
453 12.319251347616927
454 12.363645497301198
455 12.004360419278505
456 9.583404622063812
457 9.941249809288454
458 11.553319099217688
459 13.330070940255316
460 11.924805575023344
461 11.746622905192647
462 10.596442532050185
463 11.405441878346846
464 12.589995944447974
465 10.934337674175197
466 12.243911847804515
467 11.90356628834069
468 13.072134559988887
469 11.637527099727377
470 12.382158034082991
471 11.56976061465939
472 12.44757064478332
473 12.492585062621497
474 12.230316467604611
475 11.33806527024412
476 12.203694825448125
477 10.914586166915562
478 11.564027889114218
479 11.928924655654479
480 11.344397464713627
481 10.057474551914323
482 9.61413679111978
483 8.724632936443586
484 8.562280229851506
485 10.371449158519106
486 10.17162167566984
487 9.101839443151638
488 10.779782649060671
489 10.366681929133579
490 8.580886803330639
491 9.130085515074182
492 10.644296347131093
493 9.617953701532223
494 9.690164948730882
495 9.92646215432649
496 8.264456217012567
497 10.654770417250466
498 11.125131979110252
499 9.574103701087354
