0 9.847833353179043
1 9.351708723308159
2 9.747233772837358
3 9.349336537782712
4 9.31473906089662
5 9.814951526329192
6 9.668881713604529
7 7.306043551385819
8 11.090229948142879
9 9.912140907130098
10 10.247463162277853
11 11.949284295089493
12 9.963264918123494
13 9.827131904171859
14 10.852735636160457
15 10.083148449788105
16 11.326535362715447
17 9.856244001085136
18 10.429014503451317
19 10.502091995611035
20 9.753611849530843
21 10.621080651469807
22 10.30790311661789
23 9.82592951228516
24 9.303409987666702
25 10.11234800392912
26 10.297083939311225
27 9.352738153691321
28 11.239914700524196
29 10.86232694469901
30 10.65755858440579
31 10.455593908962351
32 10.120643721465045
33 9.784002588208105
34 11.29053753050743
35 10.140467723478828
36 10.506924252016637
37 9.211786854981817
38 9.583225717844826
39 10.303342898555403
40 9.688278308242461
41 10.283580766899115
42 9.539936799306554
43 10.709627591537222
44 9.76271985464774
45 11.020426931140122
46 9.832679560439086
47 10.221761915561466
48 11.243296688854373
49 9.9583171629117
50 10.152778147981596
51 9.55168850695672
52 10.660323230170928
53 10.24581818183336
54 10.367289865028768
55 11.783386711702367
56 9.830572692557872
57 8.340592554908373
58 8.577930222095054
59 9.87468247071233
60 9.409418977094093
61 8.146407537174385
62 9.093297391624494
63 8.978924483597748
64 8.729565378262555
65 8.07273804483205
66 7.262023187389231
67 10.703424889758484
68 11.137982491295189
69 10.662804897558742
70 10.114085442241754
71 9.836317571743082
72 9.978519267101875
73 10.275642580646327
74 9.909839406148704
75 10.162264569466103
76 8.881378312331787
77 9.910039975703791
78 8.535196516880921
79 10.549111635820584
80 10.205065825471392
81 9.710075166470078
82 10.266842465339193
83 9.454615427315575
84 11.49566755168922
85 10.558747910290883
86 9.904343249504583
87 7.061706936270643
88 10.141043250627458
89 9.890116490976133
90 9.81092872315272
91 9.402941094327318
92 9.575836137730695
93 10.905831679165216
94 10.210425676139897
95 9.683117494753754
96 9.89050500961484
97 10.074761776645904
98 9.35883316559087
99 9.732789258714577
100 9.895224157746885
101 8.669981561406832
102 9.810433652737972
103 9.894452156075907
104 9.83441047939833
105 10.2239998353088
106 9.817348316357826
107 9.268358857332856
108 9.961079600730171
109 10.002490275973276
110 9.506540041377745
111 10.556975783655743
112 9.648624569927183
113 10.470816282326647
114 10.047309621151589
115 8.650133186408882
116 9.348173663169373
117 7.807491238905621
118 10.296277786314976
119 9.062158848186606
120 8.785306236624029
121 9.181407745968313
122 9.009381188566557
123 9.404894540848252
124 10.380267062519357
125 8.720223289126753
126 7.965257409758074
127 8.888550144360808
128 6.803685278718376
129 8.615448753682731
130 8.183790508245085
131 7.485796613174067
132 8.0258862380658
133 9.014515861507444
134 8.401487477740975
135 7.230973817086231
136 9.685482767571209
137 9.019358923787271
138 9.620927598953429
139 9.416582166210501
140 9.701857723649061
141 9.030338908284781
142 10.06601273172201
143 8.95718270243922
144 10.189820315850097
145 9.309714837028062
146 9.373455658901774
147 11.123114793061532
148 10.592658468333315
149 9.271279526999079
150 8.880755530133046
151 9.562398631472563
152 9.005624401103322
153 10.182323220010096
154 10.130185067423856
155 8.678099472433061
156 10.119925209735337
157 10.199298319715641
158 9.059777430608213
159 10.06712217862213
160 9.563101207803157
161 8.710450333395931
162 9.878982778595
163 9.000091464368415
164 9.256709050919548
165 9.846947326931863
166 10.499147371047405
167 8.978205320235809
168 8.761837106758126
169 9.466556493869442
170 9.05582712308166
171 9.730346784647592
172 8.700261774758237
173 10.133803648333846
174 10.874172358601763
175 8.955505356132416
176 9.034844395938215
177 9.697728185397231
178 10.264807820365416
179 9.855904966765202
180 8.9129580185042
181 9.327411954403296
182 9.330559197534257
183 8.602247465963236
184 9.459955681046726
185 9.126015329378331
186 5.670184590524621
187 3.5551088269799473
188 3.3525935987660365
189 4.097596529345917
190 7.3689599647170025
191 6.162922381534513
192 7.340263615789987
193 6.641831845826837
194 8.8187715775615
195 8.48581241404471
196 8.623850879030373
197 7.453557646986973
198 9.772454855661833
199 9.718239145753927
200 8.756657707673549
201 7.414035605783796
202 7.462105035087679
203 7.6650417486350735
204 8.344447964653094
205 6.616159848027504
206 8.279400310135298
207 8.359599189472016
208 7.922769796261481
209 7.446330403408424
210 8.313127884055456
211 9.66276204746641
212 8.117050276089023
213 9.215622955152014
214 8.735155608597832
215 10.892219571730124
216 9.961043381482972
217 9.769501546344504
218 10.064420691238256
219 9.440226532900056
220 9.346730211432321
221 9.167541821781661
222 9.37645753877724
223 11.236706343572049
224 8.807094186697853
225 9.844250819990899
226 10.46261839976905
227 10.725603798444084
228 10.696895942059621
229 7.724761823384614
230 8.704467508766728
231 8.665841874329178
232 8.63598463712465
233 7.784680686154057
234 9.45498650642759
235 8.318275643006615
236 10.056443892175835
237 11.052598305733024
238 10.036762496762687
239 9.534563067143276
240 9.994091700778172
241 9.88084330460981
242 9.265695395152314
243 8.911767438458435
244 8.766811739541861
245 9.225774094427
246 8.707729949680191
247 8.209794918946157
248 7.866832761600745
249 9.098489091007533
250 9.532177211073563
251 9.139375950328617
252 7.31808914561217
253 9.31032977904149
254 10.608116251288672
255 11.126677130010581
256 10.437329743567773
257 11.090182130445674
258 10.422183676406659
259 11.274291290130094
260 8.706669328177263
261 8.891778773290797
262 10.97245088564726
263 10.487346144383137
264 10.200943756989654
265 8.545328707399644
266 9.903762285686536
267 8.967678826885956
268 9.274856007381738
269 10.4254837085075
270 10.506829365459115
271 9.592639392433169
272 10.817655758284799
273 10.383692228621921
274 11.051889682845038
275 10.551492497753165
276 10.048161305124472
277 9.567239118040742
278 10.232497988638453
279 9.825423338528072
280 11.139365138144878
281 11.21915975973016
282 10.184045410339401
283 10.96370863434882
284 10.712769008298412
285 10.604888273885381
286 11.23838364655432
287 11.289837428052069
288 10.4080196438532
289 9.7425385938226
290 8.912667940703537
291 8.131390863641537
292 7.6457880572093835
293 8.512300445490675
294 8.831149204036832
295 7.641023363816851
296 8.238356041391112
297 8.774297215921312
298 8.3204720745748
299 7.878353599521114
300 7.483870318227654
301 6.4859770570248445
302 7.057363810892241
303 7.990767235326183
304 7.300719837409779
305 7.741971703782964
306 5.237065931040587
307 5.80956315985713
308 5.843302404173893
309 9.917584242705152
310 9.564724714089598
311 7.9429984058958585
312 6.632693349598669
313 7.489702703265913
314 6.9826085636522555
315 7.981863352044526
316 8.560584588452524
317 9.072909879361339
318 7.305424000452865
319 7.772038717938236
320 9.51119431416454
321 8.069413717090809
322 7.782079614537811
323 7.741180226995356
324 8.172918544890855
325 7.53640798371729
326 9.433961374143246
327 9.61505343989806
328 7.064016905308481
329 3.7331288423107063
330 3.705337917728778
331 5.458174904153698
332 3.819566637604935
333 3.743156909545575
334 3.9185296990480922
335 3.4122721142919548
336 3.818874531193433
337 3.945393662589574
338 6.081410960639599
339 5.257975192773607
340 6.81906215940109
341 8.177418341142491
342 9.415726620711226
343 6.927041973314579
344 7.56392554737543
345 9.13296466779253
346 6.640212942734471
347 7.468054887867218
348 6.848582727648323
349 8.20739836045967
350 8.50876085425401
351 9.674991052621548
352 10.60890786816507
353 10.354408316781857
354 9.89715074743535
355 8.9641364333483
356 10.171923616589815
357 9.627143476289024
358 9.307285004431819
359 9.710563078804277
360 10.295251925207362
361 10.310480093552357
362 10.907321928237655
363 9.899987138689736
364 9.174481104836794
365 8.185271772827816
366 8.832632580872234
367 9.110441734911085
368 10.066730937902589
369 10.489293046466935
370 10.701132735480536
371 10.080480686933493
372 10.62835937903357
373 10.140328265454215
374 10.329945353604225
375 10.851373587402122
376 9.288739858615644
377 11.009079919308697
378 9.262788128126246
379 9.30455491623583
380 10.260745412315858
381 9.961677085825608
382 10.481030855991879
383 8.485239655932775
384 9.36460493344793
385 9.842325847522348
386 9.904116273218998
387 10.020947517398023
388 10.272322733988096
389 9.903743506100533
390 10.05571596130973
391 9.292011779743472
392 9.647906876007177
393 8.283312879046903
394 11.291374957043514
395 9.762575430204267
396 10.253502308195138
397 11.131068708399654
398 9.742058796714165
399 9.20862792132734
400 11.698105791647142
401 8.862983077146348
402 8.327795515170742
403 9.289365973903013
404 10.165637151133655
405 9.586883291310837
406 8.717408513477718
407 8.571686098158859
408 8.483085393839486
409 9.016998166643132
410 8.066690401525186
411 9.298776830249958
412 8.475324476007007
413 8.35335953390195
414 8.474361065848774
415 9.076899665092506
416 9.659886523017057
417 10.717164733830474
418 9.543840438764628
419 10.183115277018082
420 9.98278846962555
421 9.37119485064544
422 10.13100855178901
423 9.258095772198352
424 8.975526503442307
425 8.80455656698381
426 11.18457507389748
427 9.372925037794081
428 9.317230340707612
429 10.119267443984143
430 9.683100485247914
431 8.935511891431005
432 9.71525882340487
433 9.758713510031251
434 10.220089388721249
435 9.63250331480405
436 10.118168140840643
437 9.647696758884464
438 9.126831749176263
439 9.492184808013825
440 10.667964128844343
441 9.105553503856637
442 7.6672478998422875
443 6.997348224656075
444 9.314561647286258
445 9.841805450557837
446 8.365729408189553
447 9.826950331210059
448 10.108650673350335
449 10.613465786528742
450 9.37494909563334
451 10.487657129508333
452 10.265073612100489
453 9.772305462878798
454 9.879607986812305
455 9.884821544311828
456 8.308031783972137
457 9.475759080253363
458 9.168366761342485
459 9.018319221977864
460 8.801349684750452
461 9.038351432886822
462 9.817569794258356
463 10.83023416618435
464 10.528484775852856
465 10.757340729053032
466 10.49206549000421
467 11.371942967802234
468 10.734668721693302
469 10.751898415572615
470 10.03084956773576
471 9.75036980696742
472 9.246238437235478
473 10.561829863246885
474 10.188063261060586
475 10.006105493177639
476 10.071326349144785
477 9.019606731578806
478 10.425337224075609
479 10.704431330386175
480 11.162206433205293
481 11.072901968354747
482 10.959262403878812
483 10.453297339286193
484 11.382894709449868
485 10.316111275766298
486 10.314812630090156
487 9.922113033527529
488 10.68882644375708
489 9.851405951978213
490 10.076346817463204
491 9.837255175967943
492 10.538240084423254
493 9.257058463283265
494 9.150427400248173
495 9.064511258819957
496 9.679321235214383
497 8.830428958384397
498 8.627585887706113
499 8.116032891266785
