0 7.039678033304651
1 5.802401916924278
2 6.059726546244481
3 5.975278843316167
4 6.391861362513988
5 5.919797437291217
6 3.90984187166797
7 6.333679996379815
8 5.9184329682611505
9 6.138296973023835
10 7.084270360160646
11 5.321482063849766
12 6.8514262828637715
13 6.5115447516964355
14 7.124666221484966
15 5.411259226602295
16 6.902479773404751
17 6.280070855641372
18 8.440714313335965
19 7.843619889305729
20 5.751374277852004
21 5.219664262920815
22 7.0606285216326725
23 6.5571665162347355
24 4.946172701912161
25 7.064077875779564
26 8.056201049132092
27 6.5004414267914425
28 5.213065302540612
29 7.487028377559784
30 7.545113093524245
31 6.346544107200818
32 6.85904245199275
33 3.5613773329539944
34 6.4504034326281365
35 5.98624891230949
36 6.77039721046372
37 7.024413255444852
38 6.862646027588029
39 5.882544399528515
40 5.726485018401913
41 4.471152424531178
42 6.1978288113226
43 4.107649831495638
44 6.2867422686114685
45 7.570910104522381
46 7.252342688983135
47 5.8128067718591225
48 7.4980857840869515
49 6.90044433965054
50 6.675697171847561
51 7.0954328279017975
52 6.029755294720305
53 6.376424306448718
54 6.042241089921372
55 7.398857842429308
56 8.869625395536753
57 9.397425763884547
58 8.07500246664267
59 7.701684807328259
60 7.350007164484942
61 6.77392496325256
62 6.94000488278017
63 6.981201393229039
64 5.591247189692685
65 8.168192622757813
66 5.144159476771539
67 5.079889999663865
68 7.074740984320247
69 6.691625646921717
70 6.736582984433081
71 6.091640454985438
72 5.2576503474094975
73 3.7905883557225635
74 5.143707090682317
75 7.386290132372116
76 7.282326721151925
77 6.150600211261485
78 6.035182117546695
79 5.435292367374333
80 6.627011940629967
81 7.230490888451165
82 7.20694350791173
83 7.545946351070252
84 7.647082599184628
85 4.893983098419499
86 5.186243686952774
87 7.206607876119976
88 5.698853847544498
89 5.674707495248725
90 5.9588391707535395
91 5.992141437661544
92 6.437498861303226
93 6.966686024384234
94 5.644046471568137
95 6.368569853043786
96 6.675859055418102
97 6.656691216752239
98 4.373614181036755
99 5.583528805373313
100 7.170476065860147
101 3.552643667403532
102 4.516248460146976
103 6.979181737674866
104 5.633045730334033
105 6.735486387189121
106 5.780257495707034
107 7.8137563073801575
108 6.893489266048153
109 3.9769381636815657
110 3.6631601630335298
111 3.5902266918282
112 3.524052927661161
113 3.6880142258888013
114 3.4828242437425634
115 5.012515916578931
116 5.528085926512928
117 5.38611953600602
118 5.468664437289746
119 4.116367354114092
120 4.750912835870425
121 3.8029448069024663
122 5.746148536670451
123 6.3195937327350515
124 4.463966605022021
125 3.6312409260148986
126 5.5551557749771865
127 5.889006748420551
128 5.704054452189633
129 5.080160229406548
130 3.8267921699803016
131 5.4182280984192275
132 5.797038530880786
133 5.2867289266721125
134 7.552945165301132
135 7.436112120578124
136 5.882161105105777
137 6.141478203576609
138 5.758372068766248
139 5.697159613650931
140 5.7322344851890294
141 7.041541852736697
142 6.301259038679252
143 6.0300860231821956
144 3.842528282773431
145 4.902283543732488
146 6.115606002063442
147 3.930151208284353
148 5.521691779877711
149 7.750947728671858
150 6.7908847390955795
151 4.528730328538835
152 5.600089608129525
153 6.090963351302169
154 5.633978443167163
155 6.867841230260591
156 6.763547109758366
157 6.270642950635648
158 5.814258288648193
159 5.900152960507927
160 3.878485857273705
161 6.036491787005612
162 7.7131179521048
163 5.604832744892336
164 5.458511853272154
165 7.166402611131259
166 7.612286444227594
167 7.324488076960976
168 6.7467670091848975
169 6.370450492051145
170 6.734134181614727
171 5.9015598424957405
172 4.356282754186614
173 4.233757790974964
174 4.651468062429004
175 4.37030779270636
176 3.746019823645171
177 4.381683529183936
178 4.9213186619759846
179 3.23226779057974
180 3.8580207337816743
181 6.292230769784242
182 4.007452903585343
183 4.892261811301394
184 3.9573334381424923
185 3.895234367604202
186 4.862462434334086
187 3.7297780856107288
188 4.447657454000677
189 4.234895317875891
190 3.747615041368461
191 6.486691792152116
192 7.476536628602762
193 6.180376251123715
194 5.514991035739237
195 5.302303059847108
196 4.4036091896609015
197 3.8215926178017297
198 4.292363289140494
199 4.46400642744769
200 4.0011001036702
201 4.591514806057917
202 3.3793760802255393
203 3.6593685733034667
204 3.8072539411992987
205 5.503138140977649
206 7.125873913284689
207 6.130327351884052
208 5.285668203389888
209 8.226685860998266
210 8.04651749567655
211 3.725420009521852
212 3.172408077894303
213 4.172350150722929
214 7.769304439308485
215 7.117959055108085
216 6.790342955643066
217 7.872683106940845
218 6.022408809784575
219 4.359069322641393
220 3.80025881947908
221 4.707260570412359
222 3.840109813204961
223 3.701614201036226
224 3.8537732714772894
225 4.87819334277748
226 3.550575955604447
227 6.047068548525906
228 4.616642113097177
229 4.1515753372763236
230 9.055102586830307
231 6.117621759860312
232 8.549865906362863
233 8.727738811017462
234 7.488382010737493
235 7.851109154130887
236 7.363618404476241
237 7.905962838946506
238 8.605970209941217
239 6.75231644756211
240 8.973284515397232
241 8.793324071076519
242 9.266777215120396
243 9.479166689380566
244 9.248814644485684
245 7.284156969967349
246 9.790690003771278
247 7.993845083097357
248 7.656151534807847
249 6.367178571967337
250 6.2455566635031685
251 3.5708567011921826
252 6.354046349628009
253 6.8530692733115535
254 5.7731870747659695
255 7.505328837680645
256 5.68574933315352
257 6.890103706778226
258 6.046151240000604
259 5.370515040033904
260 7.233456444760625
261 7.571367060078588
262 6.675938477044857
263 7.058190948970501
264 4.7417599364913325
265 6.688823466892209
266 6.652760161525428
267 7.027547198430178
268 6.449022574930991
269 4.7804242578186384
270 6.902171092679177
271 6.8463199523852305
272 7.4578175789835175
273 6.362195779825101
274 4.166897278015631
275 4.870152074544661
276 5.210671150731793
277 3.417011171029958
278 6.426351203274449
279 6.434870914920554
280 5.652932896318948
281 5.903854490018473
282 6.504612102888764
283 5.3050092719651225
284 6.305796279106446
285 3.448567791938716
286 3.876454813884072
287 5.435513491477347
288 5.670099406128143
289 5.885666877211311
290 5.0991217993498275
291 5.820088736206897
292 7.818833309563457
293 3.6595349382477886
294 6.164713158360077
295 5.663440632087772
296 5.521627212391918
297 5.8861927872648865
298 6.093984156800186
299 3.6038399742210756
300 7.263760508358856
301 7.385628224359008
302 6.542655815394495
303 5.992579456939492
304 6.211441334085902
305 7.093531023631364
306 5.78203587547943
307 6.233404589083776
308 6.657711625378723
309 7.572209207988859
310 6.2812626662409565
311 6.597523421841277
312 6.321280299182741
313 6.00277814516734
314 5.119634896977691
315 8.178001894767828
316 7.228070980383561
317 4.932547941853706
318 6.946257679051615
319 9.160884024570649
320 7.107725372184275
321 6.780833195568235
322 8.592640952880242
323 6.186893786153365
324 6.93901949064235
325 5.873244822593772
326 5.6573882658932755
327 5.9023490668242315
328 8.279294124357573
329 8.131456658484453
330 5.795366158707975
331 8.817797108901615
332 7.8754495183482165
333 6.4149350569095605
334 10.014267759398914
335 7.167117620794307
336 8.937625135320491
337 9.746354260401334
338 10.012039294628778
339 9.361765852496884
340 10.489992258792865
341 10.380049221898457
342 9.978581771446741
343 6.651575816996025
344 5.128182367737186
345 6.8252266898776215
346 8.559360196877783
347 6.067243410540146
348 5.129175765845509
349 5.329173085964438
350 4.159492504444679
351 5.698605275137573
352 6.752774568341005
353 5.317709667111701
354 3.8229927400386288
355 3.8987172608508898
356 5.755081725387125
357 8.184230392277096
358 8.172727325549687
359 7.61678184959292
360 8.306623892139283
361 6.258119879600318
362 7.161920008261773
363 5.107025653367721
364 3.9307611271448506
365 3.742098696863717
366 3.555134078485716
367 4.01833419829529
368 6.795149633741633
369 3.152084716353754
370 8.850401984399058
371 8.737671163035387
372 8.695263753536306
373 9.630760362914584
374 8.34480215806122
375 9.126102264894937
376 8.989674446218997
377 8.800658607043525
378 9.640044598584003
379 8.453444244326365
380 7.750057803665526
381 9.349611762606155
382 8.576262230373285
383 8.240980139373864
384 7.946669687321439
385 8.708758138210435
386 7.505178929518402
387 9.753716005285334
388 8.36861154206979
389 8.226725980178012
390 8.51959775357642
391 8.867386235786686
392 8.177285426061893
393 7.504572368035003
394 8.623094591661042
395 9.555536989309644
396 8.72623647389755
397 9.308986661358304
398 8.373939009900878
399 8.608843240460832
400 8.735164459717529
401 8.115608336328966
402 8.441650149356843
403 8.290767329300424
404 9.021662614118044
405 8.250164731250857
406 9.543734387266847
407 8.442444156540475
408 5.635172550628943
409 3.9222430673840205
410 3.381409717758571
411 3.462739080086885
412 3.810592214317789
413 5.765982539748271
414 4.878337257163673
415 5.507224432827317
416 4.075016575835674
417 4.892314817976345
418 3.6586469547735616
419 3.8800195274358518
420 5.296188379258744
421 4.964222166475326
422 5.032776267390081
423 3.7365887598660166
424 3.640170464113141
425 4.196081599220867
426 5.501072342688772
427 4.882378267196213
428 3.9311513930161004
429 6.614222934752755
430 5.069173740187355
431 4.5312111001614515
432 4.513046767839307
433 6.476827646037912
434 6.058486909406971
435 4.885336838937349
436 5.562033597051926
437 5.292296022602128
438 5.351751748578582
439 7.037413476085917
440 6.26702205955694
441 7.14930756868376
442 6.601027294403259
443 8.026369736380715
444 3.6584712025368873
445 8.464360856194252
446 7.43664726804721
447 4.811855172999165
448 7.841598151467362
449 5.590678701775875
450 6.847015289094062
451 7.071486874069653
452 7.157939471445608
453 5.8982410921899815
454 6.421963387870425
455 5.813029454759354
456 6.950239701220049
457 6.749795952461477
458 7.6740228954072585
459 6.64855208169744
460 5.912587241062351
461 4.239336016111375
462 3.557282419441957
463 6.617540758195114
464 7.231547997532423
465 5.878529833141698
466 7.707929775161787
467 6.448650728845091
468 3.927977974120045
469 4.058780487245321
470 3.885995846964721
471 7.019653963603643
472 3.4784730046806858
473 4.1438039292205175
474 3.2803867591413214
475 4.695024470520097
476 4.743300043203153
477 5.498149885123819
478 7.3605095617629255
479 7.26307159377647
480 6.381581592863071
481 6.070520140713036
482 5.2115856178944675
483 8.312228389965828
484 6.309095937570659
485 7.680183429394122
486 6.505280727898878
487 6.073198759412096
488 6.628032403717895
489 5.847852091681529
490 5.694675602702643
491 7.404279325796164
492 6.289910750801975
493 5.7925431584542215
494 7.296015236295783
495 6.09311892898203
496 7.251541108487113
497 6.131913922046765
498 6.863696755856195
499 3.783396371275898
