0 5.7391266335639655
1 7.493091215872889
2 3.5536610595793485
3 6.948254306342187
4 6.673717820811093
5 7.563188628822792
6 6.825725691970415
7 6.754669704177858
8 8.982416772404072
9 7.721422018392865
10 6.42851014682385
11 7.5197538209286146
12 6.419930109229801
13 6.740575685461804
14 8.835415804920158
15 8.92684841281052
16 6.937011021134029
17 5.508791911694944
18 5.638745679568708
19 6.035454879430957
20 5.139257624566874
21 8.398203207555929
22 8.663151402514538
23 3.556539542531521
24 3.685788769200732
25 3.534315873105857
26 3.4059613207421444
27 3.5030837514684348
28 3.6798970788355767
29 3.824950431412937
30 3.574948698084983
31 3.5868317915042676
32 3.1794221836881578
33 3.815149951107355
34 3.5113708299087087
35 5.053287027021704
36 4.119620193000483
37 3.878922974848947
38 3.5112632193811084
39 3.144301608801006
40 3.323891183922033
41 2.65065643305011
42 3.70482095115577
43 3.3264697130075915
44 3.780449451097053
45 3.796971087108945
46 3.1357684459933575
47 6.9846616921349955
48 3.256091488237425
49 3.5686579061162864
50 3.3504471102925653
51 3.036584564712596
52 3.459133831654355
53 2.751650741211355
54 3.17960730478561
55 3.1896664166909128
56 3.3583070853183967
57 6.877870984164431
58 3.1241165218151754
59 3.4074836297654647
60 3.5100571828417504
61 3.18745766001651
62 3.829694167890317
63 3.4353630710425573
64 4.2063005177452215
65 3.4208962518454356
66 3.5850075191405697
67 2.900949644026489
68 3.730155197173462
69 3.6091516412686904
70 3.6874595304408566
71 5.974093371234805
72 3.325480993077581
73 3.4925115583476343
74 3.7072928504074314
75 3.8231452123830536
76 2.95843810094061
77 3.514780728008468
78 3.4949051927590458
79 3.2864072927274446
80 3.7559603232203655
81 3.724931664777604
82 3.640150437884116
83 3.477698192978246
84 3.164265828861871
85 3.0915794106183734
86 3.762047025051048
87 3.654025921552501
88 3.4511385568032167
89 5.856454203309778
90 3.6045008639735476
91 2.9795511539202217
92 3.0603160184089577
93 3.4729369891723643
94 3.824650697749297
95 3.5576634559116704
96 3.3084551425872024
97 3.426746388851618
98 3.9922167565405764
99 3.4141410835666113
100 3.4088219720716033
101 3.475826912266308
102 3.2201964619650307
103 3.502791639923115
104 3.067058161753604
105 3.7878254546049255
106 3.612050097797188
107 3.5533589400096726
108 3.3399193871945663
109 2.957391969076637
110 4.030271751781077
111 3.568669242761322
112 3.3288134016222797
113 3.548562589547479
114 3.6368572829396646
115 9.50728448139948
116 8.554450559616226
117 9.867309820313439
118 11.794044100905557
119 8.20939367647283
120 8.501434983082339
121 6.371720465750655
122 6.937518276107824
123 10.03185816627695
124 7.772296723897299
125 7.902513299149233
126 3.51985949506762
127 3.3470279088496713
128 4.432551890180481
129 3.569374973962605
130 3.4218756977763576
131 3.690389671344035
132 3.5074771633709028
133 3.6958752859045494
134 3.9111595279413036
135 2.629674622798176
136 2.6136863806659205
137 3.3044696344202604
138 3.723804290780728
139 3.0875717618465304
140 3.2371290890111895
141 3.4888268791583537
142 3.282250612989167
143 3.55479973352204
144 3.7792866540720635
145 6.710047309334843
146 3.5815299872560002
147 3.704735082862008
148 3.751057081634399
149 3.682433242713056
150 3.698791501407765
151 3.2806654693632877
152 3.482011353432092
153 3.96958992554105
154 3.860284805657411
155 3.902037207890255
156 3.9204887689537573
157 3.795687816442937
158 3.6705906950233755
159 3.900467367689797
160 3.785456448374129
161 4.117873984954477
162 4.386358753727192
163 3.4779272206330623
164 3.755080471217891
165 3.4332661700450235
166 3.5795034749781385
167 4.115412300297145
168 3.6614194566120193
169 3.36785041954231
170 3.979882774974479
171 2.8108522076493916
172 3.548991860500576
173 3.649263082646175
174 3.5686874430376676
175 3.4346597235005745
176 4.130296728057094
177 5.30004068274379
178 7.301816466137465
179 5.762728763417671
180 3.482097408670952
181 6.6096374559909075
182 6.33434727003112
183 4.290265072990146
184 5.764076016318368
185 8.290982713482663
186 5.455912367115063
187 4.5892199094905255
188 2.9815643846999915
189 3.0446861702691543
190 3.4769545402310107
191 3.314424843899822
192 3.296848526490106
193 4.314140297809771
194 3.7073754612714103
195 3.139727850857728
196 3.9575238544462543
197 3.9863233751026064
198 3.29750604282551
199 4.4492213634597615
200 4.312926680554864
201 4.074139023202703
202 3.821138303870236
203 3.954901996497959
204 2.9807737260479548
205 3.5267868747072413
206 3.5062862734592746
207 2.9081646309011395
208 3.1611410253504064
209 3.9274402347305073
210 3.802306262551014
211 3.4252006327596503
212 5.80695703133327
213 6.770356191606215
214 7.149721301992146
215 7.38145840556622
216 7.189632064895844
217 3.2252048173047596
218 3.7447927430761507
219 4.259551836640946
220 3.8491630091447226
221 3.4026564123963574
222 3.1951110901638864
223 3.2922225409142825
224 3.702495000040846
225 3.1665756254734467
226 3.001774543931955
227 3.7225231940229158
228 4.10039730873084
229 2.962608339214398
230 3.5338226259869083
231 3.5629825828120243
232 6.95503944716097
233 3.358273334927385
234 3.598438369045196
235 3.6543358880158556
236 3.90618412209692
237 3.841975214050304
238 4.114751875181444
239 2.7355447744318817
240 3.8406044122017224
241 3.4977682213942423
242 3.531802164207439
243 3.7600957636539456
244 3.1956538526941793
245 7.268855867066069
246 8.066233060609129
247 10.735028649123189
248 3.578067839065909
249 3.581487789110104
250 3.9541025502221236
251 3.842590881633572
252 3.4902470751608274
253 3.897214310342961
254 3.852176734950027
255 8.389484421654148
256 6.997886070392966
257 6.387094258139949
258 5.583786754070337
259 3.6219850138266065
260 3.576661068480695
261 3.485558012213126
262 4.066028454352227
263 3.4637207082885695
264 3.437837045527151
265 3.697390301836047
266 4.62465389877076
267 3.4031924036671204
268 3.624693622975525
269 3.8302423559427003
270 3.8513381724779405
271 3.625599154488411
272 3.829364687181834
273 3.5805193374809403
274 3.463958523400792
275 8.510520336393965
276 3.5903554599877214
277 3.743469080362425
278 2.991876888136704
279 3.1228824276469793
280 3.1338189302493795
281 3.318019556734322
282 3.5898767841186876
283 3.6630888578781744
284 2.9233671032218624
285 7.012532574758524
286 5.825388615075185
287 3.3358467200283393
288 4.478127927156562
289 4.495048468805637
290 3.388655899204928
291 3.316039565936919
292 3.787156653699085
293 3.3610723673603884
294 5.160096875853081
295 3.5279206050214404
296 3.8911545118334683
297 3.3349608637252066
298 4.307518818318006
299 5.627498021712282
300 3.6194229837431973
301 5.737212125992584
302 3.767768086228981
303 7.2102533753116855
304 3.321839304069458
305 5.631263970310341
306 8.993024154642592
307 3.329906872018269
308 5.49534826910037
309 11.503322832939421
310 8.932080568951722
311 10.528208854236816
312 10.191343405054269
313 9.114103699092798
314 9.819135302099072
315 9.179387480309193
316 8.735749641297277
317 9.963326930344095
318 10.316564318836816
319 9.823620546960594
320 10.875557690468098
321 10.598030860111614
322 10.470110248869288
323 8.674006099800835
324 9.915400406852587
325 10.29607641869797
326 8.419939771295072
327 9.332550094387804
328 6.839733998807453
329 3.9293853521886715
330 3.447510032449534
331 3.331841125650453
332 3.039721186285183
333 3.6199010828887888
334 5.843955087917766
335 3.8599564923774765
336 3.4725883747141295
337 4.522603080229781
338 3.106722208404877
339 5.127955900263754
340 4.669648698935187
341 3.690760115669252
342 9.162789024865067
343 7.675739094677906
344 3.8048867883292874
345 3.1818970091001866
346 3.5776312456380097
347 3.8601478041873825
348 3.391466961400158
349 3.4950918530829465
350 3.2281906625540144
351 6.507834826809707
352 3.652341611779112
353 3.0725904564959756
354 3.656327779881584
355 4.875053539279487
356 3.4363763593968812
357 3.6655595457251606
358 3.4119091212569335
359 3.8315489757424284
360 2.8625147919279788
361 7.209864737936199
362 3.603270006588458
363 5.072905546271998
364 2.8202785455264094
365 4.432773798666929
366 3.6438322810179464
367 3.4630029199695325
368 3.433962091584684
369 2.9575946410876384
370 5.807504581068431
371 2.9397043745093594
372 4.33583167126423
373 3.658932389296533
374 3.8101454006285222
375 3.8722628175379747
376 3.202444323825555
377 4.042609005420801
378 3.9249861938931754
379 3.7908496955089896
380 2.906340967796615
381 3.3266306925389624
382 3.2614821614994267
383 3.652073756867686
384 3.671551400915974
385 3.1162553611784114
386 3.6722573289650677
387 4.02381268976218
388 3.484146627973715
389 3.963795309942838
390 2.8317679828724214
391 3.9950174044785256
392 3.5734515617977136
393 5.127098205736463
394 3.008939038557961
395 3.4036319648941515
396 5.103895928865363
397 3.114482105928246
398 2.869261294109668
399 7.464083258263206
400 5.226167590051787
401 3.8762509983465745
402 5.987955362140743
403 3.76776200594752
404 3.2999666913126773
405 4.46490690027753
406 4.151499401812061
407 3.9967765346198783
408 3.791073143972171
409 5.965310640997945
410 3.4017517490739024
411 3.18012303780839
412 3.745066256893427
413 3.3195860153240493
414 3.8919409448548326
415 3.5162461034768597
416 3.346711982493976
417 3.229434519099734
418 3.9099711733448723
419 3.587380498894663
420 6.045080029158019
421 3.6471381327209564
422 3.5923270859169847
423 3.1731311493816463
424 3.588880111244964
425 3.548881116753267
426 3.7545698474923817
427 3.302361595820596
428 3.3399285498143816
429 2.9985790526653555
430 5.976527915618853
431 6.088410949839043
432 3.391402504037297
433 7.36775967074753
434 3.675739643527902
435 3.4231080718037448
436 2.9558818879547024
437 3.4913587745197745
438 3.2347648498023887
439 2.8674328303042587
440 3.173797658258964
441 3.7825946340480585
442 3.9455810241116205
443 4.301961439079641
444 3.3585079583572304
445 3.3946856535239984
446 4.772706381872403
447 3.239874356726786
448 3.9692744596968046
449 3.5792387471396587
450 6.805195347088629
451 7.7209708799414205
452 6.09380938346967
453 7.6076243955896174
454 7.632911491213831
455 9.157674945342226
456 3.492810325002787
457 3.3394606478528552
458 3.3602028995605515
459 2.534597181805598
460 6.28496486058524
461 3.2022315302149296
462 3.1076352191640457
463 3.7348520662817846
464 2.6471496791631366
465 2.7355991257397623
466 3.408585003014019
467 3.592139572878313
468 3.6611939197875825
469 7.616340266003021
470 3.4754832504840873
471 5.298153183524434
472 3.3083525351657386
473 4.333195543973896
474 4.771007884855308
475 3.2772734939940356
476 3.9253231117593126
477 3.656312219395528
478 6.711011153128747
479 3.731470498725036
480 5.804120869692746
481 3.327342427297735
482 3.520589461437486
483 3.8595420123812403
484 3.6620704068177217
485 3.7351646457815417
486 3.45754781268666
487 3.536837010365196
488 3.5660756465218526
489 3.7862953803783572
490 3.972012543520794
491 6.013815483372036
492 3.6236751235149116
493 4.021821825155546
494 3.6735632361261596
495 3.8186512321409056
496 3.575458812843977
497 4.61298079461868
498 4.44215725497283
499 3.1957930412351407
