0 9.68949119716171
1 11.312585328091929
2 10.45402349867509
3 10.058337490527407
4 10.404979787252667
5 11.582228813463184
6 9.148317671955306
7 9.938808313881607
8 8.871277196179062
9 9.890912165787366
10 7.742320345938636
11 9.196587817220857
12 9.887863584139325
13 10.24913183227263
14 7.957925124067389
15 11.462602644051005
16 11.174185990078012
17 9.567454178172294
18 10.252686511122008
19 10.000655528317054
20 10.189820377040279
21 8.300831398409267
22 9.342554327200963
23 9.442120184341073
24 10.755483697372986
25 10.084866684063213
26 10.643323468140512
27 11.700586572749296
28 6.883683722627503
29 5.310200971751962
30 5.923928946126487
31 6.848471132553875
32 6.396919023500105
33 6.396612018297794
34 7.124236446091741
35 8.004779178387382
36 6.6586829549165145
37 8.441689274210226
38 5.769962213765901
39 6.461626729104309
40 3.7923280727501476
41 8.150275904273858
42 7.260713869957358
43 8.03193213790366
44 10.422834429182732
45 8.988325075766797
46 8.021205889184802
47 7.497447838122859
48 6.149827846346887
49 8.620933474770954
50 8.006474146656714
51 7.744753088538734
52 6.268979032224025
53 6.0511297841122245
54 5.201253486509417
55 5.36688662976676
56 5.562252224539415
57 3.962841117003687
58 3.4855128445036585
59 4.4135908148491865
60 6.02348757036789
61 3.7745371106941867
62 5.6963302364019945
63 4.202446739442232
64 4.0693974751436155
65 6.464466248857833
66 5.401305080485708
67 6.991648657900449
68 8.436382210172177
69 5.082184969152287
70 6.27896090387172
71 5.904067607950804
72 5.463297758264765
73 7.437776488657604
74 5.033383535891793
75 7.055440458955158
76 6.72279979931115
77 6.756264634220526
78 4.6925193702145345
79 6.003169717749841
80 6.144044260022512
81 5.314118698157266
82 7.836145788945851
83 7.308029652394809
84 5.976787239623584
85 6.192776462663643
86 8.068454499185515
87 7.190578327180743
88 5.0435703131294245
89 6.513658893085972
90 4.9824627456196495
91 4.449305552446453
92 6.528233611027415
93 3.9032575538131518
94 5.419452182640496
95 6.842998509234791
96 6.748676950696182
97 6.25532294721344
98 6.958146966313162
99 7.874336182590366
100 6.060448837569506
101 4.779425657696535
102 5.293365321218873
103 4.59951539885491
104 6.129998309670668
105 7.100521426511693
106 5.098717843744834
107 5.739455591114666
108 6.8970031673453285
109 5.771758569892824
110 6.9731257340381605
111 4.76999710429123
112 5.924307741946651
113 4.5600271448790295
114 6.531631205402852
115 5.9552528153757
116 7.050790129767959
117 6.419094181246892
118 5.709027763434892
119 7.018429609573636
120 6.47858806374039
121 6.012713614057769
122 5.572890292038971
123 7.785576063115215
124 7.616347118933028
125 8.503029297365329
126 8.478381137403533
127 5.899637637666631
128 6.2461861221129595
129 6.182722766645806
130 8.019743858952028
131 5.67139588238808
132 3.8468717475889904
133 5.789005323337554
134 6.542929047771179
135 7.192589805174521
136 5.76944434942972
137 6.488824852696174
138 5.166114849001136
139 6.207703823090112
140 5.158887399474349
141 6.896740286021706
142 7.994321938363411
143 7.058701452662231
144 5.222543305702143
145 6.736676128373767
146 8.15054269274129
147 6.6284616902391145
148 5.484093939582633
149 6.026584878826249
150 7.492398537454232
151 6.215883179030836
152 4.936606417855959
153 6.402563890834149
154 5.823518704800986
155 6.256259923921728
156 6.76538800457164
157 5.204415436093646
158 5.627128391599281
159 5.5706627577827685
160 3.8094663239286035
161 5.200102291803185
162 7.941871243289446
163 3.8703116587737014
164 4.890688304133161
165 4.117901499282282
166 4.814079093438895
167 4.406943695263111
168 5.475076733264944
169 5.290653468443567
170 6.96854077262846
171 5.414614141836832
172 5.361661039352862
173 3.992564229059469
174 5.797759740157693
175 3.7919780311327838
176 3.9318869449775113
177 3.9143539814819133
178 4.600569678041436
179 8.43065559353286
180 7.237032796814356
181 5.869470861265934
182 5.869178120213009
183 8.450714719718553
184 4.965286943192749
185 6.295270126610105
186 6.144616951232542
187 5.661283690927688
188 5.267996225205473
189 5.731068879496635
190 5.263112917179052
191 6.248843323503853
192 6.687995990575743
193 5.094946572409935
194 7.612691214977285
195 6.228117800348836
196 8.29433997810637
197 3.8512585058800433
198 6.497531181139983
199 8.062934289128423
200 5.929035225131936
201 4.159375332404282
202 5.259336267562202
203 3.8452113819468616
204 5.9638158474764245
205 4.029129988841268
206 5.520451601016
207 7.671735059218483
208 6.98586864405539
209 4.763418493063687
210 6.192134074338729
211 7.141355504035084
212 6.295681594992675
213 6.80107224991781
214 6.501012460957009
215 6.47555911892171
216 6.1396253456735455
217 7.779320721077174
218 7.096757181985219
219 6.292654123533994
220 6.682914770049839
221 5.62959253343805
222 6.664957418614747
223 7.0850584980452345
224 4.871277273636384
225 4.661349936046108
226 5.749354749437728
227 6.908373525245547
228 7.098520968938673
229 5.463942078089821
230 4.908700775203724
231 5.995362317975866
232 6.1624308653214275
233 6.5250021801941935
234 7.35133576468337
235 7.6130785958660105
236 5.4074185029859025
237 6.201630781043281
238 6.256291462752407
239 7.2985796039476645
240 7.4821461324093175
241 5.0468012446893775
242 6.578667019912277
243 6.729288481484365
244 6.588627363176904
245 6.692869569817345
246 6.994897963451134
247 6.767828223281637
248 7.592669923189714
249 8.080542784898185
250 8.14012967490121
251 6.6582931274179415
252 6.994731699775345
253 5.899212782781588
254 7.743293662721167
255 8.927014735819448
256 7.907312319522733
257 7.199161988986674
258 6.454442019696917
259 9.360216031224828
260 7.9318204270581
261 5.43715846992354
262 6.162988907891497
263 5.542244132303932
264 6.680285975378786
265 5.683120803671822
266 8.202946478797118
267 4.0921742331263795
268 8.477803354161377
269 4.126593915407949
270 6.675266070036256
271 7.24201333251232
272 8.176482403057856
273 8.408257495179644
274 7.300377576599005
275 6.344391101026211
276 6.6432283613260354
277 5.314173438573224
278 7.584445100083255
279 8.07723690648066
280 7.80952568241506
281 6.641892049792302
282 8.952837874985782
283 8.08871510156438
284 6.058384128160591
285 8.570708638452308
286 7.848017741574931
287 8.19716608200958
288 6.929438552699137
289 8.096457000696518
290 4.685826181813847
291 4.864904361519258
292 3.9412732918467124
293 4.246633512351533
294 5.4463206057986016
295 5.2725626587391785
296 5.370248577479853
297 5.3990129481349545
298 5.216138880353535
299 6.518087825445364
300 5.648028249592186
301 5.599227867260433
302 4.673022495559304
303 6.528602629035826
304 6.03388620382642
305 6.188463826286252
306 6.190640316883732
307 5.862074467401464
308 5.74192755788975
309 5.815026547050834
310 5.025404961715828
311 5.6385743711896135
312 6.006868477912631
313 6.084998133817758
314 6.525981009046145
315 6.951739487245515
316 4.966058414543607
317 6.29335813950715
318 5.772830309981669
319 6.8051754630003565
320 5.508196766051154
321 5.45999683307582
322 5.101032447506218
323 3.868709824277347
324 5.617896608707997
325 6.567235228929412
326 6.201877227168407
327 4.620308867257088
328 6.728711612756415
329 6.8122284819205
330 6.4516752769412475
331 5.895772445981583
332 6.2330577860491045
333 6.180918563378631
334 6.937860652896735
335 7.222243112584894
336 7.5080329568250965
337 6.734567507819822
338 8.085752230052588
339 4.386141530779712
340 7.965991292110472
341 5.286410032925106
342 6.842275134388472
343 5.600488123192564
344 6.576654582819844
345 5.837505902273405
346 7.908688862417163
347 4.3606123953816835
348 5.659169514891284
349 6.379061640812213
350 8.976989399868575
351 6.726598550342114
352 7.0020861199018025
353 7.557005136373577
354 7.780181303047279
355 5.13905891217529
356 4.489634166016794
357 6.737066990072329
358 6.743133622066552
359 7.002320849536173
360 6.6507443840063045
361 4.965290795748237
362 6.883020886392473
363 5.037927140295953
364 7.465601118591942
365 7.230213116225084
366 5.974650427941068
367 6.027574361548152
368 4.9320552106247595
369 4.862632204969329
370 7.530389115023423
371 5.3197827342760915
372 6.456357831123926
373 7.235701735129128
374 4.931372861126625
375 4.791029146459862
376 5.17771352082564
377 5.328325755668448
378 4.984907325195031
379 7.289666721635445
380 3.639891386552948
381 4.364657337149108
382 3.748954918410596
383 6.145240478196199
384 6.420920511665984
385 7.292435840697788
386 5.673361467457952
387 7.814928522851273
388 7.101006226018486
389 4.938230494250076
390 6.417792150526242
391 5.083756697088441
392 5.7111831325907705
393 6.437351672788931
394 7.578860526773983
395 6.417320509047601
396 5.504444792228293
397 5.100106841390922
398 6.142820317624352
399 8.109615581220552
400 5.6899182112894815
401 5.057233576474359
402 6.663159264999204
403 7.298209151706655
404 8.078095162081372
405 4.424241359300467
406 5.012672229266624
407 5.843895627830998
408 7.4525867230141385
409 6.70165572031633
410 7.626481356403599
411 8.090171007501983
412 6.3138090747937525
413 8.815544727812078
414 7.837128624987578
415 8.229540107192271
416 6.775493494054763
417 7.102354415397911
418 6.5671423590156
419 6.174453884507103
420 5.052818344357736
421 7.198738400940405
422 6.561032147875978
423 5.124079000577907
424 7.158484934008036
425 7.77533383921743
426 7.980111935435447
427 7.2350213688366525
428 6.843180012538807
429 6.293318072377858
430 6.957753961291751
431 5.44295267823559
432 8.597347204490726
433 3.8580829711528972
434 7.682359098162139
435 7.5895322788448825
436 7.0873671813431445
437 5.008862415007229
438 3.6576413288344267
439 4.478201118484971
440 4.689056500089448
441 5.4272234579965675
442 6.468857920069976
443 6.1655442235281885
444 5.549281426168394
445 6.691825264689517
446 5.365115485123992
447 6.573928752947201
448 6.654987729748689
449 8.352395628972408
450 5.1417090797595355
451 7.527962736048971
452 3.875895039136739
453 6.632015848161708
454 6.635593698349118
455 6.122760579811679
456 7.282728088144415
457 6.559176606494204
458 6.166668373387209
459 5.962439894984018
460 7.659573537576044
461 5.250644218172011
462 5.130036012281503
463 5.903229312826106
464 5.716100514599797
465 8.247101188832147
466 5.2788876042487205
467 4.467038351088814
468 5.80224115796272
469 5.277649072270149
470 5.432466418632196
471 7.084690021183626
472 5.571574417936395
473 4.826183215049918
474 6.518011137683469
475 6.080748193678713
476 5.137854062874893
477 7.196591940878331
478 4.424783497727394
479 7.595031323300153
480 5.083716653997672
481 4.5977326821919045
482 6.031695487324874
483 7.833056523103806
484 6.133463261826233
485 4.150063438661264
486 7.580327387316186
487 5.889217956184074
488 6.7897539306227115
489 6.120367493962559
490 6.7368130436601845
491 7.706749229448483
492 5.971141994568509
493 6.928148170043005
494 5.747111353454679
495 6.458977067509084
496 8.009477152392755
497 6.402374706952571
498 5.3654434265794215
499 6.100726588459754
