0 3.37815289121295
1 3.383278297544221
2 3.198106620681997
3 3.5974831185699756
4 3.563222953105979
5 3.3627928723340674
6 5.540223886171639
7 2.9268944612910195
8 3.181536633353498
9 3.410984522302047
10 3.4055358302063463
11 3.4036210510839893
12 3.510872025435479
13 3.417159353361463
14 3.6632901271652925
15 5.641456316588223
16 6.892066610145221
17 7.5935888884485765
18 6.203608629070323
19 3.273853827277454
20 3.714760545800979
21 3.731260772732094
22 3.6171219672570345
23 2.9823435180270947
24 3.797264874112053
25 3.657295376524651
26 3.2996668139276832
27 5.436388168922854
28 4.7836209013266675
29 3.684653134595258
30 3.385107687738572
31 3.173220232226964
32 3.274979565570818
33 3.355150558895722
34 3.7189782647929763
35 3.642591178375068
36 3.567316617545989
37 3.7283476484918143
38 3.9009010507465125
39 3.2246489979239734
40 3.8123926658495377
41 3.564102147866573
42 5.5815160354975815
43 7.174979798522847
44 6.1660864257176895
45 5.5511693118634415
46 3.7859122525211832
47 8.245897217898518
48 6.331390735047445
49 9.951100874783657
50 7.077697266968408
51 7.790455786343535
52 7.170239000332414
53 8.87268526718386
54 7.125366321800836
55 5.378137888554015
56 5.332372012374709
57 3.7561303542324365
58 3.243468614154682
59 5.54055001394566
60 3.6607702360602876
61 3.2566181023810175
62 3.751594845429314
63 3.384941873842059
64 3.206115274053946
65 2.9298649790868883
66 3.5977292378024934
67 8.292755468393908
68 7.8915453985521
69 6.520442218416993
70 5.533023977355044
71 8.378222203171354
72 7.079052913641538
73 6.609933017177238
74 7.713523485552655
75 6.474009600814219
76 3.0476839787766745
77 3.6121589779189414
78 3.479271017688178
79 3.6401994507745004
80 3.919198758267813
81 3.865650994327331
82 3.6015770898407453
83 3.254478794804857
84 3.6433417759377904
85 3.8686000503213487
86 3.9358728024341194
87 3.7763674282098885
88 3.511515492696466
89 4.921742606353973
90 3.5495453168655238
91 3.5664891289905727
92 3.662202623087364
93 5.061300037029686
94 5.2449311346172705
95 5.227919238466215
96 3.5651664802041108
97 4.9537870774561865
98 4.465817616879594
99 7.207508268132494
100 3.46196619644286
101 7.036989109604671
102 5.889012254047082
103 3.871732963779761
104 3.449325362144603
105 3.0757882936235097
106 3.575087255715452
107 3.6481734289617287
108 5.283617904081149
109 5.747263916619093
110 7.025282490557732
111 7.009988772616559
112 6.089883130145722
113 7.761407259845065
114 7.007812202499048
115 3.5537136830522535
116 3.459082846154268
117 3.7056373357014434
118 3.881266980304885
119 8.044411770445915
120 7.917711250498725
121 9.071908107503287
122 9.224529195617505
123 9.416887553319821
124 8.529124902480325
125 8.078813173402981
126 7.770035914395309
127 6.21526733864657
128 8.060314124925508
129 8.567977239759589
130 8.602794218786043
131 6.762500004257479
132 8.558923898663178
133 8.833747525793658
134 8.432023283000103
135 7.008788885981361
136 5.946803319945484
137 3.490635879145745
138 4.744312516124654
139 6.421268344137604
140 5.37676572724332
141 7.174945022655965
142 6.337534653421938
143 5.638799522282121
144 5.76580465715008
145 5.288737412324053
146 4.187986447462392
147 3.4344459561484197
148 3.406494501701108
149 3.4422365364148946
150 3.5124860700131344
151 3.6766749263416383
152 3.120551043892924
153 3.821076106498751
154 3.546942984861673
155 3.4222522123435484
156 3.2980364618855456
157 2.904719237046941
158 3.3718167070874223
159 2.880185198431441
160 4.031891253482911
161 3.4643896338160354
162 3.782907672765639
163 3.3653034247043743
164 2.9049624913116863
165 3.5930338526305596
166 3.41392562767789
167 6.137637981441797
168 3.839924517269458
169 3.504434386061741
170 3.2485099024524264
171 4.886128083196018
172 5.599876893105454
173 7.747864273431441
174 6.040278335044108
175 7.457341767880932
176 7.413180367508043
177 7.011270096779957
178 6.432689101066403
179 6.648773208867723
180 7.052648325683851
181 5.6715417338957455
182 6.7116797942723005
183 5.458720687923916
184 6.711000550269193
185 6.883510828973658
186 6.31503292821269
187 6.966055216004558
188 6.892191740207875
189 6.304917174007552
190 9.865929988243066
191 6.678861291745595
192 5.939366973221569
193 5.571433122968802
194 6.743478627475006
195 6.022002404665512
196 6.5423234104422745
197 6.410175232591679
198 6.438124113521691
199 6.7527383016329825
200 6.177577955754106
201 5.827327074394454
202 7.62678434032834
203 6.4359150713777815
204 5.671571691511074
205 3.37314771556709
206 3.42856655736266
207 3.0133783695886778
208 5.133748547804563
209 3.2051904038720793
210 3.042676514832412
211 7.556294002247722
212 7.429811294465958
213 7.012305862487251
214 3.210827322582875
215 3.6538627106628465
216 7.510421309555837
217 9.229759724337404
218 8.53120186058696
219 8.792517031208932
220 9.312422518134628
221 9.185379217690805
222 8.790973056615128
223 9.095351516086597
224 9.051028382870612
225 7.93427152105038
226 9.00625025076041
227 8.467390643511767
228 5.532886074486709
229 7.319250041202585
230 6.317631922282909
231 5.528505695464084
232 3.2594917427467602
233 3.583166994842328
234 3.96093277344923
235 3.52439105719348
236 3.6845755185912727
237 3.5404924133448294
238 3.1507296596012706
239 4.222355193748621
240 3.0851575823852935
241 3.7172012964101495
242 6.735919271606779
243 4.195229727256641
244 3.993523566311606
245 3.2813740290152915
246 3.9611337327972125
247 3.4369582932314082
248 3.2207727570216056
249 3.2516877601229695
250 2.85419039663524
251 3.4461558399942844
252 3.5878508905757567
253 3.8513073209658515
254 3.624384561507762
255 2.845583733302747
256 3.347449452306267
257 3.5858067875575568
258 3.5224850804908345
259 3.58477863648453
260 4.18215841341203
261 3.7336139903047956
262 3.4550660579962784
263 3.4040341947574273
264 3.6810270601819166
265 3.476327120212205
266 3.774355970972513
267 3.24411499430663
268 2.983242507622801
269 3.594780639443301
270 3.3079432370514135
271 3.7520576958476415
272 3.1988443439251015
273 6.262398219962451
274 5.399587649732517
275 6.938950058324872
276 7.631346735108284
277 7.7118359488338415
278 7.529026389566358
279 9.290343110478812
280 6.371711550186725
281 7.135670125178206
282 6.888795735759553
283 9.363905495594091
284 8.466916863753386
285 7.963651637319551
286 8.371399187266832
287 7.950916751168391
288 7.250371061543204
289 7.005567029689411
290 7.773342045346261
291 8.08102477509434
292 8.110863084199426
293 5.909463836617608
294 6.396759641040736
295 6.59524584825246
296 6.518131822140218
297 5.902567049798469
298 7.222758215707184
299 7.851642468337746
300 3.9423683299334487
301 3.4271397513193738
302 3.397975553591269
303 3.556719023605633
304 3.8221633543725417
305 3.4937794485521145
306 3.627990337075396
307 3.687863549455213
308 7.587246643788574
309 8.418919246076761
310 7.3819533935196695
311 7.696759418745517
312 7.811110584727202
313 5.279124683965274
314 6.337020649314367
315 6.413628590324394
316 3.218512105924763
317 3.6397227769323854
318 3.2459435103833054
319 3.547962931420948
320 3.4731134728420443
321 3.228784142007129
322 3.54177394531535
323 3.138112996362172
324 3.7330443267960174
325 3.4737325745202545
326 3.2087786831042697
327 3.6872652759158973
328 3.6863913763889347
329 3.2046172303154767
330 3.455674504350895
331 3.4597692741843673
332 3.795571512616569
333 3.3819270725517687
334 3.4785382500455206
335 3.5292743102662523
336 3.6618924375305286
337 6.755171489082822
338 3.6736773153383244
339 3.840283979539741
340 3.8164856484711063
341 3.967857552878889
342 3.68238901939483
343 3.4985963649301994
344 4.173382673308135
345 3.5144538892009187
346 3.528465657740245
347 3.5328448093729437
348 4.8670874955341334
349 7.609551070686051
350 6.031921436170785
351 5.394196175295597
352 6.529022821464879
353 6.378669751507855
354 9.184645234733708
355 8.974305415974971
356 7.145425546103285
357 7.052181404879715
358 6.937117517460792
359 7.1807432275084775
360 7.316646065613679
361 7.082704565465931
362 7.7013232352942635
363 7.725488736045571
364 7.939437121016237
365 8.07547797335789
366 7.9652721781878375
367 9.611181834801375
368 8.84144003080807
369 9.24271600779907
370 9.373493054444534
371 5.773967071007801
372 6.38097049557343
373 6.079543864542202
374 7.058247296711544
375 6.124756499502277
376 6.188211109336436
377 5.691579651846038
378 5.56985417504748
379 5.488758408570075
380 3.412495997025266
381 5.904930990161299
382 3.7733719682482123
383 3.2601662772648208
384 3.888086162648063
385 4.163077022023994
386 4.3318274474028975
387 3.6263356357843133
388 4.2894338607362075
389 3.6190674586124705
390 4.960170721275414
391 5.167375172283646
392 3.476146399480593
393 3.6449398261463486
394 3.9089906579387605
395 5.045500262825286
396 5.331062223452743
397 6.414253778644254
398 6.459840072167987
399 7.478024092205624
400 6.6742492313643975
401 3.083975679214191
402 4.867094600601934
403 5.247432243442352
404 3.9670544909116927
405 5.663054386145393
406 5.481066750234407
407 7.720000760651227
408 7.5421673110117755
409 8.715811797942699
410 7.390438988953926
411 8.443999050837656
412 7.1370685189304215
413 6.921752709264797
414 6.847521502910612
415 9.037578292527035
416 7.6339705944274145
417 6.762415013921788
418 7.7226254367441785
419 8.08075021184026
420 7.194620467684549
421 7.824430594703343
422 8.029941103143734
423 6.946671198185284
424 8.842544593677047
425 8.272646103558547
426 7.142190761004579
427 7.145232151353354
428 8.082860025812943
429 6.878008903450163
430 5.210790824851032
431 6.145776634927884
432 5.8806637534154955
433 3.8668558012436978
434 3.6805221652323277
435 3.6549089248695643
436 3.6843671057096166
437 3.5341870289227852
438 3.9270761161961536
439 3.0838049111747563
440 3.6071678860584764
441 3.3597386658673463
442 2.875280409708436
443 3.5401970225030217
444 3.1689626333434617
445 3.4149961884388467
446 2.814802668352631
447 3.219534471499966
448 3.5586649344094003
449 4.287509539885022
450 3.4312553251547944
451 3.8929010827538013
452 3.4250065752148777
453 3.6897719640029396
454 3.5180396649602126
455 3.3608564631103324
456 3.6895597903871566
457 3.3160324575087117
458 3.4454666926706485
459 7.006801334103398
460 8.305961372060068
461 7.563514485209399
462 9.338882463668142
463 7.951666809659683
464 6.121204025509196
465 6.875853566270227
466 8.062863184606915
467 7.032113038479312
468 6.439012346019593
469 8.380962252255255
470 9.051890684619394
471 6.82487620888249
472 6.735686493217546
473 7.876050993324825
474 6.504586723810373
475 6.784258811460599
476 7.509312545593112
477 6.554813788689432
478 3.5221957075375747
479 3.7042463196788336
480 3.4026931976905272
481 3.485591455963753
482 3.570346305317567
483 3.5999179505325847
484 3.555299218004715
485 3.389535415651441
486 3.557476304440661
487 3.3287140725591122
488 3.581670659816177
489 3.3470843809475705
490 3.618402089522081
491 3.284780724149604
492 3.3611616112830776
493 3.3779317220321885
494 3.3574230778646865
495 3.6860296066721108
496 3.64610678065201
497 3.802769058509965
498 3.6053765047148225
499 3.437151044035612
