0 6.634347833443027
1 12.514912026226696
2 10.486761903134749
3 11.069045724503475
4 12.62984877517672
5 7.816367507407397
6 7.431111727238026
7 9.742708154372634
8 7.0935494514721436
9 9.713361332663169
10 10.238756833098725
11 8.019965564026304
12 11.148797501316343
13 7.844051126157438
14 12.149919895115293
15 9.075137518304153
16 12.088682506123046
17 10.912891560648909
18 10.265529748151973
19 7.342357041529177
20 6.227881222975382
21 9.97815829633227
22 10.341473719942266
23 7.115851367003463
24 10.58554568333307
25 6.425316383159969
26 6.397167017375759
27 5.753052051948622
28 6.831917146893728
29 6.994991689732161
30 7.751094969912747
31 6.75094761774099
32 7.815687102411
33 5.250484543950174
34 6.017851752723656
35 3.028996957459453
36 3.4078936882698088
37 3.5632546082715586
38 3.4703188678142824
39 3.905828953977191
40 4.759302291613393
41 3.349704055960755
42 3.3017978716236986
43 3.578114261132295
44 5.367226358821486
45 3.764202146067078
46 3.506119462796352
47 4.746292158909031
48 3.237846810440009
49 7.739633877134414
50 8.125949017923396
51 7.166133452578536
52 8.605725447841635
53 9.459703086745
54 8.00253522841027
55 6.484543023094894
56 6.704630423142319
57 8.354198209832255
58 8.286833061007357
59 9.825113127630864
60 8.300933712519996
61 7.9636791124524695
62 8.201186657149524
63 6.867394980729609
64 7.541184120331335
65 9.488561172064738
66 5.740122410729693
67 7.9281911367516225
68 6.4730712295439705
69 7.464060263684896
70 8.029186701802088
71 6.790232291193599
72 7.881098584928879
73 10.76767901481753
74 10.857210056542668
75 5.865922161278187
76 7.598687249433524
77 8.794443440181288
78 6.974569321180561
79 4.715983640374729
80 5.563831442599207
81 5.709504809326426
82 8.412721051680863
83 6.138998511024647
84 5.649460902998425
85 5.935621451529323
86 6.522343858274536
87 9.722546972352735
88 5.757215424211023
89 5.000737986036097
90 3.5784302729768616
91 3.23596976955248
92 2.614765903406697
93 3.228041957075774
94 2.994138590447876
95 3.5525438839644443
96 2.930732845397816
97 3.603099626487788
98 4.515848574169215
99 3.019807241308541
100 3.179808798473701
101 3.297800019713816
102 2.7097097623082997
103 3.6014242379438137
104 3.6173512837489654
105 3.320294073581761
106 3.3631810088979766
107 4.9071805397450206
108 6.833364735835621
109 3.1633928075470505
110 5.850512524685289
111 7.782530174401792
112 7.025123277580053
113 9.720793836661372
114 6.361885614992991
115 6.425686098606288
116 7.754441772567551
117 4.971967379898157
118 5.449159949968401
119 5.175607386122871
120 3.401081041342459
121 6.570313610348275
122 5.548842049182291
123 7.22624116418336
124 8.164085309484786
125 5.5284863940288504
126 6.436931740569443
127 6.956183148506288
128 6.355522841862691
129 6.808247661755422
130 5.5870051787590596
131 5.469170077748928
132 6.6293656780066845
133 5.213734576506977
134 3.5414961625581025
135 5.34340253124367
136 5.785212058779629
137 3.969833900196562
138 4.8293078205541775
139 6.51645639185418
140 4.861043940213915
141 3.8624897720025033
142 6.114490602314973
143 4.012968122131848
144 4.84726941438388
145 4.085862199016032
146 3.6299276092437243
147 4.599494353281168
148 4.576902682258374
149 3.827910695494373
150 7.521612850025079
151 6.283980965471385
152 9.214893375164532
153 7.7801630647909015
154 6.9253791889735865
155 6.323332534712966
156 7.633415125998871
157 7.116412894786982
158 6.014397610876087
159 6.316378979125584
160 6.000090072959022
161 6.8370758726165395
162 7.093425713491984
163 6.331741641011317
164 7.248040735937639
165 5.30792919268182
166 5.784974434318808
167 5.4859817058963305
168 5.627080396812437
169 5.496317936059462
170 6.539372927599254
171 2.7939970628728537
172 3.8044216335637704
173 3.818262349263863
174 5.971485179880034
175 4.503338634924367
176 3.743215539552398
177 6.979668703488248
178 8.99487809014233
179 9.477091883476097
180 8.008748902554665
181 8.471419146118818
182 7.522177689167051
183 9.246620878006645
184 8.008138351021339
185 5.8505989939610314
186 6.542715934078024
187 9.042623913663512
188 6.574807402027063
189 5.518528869667633
190 6.09442033942577
191 6.47902992059577
192 3.5533109438722303
193 5.864861569536822
194 5.650861372914015
195 6.2021895698292235
196 5.819635130431637
197 9.401563321534645
198 6.135172951161826
199 6.54703605418729
200 7.236843006301139
201 8.302428324002777
202 6.847879159870222
203 8.65986021121942
204 6.990434187103957
205 5.999733188080772
206 6.600887036910266
207 6.240977926503564
208 7.228216475067618
209 5.76108418588638
210 3.678305028290992
211 3.801770281618993
212 3.296398898351406
213 3.956636550618112
214 7.28155323591575
215 8.723683609587889
216 8.003120635695856
217 8.287396577388424
218 8.946385561824787
219 8.318716110268241
220 8.374085643786856
221 8.484094559793844
222 8.909073749710416
223 9.4498875317514
224 9.485532760424208
225 7.7754769203756915
226 6.4769736879192035
227 7.260631374521158
228 7.953280753748163
229 9.212946339798691
230 4.874322160642323
231 3.659565359354247
232 6.190801192989914
233 8.915939200891872
234 7.279780644605217
235 6.999301427453985
236 5.078131539931322
237 5.510935929615652
238 5.466811300796483
239 4.9491015558481655
240 4.722893198314607
241 7.752278886175138
242 7.941471207467406
243 6.91582281207364
244 6.771917739287169
245 8.973303784781429
246 10.542238298290675
247 6.446056591634021
248 4.9554293319488165
249 8.705066868091281
250 7.756847328106111
251 6.22014524009046
252 5.773630437321615
253 6.663589415553961
254 5.503283035745612
255 5.879942190335201
256 6.957369554359018
257 6.006710846139172
258 6.025031076307564
259 5.828638871493911
260 5.755944153926374
261 6.8224485859646515
262 6.564488591738437
263 5.490721654172824
264 6.457348029694501
265 6.408258437204158
266 10.964410727776487
267 7.892662034508672
268 7.235819949893241
269 6.926036662049911
270 6.7849229297959175
271 4.4370268128990995
272 3.8644146033483517
273 7.210197885146353
274 5.885483339097849
275 6.904056579381284
276 2.9398237239322516
277 5.800500418031503
278 3.836946836356276
279 4.99273779478342
280 3.4093047140911037
281 4.868014171018749
282 3.5675607371864473
283 3.877736216528191
284 3.7702447341663334
285 5.5875228429040655
286 7.7614671933403026
287 6.358501180717306
288 3.6044455967171523
289 3.468209167594396
290 3.4952773535900024
291 6.860525102545305
292 7.245165579462802
293 8.95280813783769
294 6.118182226816166
295 5.6544655929478465
296 5.616032092916178
297 7.759152442890145
298 6.653710992191208
299 8.623102324754774
300 3.2381975702445267
301 8.052797651129948
302 7.0836791510398
303 5.487605924982209
304 5.307033415905588
305 5.869196332889536
306 6.813847743619978
307 5.500000909717639
308 7.622181706418006
309 7.348970188168547
310 6.1254295947580415
311 5.382507144054048
312 5.5587869998775945
313 3.947811906010747
314 6.07654960854148
315 6.000906607031669
316 7.163264554859053
317 8.124535725478895
318 6.333528168083897
319 7.8916861797768485
320 5.516481048128952
321 5.785956250577591
322 4.064599068771392
323 6.513382045172005
324 3.8989601515035686
325 5.45727594350037
326 6.875322668263755
327 3.836212078465168
328 3.8657992753061294
329 5.3249691680453175
330 6.554480095775244
331 8.42402451404951
332 6.612854719258446
333 5.4440428106435235
334 6.0680301373167715
335 5.886137490186872
336 6.096622654149323
337 6.022664855368188
338 8.16256052239822
339 8.774310094415304
340 7.202304683190971
341 7.920582623648448
342 8.107505541741924
343 9.867709043612603
344 5.2480917205413595
345 6.647186201089722
346 6.753691824465317
347 6.490709413932663
348 5.56211570082771
349 6.8969779465693835
350 11.758642759374371
351 8.121509124066415
352 5.755778588038406
353 7.186774481147504
354 5.994938965448181
355 6.068963631692154
356 5.439606720312023
357 5.263485572938167
358 4.395840261401701
359 7.540597782757445
360 7.234114608253381
361 5.86946367225042
362 5.570625928704892
363 5.812302665097483
364 7.5463317973384045
365 3.98011954829708
366 5.867252802435381
367 4.298773416828214
368 4.580881822950393
369 6.510003970990362
370 5.80198595530258
371 4.264503860149892
372 3.542023265256593
373 6.013612155208762
374 6.631502095476131
375 3.656486268389007
376 4.547658227159694
377 3.402721540935713
378 3.4716191118392747
379 4.817365380721457
380 5.421436365847803
381 4.561731127497338
382 8.935288998388838
383 7.105363562790404
384 9.395719910955588
385 7.73473103963726
386 6.3195698037502455
387 3.346006065811409
388 3.3148132275413364
389 4.601632194387632
390 5.365384609436432
391 5.128611261763695
392 8.43610076406669
393 6.719547421923953
394 8.30452498414274
395 9.975593546797535
396 6.084322316935073
397 10.078649085500087
398 10.527121410309077
399 8.518496088512377
400 9.16754330974664
401 7.010594559655048
402 8.520370750819295
403 8.659492454006232
404 8.894723420452236
405 7.615750872247182
406 9.702304210540508
407 6.717591427487059
408 8.47835160376659
409 8.091742605430804
410 9.026723153851137
411 7.611335988449617
412 10.69615306734844
413 9.500104034754571
414 9.07079548917319
415 3.801613746961848
416 7.283953898751726
417 6.264961084807427
418 3.8934407348957927
419 6.169420835561407
420 3.4482406972006436
421 6.451607837299952
422 7.313687341741534
423 7.297055408565412
424 6.898203098547954
425 6.573851259209228
426 7.0727600075559165
427 5.940768741266273
428 5.791131349742926
429 7.743966257491237
430 7.613789659123362
431 7.335421066584018
432 9.082541270251802
433 7.712443441392267
434 9.103915040335997
435 10.634120349415383
436 8.123542088111954
437 6.469699071065453
438 6.209878094975835
439 5.979012688803765
440 6.11697781901022
441 5.272133787406224
442 6.935575826733192
443 6.228966196678571
444 5.516378746268718
445 7.172946898133706
446 5.987305724012643
447 5.183854990677302
448 3.908034381560507
449 4.830984291005736
450 4.092723349552042
451 4.027719886412949
452 4.26331838531587
453 3.8503927218655636
454 5.285488108323487
455 3.715685535127775
456 3.5834316011372183
457 5.223758521482373
458 5.2689860247463205
459 6.5622987960524455
460 8.182456366119553
461 5.284740670825314
462 8.38418805588383
463 8.410289585961959
464 7.803511928830102
465 8.647269997907042
466 7.460465180602079
467 8.799825143901023
468 8.768805592084714
469 8.721733639490674
470 7.906085614824907
471 8.228423238034287
472 6.678175275433801
473 8.217784603001835
474 8.410915033397787
475 8.981507310305105
476 8.057551380195164
477 7.975914111395442
478 8.082888479804561
479 8.532101046923371
480 7.9935832708814925
481 7.932186309349123
482 5.828149476814893
483 4.957339698706359
484 3.5137923077870967
485 3.9795417738621897
486 4.080720124585837
487 4.667291334920318
488 4.1478296153499254
489 6.085607408935813
490 3.8831417142466855
491 6.1878689439726875
492 3.708056983873093
493 4.618890982658463
494 5.919414660131152
495 6.443371661617836
496 5.592601878568828
497 7.958918253872254
498 7.199210273747295
499 6.011421512945455
