0 6.652206051868359
1 5.085031009752461
2 6.109683046282954
3 4.027508836979747
4 4.810121310633473
5 3.8520620784578967
6 3.9224310239310802
7 4.007507420387964
8 4.050189350488311
9 4.264357171997261
10 3.835034869994313
11 3.9170886707241928
12 3.819431101756969
13 6.94607407309784
14 5.47951400852724
15 7.280948951853986
16 6.299905037627169
17 4.000869873659798
18 4.126067796886234
19 3.9820139872910314
20 4.017831784246578
21 4.086584251039654
22 3.9351946061162533
23 3.874258534588529
24 4.744266918399874
25 3.9255337103127226
26 5.802961477563089
27 3.6161868355082776
28 3.971268262420262
29 3.831703975674615
30 4.328525414151224
31 3.725815674552804
32 3.8439975413429748
33 3.8345071598459968
34 4.269659476998426
35 4.053252965043376
36 4.023675124190789
37 3.8907478750802267
38 3.699369131005457
39 3.941834845179026
40 3.673006648065955
41 3.9883741510858424
42 3.873727067449308
43 3.874375916264739
44 4.035426588590318
45 4.046810940443375
46 3.871241660202324
47 5.429520117882897
48 3.871947306963117
49 3.90190693304099
50 6.75858633133295
51 3.9113054428435636
52 3.8144102449193475
53 4.3310742555646025
54 3.965014942184455
55 3.94962187520761
56 3.845105873536479
57 3.8609834220182795
58 3.9912509222372203
59 3.8101358365853217
60 4.930715329428347
61 5.927817433619925
62 3.878618738619936
63 6.26000081292689
64 3.8002818434514043
65 4.038971841522272
66 4.860697604350751
67 3.896902892337662
68 4.138802375106515
69 4.093925462211394
70 7.779891558806383
71 8.143136465700657
72 7.630493694905358
73 5.857925457224258
74 3.988656127765202
75 6.378210822325013
76 3.8594454185556955
77 5.020306632082874
78 3.7590046865819073
79 3.8291178966513306
80 3.974267549224832
81 3.858923842405472
82 3.985694250791415
83 6.288090703620658
84 6.394732040076583
85 7.487816853797606
86 3.7377989920175763
87 6.816941311311313
88 3.9484552940944297
89 4.749973922543929
90 6.740659207061729
91 7.31471824905873
92 6.300481134616963
93 6.9413326767600205
94 3.95491030644653
95 4.31798844721718
96 4.1353871301972935
97 8.047945624598203
98 5.982644920712105
99 6.21971874916406
100 3.7889894450834536
101 4.974203243413759
102 6.030314682474731
103 7.187630741975229
104 3.801016219027626
105 5.130939112239111
106 8.148669171365281
107 6.693341193074
108 7.607643824883449
109 8.090100163351979
110 9.921319255281379
111 7.485004929967409
112 5.4265126838928195
113 6.0496853837380336
114 4.087961566573882
115 6.818639146576742
116 6.080441834633955
117 3.771205868915644
118 9.501391503657329
119 3.549842157512941
120 3.6818382783876653
121 6.650523851109128
122 7.299656241370084
123 8.224584357674683
124 6.920875371367745
125 7.7822553409895505
126 9.079127972041865
127 9.029812489961865
128 11.050741151378089
129 9.935284884232754
130 8.794776028908014
131 5.780279264254729
132 7.9006480220430735
133 9.269053836579687
134 7.090056328431416
135 7.582915137233272
136 8.103338279144653
137 3.7758687887009255
138 3.766413679934339
139 3.766531133319404
140 7.9015809023710055
141 7.2547403462590125
142 4.627348543660975
143 6.106487572492275
144 3.8865867209458713
145 3.9633768601407473
146 4.242411222546042
147 4.015316474134866
148 3.8130651066992107
149 3.9575488982837363
150 4.500170195876294
151 3.8936532035153313
152 3.795307190166861
153 6.312170436119967
154 3.690866339590041
155 7.167630312525829
156 6.82212014337115
157 4.43537113015058
158 6.1599766425420714
159 3.9933591300251883
160 4.684777982240124
161 7.248953979244816
162 5.844908094396437
163 6.339550005832244
164 6.315565453326922
165 9.34810209039197
166 3.7759250593113567
167 3.841800285442818
168 5.1472921025855936
169 5.814575269309238
170 7.8839515000058995
171 5.187668972851643
172 8.09839476740906
173 6.902715116881007
174 6.582982976410502
175 8.447598717932895
176 6.6962563767516565
177 7.487801143360971
178 6.29202312237635
179 10.592615177173863
180 8.876665459282606
181 9.465400228338117
182 11.204844437622974
183 9.425555795326643
184 10.599948833622072
185 7.632805167257186
186 9.57249928205917
187 7.366866773776732
188 7.345902622538267
189 8.359710013739768
190 8.3711486644366
191 6.666601732981613
192 6.461108324159561
193 3.9415823583124894
194 4.3726728655270595
195 3.9618981452387523
196 5.471390065673627
197 3.933310543677584
198 5.131644498453683
199 4.292238054539448
200 3.9532688498243593
201 6.301606304260624
202 4.9514763049934425
203 5.897882245001063
204 3.825261597283911
205 8.350049154336352
206 7.2466803373061275
207 6.542241657631503
208 5.874848625044382
209 9.158218776389887
210 7.4011276987674695
211 7.874959073552468
212 7.85493261538257
213 7.165394137797345
214 8.885624838010209
215 7.777271426735001
216 4.992177513024053
217 5.512898221228019
218 6.8384983599285105
219 7.2630206553981385
220 5.155628186259863
221 6.59661055693403
222 5.4624740195875665
223 4.324877711341139
224 4.037208585758461
225 3.7080421346849866
226 4.574783303492903
227 4.744572388058083
228 6.399797842943627
229 7.436655037339222
230 7.215024332193283
231 4.2451607895808126
232 5.180747155931367
233 6.805580377489927
234 4.106698462159373
235 5.041769890143317
236 3.919901369863763
237 5.114583756500882
238 6.326921030163697
239 4.7100323345904105
240 5.521076277161552
241 7.439993866260434
242 5.574444621259627
243 3.7894566328831623
244 4.104781367849363
245 8.892669172395996
246 9.385161422897006
247 8.83525003159655
248 6.070348444202597
249 7.374458776157722
250 6.6634841933940105
251 7.521796554965535
252 3.9808269389776445
253 3.849640006463256
254 3.67055652706567
255 7.399711264129588
256 8.046168780091065
257 7.877370403562171
258 9.291314778384992
259 6.2564842144207224
260 7.264359847037809
261 6.172400266943706
262 5.425166452887014
263 4.3216622543594045
264 5.686982074987169
265 3.716341016912938
266 7.785818673292336
267 5.796849632208614
268 6.448031377454234
269 7.465787446502626
270 6.617459458212046
271 6.278163180429875
272 5.184311491939424
273 4.012307915961218
274 6.960802845699137
275 7.032543370967968
276 7.687071569459197
277 6.4128877520440515
278 6.123876510139824
279 6.831022206622043
280 7.378444104715988
281 7.2380662397675035
282 8.745181838769257
283 7.590892980755457
284 6.552979119082762
285 8.200756994295123
286 7.689010764235421
287 7.193091909720182
288 6.455478959911289
289 6.429876996382475
290 6.766308799338099
291 6.891797150079656
292 6.298984425470273
293 7.723087791099256
294 6.867895062010684
295 7.853262043763716
296 6.458642027345643
297 7.67914545647497
298 3.6980391675207422
299 5.176038323010695
300 8.157560037744842
301 7.050830692761381
302 7.849406146995272
303 4.213727453711862
304 9.036162858100266
305 10.147599397558606
306 10.139871720502759
307 9.578458322017793
308 7.123091730008518
309 8.112315984091115
310 6.317000869058878
311 8.653407298637147
312 3.866494408811057
313 4.635255618592247
314 3.89881157975316
315 4.084426584610701
316 5.435890008902041
317 7.341836909275003
318 3.7635344728635305
319 5.387750630054641
320 3.897598504608101
321 4.032647425055488
322 6.769059059958465
323 6.520030057273254
324 5.050877542669143
325 3.371317843988384
326 3.927275253234209
327 3.883003017758172
328 4.1952694910953126
329 3.773675432138061
330 6.5166509375690564
331 3.89163769040054
332 3.9495297130248743
333 3.971023232671477
334 4.790566221353842
335 4.93220042701243
336 4.763766255161283
337 3.71245159177804
338 7.144055821905528
339 9.04741801185785
340 6.888279582441264
341 6.463360426144661
342 4.012635190292351
343 4.954662230840594
344 3.9430157873599962
345 6.207264795784708
346 6.139019714152017
347 4.010501220558384
348 7.650486076669205
349 6.496404308342182
350 3.643501906490163
351 7.607484503042481
352 8.38164669837902
353 8.292784094491402
354 7.553086215435078
355 9.629404746639539
356 9.28376334412548
357 8.50218177474092
358 7.08709629601823
359 3.7608361185550803
360 3.8288325132479395
361 4.607478861757842
362 6.511852907445644
363 6.600328863213692
364 8.005054758666427
365 5.7604511318296385
366 3.718794524995261
367 6.6648188107979305
368 3.7013870190509235
369 4.145131548229088
370 4.246749251399004
371 6.350024723501676
372 8.487973910258384
373 7.421972672064584
374 6.33439561922712
375 3.780736277433058
376 3.4299107868370453
377 5.924308642924888
378 5.847719393764768
379 3.5273363009797323
380 3.8045131686465714
381 7.68664175423351
382 6.372566069088539
383 6.702771273463811
384 7.39237622936539
385 8.073694955354982
386 6.962756330290483
387 6.790831543031697
388 7.7289868944168045
389 6.677326939847219
390 7.282479013165013
391 8.43289469993192
392 7.391385074272743
393 6.776464108438704
394 6.582899871417237
395 8.496681163208349
396 7.755278221685028
397 5.7434354010054935
398 6.9323251458766855
399 7.270956642003
400 8.085658364964932
401 7.799368079995354
402 7.173100421547995
403 7.16286589684631
404 5.760109340543706
405 7.651573902047448
406 7.596477926976104
407 7.487398604961028
408 7.662211860352228
409 7.820575908195552
410 3.58702876637904
411 5.323381816029036
412 3.879937075880184
413 5.917734339922941
414 6.206488096152077
415 4.988947208429569
416 6.257965033930155
417 3.970646244519583
418 6.371960071958141
419 3.780372082705959
420 5.550129998842769
421 5.731164623384225
422 3.8170886647258206
423 5.266840036245929
424 7.730661988000208
425 4.789710312871329
426 7.065962417174589
427 6.123947065583579
428 3.764988365658046
429 3.941596324793678
430 6.7730343851988275
431 3.9312538769851804
432 5.374962225341084
433 8.84067570598832
434 7.444857397669341
435 4.412252770734884
436 7.394868710131239
437 7.266288351883113
438 6.272319266631548
439 3.7952041614270966
440 4.2889166176039275
441 3.8146396072223108
442 6.058977536173452
443 3.7862059618416977
444 5.612142265101462
445 3.9113985384310337
446 6.959917039798829
447 6.0374998481812865
448 5.124807639385349
449 5.477117394256429
450 3.7244828860415726
451 4.032177196320032
452 4.531056260615522
453 3.8311260554790065
454 5.205107546158295
455 3.857247552873455
456 3.7423033933141854
457 3.8647905572917423
458 3.8578772704616577
459 4.339192705308761
460 5.276847252974104
461 4.576815681235632
462 8.703072597221915
463 3.2565265880526506
464 3.8958191368442234
465 5.875076290641151
466 7.062982013372994
467 6.845651738462186
468 8.394778001777164
469 6.965772030579059
470 8.783544281660362
471 7.631464999280835
472 7.55398084902543
473 7.356555386963455
474 7.508367077826598
475 9.506553148594687
476 8.758979852912791
477 8.816734943966877
478 8.019416879149574
479 8.886823551423607
480 6.284045805573796
481 9.860261545424397
482 9.214797476658072
483 8.944940506431664
484 9.395550497996416
485 8.337131513991372
486 7.768789288249038
487 7.15523831223734
488 9.215467670640635
489 7.066479248426787
490 7.465533182564429
491 8.413904498045513
492 7.940561286921435
493 6.517429598845902
494 5.746235024008284
495 6.3507527247021125
496 6.410851249811681
497 7.344932420121754
498 7.436893063431361
499 6.994109698246915
