0 3.298600162415388
1 3.1450260622464103
2 3.8637376495396913
3 3.9488550002901754
4 3.444908269191386
5 3.7259293272224303
6 3.560319928381254
7 3.061242993222255
8 3.3270187652582144
9 2.8298875797076173
10 2.9443880218335274
11 3.4638417261258874
12 3.5657268194400404
13 3.6724765222161513
14 3.668747007705093
15 3.5729391956665766
16 3.14698759691597
17 3.046859654218256
18 3.4882717687370683
19 3.725791192015624
20 3.6017174873043243
21 2.897034832544657
22 3.2540459906875205
23 3.6788856666273215
24 3.6497985727091407
25 4.029620151985966
26 3.464455177307335
27 5.203050499624288
28 3.5564031375741227
29 3.6647629698182334
30 5.670238572132334
31 3.743762866170598
32 3.825003902975872
33 3.6807120921712495
34 3.5501469575278377
35 3.8805537995142227
36 4.108300700987117
37 3.5288285989724972
38 2.903280704661638
39 3.4186533929262093
40 3.045805077822184
41 3.4131410808816907
42 3.549519689143129
43 3.4035941391550923
44 3.59048527020142
45 2.849447168767792
46 3.511523724302736
47 3.5583511970944253
48 3.5302054698565097
49 3.9136814523918106
50 2.842895714511998
51 3.7243358997765577
52 3.688868012426785
53 5.510968051314292
54 5.604150410461035
55 6.1562490818608016
56 8.18475781867551
57 6.967033439360542
58 6.207905417667507
59 6.494141924622854
60 7.849746465218446
61 8.507128075784209
62 4.611803442692873
63 7.3092334971444926
64 6.002910127549772
65 5.725661343513058
66 7.830883790234044
67 5.012123338334101
68 7.508778800031514
69 7.157491478453975
70 6.632743041307186
71 8.412411737696074
72 7.778606232824839
73 9.087935287180976
74 6.446294164522299
75 6.60308580926882
76 5.703094978730934
77 6.9737968993512744
78 6.607504449009359
79 5.839492401655108
80 6.752464949996028
81 7.048745029279165
82 5.125498160898464
83 6.509892663547235
84 4.811752940427342
85 6.2092115667536385
86 6.805225545887842
87 6.797067156873153
88 7.867990848756383
89 6.075875071292266
90 8.718738951646618
91 7.059347543497349
92 4.215111440556999
93 8.444135586602608
94 5.716917041903371
95 7.336067974594182
96 6.725433955303142
97 7.820202562387977
98 7.575759071619656
99 6.406657845737885
100 7.911883588163789
101 6.671782749871141
102 5.760507844132393
103 6.973492617510759
104 5.042571806634421
105 5.830880955384242
106 6.991779319716475
107 5.446951608983572
108 6.663205632490835
109 8.673846192224275
110 6.8180954241992096
111 5.241887572923685
112 6.474624298373194
113 6.603723900570299
114 3.9856790721832023
115 7.920557983462416
116 6.817167168088447
117 7.797151908501197
118 9.815721892982754
119 8.251710456946638
120 6.122160368370509
121 7.488882437131337
122 8.112694409025309
123 6.845005322431336
124 6.38032752137918
125 7.088737580734674
126 7.063059671397829
127 5.600447291866353
128 6.82832009912399
129 7.40607530616728
130 6.526157489997021
131 6.437097987169693
132 5.716989924368881
133 6.847085990575705
134 6.677446188083746
135 9.418526343093792
136 6.241422896936895
137 6.565964756370859
138 6.704778769831779
139 9.753064582312474
140 7.097310800170438
141 2.8554829839976423
142 3.879098287296548
143 4.0431536248568305
144 3.6563964488868925
145 3.400194640764236
146 3.3895765624137852
147 3.251575690979212
148 4.00813718695676
149 2.988723002278639
150 3.5386762979576947
151 3.2408590696985704
152 3.701309511872398
153 6.319642550645263
154 3.4144254246588486
155 3.9602696337357135
156 3.854492557115178
157 6.811309084023091
158 4.564178296894327
159 6.477628002852505
160 4.56869311312688
161 5.88169818784196
162 5.451567425398097
163 3.405403123639037
164 6.361091749869069
165 5.62421498074153
166 5.16801145847135
167 5.731480019042188
168 8.00481178109504
169 5.789591364222279
170 5.40014991985857
171 7.611435528113226
172 6.6052188823827604
173 6.738038405688589
174 3.342986979455572
175 3.3869427880737057
176 3.0498480116987974
177 3.4833783083981755
178 3.3006914147394943
179 3.777790813809651
180 3.0410015067674863
181 3.147156512391351
182 3.5671444421958824
183 4.054237209719374
184 3.5461989808961842
185 3.70511120862414
186 3.520002579695705
187 3.4337158353035853
188 3.3933988012313865
189 3.2073027861367818
190 3.528465260569795
191 3.749814305638508
192 3.3523237066628684
193 3.920503195114897
194 3.3280372396580082
195 3.4983938889565187
196 2.74013606946865
197 3.2652974309821445
198 3.2111422135822583
199 3.1302108548644196
200 3.3669531688311656
201 3.7452626151575155
202 3.2772904252636934
203 3.723054115720799
204 3.9880729463682236
205 4.807613686758472
206 3.207983132912658
207 3.1584107276532443
208 3.522706278754309
209 3.072366032519705
210 3.574982519822542
211 3.467719963413925
212 3.6045082289389025
213 3.37247693531042
214 3.4260733905866854
215 2.9924598868534815
216 3.6387747212081583
217 3.664868423376409
218 3.5461465279614797
219 3.541065444839791
220 3.189855226504657
221 3.580626983727367
222 3.305654657478347
223 3.8694435218153616
224 4.038418569347219
225 3.3579245777941282
226 3.5642409585824804
227 3.5051232677736066
228 3.3399560422718464
229 3.199092107836782
230 3.5878143640827713
231 3.630483076342796
232 3.5583986674786954
233 2.8973718321858324
234 2.7267559547747746
235 3.7125576552639363
236 5.931347033981815
237 3.073259460654479
238 3.421934221707376
239 4.286093500124113
240 2.8129499723967797
241 3.3447571108071386
242 3.474073390763097
243 3.4738178732595153
244 3.836023351814569
245 3.480935829170568
246 3.1929424509974575
247 3.9016557474339315
248 3.1431098825403674
249 3.4417231626891667
250 3.0011234283793122
251 3.467285081229218
252 3.547299527588185
253 3.7770594341081716
254 4.7490435337265495
255 3.471025276097589
256 3.1744009210084334
257 3.4951093089456164
258 2.9716676731492284
259 3.8845940807938937
260 2.5842883258984535
261 2.8694680886223938
262 3.325530831304918
263 3.433257108052826
264 3.164455466921045
265 7.635822282430102
266 8.18602480138285
267 5.197923236941365
268 9.748267190093326
269 3.7663344512314274
270 7.407189651821524
271 10.499454848338853
272 9.526729415859021
273 5.291481207866093
274 5.743524194074842
275 5.893209283092336
276 6.366347957905625
277 5.595599477597687
278 7.2805148488479245
279 5.6384013621406766
280 6.0062740412303235
281 3.5868900955157037
282 5.820385270604147
283 3.6217204052043948
284 3.366175017535545
285 3.899340457958129
286 2.8090643921775227
287 3.0741369580446176
288 3.034222298755854
289 3.5780529811246224
290 3.7988423116089716
291 4.2516945122606895
292 3.2413272952031296
293 3.6596473667981333
294 3.2719962826774385
295 3.2549182976191733
296 3.7846680677110425
297 3.2261370796712696
298 3.307818248514949
299 3.027548079943531
300 3.9601236450101553
301 4.085778035373795
302 3.727492623841911
303 3.4591792393521414
304 3.5893423487168445
305 3.4898846069454206
306 3.9142838162459723
307 3.7658526536222925
308 3.4565932478200856
309 3.7993589493144646
310 3.0443687046870807
311 3.400821278484752
312 3.5453203045792625
313 3.6807888756993106
314 3.858454596472509
315 3.5761589575311934
316 3.5645985213240055
317 6.516186783349641
318 5.73006013621821
319 6.88495717295097
320 3.8764124399425426
321 3.5829799754286036
322 3.277867452156854
323 3.814370185360771
324 3.429163903334962
325 2.728819734232654
326 3.526714468916765
327 2.8426167396843915
328 3.563826310765564
329 3.7269602837019624
330 3.774632683677134
331 3.8295111050408357
332 3.369229734328867
333 3.359219825604585
334 3.345668929982092
335 2.96456127312667
336 3.4286509819772726
337 3.6256351622756418
338 2.977271493384555
339 3.9784251085759266
340 2.949217478939658
341 3.7027219614079194
342 3.2441857176694024
343 3.694181696837961
344 3.071113339430428
345 3.344120462119344
346 3.66689074604368
347 4.2441793906417065
348 3.5252224331914808
349 3.5074913466606454
350 2.8356882044212446
351 3.489983226628157
352 3.594568320938556
353 3.4014979981734257
354 4.219411346770853
355 3.3161561293526702
356 3.5025444731471755
357 3.0720808448373567
358 3.8960745843009206
359 5.274861638944225
360 3.88093116812647
361 5.519997655284197
362 7.565733904484985
363 3.684204811231684
364 3.8230141491130802
365 3.1984257952224104
366 3.317721598806837
367 3.4510087340862503
368 3.5031423641312154
369 3.2820857736594937
370 3.100304590138876
371 3.2996838385961755
372 3.337788120292414
373 3.864706080330257
374 3.21662116700751
375 3.551061902150458
376 3.3469003927980054
377 3.8131066560227933
378 4.2660088644758805
379 4.3376275262402695
380 4.010993358241391
381 5.821290855506169
382 3.4916108653049482
383 3.123238210831904
384 3.0333942197695922
385 3.5006523010846164
386 3.1741388959600902
387 3.4514435496698113
388 3.6184616193741386
389 2.8524444278445564
390 3.3335795526380996
391 3.5246149219908163
392 3.5609676103735266
393 3.3690392463774246
394 3.4193851734170257
395 3.6160626091116095
396 3.346490987875934
397 4.001353763953119
398 3.920924797571139
399 3.3992217476158384
400 3.2521194343377293
401 3.675144452140541
402 3.6732928981807067
403 4.044818784315646
404 3.637864774609338
405 3.7424332756816883
406 3.5916724349875624
407 3.581782373173638
408 3.6158249160168388
409 3.7912270926800353
410 3.7844470441391724
411 3.6310476232720106
412 3.459080886633482
413 3.719235127202831
414 3.4624463560550356
415 3.706845204012336
416 3.5625742793486537
417 3.5664473421217613
418 3.1222354701896426
419 4.027492570154451
420 3.122802353142912
421 3.4589895678432225
422 3.291679332429762
423 3.8608580933013665
424 5.528480020479961
425 7.652018019735078
426 7.648981844908567
427 8.302187039810502
428 8.85778507367439
429 4.2492135639571735
430 4.1217490254509
431 4.842117270336155
432 3.7116419613717904
433 3.846631131580841
434 5.042818916245592
435 6.869553720035274
436 7.003348538581092
437 6.501964548814584
438 5.456493819861171
439 4.385196592878839
440 6.073871095882642
441 6.474769590948766
442 6.837052337282709
443 3.541857131971655
444 3.139022677250694
445 3.7653643583445695
446 3.648306515978215
447 3.3898998931997943
448 3.6404775031177787
449 3.8356527509024754
450 3.2050526626783244
451 2.8762086137973824
452 3.5734235004036834
453 3.5520760380827863
454 4.198745058411271
455 4.101901106146891
456 3.612704577078594
457 3.999543642653746
458 5.520389566613881
459 6.159649021442729
460 7.120572433613023
461 8.900556338387673
462 4.2774533719734915
463 7.122849664130813
464 6.156900164793715
465 3.9948531105643794
466 3.7273437921256756
467 3.604639336071854
468 3.763703005222845
469 3.87500477653948
470 3.5230780926896434
471 4.193435222808196
472 3.892009882103928
473 3.6101769143103613
474 3.314844382046329
475 3.96671340098294
476 3.44810620015333
477 3.3448406459428264
478 3.3226863881274604
479 4.599110627363668
480 3.3977657914217807
481 3.3838767443152076
482 3.5817204916170553
483 3.6794864632583493
484 3.281159831304628
485 3.6286460795114666
486 3.615161286766836
487 3.8680055098214163
488 3.2198412821842566
489 3.6247845119037794
490 3.6085316490360624
491 3.228805641775348
492 3.025739288121395
493 3.8437158190262726
494 3.2299503653360015
495 6.586918882347742
496 3.376972801101263
497 3.613692757830928
498 3.5968163211939546
499 3.3701001114474076
