0 10.915197284871068
1 11.543061211150697
2 11.061813991203135
3 11.48999606435648
4 14.772268056719318
5 12.31205126637543
6 10.791716344681006
7 10.67538989766621
8 8.907985707699558
9 9.07995668804239
10 7.965912124903854
11 6.6967919786856465
12 6.100986873763905
13 9.960333310740678
14 7.002131935643153
15 9.458356987716694
16 5.037909015259111
17 10.994972751015133
18 9.941050489878148
19 7.0631823048083255
20 7.349675667680179
21 7.7702325953765845
22 6.868304417730552
23 7.165816749810585
24 7.495850540492692
25 4.964054868968965
26 3.7181853242774197
27 3.9871275260325065
28 9.331932117894471
29 9.24840674900962
30 8.816178619863397
31 8.22345004881827
32 4.611550513315045
33 3.8031749752686363
34 7.912196550035275
35 8.59965463112406
36 7.77517021916668
37 8.287748388262257
38 8.315576348487292
39 9.016231341016521
40 8.007740333712848
41 10.46150386318927
42 9.464423653457784
43 8.666292076997115
44 8.079149258343833
45 6.672976290632277
46 4.353466146954175
47 6.585107167350681
48 7.887556260185555
49 5.405265084225682
50 8.559459767237312
51 9.225660129327728
52 12.348277815525881
53 3.9957066817920124
54 5.334675149148787
55 6.761414885862053
56 7.571860005689216
57 9.19463524159596
58 3.9094590168541914
59 6.886409845314199
60 7.808724824450741
61 5.76441157788813
62 6.9759639707905805
63 8.55440905172133
64 7.8628015514599685
65 4.4764700117233
66 6.945496517798733
67 10.388761035118886
68 7.185023185545649
69 3.9712694200143663
70 3.742837114041577
71 5.785945561875844
72 3.763381181913386
73 4.002317370619122
74 6.348808522527523
75 3.82162200188312
76 3.902237902753934
77 4.137264105587509
78 9.618950657910345
79 4.004273998683747
80 10.360374690089907
81 8.22283594890719
82 8.79967565439776
83 7.862372305810285
84 10.358017887329453
85 7.019203708200035
86 8.348023487919296
87 9.387939530848943
88 7.048817269592987
89 8.769875197655407
90 8.885584994009669
91 7.831244359025728
92 10.240340216513527
93 3.6094256237307816
94 9.208189314596753
95 10.541981815004341
96 7.81943758593053
97 10.692061697115992
98 9.887921408698087
99 6.295369388300529
100 10.284643807922885
101 7.4923133555093235
102 8.179666012902496
103 7.933203348792528
104 8.714115407773312
105 9.907275321867104
106 7.5831796201908475
107 3.9701863095003356
108 11.142144762630029
109 4.051082303562661
110 8.944900895810823
111 9.651586127240112
112 9.78487547472097
113 7.330441248487774
114 8.49831998073003
115 8.201313860717937
116 7.60211524598188
117 6.510215694049281
118 8.936911879580355
119 6.855748429439077
120 8.271221719536392
121 7.499042280578919
122 7.252263158062523
123 8.84752181456672
124 8.332908634514194
125 7.849255387434972
126 11.436277098260973
127 10.196386167230465
128 9.231050555281774
129 11.772824173967724
130 10.580108963947232
131 8.115027909585288
132 8.341201680026817
133 10.708130068329748
134 8.541171656442499
135 8.424592192081057
136 9.608507274874688
137 8.686293520792196
138 8.277002914101676
139 8.94649333111991
140 6.956792679471905
141 9.046732161170153
142 8.041579029676823
143 7.584147933717189
144 7.458865025259064
145 7.60564093096923
146 7.278043879252832
147 8.733094793445204
148 9.010225042996506
149 8.222633823650773
150 9.26783126624787
151 10.07091586807577
152 6.252598189087034
153 7.958767066207903
154 8.71677998766637
155 11.15840305963153
156 9.051135915762277
157 9.912192762594819
158 6.46201794161619
159 7.198706494655188
160 8.645346268972215
161 9.60021173582753
162 8.661770491562066
163 9.21522075041924
164 7.0181542269462085
165 7.991679967197595
166 7.563067947058581
167 10.977650371107885
168 7.0993367109906265
169 7.45681162276023
170 9.92196108743082
171 12.04300976031974
172 11.951123984702436
173 10.508905067188033
174 10.177728703664837
175 10.250107058127995
176 9.393448675445857
177 11.09680497404632
178 9.71011598096701
179 5.327525074268725
180 8.148160069234942
181 8.71952342449982
182 6.825908313162745
183 8.781875788306943
184 7.894583396392128
185 11.874707061526797
186 9.959039412339221
187 9.677463841428525
188 9.359017798531642
189 11.164552923527177
190 10.398806541435716
191 7.585375558582037
192 6.992639114058367
193 7.388882068819696
194 10.848304957499153
195 9.365826795610586
196 7.5219348790690335
197 9.632660529206612
198 8.646162159771004
199 8.809461017676801
200 3.904564591252498
201 7.1948377135748585
202 6.827152775020216
203 8.941398104912023
204 7.700304689736763
205 8.731227582644518
206 7.47567646244124
207 8.30374449251542
208 8.82926808622142
209 9.26252114047528
210 10.355336336217922
211 8.366213273058362
212 6.728924253712625
213 7.429242605446045
214 9.30578122170571
215 8.307543805802093
216 6.998137538273015
217 8.968218773358819
218 9.350574469844172
219 8.361373178913418
220 10.915395386069505
221 10.147131165785185
222 8.501159865455215
223 12.551332627034041
224 11.519879273840699
225 10.007969689463394
226 8.8309665944131
227 11.703121975333197
228 9.504039153417537
229 5.552707478044143
230 7.3036290991142865
231 6.389583093550525
232 9.742619230327046
233 10.817264211391388
234 7.444588487954326
235 8.34119313626084
236 7.756623288842247
237 7.082589016059434
238 9.8867007762369
239 6.9721854332306075
240 7.2896141348938155
241 10.701281807615135
242 5.872232217920698
243 12.235230765060901
244 10.426958313511847
245 12.160514712978571
246 12.11481341715572
247 9.567292783097338
248 7.251054022168871
249 6.870610616930221
250 11.16459652380856
251 5.59731797629591
252 7.140493512773322
253 7.306223802893938
254 6.532357884173024
255 5.7892975085575085
256 8.410453875715868
257 8.63054932734851
258 10.445474955866995
259 9.961822413695693
260 10.028009406829838
261 5.783290303161601
262 11.216704942540531
263 9.52214599803838
264 6.620851790008984
265 9.114438847926113
266 4.167782780883226
267 5.743782872382944
268 10.896981793154842
269 11.008392805013791
270 7.015517069417252
271 10.455259746246524
272 9.240920578498386
273 9.179510859918663
274 11.919472727413133
275 14.143102701061292
276 9.054793557217497
277 12.037835578176656
278 9.771977866150124
279 11.857137665002833
280 10.017048061160542
281 9.89673229056099
282 10.909412766031869
283 10.497668675000035
284 8.318371324781237
285 9.79622294621765
286 11.416685469975388
287 8.706088778956776
288 11.145195313362533
289 11.522642674784555
290 8.189298795068286
291 9.949835132548685
292 12.052828856496346
293 10.756674017163931
294 11.859225315328622
295 9.239180459714783
296 10.810779172693156
297 10.51184430827485
298 9.786482974523691
299 13.658046524543076
300 7.940083352005403
301 11.928618048001187
302 11.686807079013992
303 11.64873992290698
304 11.43513872995761
305 12.68034073454696
306 11.2381083425082
307 9.721362454306337
308 9.435966697112498
309 10.33532686264318
310 13.709700960888162
311 11.048589748217278
312 15.342291812724834
313 11.31984170839385
314 10.786794308196486
315 10.134107873960573
316 10.555241581312794
317 12.716323451032496
318 11.039618184806118
319 11.129623716095546
320 11.246860522889339
321 9.855664433531725
322 9.125361512989617
323 12.934418247973722
324 10.632251363357433
325 9.978662342311287
326 13.401507490327734
327 9.92944431000615
328 8.629137707518243
329 7.644527744345665
330 10.984299028766102
331 9.309755240411153
332 13.431455831278221
333 13.178658089956935
334 9.971869995444509
335 7.3899262747387615
336 8.26694962027891
337 7.6479298289685715
338 9.691723987794088
339 6.628372319211521
340 8.436537467547259
341 7.538018506739778
342 8.51554241248793
343 11.816879043817465
344 12.209584021656898
345 9.87822505683928
346 8.679677810619497
347 11.739014657876055
348 12.682099762758655
349 11.099102327178475
350 12.745008452791147
351 11.866564576439627
352 9.495454417233235
353 10.342198513618442
354 12.22241056504596
355 12.036317384151317
356 13.017257412287517
357 11.284380765397994
358 11.864149640222546
359 9.7030744235836
360 10.802187354731437
361 8.990482919561789
362 9.614318177412652
363 11.044549294623272
364 13.586486882619031
365 12.416905184748089
366 9.697431361764187
367 9.789870765126064
368 10.27479668888003
369 9.476205956970674
370 10.891078550796376
371 9.587117836812254
372 11.747547314798098
373 13.632883136863576
374 10.419719987549591
375 12.56362980526529
376 12.491340969508844
377 10.634876488420812
378 10.466572708037162
379 7.643038967471278
380 9.601241797217284
381 10.91270338817446
382 10.722725287857555
383 10.020669208089313
384 12.907374504812328
385 7.644078067167813
386 8.748311423685555
387 7.700587726053657
388 4.291612323864403
389 4.2759011832587746
390 5.764750188950567
391 3.593049622346743
392 4.664326720317593
393 3.74824726137869
394 3.684632734281682
395 3.812247544223827
396 6.650862495011848
397 6.0789188484561745
398 3.720266117603278
399 3.7167564721634436
400 4.958587181603991
401 6.033259780412917
402 3.8744378587155794
403 8.341013242686108
404 7.652567024337434
405 5.592499600326814
406 3.6128384882474687
407 5.776708461806118
408 9.105638488851799
409 7.855384558641989
410 10.898851838758874
411 8.531053643327843
412 9.126669260355822
413 8.965407829528186
414 9.355732878110656
415 12.215905308497758
416 10.592133757864962
417 9.213513231247632
418 7.160903046687156
419 10.885019227756068
420 10.136042402163527
421 8.601143424061902
422 7.095102523271079
423 10.548765230927675
424 10.52031701805374
425 11.220271637924265
426 11.245777579774435
427 8.203027362126017
428 7.231440212758039
429 8.858194502607473
430 9.137905334677097
431 7.114611752634593
432 6.964714552693331
433 11.445738958420913
434 8.846947936675276
435 10.285148237327583
436 10.082520951088457
437 11.276312299663642
438 7.592149823682489
439 8.913074301193515
440 8.218938229506191
441 8.577220774466683
442 12.672540601527489
443 6.914931256262593
444 7.223967545697964
445 9.31879716701998
446 11.614987386793764
447 12.908054687248509
448 10.909112625829257
449 12.262129721905007
450 12.07534199758678
451 9.974151602698406
452 13.121882220672353
453 10.814881572670405
454 9.789841388897013
455 12.59943886837548
456 10.041278785583401
457 12.098958869520688
458 11.206749780345545
459 12.527088198757783
460 10.590729787007671
461 12.843447791620411
462 11.717651384705382
463 10.771623508064561
464 11.374898059432603
465 11.527958856352985
466 11.0943892104244
467 10.534447165773912
468 11.659076636041368
469 11.304438248252913
470 11.176089391409963
471 9.905463609814133
472 9.7663942315394
473 12.95537167531286
474 15.435283916897125
475 14.97498635514239
476 13.036025862136448
477 13.444548305622888
478 13.852783460625513
479 10.914781052513206
480 12.953958436408547
481 12.143279294552404
482 10.699814666269484
483 10.31069518844063
484 14.464803539218128
485 8.940855509607303
486 12.428336988666503
487 9.588317268224687
488 11.347950797012754
489 10.714964132738814
490 12.109995696038258
491 13.213256257224442
492 10.21844968502082
493 12.027197414744961
494 8.320156808539235
495 9.71586183293138
496 10.001164796605126
497 9.100049300118743
498 6.842243857861594
499 9.950065433655105
