#Frame    total[bond] total[angle]   total[dih] total[vdw14] total[elec14]   total[vdw]  total[elec] total[total]
       1     284.0223     706.2318    1050.9460     297.1912     5265.5070    -626.7195   -6907.1876      69.9911
       2     252.0826     689.5186    1067.8783     302.3643     5271.8640    -630.2330   -6964.2430     -10.7683
       3     247.6834     685.1527    1073.2250     309.7181     5282.0826    -644.9915   -7022.8227     -69.9524
       4     277.2067     710.0723    1040.8130     299.4531     5281.2292    -642.9866   -6977.0068     -11.2192
       5     253.0417     713.0980    1059.4168     304.8168     5277.9441    -633.0021   -7081.5833    -106.2681
       6     264.5913     698.9426    1043.2156     311.0103     5294.2654    -627.7475   -7036.1000     -51.8222
       7     262.1168     695.2936    1055.6146     293.1183     5287.3048    -637.4388   -7260.5896    -304.5801
       8     283.0972     668.9376    1065.5649     310.1268     5315.1838    -634.5002   -7118.6812    -110.2711
       9     264.2598     727.1080    1052.5244     295.9009     5250.8882    -622.3184   -7017.5036     -49.1407
      10     293.4803     708.9310    1055.6329     298.2547     5273.6065    -616.2671   -7118.2333    -104.5949
      11     261.0942     695.8450    1028.6472     298.8992     5253.2267    -643.5943   -7048.8089    -154.6909
      12     283.2739     674.1220    1038.5179     313.2064     5268.2978    -634.6349   -7058.5333    -115.7503
      13     260.2454     652.6092    1034.1837     307.5206     5288.2625    -631.2326   -7076.2786    -164.6898
      14     260.1501     687.8204    1042.3249     295.8540     5250.4058    -645.5157   -7020.4752    -129.4358
      15     273.8574     753.0980    1033.5623     298.8914     5234.3383    -621.2944   -7044.7405     -72.2876
      16     266.4210     712.2626    1046.1537     300.2074     5248.1945    -641.3216   -7064.0347    -132.1171
      17     273.0637     707.3506    1042.1292     298.6605     5234.5265    -623.2570   -7060.2102    -127.7366
      18     254.8864     713.4962    1055.9992     295.8774     5258.3741    -646.7774   -7079.6670    -147.8110
      19     288.0114     681.4005    1057.2257     305.5531     5256.4701    -632.8692   -7083.1760    -127.3842
      20     254.1940     689.5825    1047.2663     309.8583     5291.9800    -625.9871   -7052.9507     -86.0568
      21     264.7798     700.5666    1068.7529     306.1608     5267.2282    -619.6101   -7024.6574     -36.7791
      22     279.9207     711.3727    1072.9325     301.3434     5294.7085    -621.7447   -7090.9540     -52.4209
      23     266.0221     721.1443    1058.9855     304.3289     5242.1760    -625.0294   -7043.7932     -76.1658
      24     282.7764     683.4755    1054.5572     299.4621     5296.5984    -615.5133   -7071.0117     -69.6553
      25     241.7431     719.4365    1049.7916     309.4710     5311.1624    -643.9531   -6994.0404      -6.3889
      26     293.5059     674.2422    1063.0058     302.0276     5285.6296    -650.3966   -7100.3101    -132.2956
      27     283.3522     702.4004    1065.8273     302.8573     5295.8367    -636.4613   -7055.0642     -41.2515
      28     257.7964     688.2099    1064.3013     310.1364     5296.3848    -637.6202   -7063.3061     -84.0975
      29     260.7941     701.8052    1063.1958     299.5223     5277.1706    -643.8133   -7012.3596     -53.6849
      30     276.8665     713.7340    1062.6269     309.1283     5268.6192    -637.1759   -7057.8716     -64.0726
      31     254.0374     700.4002    1059.0450     315.5990     5307.8881    -631.0751   -7015.8735      -9.9789
      32     266.2245     722.8295    1063.6973     312.6356     5261.3490    -614.6579   -7153.7857    -141.7076
      33     302.3880     719.3216    1053.8650     311.8691     5283.7840    -626.0985   -7098.9091     -53.7799
      34     238.1682     707.6104    1061.8053     302.1085     5273.2688    -631.9835   -7105.0791    -154.1014
      35     268.5002     694.4057    1064.7348     309.6849     5281.8538    -633.1983   -7184.9901    -199.0091
      36     267.4262     702.4855    1074.2941     308.6600     5303.9038    -626.7396   -7123.8907     -93.8605
      37     248.0013     672.8731    1068.3485     313.3653     5308.4311    -630.3129   -7223.8689    -243.1624
      38     259.4922     705.1971    1067.8178     311.4832     5264.5970    -634.6807   -7101.2542    -127.3477
      39     289.7387     739.0100    1044.2179     295.0044     5238.8537    -641.9709   -7036.2620     -71.4080
      40     249.0361     686.5998    1061.1563     294.6715     5271.6231    -644.1177   -7086.8516    -167.8825
      41     268.2283     752.0992    1073.6265     302.0038     5262.6244    -641.2744   -7108.1715     -90.8637
      42     257.5276     712.0101    1064.2861     288.6998     5270.6084    -632.8297   -7172.9016    -212.5993
      43     281.8068     714.0196    1048.3600     307.8562     5291.7423    -635.2403   -7156.4894    -147.9448
      44     252.8646     678.5336    1065.5036     313.9323     5296.9205    -642.6601   -7201.5529    -236.4583
      45     245.5546     735.2599    1055.0783     307.9112     5293.5932    -632.0683   -7114.1885    -108.8596
      46     264.0003     713.2857    1070.7386     306.5713     5299.1202    -652.5221   -7145.1844    -143.9904
      47     276.4033     703.0305    1055.6590     304.4698     5284.2578    -613.4853   -7090.2977     -79.9627
      48     253.1431     712.6203    1048.3364     309.1483     5322.5442    -622.2885   -7114.9647     -91.4608
      49     277.2738     694.4064    1039.5396     315.4235     5278.6707    -658.6932   -7110.5471    -163.9262
      50     272.8060     729.0699    1064.3373     313.5613     5281.0949    -622.4362   -7229.0633    -190.6302
      51     284.5126     731.0280    1057.3903     302.2249     5279.3912    -623.4991   -7098.3017     -67.2537
      52     287.1334     720.4759    1059.7549     296.1646     5307.2173    -634.8928   -7019.5169      16.3363
      53     267.7730     710.5330    1067.8539     304.2726     5310.7556    -640.2472   -7165.9578    -145.0169
      54     255.6233     691.2995    1057.3129     309.4026     5317.0999    -627.8122   -7104.8758    -101.9497
      55     298.5127     715.0623    1064.3449     297.9929     5302.9495    -640.9546   -7052.8154     -14.9076
      56     279.2731     717.4924    1040.2230     311.7588     5290.7334    -644.1373   -7114.0237    -118.6805
      57     266.7744     728.2264    1068.9527     310.7914     5285.0391    -631.0052   -7018.6499      10.1289
      58     292.5156     717.9725    1076.2825     298.3351     5299.0489    -644.6790   -7148.1724    -108.6968
      59     266.1566     690.5054    1029.9283     308.4173     5288.0540    -647.2388   -7098.0126    -162.1897
      60     257.0119     730.3301    1086.2029     297.7098     5293.1499    -659.6107   -7092.0831     -87.2891
      61     278.8558     726.6746    1070.2383     295.4440     5268.3699    -633.3150   -7078.9241     -72.6565
      62     262.8932     698.8313    1065.9850     308.4893     5297.8631    -632.7138   -7092.1874     -90.8393
      63     259.6281     700.0648    1087.9235     304.9943     5308.4917    -642.6913   -7071.5351     -53.1239
      64     259.7018     736.0334    1071.9428     300.6748     5294.7935    -624.9934   -7134.5026     -96.3497
      65     257.3992     663.2846    1062.8388     308.6177     5316.0397    -633.4152   -7109.1758    -134.4110
      66     277.6780     710.6707    1069.5113     308.1578     5317.8341    -636.3065   -7080.3231     -32.7775
      67     279.0460     695.9558    1066.9314     310.0690     5285.2553    -640.6457   -7018.1621     -21.5504
      68     296.3350     707.5807    1078.0734     295.1092     5259.3061    -640.3106   -7034.5586     -38.4648
      69     270.3943     697.2590    1038.9919     306.3709     5262.3575    -655.6738   -7065.7319    -146.0321
      70     277.0376     700.2965    1065.7950     311.6734     5269.0025    -636.4155   -7111.7374    -124.3479
      71     263.2611     710.0924    1051.9010     308.5419     5279.6147    -627.7653   -7131.9121    -146.2663
      72     292.6634     702.1024    1063.8993     297.2201     5271.1010    -638.7988   -7071.2261     -83.0388
      73     273.4174     715.8038    1064.0378     295.4784     5230.3308    -626.8572   -7069.7118    -117.5008
      74     262.0388     719.1353    1057.6619     298.7580     5271.5970    -641.5667   -7007.6384     -40.0141
      75     261.9770     704.5137    1070.5011     298.2111     5276.8001    -647.1582   -7053.1784     -88.3335
      76     303.1775     736.0014    1056.7301     293.8382     5262.8065    -641.3277   -7071.6440     -60.4178
      77     268.1701     705.2849    1054.9162     302.6181     5288.8118    -646.1058   -6979.1120      -5.4167
      78     274.0199     718.0400    1062.2360     301.7360     5275.3963    -641.3241   -6992.5808      -2.4767
      79     266.8440     711.5379    1059.3993     293.0159     5250.5080    -631.4518   -6947.2409       2.6123
      80     274.8872     741.9777    1061.5028     296.5765     5273.2085    -643.8984   -6989.9353      14.3190
      81     260.6558     715.4273    1077.3210     299.2937     5259.0789    -642.9655   -6975.2939      -6.4827
      82     272.1477     679.1361    1051.9105     301.1412     5283.0255    -629.3278   -7039.1229     -81.0898
      83     256.2752     728.1098    1058.0131     290.8732     5254.2908    -632.0772   -7008.9738     -53.4889
      84     283.6366     717.5292    1045.6794     306.7663     5274.3405    -635.1098   -6911.1211      81.7210
      85     270.0852     706.2208    1067.8317     310.7405     5279.3938    -640.9264   -6839.4881     153.8575
      86     266.1535     726.3359    1062.4547     302.1579     5278.6021    -637.4890   -7084.7786     -86.5636
      87     278.3853     706.6991    1072.2622     304.7844     5254.8265    -639.3553   -7090.0666    -112.4642
      88     250.9774     683.3414    1058.2137     306.7031     5261.0769    -638.2491   -7097.6094    -175.5461
      89     261.2591     729.4751    1043.7337     318.0328     5283.3406    -644.3157   -7035.2678     -43.7422
      90     247.9166     726.5621    1088.0166     297.1766     5249.2923    -624.9144   -7094.2736    -110.2238
      91     260.0281     717.8617    1067.8831     306.6625     5280.1219    -638.8071   -7010.5145     -16.7642
      92     260.9249     706.7230    1060.6330     304.8483     5315.7395    -642.4467   -7027.8118     -21.3898
      93     276.3339     716.9173    1067.0073     288.1381     5288.0955    -634.8894   -7035.9374     -34.3347
      94     246.9761     706.1620    1065.7965     299.4329     5320.9839    -648.2724   -7011.4780     -20.3988
      95     261.4697     717.6572    1073.3139     306.0420     5305.0073    -625.3370   -7095.6405     -57.4875
      96     267.6473     674.3260    1062.6450     293.3813     5289.1953    -635.6737   -7055.8589    -104.3377
      97     269.1330     726.2801    1051.5349     299.1636     5309.2257    -636.7348   -7096.3350     -77.7326
      98     282.4488     716.4562    1051.6542     290.5081     5264.3407    -630.0091   -6970.3748       5.0241
      99     284.8737     743.2980    1085.2200     291.7586     5277.0115    -643.4398   -6998.4703      40.2517
     100     270.0809     711.3068    1039.6786     306.7741     5279.6008    -635.8398   -6990.4161     -18.8146
     101     282.9837     707.8004    1062.9438     293.1311     5274.3092    -624.0377   -6960.6648      36.4658
     102     288.7330     695.8243    1070.4406     300.9865     5291.4058    -640.2645   -7017.4798     -10.3541
     103     299.7577     727.9065    1065.6628     291.9248     5288.6026    -621.4688   -7082.7014     -30.3158
     104     259.8783     678.7775    1080.3874     306.6951     5304.9409    -648.7627   -7002.9073     -20.9907
     105     281.1473     714.5036    1048.3831     310.9586     5302.6795    -636.8587   -7138.4452    -117.6317
     106     251.5915     700.6017    1049.6739     302.0087     5287.8194    -616.1554   -7165.3372    -189.7974
     107     288.0006     706.0294    1023.8369     299.1084     5260.8034    -634.6766   -7003.0807     -59.9787
     108     277.7720     673.8265    1055.0956     306.8727     5289.0537    -636.8575   -7025.8478     -60.0847
     109     262.3842     742.6660    1067.5784     294.6827     5280.9783    -645.1742   -7038.7930     -35.6776
     110     290.1255     729.4316    1061.1724     296.6891     5300.3941    -645.6660   -7055.7088     -23.5620
     111     269.8065     733.9372    1062.6690     309.3037     5274.0684    -634.9369   -7109.7995     -94.9516
     112     246.0674     699.6008    1043.9745     322.9541     5289.7741    -621.0313   -7174.8609    -193.5214
     113     252.2118     719.7176    1067.9991     309.2417     5271.8464    -620.8892   -7146.4789    -146.3514
     114     245.6346     723.3773    1052.6346     302.9747     5291.7616    -630.4792   -7200.2926    -214.3891
     115     303.6010     746.6512    1076.3662     298.7239     5263.1791    -642.8410   -7026.6531      19.0272
     116     284.0421     732.5161    1064.0218     318.1370     5268.9097    -642.3799   -7046.8540     -21.6072
     117     281.2086     713.4169    1044.0698     307.3908     5280.8626    -635.8249   -7014.0221     -22.8984
     118     265.7405     671.1240    1053.5515     301.9599     5243.2121    -642.0553   -7121.6147    -228.0821
     119     282.7749     709.7834    1063.7080     306.3681     5262.1879    -631.4804   -7140.3813    -147.0394
     120     295.9285     729.7110    1063.1654     290.1526     5254.9081    -638.8559   -7061.8216     -66.8119
     121     257.9511     711.2190    1061.7581     300.3013     5228.7982    -629.3419   -7029.7994     -99.1135
     122     281.0362     706.5068    1063.1029     306.1915     5276.8249    -618.2957   -7082.0694     -66.7028
     123     249.0362     706.9209    1050.6773     295.6244     5250.1387    -632.7327   -7117.1195    -197.4546
     124     269.3410     674.2142    1031.4689     306.9386     5270.6995    -629.4970   -7093.0933    -169.9283
     125     280.7716     662.0105    1068.8629     294.8580     5276.2158    -634.1089   -7221.4966    -272.8867
     126     249.5516     727.8319    1054.6937     304.6643     5263.6420    -627.6511   -7092.4130    -119.6806
     127     297.8623     736.4558    1076.2017     308.4605     5236.0394    -635.1077   -6972.2610      47.6509
     128     264.7172     731.2639    1057.1096     297.3991     5272.6919    -638.3471   -7029.7196     -44.8850
     129     261.6101     716.9612    1066.2646     310.6959     5259.2426    -624.3277   -6925.0672      65.3797
     130     249.1534     725.8265    1064.8989     292.5011     5272.6423    -642.6890   -6977.1464     -14.8131
     131     274.3030     748.7342    1046.5157     300.7982     5215.7347    -631.7787   -7009.9607     -55.6535
     132     290.0560     725.2261    1060.9276     292.8405     5249.3626    -614.8919   -6997.3872       6.1337
     133     282.8239     679.5516    1070.9654     297.9741     5281.9154    -638.0042   -7029.2748     -54.0485
     134     269.9061     714.2651    1060.3118     311.8139     5262.9556    -629.3141   -7048.8164     -58.8780
     135     278.2445     717.7436    1064.4816     310.2211     5260.2722    -648.4843   -7012.0512     -29.5724
     136     270.0125     718.6809    1067.2093     294.3231     5264.9528    -639.2043   -7085.9492    -109.9749
     137     283.8862     745.2299    1057.7384     306.9172     5263.5204    -637.2491   -7070.2078     -50.1648
     138     241.5785     698.4378    1062.8359     308.8508     5336.3892    -632.7291   -7245.5164    -230.1533
     139     249.2424     689.2264    1052.9300     312.1643     5302.1874    -649.6275   -7078.3502    -122.2271
     140     261.7719     719.2604    1042.2638     301.6617     5281.6668    -646.2363   -7090.5637    -130.1753
     141     254.1725     714.5100    1052.4895     311.8102     5298.1282    -627.4765   -6911.1216      92.5123
     142     277.0230     691.0490    1058.3823     318.0510     5286.4775    -625.8089   -7022.5713     -17.3974
     143     269.6750     717.1824    1074.0998     298.4242     5305.4175    -633.8191   -7097.3924     -66.4125
     144     250.8756     703.1396    1055.0018     320.1500     5323.3130    -634.0142   -7081.7517     -63.2859
     145     272.9637     743.2337    1058.4663     310.2342     5284.1677    -640.8367   -7219.2110    -190.9820
     146     281.2799     781.5108    1062.3596     299.1736     5267.9178    -622.1750   -7241.1663    -171.0996
     147     265.2227     737.7544    1072.1180     313.3926     5358.1799    -626.3208   -7219.8253     -99.4784
     148     280.3213     688.9435    1062.8139     307.3741     5299.0411    -633.2549   -7146.7172    -141.4782
     149     258.5236     699.2819    1068.9643     316.3681     5312.7972    -629.7085   -7138.6682    -112.4415
     150     244.7287     714.3571    1062.8488     309.6774     5291.9579    -635.6387   -7067.7808     -79.8496
     151     273.4658     736.4880    1037.4830     311.6713     5283.5644    -627.0831   -7035.8849     -20.2955
     152     292.2115     696.0270    1045.2929     290.3662     5285.3879    -635.4711   -7079.4644    -105.6498
     153     240.5802     696.7574    1062.3404     299.4450     5280.7423    -625.4757   -7046.8701     -92.4805
     154     251.5254     725.1880    1060.8760     300.3635     5273.0932    -642.7536   -7131.1894    -162.8970
     155     270.5872     695.3479    1067.0552     305.1783     5307.7281    -631.1537   -7028.9818     -14.2389
     156     254.0983     688.9981    1053.4422     319.0405     5298.5149    -646.5978   -7048.2683     -80.7720
     157     297.1638     701.4388    1035.6086     297.8618     5286.1400    -634.1955   -6990.3123      -6.2948
     158     290.8612     682.0484    1067.9221     318.3883     5284.1414    -635.8079   -7037.2777     -29.7242
     159     266.0318     706.4776    1036.1696     310.0468     5302.4639    -640.2288   -6951.1155      29.8455
     160     279.3816     730.1710    1050.4253     308.6222     5291.9160    -632.6545   -6985.9573      41.9042
     161     284.5851     699.9547    1048.2808     296.4089     5268.7022    -619.9331   -7046.3255     -68.3268
     162     272.1069     727.1138    1061.6498     301.1468     5283.9961    -612.6110   -7111.4950     -78.0927
     163     274.2442     686.2328    1045.5936     309.8707     5311.7293    -631.8105   -7062.0648     -66.2047
     164     244.4528     679.8432    1020.5124     308.5953     5303.9094    -615.8495   -7098.2652    -156.8017
     165     273.5677     744.9744    1045.1754     298.2788     5281.0364    -644.9290   -7116.1772    -118.0735
     166     252.2783     720.6111    1047.3844     304.5638     5248.9285    -652.7153   -7068.6535    -147.6027
     167     273.9256     718.6503    1070.1256     313.8590     5302.2376    -646.7810   -7129.0666     -97.0494
     168     270.2963     708.7093    1037.9351     301.1215     5285.4065    -642.7515   -6968.6171      -7.8999
     169     280.0428     708.9246    1037.3142     300.8342     5285.2510    -647.2678   -7013.1413     -48.0422
     170     264.9256     722.6306    1057.3998     314.6357     5290.9047    -626.3281   -7112.9917     -88.8234
     171     257.0057     718.4536    1051.7343     306.1511     5269.9463    -629.4104   -6832.3828     141.4977
     172     257.3445     678.5824    1061.7287     303.9075     5281.9961    -625.1235   -7049.9601     -91.5245
     173     262.7241     722.7570    1067.3650     303.4440     5278.8028    -650.5707   -6981.0999       3.4223
     174     244.1211     737.0071    1043.2248     298.8585     5289.4027    -629.7058   -7046.6059     -63.6975
     175     267.9967     714.7365    1057.4869     298.2591     5301.0750    -645.2724   -7077.9458     -83.6639
     176     268.1669     701.1126    1040.7758     301.4859     5311.0273    -640.6002   -7020.6714     -38.7032
     177     273.6922     670.5923    1048.2660     316.2426     5333.8877    -628.0818   -7030.3100     -15.7110
     178     279.4576     720.8520    1055.0778     305.8459     5272.6524    -630.7004   -6988.1837      15.0015
     179     286.1560     705.6235    1063.2440     299.5252     5318.8253    -640.5076   -7101.6814     -68.8151
     180     288.8391     708.5502    1075.0176     313.0073     5336.3201    -631.0623   -7022.3021      68.3699
     181     294.1546     710.7083    1053.4585     303.7200     5332.4821    -644.1709   -7055.4640      -5.1114
     182     274.7065     744.9990    1052.4871     313.1335     5300.5193    -611.5132   -7057.8459      16.4863
     183     282.8093     710.6458    1066.1101     307.5475     5317.8175    -645.5571   -7074.7510     -35.3779
     184     252.5415     683.0499    1071.5326     303.9327     5338.2595    -663.0554   -7089.0415    -102.7806
     185     258.7140     692.6295    1034.4659     301.7203     5326.1988    -648.1278   -7071.4783    -105.8777
     186     273.4044     714.2629    1069.5882     304.3158     5338.4945    -635.7795   -7137.7379     -73.4515
     187     258.4979     680.3784    1066.8717     315.4166     5305.9242    -637.6566   -7094.4798    -105.0477
     188     282.4275     702.0380    1062.3225     293.0202     5269.4024    -648.6144   -7047.4509     -86.8546
     189     264.8956     691.5286    1053.5812     304.6721     5309.0874    -619.7299   -7074.2386     -70.2036
     190     251.8535     720.3370    1061.5133     306.0427     5307.9701    -642.2348   -7109.4233    -103.9414
     191     289.3375     714.0978    1061.3829     307.6556     5304.9702    -637.6550   -6990.5485      49.2405
     192     280.5983     700.9082    1042.5470     308.2370     5289.5875    -637.6624   -7094.5931    -110.3775
     193     262.5444     727.7664    1074.3941     311.8045     5307.5347    -644.1653   -6979.3806      60.4981
     194     269.1179     706.8268    1080.2564     299.3092     5309.8637    -628.4917   -7019.9395      16.9428
     195     298.1355     737.3672    1076.4142     297.2442     5313.1187    -632.6273   -7008.9581      80.6943
     196     272.2941     703.6260    1077.8230     298.7161     5317.5475    -645.2189   -6884.8795     139.9083
     197     263.7065     725.4884    1068.2693     312.4826     5291.0073    -624.8794   -6951.9147      84.1600
     198     281.2062     672.6628    1073.4227     294.6390     5325.5123    -642.8688   -6995.9440       8.6302
     199     271.8251     690.8477    1058.5440     309.0636     5339.3955    -617.9489   -7017.7455      33.9815
     200     269.2110     711.8881    1078.9112     296.6912     5331.3992    -640.3778   -7006.7126      41.0103
     201     271.8715     716.7208    1059.1632     299.2923     5335.7759    -629.7443   -6949.8487     103.2308
     202     272.2243     728.7024    1052.2100     306.6486     5326.2217    -643.4024   -6945.2378      97.3668
     203     261.6784     720.6760    1047.5752     301.8536     5272.0812    -627.9186   -6932.1356      43.8102
     204     273.9390     739.4716    1052.8712     305.8025     5288.1231    -635.5353   -6945.8667      78.8053
     205     258.2346     687.0773    1065.0414     303.1551     5311.0139    -646.6070   -6943.6418      34.2735
     206     279.3817     695.1785    1053.3013     296.0706     5310.8170    -649.8262   -6968.1607      16.7621
     207     273.3668     711.1740    1074.1740     286.1750     5319.8846    -626.2306   -6963.0387      75.5051
     208     264.0373     681.1734    1071.8385     298.8817     5344.8304    -651.0866   -6916.5660      93.1087
     209     276.2921     727.3919    1061.6708     301.7649     5322.5800    -640.9505   -6927.9358     120.8134
     210     263.3320     690.7389    1084.6433     303.3219     5322.5093    -629.4507   -6875.7547     159.3400
     211     278.3085     690.4390    1070.3308     299.7104     5281.2724    -633.0568   -7114.6589    -127.6546
     212     273.7263     712.5323    1056.7847     306.0033     5314.6436    -632.7977   -7001.9333      28.9591
     213     237.6929     698.4099    1077.5701     315.4992     5305.5211    -643.6204   -7078.5487     -87.4758
     214     260.2259     718.6862    1065.1625     294.8222     5311.0552    -639.7195   -7014.9925      -4.7600
     215     273.4112     736.0274    1054.7242     303.3372     5304.0971    -624.1778   -7014.3219      33.0974
     216     252.0080     702.3664    1060.1940     292.5616     5313.5354    -621.4690   -6939.8914      59.3051
     217     260.6843     675.8412    1074.9951     294.7841     5272.3101    -651.7244   -6913.6159      13.2744
     218     285.4207     698.6336    1055.7347     302.8619     5273.6425    -639.3609   -6908.1784      68.7541
     219     287.0273     686.9389    1059.0416     299.8989     5289.3755    -628.4618   -6900.1096      93.7108
     220     277.2479     707.9478    1048.8251     311.3980     5334.8999    -619.3538   -7020.1216      40.8434
     221     268.3460     705.2202    1049.7046     305.8046     5340.1936    -630.6036   -7027.9429      10.7225
     222     256.4680     671.5467    1056.4147     303.6304     5306.5715    -628.0223   -6930.0340      36.5751
     223     273.6829     712.3736    1051.0097     306.0622     5294.7957    -625.6682   -7010.3115       1.9443
     224     249.4220     743.2219    1066.8262     315.6177     5345.4097    -637.5614   -7052.2631      30.6730
     225     291.9356     740.8536    1063.5585     297.0103     5274.9671    -627.0438   -6935.1063     106.1750
     226     286.7785     700.9172    1053.7492     304.7468     5270.3556    -636.3320   -6915.1902      65.0251
     227     267.3489     715.4563    1043.7205     300.6408     5300.8654    -621.7782   -7074.2249     -67.9711
     228     268.1938     729.6100    1072.2021     303.2123     5280.8397    -611.3682   -7170.2786    -127.5889
     229     270.8504     685.7445    1043.9728     293.8450     5285.6344    -629.6480   -7037.7679     -87.3687
     230     269.2402     705.3054    1069.3494     308.0839     5297.7483    -617.3849   -7059.9881     -27.6458
     231     273.2405     679.3382    1039.9341     311.1307     5274.7170    -616.0051   -7042.3289     -79.9735
     232     286.8855     695.9573    1038.4974     297.7186     5275.9250    -631.0567   -7042.2928     -78.3656
     233     258.2228     715.5899    1045.0304     305.2404     5279.7855    -635.0276   -7019.9137     -51.0722
     234     285.8792     715.4950    1061.3772     305.2438     5291.5190    -630.4461   -7099.1492     -70.0810
     235     270.5590     706.4379    1054.9345     308.6348     5267.8787    -637.1806   -7106.2823    -135.0180
     236     291.1571     714.4080    1061.9777     306.4857     5290.2676    -640.6678   -7141.9486    -118.3202
     237     274.1698     693.5353    1062.6600     292.5570     5279.5408    -644.4713   -6992.2054     -34.2137
     238     257.1471     723.8115    1049.2627     317.1738     5282.3921    -638.6645   -7109.9891    -118.8663
     239     257.5848     716.9555    1052.0951     306.5077     5312.5962    -636.8570   -7010.2909      -1.4086
     240     289.0926     677.3116    1041.6539     310.0917     5263.1729    -627.4712   -7005.7375     -51.8860
     241     244.0181     736.1788    1062.8556     304.6936     5298.5891    -635.4427   -7108.2722     -97.3797
     242     268.7014     708.4352    1033.1082     307.6312     5299.9147    -630.6537   -7116.1481    -129.0113
     243     252.4938     740.5550    1041.3255     298.6605     5273.6114    -626.5462   -7089.2431    -109.1431
     244     263.0127     700.4261    1071.8169     306.2869     5298.4347    -641.0115   -7116.6163    -117.6504
     245     275.5568     697.8329    1044.2010     303.7828     5281.7807    -631.2889   -7085.9040    -114.0387
     246     245.7106     743.7604    1067.7940     300.6209     5291.0870    -653.4976   -7191.4964    -196.0211
     247     261.1223     709.4489    1047.3836     290.0604     5262.0687    -636.7094   -7097.9990    -164.6245
     248     276.1523     715.2678    1071.3013     313.5233     5301.4678    -617.2226   -7156.6659     -96.1759
     249     264.3552     733.8200    1064.1507     300.2565     5283.6795    -640.7596   -7049.0516     -43.5493
     250     261.2995     679.2651    1053.4734     310.1782     5314.9181    -633.9322   -7033.1871     -47.9849
     251     240.1774     712.5652    1069.1415     315.3890     5311.4443    -618.7243   -7088.0024     -58.0093
     252     246.0558     716.4728    1055.8523     309.7539     5285.2594    -637.6292   -7039.7372     -63.9721
     253     298.6973     714.6001    1032.1488     297.8991     5263.5251    -631.7647   -7029.9980     -54.8923
     254     284.9222     719.7120    1044.2730     300.6781     5278.5626    -644.8492   -7037.9402     -54.6416
     255     256.7147     718.9976    1047.1383     307.7274     5257.0517    -605.3926   -7053.0650     -70.8279
     256     266.5322     700.4065    1070.3005     312.5824     5298.8826    -641.1204   -7004.5980       2.9857
     257     268.4138     718.5002    1054.6513     311.9317     5274.2703    -631.2839   -6970.6964      25.7871
     258     263.4633     706.9307    1083.5236     316.8650     5284.3379    -648.9561   -7055.0152     -48.8509
     259     264.2123     705.5752    1059.2242     299.3061     5268.1306    -640.0531   -7130.4236    -174.0283
     260     279.8392     712.3682    1043.9691     295.1396     5270.3708    -630.0293   -7063.3279     -91.6702
     261     267.1613     734.8302    1064.4150     307.5250     5303.0016    -613.7264   -7030.6628      32.5438
     262     264.2868     686.5036    1051.2111     304.0295     5310.2933    -620.5020   -7096.8497    -101.0274
     263     277.7074     702.0365    1071.8051     316.0194     5336.2217    -639.8810   -7166.3857    -102.4767
     264     251.4031     702.2122    1063.5368     318.0954     5358.2488    -622.3449   -7183.7726    -112.6212
     265     258.5383     707.5960    1055.2956     308.1982     5316.4679    -627.7361   -7130.0125    -111.6525
     266     258.4124     711.7090    1038.8924     312.6887     5312.3211    -622.8742   -7047.3291     -36.1796
     267     261.4236     714.3631    1048.0098     314.6253     5342.8581    -616.8778   -7082.3505     -17.9483
     268     286.3962     707.0020    1061.9819     311.5112     5317.0764    -639.2356   -7061.9123     -17.1800
     269     279.0295     693.6823    1074.0123     303.0039     5296.6031    -640.0408   -7091.6846     -85.3941
     270     274.4835     695.9773    1067.1877     305.9410     5313.9156    -632.6443   -7143.6199    -118.7592
     271     253.9665     744.9514    1052.0300     297.4948     5308.9347    -637.5676   -7090.2687     -70.4589
     272     253.3371     685.2156    1060.1552     308.2141     5317.4347    -634.4738   -7096.9149    -107.0320
     273     256.4243     717.0081    1055.2890     298.8580     5338.4782    -648.5976   -7067.3436     -49.8838
     274     274.4637     710.1039    1060.6795     298.2689     5276.1226    -637.4492   -7174.9699    -192.7805
     275     262.4535     753.8320    1068.4221     300.2041     5288.9811    -641.9456   -7050.9200     -18.9729
     276     277.3199     695.1675    1085.1857     306.9534     5329.4786    -642.9359   -7130.2791     -79.1099
     277     276.5542     715.2593    1052.0498     307.3257     5287.4982    -644.1808   -7072.5174     -78.0111
     278     271.7954     694.1781    1062.4889     303.1108     5300.4463    -651.9586   -7140.5906    -160.5296
     279     291.2321     697.3616    1053.1186     305.4841     5316.9809    -634.7440   -7224.8272    -195.3938
     280     284.0857     677.5915    1057.0646     308.3014     5295.5812    -652.6314   -7204.7321    -234.7392
     281     280.1634     718.6755    1032.5783     294.5971     5288.5427    -626.0705   -7112.8111    -124.3246
     282     279.9243     681.8177    1061.0638     305.3570     5281.6733    -651.3138   -7038.4401     -79.9180
     283     265.2758     695.2399    1074.3960     297.4406     5297.3806    -625.7419   -7176.9982    -173.0072
     284     299.0517     718.8393    1065.6395     292.8050     5269.9328    -647.1388   -7182.3261    -183.1966
     285     284.5539     649.5076    1049.8300     304.9286     5313.2594    -644.2425   -7154.1289    -196.2919
     286     262.9851     749.6138    1071.3850     297.0811     5261.9373    -640.7112   -7056.8699     -54.5788
     287     266.8550     711.7383    1070.5066     302.2131     5282.7962    -633.8105   -7000.5261      -0.2274
     288     283.5363     706.5605    1064.0005     295.6322     5301.2743    -650.6817   -7104.0036    -103.6817
     289     278.1226     731.6425    1039.4388     310.2926     5261.2294    -657.8682   -7000.6808     -37.8231
     290     269.3347     739.2725    1045.3818     294.9753     5253.7885    -633.6503   -7115.4258    -146.3232
     291     276.0757     708.9673    1074.6526     308.1857     5306.9136    -642.8079   -7196.9873    -165.0002
     292     260.6680     679.3028    1026.0790     304.2267     5290.5951    -618.3158   -6960.7921     -18.2363
     293     247.3750     695.4538    1060.2229     306.3847     5280.6333    -635.1782   -7025.6472     -70.7558
     294     280.3407     713.4420    1071.5487     299.2451     5296.6888    -635.5234   -7046.1748     -20.4329
     295     263.7470     700.8254    1078.8139     302.8551     5264.9418    -644.6152   -7052.3560     -85.7881
     296     271.4771     730.0954    1068.6860     303.1743     5309.3576    -640.6925   -7049.7630      -7.6652
     297     287.7964     711.4212    1076.6847     293.1674     5314.0827    -639.0966   -6998.6630      45.3929
     298     287.9776     709.6795    1073.8244     300.2250     5307.0724    -634.2849   -7041.5987       2.8952
     299     283.5102     731.0872    1048.3566     302.5349     5266.7461    -638.3181   -6999.9985      -6.0816
     300     273.8490     714.3284    1059.6690     300.3551     5305.5714    -623.3778   -7069.7552     -39.3601
     301     276.7641     667.6244    1048.8031     290.6067     5285.9118    -619.7191   -7079.1446    -129.1536
     302     294.3896     701.4924    1066.4145     304.8543     5275.9169    -643.0465   -7126.3820    -126.3608
     303     267.6394     698.3677    1029.0667     302.9001     5319.9875    -649.5800   -7140.0592    -171.6778
     304     280.0721     714.8535    1057.7739     302.1915     5287.1181    -624.9307   -7038.1084     -21.0300
     305     254.3502     729.0885    1061.7876     309.3186     5280.9569    -655.4445   -7085.8846    -105.8272
     306     250.3652     733.1366    1058.8895     300.5312     5309.3635    -646.9218   -7033.0662     -27.7020
     307     277.2915     724.9022    1055.5887     300.3277     5257.8189    -635.3441   -6950.5072      30.0778
     308     258.4247     714.7157    1077.9642     308.7186     5289.7299    -616.8356   -6929.4810     103.2366
     309     276.8791     728.9682    1062.7555     291.8904     5232.7105    -653.5622   -6854.3302      85.3113
     310     279.9166     727.9764    1061.2625     291.3116     5258.5638    -629.2870   -7014.3710     -24.6271
     311     261.8558     717.7556    1071.6516     304.4079     5281.4882    -632.7871   -7021.7632     -17.3912
     312     286.6616     731.9131    1076.5925     305.4077     5281.4082    -628.9543   -6945.6679     107.3608
     313     267.5229     714.1402    1071.5228     311.0038     5268.7509    -638.2415   -6985.9977       8.7014
     314     262.1717     701.7441    1071.2791     301.1915     5275.5917    -612.1397   -7078.0521     -78.2137
     315     251.5155     707.4222    1073.3587     311.3006     5247.5901    -632.1010   -6943.6510      15.4350
     316     286.8454     706.9149    1067.8891     296.1697     5271.3759    -630.3573   -6976.2795      22.5581
     317     304.8556     723.3396    1043.9814     301.1497     5270.3912    -627.3545   -7005.6459      10.7171
     318     265.8949     712.6045    1048.9919     298.7606     5258.4112    -656.4206   -7167.0407    -238.7982
     319     249.7154     680.8094    1063.2579     299.4067     5308.1336    -650.9048   -7134.9122    -184.4941
     320     277.8338     673.6460    1044.7683     296.0032     5276.7681    -639.4196   -7036.8406    -107.2408
     321     269.8737     733.6146    1069.5786     305.7169     5300.5962    -612.9596   -7036.4528      29.9676
     322     283.3232     678.4296    1084.1119     298.4974     5241.4197    -636.8629   -7064.5005    -115.5817
     323     276.5910     740.7980    1051.3259     295.6324     5248.7624    -642.9223   -6999.6517     -29.4643
     324     274.7107     732.5021    1056.7213     306.0594     5286.8244    -631.2910   -6947.5269      78.0000
     325     274.5857     695.6390    1080.4074     294.5880     5279.6326    -652.1101   -7077.4619    -104.7193
     326     259.3304     690.0091    1077.7542     304.0643     5269.1508    -623.7999   -6962.7286      13.7804
     327     250.9930     678.5237    1074.6887     302.7355     5288.8912    -634.1919   -6938.2492      23.3910
     328     285.1450     648.9456    1048.6618     295.4108     5279.9123    -638.7281   -6861.4210      57.9263
     329     296.3360     681.9929    1060.3559     307.1251     5289.4915    -647.6896   -7068.1177     -80.5059
     330     261.3221     707.9071    1066.0628     306.8830     5268.0388    -624.8264   -7119.2626    -133.8753
     331     271.2207     719.4137    1043.3458     300.2997     5267.3307    -646.9138   -6994.4935     -39.7967
     332     282.5748     716.3958    1052.4433     293.1386     5272.0470    -648.7541   -6930.8241      37.0214
     333     257.2898     754.6436    1049.0293     295.8489     5243.8231    -641.5221   -6875.9511      83.1614
     334     279.6754     702.9942    1040.8825     298.9543     5287.4442    -632.0292   -6961.3652      16.5562
     335     263.2693     714.5320    1048.0939     319.2192     5271.3888    -639.6326   -6971.3731       5.4975
     336     283.1416     706.5132    1051.0693     300.2240     5297.4660    -625.2035   -6994.8484      18.3621
     337     261.6045     679.0167    1048.3138     303.7384     5288.7160    -631.1913   -7021.8279     -71.6298
     338     286.2529     715.5455    1057.7441     304.7160     5291.5392    -642.1269   -7013.6672       0.0035
     339     264.0382     678.5946    1062.3616     307.5615     5290.8369    -639.1373   -7167.2720    -203.0165
     340     281.4693     731.7801    1057.2184     303.3602     5290.8597    -634.7088   -7010.6897      19.2893
     341     262.6782     688.8520    1075.3538     304.2709     5276.8121    -634.9676   -7053.0821     -80.0827
     342     245.9922     716.7568    1049.1894     302.3084     5285.9773    -631.6522   -7068.7247    -100.1528
     343     259.8066     676.0151    1053.7326     305.8871     5296.8195    -634.3607   -7056.0877     -98.1874
     344     271.8927     742.4830    1039.5713     308.9613     5263.3311    -635.4418   -7063.4095     -72.6118
     345     252.9902     697.2738    1054.8960     305.3564     5284.8162    -647.4076   -7021.1978     -73.2727
     346     254.5055     709.8688    1066.5837     309.7348     5276.7820    -617.9899   -7096.5712     -97.0864
     347     263.4456     705.2451    1055.2901     313.3141     5281.8389    -628.8532   -7128.2780    -137.9974
     348     288.7403     716.9547    1059.8588     299.1931     5273.4716    -611.9752   -7109.6660     -83.4225
     349     292.1664     707.6721    1056.5607     302.8720     5267.0431    -628.1892   -7214.3717    -216.2466
     350     262.2306     719.2319    1062.6090     297.0256     5268.8761    -631.5623   -7127.8328    -149.4218
     351     285.5023     666.9462    1048.4397     307.3421     5286.2615    -605.6147   -7220.1727    -231.2955
     352     263.7567     706.3539    1077.5611     305.5232     5290.1011    -637.5260   -7061.5470     -55.7770
     353     270.7081     680.6144    1064.5339     310.7056     5258.3167    -656.1473   -7091.1966    -162.4651
     354     279.1127     719.5038    1071.2587     288.8001     5250.1700    -631.6303   -7077.3757    -100.1606
     355     281.4079     744.0030    1045.9891     296.4054     5251.2438    -624.5817   -7096.8192    -102.3517
     356     258.5926     703.2044    1059.9551     310.8758     5293.6434    -652.3864   -7169.9878    -196.1029
     357     270.5920     708.8835    1062.2401     314.4549     5275.1553    -621.7431   -7062.0053     -52.4227
     358     271.6586     668.0085    1059.0775     297.1844     5268.5019    -630.5291   -7019.1541     -85.2522
     359     277.0512     687.7786    1053.7672     303.4787     5285.9522    -643.3370   -7132.0652    -167.3743
     360     272.4129     712.2222    1071.2428     309.4679     5243.0497    -635.6860   -7027.7166     -55.0072
     361     261.1983     686.7343    1076.0070     297.5353     5321.2949    -658.2381   -7102.1631    -117.6313
     362     293.9919     712.3775    1045.6019     299.0280     5305.3431    -632.1846   -7152.4975    -128.3398
     363     273.2477     740.9925    1080.1519     290.4768     5309.8817    -653.3725   -7072.7097     -31.3316
     364     285.8938     727.4446    1057.4718     299.1979     5285.2468    -642.4902   -6955.0844      57.6803
     365     260.7113     688.6552    1056.6251     311.9958     5299.1237    -620.7033   -7091.7994     -95.3916
     366     268.3880     698.7251    1053.5680     312.2463     5259.8809    -628.4711   -7052.9968     -88.6596
     367     267.8984     698.5108    1064.8816     318.0653     5304.6605    -615.1533   -7107.8222     -68.9589
     368     257.0616     715.1496    1063.1922     318.4815     5272.8901    -611.0004   -7075.8891     -60.1145
     369     271.6961     720.3182    1090.2465     304.0186     5299.6524    -623.0423   -7102.3481     -39.4585
     370     284.5003     692.0898    1050.6268     298.4647     5271.6409    -639.9627   -7037.2531     -79.8932
     371     273.9834     717.5037    1051.6863     308.3123     5250.7368    -644.7776   -7124.5521    -167.1072
     372     275.5225     736.8320    1038.5415     299.0870     5250.8143    -646.0178   -7026.0133     -71.2338
     373     299.7236     715.7822    1047.2548     304.0577     5252.8194    -645.4503   -6992.4511     -18.2637
     374     241.4361     720.5716    1069.1659     313.8845     5264.4331    -629.6539   -6923.4133      56.4240
     375     273.7841     700.4474    1072.0182     304.8507     5277.1878    -630.8727   -7070.9969     -73.5816
     376     273.9385     679.2018    1051.6954     302.0986     5266.0907    -652.6115   -7110.9402    -190.5265
     377     311.1530     719.7600    1083.1307     302.7599     5296.3742    -617.0928   -7074.4911      21.5939
     378     269.9748     710.4510    1083.8154     297.9377     5290.3200    -629.8353   -7000.4531      22.2106
     379     283.7908     693.5793    1054.1739     302.4474     5276.3679    -624.7383   -6988.0216      -2.4006
     380     289.4783     709.2812    1062.9752     289.1981     5238.7223    -626.3481   -6979.0118     -15.7049
     381     264.2153     686.3542    1061.7377     306.8010     5293.5521    -637.1830   -7078.8246    -103.3473
     382     272.7659     742.3138    1062.0679     295.2210     5257.3720    -638.6236   -7082.4571     -91.3400
     383     295.7165     722.4007    1062.2633     289.3629     5285.5590    -638.5310   -7070.1363     -53.3648
     384     257.2998     687.9766    1055.6064     291.1338     5302.7213    -646.0795   -7056.4724    -107.8139
     385     273.0637     735.5172    1037.6905     302.4004     5270.8585    -638.2294   -7100.8986    -119.5976
     386     303.3762     701.3258    1048.3754     291.8221     5247.9107    -637.6397   -7014.0006     -58.8302
     387     292.2166     713.7408    1045.8676     302.3134     5285.1515    -647.5891   -6965.4475      26.2533
     388     283.7314     663.4489    1058.9254     298.6609     5263.0916    -626.1601   -6983.0090     -41.3109
     389     260.1046     704.0723    1068.5090     297.3145     5285.5871    -652.1955   -6952.7561      10.6359
     390     294.2317     727.3489    1060.8152     310.5199     5284.3017    -623.8642   -7016.2185      37.1348
     391     268.0364     730.8432    1054.2071     300.4856     5258.4815    -642.9289   -7056.5984     -87.4734
     392     265.2767     690.1045    1049.7900     308.3615     5298.3765    -648.2791   -7031.5355     -67.9054
     393     273.8513     682.3609    1053.6929     304.0619     5254.9789    -632.1617   -7037.7700    -100.9857
     394     273.0265     738.5494    1081.9709     303.2505     5295.8024    -633.2280   -7057.1819       2.1897
     395     270.1780     730.4978    1040.7881     293.0879     5252.6560    -646.0213   -7065.1133    -123.9268
     396     274.6780     713.5606    1061.2928     303.4083     5253.5090    -645.1299   -7029.3068     -67.9881
     397     269.5697     670.3660    1074.6410     311.5696     5252.9630    -627.0229   -6930.4864      21.5999
     398     273.5024     697.2207    1045.0723     300.2029     5250.4265    -616.8384   -6963.5892     -14.0029
     399     251.4301     708.3661    1065.3904     293.8107     5273.7381    -630.5543   -6960.8236       1.3575
     400     268.8154     681.6623    1040.0986     309.6035     5267.8721    -636.7502   -6930.9822       0.3195
     401     253.8172     700.1760    1064.3668     305.5101     5271.6169    -641.2506   -6980.6815     -26.4450
     402     274.5227     696.4968    1067.5589     299.1281     5273.5116    -648.7423   -6985.2619     -22.7862
     403     255.1490     689.9387    1056.9339     317.0834     5283.8121    -640.5597   -6982.7639     -20.4065
     404     263.5681     739.4959    1055.1530     296.7496     5258.8910    -641.4132   -6986.0490     -13.6046
     405     306.1467     729.2517    1049.4956     301.2803     5231.5633    -653.2852   -6901.5552      62.8972
     406     277.8886     692.9914    1031.6503     301.2763     5293.2698    -646.8172   -6935.1265      15.1326
     407     272.2281     707.3910    1065.0609     303.0223     5270.9446    -632.9130   -6932.4569      53.2769
     408     264.7704     737.5611    1053.4931     305.9268     5284.0806    -633.0818   -7002.1574      10.5927
     409     286.1561     755.5250    1055.4151     297.6499     5238.2101    -646.8694   -6923.4804      62.6064
     410     309.3822     693.8920    1050.1376     297.7351     5258.4436    -631.1320   -7061.8128     -83.3543
     411     278.7282     719.6972    1052.4493     293.8463     5282.9628    -648.1199   -6984.4659      -4.9020
     412     270.1396     680.1294    1062.5186     307.9316     5302.7359    -637.8065   -7020.5855     -34.9369
     413     252.0243     687.6109    1060.7305     303.0050     5274.6329    -635.0812   -7053.7456    -110.8232
     414     288.8036     704.2627    1064.4304     296.6353     5286.6445    -644.5745   -7060.0830     -63.8811
     415     277.4614     686.0926    1040.7738     303.5317     5271.9812    -631.4134   -7026.0488     -77.6215
     416     251.2080     694.5016    1051.8680     317.9981     5312.2858    -621.0241   -6993.5073      13.3300
     417     258.8573     732.8301    1072.8746     309.6522     5295.0516    -623.5094   -6868.1434     177.6129
     418     284.7774     755.3413    1056.4481     297.9353     5268.5003    -643.0529   -6963.8360      56.1135
     419     250.3505     711.6148    1051.5149     302.4000     5275.8683    -627.6961   -7003.1409     -39.0885
     420     287.1116     684.5166    1046.5685     295.4327     5273.3528    -646.4702   -6980.3633     -39.8513
     421     245.7667     699.2384    1041.9055     312.3527     5324.2446    -644.3493   -7092.4271    -113.2683
     422     261.0764     708.1266    1036.8407     300.1851     5269.1208    -652.3485   -7130.9169    -207.9158
     423     250.4656     702.6770    1070.4949     303.2480     5281.5644    -619.8810   -7063.3777     -74.8088
     424     277.7247     750.3693    1064.4127     303.5837     5281.5111    -619.8448   -6964.3887      93.3680
     425     277.7769     719.1987    1061.1252     302.1083     5278.3881    -647.8930   -6984.0637       6.6405
     426     250.8859     696.2109    1072.4124     296.8067     5293.8896    -642.4385   -6995.4563     -27.6893
     427     272.0897     693.0162    1038.5900     303.5760     5311.3264    -633.7600   -6919.6813      65.1571
     428     276.7522     753.7425    1053.6770     299.3128     5305.7432    -635.4916   -6945.0903     108.6460
     429     254.0133     760.8951    1037.6345     306.0973     5300.1269    -624.6439   -6944.3151      89.8081
     430     262.7986     692.1564    1053.6015     311.9836     5299.1323    -627.4804   -7009.4204     -17.2283
     431     278.5567     723.0095    1073.3209     302.1327     5251.1550    -634.4107   -6997.0196      -3.2554
     432     283.4154     697.7586    1061.0961     293.8264     5287.5922    -621.0379   -6951.9330      50.7179
     433     250.0884     737.6202    1060.6459     311.6021     5315.9612    -630.1051   -7069.9293     -24.1167
     434     275.7428     661.0457    1067.2646     305.5364     5314.0381    -636.8950   -6948.2839      38.4486
     435     285.8018     716.4000    1059.6808     298.4810     5287.2629    -636.0203   -7020.4083      -8.8021
     436     300.9925     685.2842    1059.1785     303.3702     5317.8348    -628.3108   -6955.9177      82.4317
     437     241.0534     719.5091    1053.1112     317.6087     5289.5964    -630.2262   -6990.4945       0.1581
     438     284.0816     740.8731    1076.2731     306.0471     5283.6812    -629.4190   -7066.3128      -4.7758
     439     246.9781     678.3192    1056.2961     306.2045     5309.1601    -627.9596   -6983.7437     -14.7454
     440     278.6105     699.8590    1069.8759     301.3719     5282.2784    -645.2067   -6959.9997      26.7892
     441     263.7000     700.4444    1045.0242     315.5468     5314.0921    -632.5760   -7034.4950     -28.2635
     442     269.6109     717.9080    1068.3181     298.1899     5310.4133    -637.6630   -6999.0185      27.7589
     443     285.0984     706.5644    1062.6451     293.8566     5309.8432    -621.7254   -7093.6036     -57.3212
     444     280.7471     729.8489    1057.1483     295.8626     5256.0422    -633.4235   -6954.9552      31.2704
     445     252.3607     696.8023    1064.3993     300.5022     5304.1138    -646.5627   -7010.5210     -38.9055
     446     265.6360     737.6799    1057.7574     313.0694     5284.8219    -615.8640   -7072.7457     -29.6452
     447     238.1368     737.4294    1059.0191     298.7553     5316.8818    -645.9956   -7065.2586     -61.0318
     448     267.2080     760.2038    1066.6831     302.0655     5274.0783    -640.9453   -6976.7847      52.5088
     449     279.7054     770.9278    1068.7393     302.2427     5267.6095    -632.9605   -6897.8020     158.4621
     450     293.0894     707.6590    1048.9437     294.5036     5296.7368    -636.9170   -6940.0384      63.9770
     451     255.9073     725.4497    1048.3503     303.6035     5313.7725    -641.8078   -7030.3691     -25.0936
     452     279.3997     734.0841    1054.3899     295.8370     5283.5696    -639.3302   -7094.6885     -86.7384
     453     261.7424     687.5412    1050.3754     318.5104     5298.3049    -627.4940   -7086.9992     -98.0188
     454     272.6907     688.1449    1075.6714     293.3637     5302.7793    -621.2328   -7064.3377     -52.9205
     455     265.4329     702.5985    1062.9402     301.0703     5290.0449    -626.7546   -7068.9415     -73.6092
     456     299.0029     673.4671    1045.1537     312.1179     5298.5279    -637.1275   -7070.8836     -79.7416
     457     251.6202     701.4917    1048.9414     307.7308     5274.9577    -625.4786   -7049.3773     -90.1140
     458     306.2753     725.2031    1046.5974     298.4343     5283.4472    -640.4409   -7053.8421     -34.3258
     459     259.2553     696.1324    1046.1529     311.4361     5269.6975    -636.3823   -7083.7329    -137.4410
     460     292.8428     712.5290    1047.4511     297.9205     5292.3494    -631.8625   -6963.3679      47.8625
     461     268.5010     747.0761    1045.9438     298.1305     5262.5073    -643.6303   -7027.2013     -48.6728
     462     286.3237     760.7983    1065.2189     296.6942     5244.3441    -623.4011   -7050.4958     -20.5176
     463     284.2540     705.7644    1041.6606     301.2732     5293.5882    -640.0695   -7097.5595    -111.0884
     464     252.9938     729.6527    1076.6474     297.8688     5300.9452    -636.5761   -7091.7922     -70.2605
     465     274.1199     719.1250    1073.9054     290.7120     5259.6622    -627.0750   -7042.8266     -52.3772
     466     266.8796     669.3107    1047.4593     308.7309     5301.7780    -636.6606   -7014.4957     -56.9978
     467     266.3422     728.1241    1049.0050     313.9822     5314.2963    -630.7672   -7056.6721     -15.6896
     468     266.5812     721.8687    1064.4669     304.4419     5298.2207    -636.4885   -7067.5209     -48.4300
     469     265.9057     695.0856    1062.7991     306.7750     5329.2234    -643.0219   -7128.5466    -111.7797
     470     275.7609     721.3867    1057.1375     298.7093     5299.3336    -646.8911   -7056.1069     -50.6701
     471     278.3394     696.1572    1063.8060     307.8653     5303.3146    -643.0979   -7152.7315    -146.3470
     472     265.9043     653.4776    1050.7754     314.5227     5319.8232    -634.7222   -7021.8385     -52.0575
     473     283.1884     715.9764    1057.8505     309.4303     5301.4365    -631.9662   -7068.2649     -32.3490
     474     256.4283     696.2869    1036.2506     305.9075     5298.3976    -636.0038   -7169.4538    -212.1867
     475     260.7875     665.5689    1063.9133     316.8481     5279.1143    -631.5220   -7084.0740    -129.3639
     476     281.1160     723.0386    1035.5294     297.9702     5297.9972    -639.8687   -7045.6770     -49.8944
     477     246.1387     694.7313    1070.0482     307.7163     5287.3785    -623.6504   -7182.6954    -200.3328
     478     297.0285     687.6951    1044.9690     308.0718     5293.8533    -634.9448   -7084.3625     -87.6896
     479     293.6403     737.5759    1057.2339     315.8897     5259.1951    -627.8404   -7007.0911      28.6034
     480     262.0149     697.9831    1055.6763     306.6841     5285.7579    -627.5648   -7077.9054     -97.3538
     481     267.0636     692.3308    1029.2790     309.4678     5275.8335    -648.4519   -7140.9331    -215.4104
     482     304.6914     679.7844    1034.0413     303.3978     5286.8634    -658.7085   -7121.0196    -170.9498
     483     292.1303     725.1465    1060.2023     309.2871     5294.8751    -649.4166   -7185.1563    -152.9317
     484     264.3565     697.8903    1052.0211     310.8856     5270.7600    -621.9169   -7265.9484    -291.9519
     485     270.2272     703.7904    1052.1261     296.2786     5290.7937    -620.3985   -7119.8524    -127.0349
     486     258.9955     698.9286    1044.8883     294.7059     5282.2437    -632.6971   -7101.6208    -154.5559
     487     294.7572     702.1534    1040.9417     302.6141     5260.0104    -633.5944   -7063.5690     -96.6866
     488     279.9217     732.8427    1056.9008     302.6862     5300.6495    -636.4610   -7136.5892    -100.0493
     489     275.5612     707.7737    1046.6572     300.1761     5259.9396    -615.9290   -7065.5312     -91.3524
     490     266.5633     716.6588    1047.7287     304.1713     5290.6041    -646.9243   -7141.2457    -162.4438
     491     254.9806     706.7576    1053.5470     308.1599     5255.6847    -642.6208   -7062.8281    -126.3190
     492     276.9641     700.4143    1051.9199     299.0255     5260.6117    -636.0597   -7125.2469    -172.3712
     493     273.4351     724.2829    1066.3188     301.5439     5296.0062    -651.5536   -7186.2030    -176.1697
     494     268.8973     728.9138    1049.7670     310.7120     5303.2274    -626.5704   -7200.4216    -165.4745
     495     261.4179     713.8070    1083.3214     303.9209     5338.3262    -645.3580   -7146.0228     -90.5874
     496     290.3299     685.2806    1046.8849     293.3836     5251.3830    -641.6638   -7076.8467    -151.2485
     497     261.3530     708.5137    1069.7667     313.5148     5315.7379    -632.6625   -7021.1296      15.0939
     498     265.9228     742.1311    1066.4459     313.3440     5291.3114    -650.6213   -7068.3202     -39.7862
     499     275.0528     712.3996    1066.1380     286.3489     5292.2956    -640.8248   -7121.7211    -130.3110
     500     284.1608     706.1081    1058.8975     313.2139     5272.1896    -640.9565   -6994.3780      -0.7645
