0 7.2286420490021035
1 7.885243043247103
2 8.62811536404049
3 7.6193055813723385
4 7.043909421087624
5 6.700675368477234
6 7.529009459500516
7 6.822166656374379
8 7.548971658088046
9 7.393553055225877
10 8.069806608776958
11 7.219461073172433
12 7.564312169123593
13 6.820818322171257
14 6.13176902741274
15 6.382060178267903
16 7.13870030568039
17 5.180148462027901
18 2.95870924798778
19 5.783414493605977
20 2.8605035286768743
21 3.364003877284481
22 3.9271640012555777
23 3.836978910666337
24 5.155099567364703
25 5.2062796804327345
26 6.543652099648885
27 5.479438418662666
28 3.553011689489206
29 3.4609117426478715
30 3.446455744020668
31 3.74877847965127
32 3.419141245890291
33 3.6285666296814485
34 3.36119606279128
35 4.330818435172438
36 6.857128159103653
37 10.013360750136531
38 8.950622633833007
39 7.965254321161286
40 7.911394994313736
41 8.712886937575242
42 8.46218348855785
43 6.116447611607029
44 4.838972985220266
45 4.782567287740914
46 3.402577208695408
47 4.2621586321933735
48 4.144479421180998
49 3.187416639077905
50 3.6548053714246933
51 3.7170730085899537
52 3.4558856890658265
53 3.8459702599399512
54 3.226373930131191
55 3.675312141806529
56 3.5931639703368847
57 3.636150956217478
58 3.1257341622999983
59 9.17298792878886
60 9.267745211351274
61 8.570793006646813
62 7.958667581668035
63 8.47815327342359
64 3.520844334424467
65 3.78039373480871
66 3.4273166340226475
67 8.139375667605231
68 7.583156737729235
69 5.447279240153665
70 3.7987268232078186
71 3.7458333003911473
72 3.351062284367606
73 4.542342705014897
74 5.3333052311091755
75 4.093629709330995
76 4.813993348826816
77 4.940035506319343
78 4.520593315258086
79 4.731490643965534
80 8.729915350216139
81 8.11600201738055
82 8.909606092442072
83 8.18226176040697
84 9.64209550851746
85 8.768906428239978
86 8.316520977053646
87 4.662083472225946
88 6.0851061145419205
89 6.118438990511434
90 5.61347223066065
91 3.476603724928316
92 3.1958458545361244
93 3.792639360384479
94 3.1304294446776044
95 3.2478173301953723
96 3.508494327180174
97 2.9883254999284747
98 3.550607091602352
99 3.3898731495849654
100 2.8516754189897613
101 6.3964881443741595
102 7.754996032570861
103 9.461729275227418
104 7.1821398011388355
105 8.593453154071257
106 7.912488085392171
107 7.458320510751276
108 6.800061878879394
109 6.669679482448596
110 6.45810776227875
111 3.568229748716684
112 3.8227723262011355
113 3.5373937070135115
114 3.4921134118037824
115 3.462131687168178
116 3.3434944647494875
117 3.5871083684777796
118 3.3128267783426577
119 4.209663506927166
120 2.9722825042245504
121 3.575852541216136
122 3.556938526039164
123 3.8370426050071558
124 2.7020611151674925
125 3.457462758609884
126 3.4322947780187163
127 3.1615995362978184
128 3.0884331377939143
129 3.3403001142135524
130 4.198164989795895
131 3.236848855019304
132 3.787946037957914
133 3.6581615230802798
134 2.7220847764565432
135 3.3279493451473696
136 3.4453658153754976
137 4.0940964494238115
138 3.2924701437710757
139 6.101585601810121
140 3.3139277537520937
141 3.9384934149623096
142 4.353070379974771
143 3.5207520770908394
144 3.7191032316535373
145 3.9396834601223603
146 3.1362300119669473
147 3.7030486421124995
148 4.008458443813884
149 3.223302366566421
150 3.8199928014933024
151 3.6547189333408463
152 3.4784937489747563
153 3.6202246633406383
154 3.8241631552249657
155 5.24437829874814
156 4.7096789812305895
157 5.741585490732957
158 3.7267930215893985
159 5.696011447279098
160 5.629060189064017
161 5.966887847878335
162 5.58628981070755
163 3.78522210429331
164 6.145658943859588
165 5.989736790049742
166 3.7066489411573884
167 5.657612538928668
168 5.718887834699908
169 5.032741904206579
170 6.59533108669868
171 5.466572926421018
172 5.7661708780927015
173 5.969147060909855
174 3.2636057617416907
175 3.0002807569871663
176 3.8943008035507853
177 3.6965862548074155
178 3.6793363145038596
179 3.4170254906880047
180 3.7494183666739938
181 3.5698822202609928
182 3.308442661374419
183 3.812500904038849
184 3.5305991847301788
185 3.5747934862492143
186 3.813564921158171
187 3.990945175520958
188 4.063045204933885
189 3.2951741852844165
190 4.240670882293867
191 3.667154879615337
192 3.4991764133848466
193 3.6039664912347837
194 3.624409925623099
195 3.769118100285357
196 3.4763661069293956
197 3.315665637951871
198 3.8345056702074656
199 3.492161678711657
200 3.4415442003056427
201 3.287915416759111
202 3.821685357483451
203 3.511402268592604
204 3.605871944839702
205 3.133157669640006
206 4.411187319966045
207 3.7859352536196105
208 3.0598142549492766
209 7.592326561883267
210 7.764432130122548
211 7.886638352665301
212 8.368209486849388
213 9.383777713795174
214 8.20407333760398
215 8.872343575745948
216 9.325600013105332
217 7.9587011487002846
218 8.598884421171071
219 8.293282776731848
220 8.883932812802156
221 8.142188297728595
222 8.075434752810763
223 8.631018675682812
224 9.7509014363227
225 6.5766079635060875
226 7.209748147002169
227 8.257971362023987
228 9.089539406184702
229 8.450719305723242
230 8.846394645411316
231 8.361369653646516
232 8.970019384496462
233 9.569151637991817
234 8.069097126737008
235 8.422900732960318
236 8.071707164267641
237 7.941457918511787
238 9.33363795671317
239 8.14437844765817
240 6.412008982497156
241 7.817892137624353
242 8.824404154726311
243 8.676148305576577
244 8.095234152432218
245 7.761274926958138
246 7.2708123527240875
247 7.639526079135046
248 8.371540099265435
249 7.823119586553893
250 7.5638160538265335
251 7.768812608549167
252 8.318740321389038
253 9.075168561099677
254 8.433019317526533
255 7.905300426294653
256 8.789645400160099
257 8.459993476697491
258 9.510465303425937
259 8.073290298758108
260 9.29070449188622
261 7.837488821869511
262 7.1998575711618775
263 8.406077564069133
264 8.49074857909666
265 9.17604691656745
266 7.82779867631307
267 8.260780339575033
268 8.235323754381145
269 8.423496894535628
270 8.085507610942875
271 8.72553504808336
272 8.594298090033103
273 9.050343617344499
274 5.973198006406925
275 5.120549515623505
276 5.078847386675555
277 6.454185724500229
278 5.276632823936741
279 5.092106042814147
280 6.634313838647065
281 7.10428987308695
282 7.385248360958747
283 4.908768600406736
284 5.96167346563266
285 5.441581151869826
286 5.021064823027516
287 6.061554440436815
288 2.674253010808674
289 3.3736055659390303
290 3.004457222563683
291 3.3552565687165337
292 2.793181820798532
293 3.0223573657018123
294 5.069221539811014
295 4.096390548417613
296 5.460965986298973
297 3.3095033883544276
298 3.3884628083945545
299 4.010530812124569
300 3.645885486640792
301 3.3433117133291805
302 3.652070387694773
303 3.530316239445176
304 3.6163545763202745
305 3.4335183238665477
306 3.0750495060481455
307 2.7818790068092816
308 3.0452186270317454
309 3.4691869004190172
310 3.5864224768527113
311 3.9210893397825766
312 3.4565191789905994
313 2.9572105251282204
314 3.156289900994599
315 3.6704080594972366
316 3.612278000246038
317 3.3552860265981614
318 3.524132949641771
319 3.268879470487117
320 3.889409370289269
321 3.1943330485668526
322 5.3787072538158025
323 5.731419907830315
324 6.5090130518758675
325 6.182225323050472
326 8.59166203296502
327 6.7162413281443145
328 5.360843392053395
329 5.872144541198844
330 3.535666959482579
331 3.074894706124535
332 3.289297524970823
333 3.6251140947679206
334 3.3934021792050197
335 3.6840194249815017
336 3.2201929202143402
337 3.444935682677563
338 3.084680149674968
339 3.192466122018655
340 3.867351128478405
341 3.6535982771744675
342 3.539429101491832
343 3.5347572769461966
344 5.2283336666601254
345 3.648801051998398
346 3.5162979868166677
347 3.320609520412173
348 3.2417221028579464
349 3.67129898816464
350 4.045482801543195
351 3.4662183797061643
352 3.6864698777690594
353 3.415655029350504
354 3.96319457756289
355 3.089876918126389
356 3.7776314407455236
357 3.5958336924721106
358 3.04276063723793
359 3.107652133834245
360 3.3914999049593155
361 3.313563426218153
362 3.783615823568294
363 2.881516307219717
364 3.539849441276893
365 3.505284077421163
366 2.7972405769666637
367 3.4154436976138367
368 3.2645034032539013
369 4.0368329971706105
370 3.452654876834677
371 3.626911693918723
372 3.5756947839027418
373 3.4543744829071414
374 3.575432361075384
375 3.4335291639795678
376 3.5169775192954815
377 3.7991194428145554
378 3.4273216476901722
379 2.808853617813105
380 3.231374412430994
381 3.578291189469664
382 3.473070858111636
383 3.368682112756259
384 3.8812378871357724
385 3.779605356317326
386 3.6956365882673747
387 5.334831148781051
388 8.55561954212112
389 9.156456834117106
390 5.707986824376317
391 8.555513935820315
392 9.540209762159375
393 7.702680275025434
394 5.58165288916842
395 5.072664755420142
396 3.503565487536697
397 3.571969794046252
398 3.2463096675212264
399 3.799432250023531
400 3.472513632856234
401 5.644958489094859
402 5.568544604753635
403 5.463802213728341
404 6.683605894322003
405 5.523399678577867
406 6.100016298702975
407 6.097204558567288
408 5.391297875090676
409 3.9942825191907847
410 3.3780175622385977
411 3.3628146865202706
412 3.1294266852739607
413 4.060097258248732
414 7.789832425224074
415 5.959784214958141
416 5.713007706020372
417 3.384758307783013
418 3.365195504574527
419 3.7387242789018766
420 3.274022737632267
421 4.977025053755844
422 3.7385338033019186
423 3.4497116721518393
424 3.2665793480608287
425 3.444513525645364
426 2.9452743049166217
427 3.773279068615868
428 3.5823510266347607
429 3.876836598335899
430 3.180201209368045
431 3.404837137478187
432 3.4185768626258493
433 4.466082678084547
434 3.366063284413606
435 2.817355860579499
436 7.656937859049281
437 5.146168398909761
438 5.800850308977829
439 3.8183430555098137
440 5.9340846522627535
441 5.535867508561072
442 5.764402451053396
443 3.3423773516611925
444 2.7250426627436175
445 3.6071738289177153
446 3.0545195073675213
447 8.83761827262169
448 8.276815637398677
449 8.401347599985703
450 8.419802556079851
451 8.413726487544462
452 7.898306545598377
453 8.535500836965737
454 9.261683562759421
455 7.58908212305648
456 8.708070354374042
457 8.25343417189075
458 8.393239826694709
459 8.206437200374566
460 7.757947227540299
461 8.008880553629144
462 7.711868631702409
463 8.514733049128282
464 8.496724684237408
465 6.461047129083528
466 6.11627741132956
467 6.000604363284985
468 7.46088364531967
469 6.300492339346942
470 6.35591852852271
471 3.900140164147063
472 2.760228890370268
473 3.0731906411258456
474 3.4364248108899336
475 3.1909647520252147
476 3.685916434596899
477 4.0007078449271845
478 3.2139262012028897
479 3.246645533953482
480 3.9905226230556594
481 3.596564582571214
482 3.425688350335152
483 3.3032828156603946
484 3.38349677709593
485 3.792363269805128
486 3.5938512462802925
487 3.5446427976500217
488 3.56276573692492
489 3.4708264970515565
490 3.837899738253097
491 3.9962685513309983
492 3.046087104295471
493 3.1162079129423725
494 3.456725376113946
495 3.576630289961993
496 3.1038162003973797
497 5.455041692629954
498 5.471434386276172
499 6.718748208534798
