0 5.757391090846085
1 4.801596662755868
2 4.421980828126138
3 4.68054459902912
4 5.770805063809025
5 4.604943051063059
6 5.185479763804251
7 4.908544470265448
8 4.478665963317325
9 4.665964288481837
10 5.20953858441808
11 4.5493177382902985
12 4.280811392201827
13 4.834794320957294
14 4.566650801637027
15 4.399514063616469
16 4.5365962099338955
17 4.43691173118715
18 4.4541624985692
19 4.190215692352214
20 4.316042906991807
21 4.355783396577355
22 6.79962960428098
23 4.452800384782652
24 4.082108876735957
25 4.963794200470442
26 4.741062837910499
27 6.183252448933361
28 6.219251094185568
29 6.9193779369668995
30 6.6419509817422675
31 4.320492349326562
32 4.8906817577994115
33 5.351076177265186
34 4.9175586348457205
35 5.4908594285813885
36 4.546037461639476
37 4.594865854499443
38 6.366968171716367
39 4.461171844763887
40 5.4515806934033195
41 6.950358774215192
42 7.638081525647224
43 4.869749213819369
44 4.5509385355216905
45 4.278092476035516
46 4.202413699141456
47 4.929488993706457
48 5.24150859941522
49 5.916211177449335
50 5.412503100359624
51 4.311362221655823
52 4.612750630110159
53 4.707257029081846
54 4.778303456179635
55 5.017780231656554
56 5.181260894875421
57 4.33491650251815
58 4.73280006232434
59 4.7589762459109926
60 4.333120488825451
61 3.63604556034606
62 3.800866110346353
63 4.227097261281206
64 4.30206382968695
65 3.818835294174684
66 3.7706719581375765
67 3.8114726246985544
68 4.598966231928707
69 3.7254809381430487
70 3.7505421329566793
71 3.6035096974124565
72 4.189567537715908
73 6.009845394500882
74 4.492023907080739
75 4.431866226208314
76 4.504735127430693
77 3.996449339629304
78 4.327261943492865
79 3.6246351545997273
80 3.677865428030704
81 4.310470126706265
82 3.9310572894458256
83 4.68166263636588
84 4.591119708971256
85 6.453070794206109
86 5.668219421262038
87 5.230587701193031
88 4.396778568827336
89 4.070373345611785
90 5.131461276973516
91 4.012966986418183
92 4.566389527744227
93 3.9299868179824653
94 4.13768197950944
95 3.7587167005490847
96 3.717629209359965
97 4.247049704858146
98 4.797977232500261
99 4.016002928446659
100 4.509798080230629
101 3.8751462745726952
102 4.098151678357683
103 3.9658239905311183
104 4.391848666505978
105 4.471722324813437
106 5.7173238880097825
107 4.510611049491781
108 4.256858034936433
109 3.785397861823777
110 3.873060974481823
111 4.2015109625458535
112 4.3378720072257355
113 3.703585013333912
114 4.34365420886516
115 4.249152034747505
116 3.6624292645813368
117 4.20933478663187
118 4.177481173321672
119 3.640322618781573
120 4.238414646305652
121 3.7408088825655974
122 4.300271101265722
123 3.6799758387298396
124 4.1186548454682175
125 4.239800138484819
126 4.4007758539240545
127 3.978242702002664
128 3.433474696294719
129 4.503883561907934
130 4.812996862836183
131 4.480178204286484
132 6.681074895044867
133 6.352812782875957
134 6.22928981304626
135 4.448384763923346
136 4.689952466546284
137 4.385041774222075
138 4.160962045319197
139 4.174721767465858
140 4.357557507354649
141 3.8577243164629262
142 3.471679699681482
143 4.257665586297008
144 4.090203033194119
145 3.8118615241721545
146 3.749051135797131
147 3.9966050066306655
148 3.800026614712647
149 3.4991248272557423
150 3.704535122939793
151 4.382748110451673
152 4.132100106179627
153 4.426579676372353
154 4.564160624281681
155 3.808968538781814
156 4.651974054237046
157 4.402685321922987
158 3.5580354915353833
159 3.863889176965633
160 3.664293395022423
161 4.485437388018614
162 4.179155199070588
163 3.7847129312226886
164 3.871458336849
165 4.419431057906243
166 4.393546594669197
167 4.210365119072993
168 4.208452905523943
169 4.2303919191026775
170 4.114967084386995
171 3.895615750337348
172 3.928015034605127
173 4.064141884582663
174 4.050598564934899
175 4.121477956098532
176 4.360599231907838
177 4.658077847302948
178 5.5936762450368445
179 4.267392551597481
180 4.6279343815591325
181 4.358402610216916
182 7.724044219666277
183 4.308055771933062
184 4.786471229687277
185 7.018781755663079
186 5.730975981745077
187 5.821158624631656
188 5.599991323539784
189 4.5474548376574875
190 3.7271764948333828
191 4.40391236057166
192 4.557120021223391
193 4.074847612272681
194 4.27827925099509
195 4.1926444314951015
196 3.7335609092036512
197 4.2070164833734935
198 4.743222864146484
199 4.307144772602638
200 5.355299127473448
201 7.117806809035094
202 6.5123834597382775
203 6.699016470162045
204 6.064594692052446
205 4.970854843041845
206 5.4164625443240695
207 6.3225805861947775
208 6.441230961619963
209 4.481984295794975
210 4.517666426679729
211 4.457384677951333
212 4.247312305318209
213 4.405903179848028
214 4.087775540145862
215 3.6191919101546635
216 4.23475155996816
217 4.527153698149202
218 4.298048922203221
219 3.7077851513154183
220 3.7743893677482587
221 4.473460650320367
222 3.6413753688219797
223 4.439632473390978
224 4.056462327768987
225 4.169904168104167
226 4.256236742388121
227 4.170696998063599
228 3.5285706197477142
229 4.107187106409789
230 4.270526128220147
231 4.447400496708516
232 4.1540021693163585
233 4.081703392578556
234 4.335313609403824
235 4.217346482306544
236 3.848125841745206
237 4.067410386271251
238 4.158797833021331
239 5.550127553304516
240 5.927596530865922
241 9.040213772407123
242 7.052221382642497
243 7.408995592285809
244 7.889732765607013
245 7.474480982196429
246 8.235747850744476
247 7.25319615002724
248 7.260467382468262
249 7.855223194700368
250 8.389198746041668
251 7.399089391881226
252 8.351954767209948
253 4.146812580223851
254 4.095343311269367
255 4.530003140093265
256 4.567106129671678
257 3.8996802521133986
258 3.770117552483443
259 4.320593710474935
260 4.2855220071720925
261 4.842563191275094
262 4.267453113991408
263 4.278616059011476
264 4.9353078925696945
265 3.8821523617780143
266 3.650950967842888
267 3.8033493546516137
268 3.5723209882127187
269 4.885234443787271
270 3.860195457566523
271 4.202055727228989
272 4.235406647040053
273 3.8389951775400926
274 4.344674785931635
275 3.5133866484086735
276 3.4590903597564746
277 3.9179491988288593
278 3.9861887975037336
279 4.359153103478906
280 6.477009485015517
281 7.156809682932632
282 6.26319626231842
283 7.082896009348057
284 6.67105154532118
285 7.585918966531643
286 7.498302090986411
287 4.065388227546008
288 7.390965022366629
289 5.657186685197532
290 6.841669587472439
291 8.507263341635362
292 4.882568843162477
293 5.571063635029096
294 7.0051370046155474
295 6.757863946026636
296 6.8698376292008705
297 5.7324661470487905
298 7.51985340181064
299 6.995239917339961
300 5.352923625726468
301 6.0011491642788695
302 7.275916734624882
303 7.698550903272947
304 8.270360416543658
305 4.764336716093113
306 4.385211318139889
307 4.262317367903749
308 4.074213921143878
309 6.372695379944281
310 3.744326772418547
311 3.687359830712411
312 4.456686565368185
313 4.242178862874108
314 4.710744835984915
315 3.775781423362211
316 3.9124107484660655
317 4.254960128449212
318 4.086696318992675
319 4.616992535946984
320 3.9973545648708435
321 4.066375024695023
322 4.915135698613782
323 4.476211729468525
324 6.098044812370164
325 4.199328903824571
326 6.316066015870962
327 5.719679820985188
328 3.7960094629715226
329 4.3668917460467505
330 5.272182179773461
331 5.50735955354392
332 6.03936715532895
333 6.724649933383958
334 4.370785088366459
335 4.633350667717456
336 3.951795231511646
337 3.9698265746717087
338 5.738699807203973
339 7.598046968394692
340 7.719585632658096
341 7.1162656112998555
342 4.918247003150128
343 7.075196890757664
344 8.024774726773988
345 6.921381982214532
346 5.256914451208502
347 5.013253806767006
348 6.722063521734451
349 4.739079440891202
350 5.104879298800638
351 7.301242248066057
352 7.481662950802872
353 7.2988421711586735
354 6.110049052983444
355 7.186480556004048
356 6.288721107702761
357 7.814467817280183
358 8.395758926021605
359 6.45426667732986
360 6.216260345304302
361 7.042001231868448
362 3.831689107708048
363 4.253296927190811
364 3.865929059879432
365 3.864647515869815
366 3.8775972553360516
367 3.7395262723986384
368 4.178993655676173
369 4.20171383881926
370 4.145244783175126
371 4.195180290621628
372 3.8210530753147256
373 4.201128323308127
374 3.9996669253189996
375 4.122621084776105
376 4.001315427086273
377 3.820849579034546
378 5.761310138741668
379 4.411029585605286
380 4.616413582982074
381 5.95049404782266
382 4.4538267196931125
383 5.0104725630076
384 6.530958495487275
385 6.196527281032987
386 6.315951520715098
387 6.563476442355095
388 5.806474910504565
389 7.949440163367214
390 7.358958884242801
391 10.013144188364016
392 7.69927370366076
393 8.344819000822415
394 7.958063944448283
395 8.878073722105285
396 8.055004322387363
397 5.451814889996929
398 7.967762655143252
399 4.162347282265347
400 6.727579606557887
401 6.741252167757661
402 4.301266180022505
403 5.46470916526525
404 4.39995334013701
405 4.887826697388553
406 7.273198179307328
407 4.615408521930537
408 5.944371332132471
409 7.248550099776593
410 4.482655838063499
411 5.37470598979527
412 6.770448948161715
413 6.840411807627534
414 5.426280138336315
415 7.293125467094574
416 6.780871133211551
417 9.780514781172977
418 5.250708159531379
419 4.357823688883864
420 8.624472285002765
421 6.5030455489736205
422 6.832471653810978
423 6.054653462010299
424 5.039305932444567
425 7.044335418115381
426 4.972876580281896
427 4.555362807071482
428 5.081217549231964
429 5.549480626165142
430 4.5659552463468325
431 6.5828839463074456
432 6.1922879296294555
433 6.749439116439157
434 4.301706718586362
435 6.784791033180652
436 5.82427477369013
437 7.722427403432695
438 8.935719500826085
439 6.070582625563526
440 4.203899451579586
441 5.20777594221249
442 10.035307536667752
443 10.591104133408587
444 9.596953432493084
445 9.75332244351925
446 10.099628259903943
447 8.837759652593116
448 8.696186391674065
449 9.418853298299732
450 8.62406280351419
451 9.520947130899058
452 7.3827253381798155
453 9.647372917608477
454 10.614328762507713
455 9.34603152789969
456 9.488021624616556
457 9.312778901111209
458 8.270052005492266
459 9.649615296610403
460 5.983494173996178
461 9.739879901669871
462 5.360748621038389
463 4.726426734047215
464 4.4400361904402414
465 4.37004056988654
466 4.9902393127858256
467 4.329423848460989
468 4.860884565810184
469 4.0382425954144745
470 4.726946878615269
471 5.124561419562878
472 6.60757310111008
473 4.201684907086968
474 4.393645917653923
475 4.14377537482339
476 5.81005407098313
477 5.315490101354287
478 8.080129369425062
479 7.411104616252343
480 4.128374745610829
481 4.505497286349132
482 6.7446356495547155
483 7.5023461821692505
484 5.15108965529687
485 4.158168677432465
486 7.7623998808658845
487 5.712267214197798
488 4.962275379864401
489 6.029893210991811
490 4.544849983850637
491 7.494764189324423
492 5.90494638804225
493 4.412646527292865
494 6.78372530263068
495 3.8700510113193114
496 4.643381881819251
497 4.805053452320975
498 5.138805321986511
499 5.969395584024547
