0 6.081718539916426
1 7.336166926450217
2 9.628242590743818
3 11.685241410090718
4 4.393351834717402
5 6.379967795978039
6 5.267342245912095
7 3.9016626298050925
8 7.33096240763959
9 7.168527334279273
10 7.48409829085302
11 5.4865324254413315
12 9.479651431261251
13 7.060524528660843
14 8.186667735056261
15 7.013206474846928
16 5.065348806697042
17 4.738802900352322
18 4.790805528895269
19 4.75148875826956
20 4.689455082874026
21 4.84212956486025
22 5.073430835598937
23 4.731544124697251
24 4.764177868463925
25 4.858772205551236
26 4.418122056527275
27 4.973800965360796
28 4.652478219426197
29 4.78260265110465
30 4.592307613717299
31 4.926270235230582
32 4.709561869716908
33 4.678832860089658
34 4.820221945288314
35 4.862833535112479
36 8.719711670771416
37 7.3809080736137185
38 6.999216600755641
39 7.015267829632126
40 7.515039693726246
41 6.49490416104455
42 5.478478852105832
43 6.3944725375573315
44 6.756446280875849
45 4.756482135358369
46 5.1123200748289825
47 6.532450424249959
48 6.534683644009067
49 4.752082820667965
50 4.513585607422737
51 4.810187428093574
52 4.738457441464643
53 4.933451930059382
54 4.967454473170265
55 4.77540838341831
56 4.657557796624292
57 4.6648969677480885
58 5.034535389486203
59 4.999989031224387
60 4.680268037635045
61 4.713521733935928
62 4.487494991271047
63 5.984335189199684
64 4.589284021213082
65 4.9561301484135125
66 4.5571803366398855
67 5.040280636458066
68 4.343847712744566
69 4.602513207770144
70 5.19402005800125
71 4.693864543220576
72 7.512060317991642
73 4.417778659496535
74 5.219831239460791
75 5.1674273780491635
76 5.853592384216739
77 7.986819205418167
78 4.9525117154382015
79 6.901314790910132
80 6.058139033656821
81 4.25857791125835
82 3.6798159060663758
83 3.682934191474754
84 4.441508739623413
85 4.419903041138689
86 4.233560793054696
87 4.016807896052466
88 7.36471506946532
89 4.827924830536317
90 3.521899439563213
91 4.271590809879183
92 6.444912936468316
93 4.396315089093721
94 4.654013913820299
95 4.247851884216822
96 4.5074083585555025
97 4.516871838212197
98 5.036911452626179
99 8.00948666484198
100 4.821556485726178
101 4.171533052415397
102 3.7509933606566213
103 4.115501697240689
104 4.202394752147954
105 5.181398442156774
106 6.162369029386235
107 5.2727398867435165
108 3.896113253489745
109 3.8608051655308224
110 4.342331967368162
111 3.725784071208788
112 3.861891712551641
113 3.780694504196977
114 3.713494960344947
115 3.9615618893286744
116 6.603797729796295
117 4.116274382751937
118 3.9494911189949495
119 4.523185887138337
120 3.844750452927725
121 4.591151476547557
122 6.1480649031706225
123 5.48632683826714
124 4.5684211758153515
125 6.386727750929571
126 5.841200278503256
127 9.24910902730178
128 4.228611896572769
129 3.881312474807023
130 4.310850860865482
131 4.495437184471025
132 4.903908346090846
133 9.638111086500823
134 8.693481134223946
135 4.624792036367911
136 4.132242919003691
137 6.7957116178018815
138 5.571435998426657
139 4.842923652316765
140 4.153458200431884
141 5.195239176729727
142 6.229561592907854
143 4.44182277071342
144 4.469048374712391
145 5.005504783025044
146 6.085010271780684
147 5.418357988809531
148 4.800909073458459
149 6.65609759290986
150 4.994005506425729
151 5.62657795900902
152 3.4451088953617677
153 3.69807363345922
154 3.979971410313107
155 9.062300299567026
156 6.901231365250528
157 10.023717058153562
158 10.102495800824677
159 7.284827579923142
160 4.288775053888513
161 4.233088124950413
162 8.158327669259615
163 3.7297823292738825
164 4.016245565982776
165 4.345032345882444
166 4.847797764523447
167 4.14876877126921
168 7.196573352182913
169 6.606508411237607
170 8.211860734558325
171 10.6570780115124
172 8.29927062528979
173 10.167350437416202
174 8.104541620685255
175 11.497751710737587
176 8.984883980044637
177 8.604226199414889
178 9.418623323928186
179 5.066120627895739
180 9.326511466182637
181 9.232705422797872
182 8.798543286907233
183 8.203644770301272
184 7.642819128062892
185 6.60708473444204
186 11.273087615473594
187 10.00102398603262
188 8.866863238483852
189 11.440099811335216
190 8.244233243336643
191 10.318828445831853
192 12.393587723024508
193 10.259807613262591
194 9.450679892245402
195 8.787700644084618
196 7.828393266684512
197 5.882974665979414
198 7.765282724801618
199 8.75241354864614
200 7.013863664591958
201 8.369186652681847
202 6.957140173616881
203 8.299138291306008
204 7.469075603737454
205 10.254587192072805
206 8.639378503598584
207 10.11808731750477
208 10.787331356874414
209 5.657006774581203
210 6.242982729115009
211 6.017817173004559
212 4.104901685350923
213 4.0649645655459326
214 5.599118270345046
215 4.770709115940213
216 8.440786831445518
217 3.9180191598640133
218 6.996811037107671
219 3.3893470069785496
220 3.90417242421812
221 3.3902327018229483
222 3.7795693775260966
223 3.995170686732837
224 5.3800273907078795
225 5.406294786561606
226 4.258807930712834
227 4.475445359513193
228 6.563080173516864
229 4.009082173773471
230 3.769413354548741
231 3.9529884094982592
232 4.682875069482519
233 4.198891528337466
234 4.484314508426399
235 5.038235679098617
236 8.602691145026244
237 7.1135244988259645
238 4.939057196712749
239 4.184360429096589
240 4.48148125723789
241 6.108702455186446
242 3.5661067912655104
243 4.179064165475851
244 4.347087959063131
245 3.7545174196481272
246 6.74919241131331
247 10.17628702037885
248 8.951128385202079
249 7.954772721522793
250 6.893219216304198
251 10.10594728242684
252 6.9728433627902495
253 3.9848903093980685
254 4.29239689888358
255 7.598785539969208
256 9.674075926264061
257 9.709084923317109
258 7.0750768547397795
259 8.020135102971619
260 9.38060612762925
261 7.672706152413616
262 7.096349294577799
263 7.13069771655948
264 7.706205227312472
265 6.314516810526128
266 6.497891412934714
267 7.577291150191367
268 9.89799403098611
269 5.0921871178391545
270 9.148361523487266
271 4.3179624033048025
272 4.741490865236244
273 7.0361402976978376
274 6.1345680247407435
275 9.46165931966735
276 7.5123169585058465
277 6.056068982587144
278 7.496632951737003
279 6.424761659535261
280 8.234137135999768
281 10.809156443516668
282 9.010205186684347
283 8.180526734263847
284 8.280101370889692
285 5.6557055874195585
286 7.500223129458263
287 7.389788314660765
288 4.606689191157066
289 6.207499585498551
290 3.8455437681508737
291 4.399908091041208
292 3.449931623636901
293 3.3916958271962265
294 4.734309471508141
295 4.042342221560995
296 6.650316425801534
297 4.230485054814342
298 8.451331192347968
299 5.444066793668208
300 3.616394443996219
301 4.117367564207314
302 8.888220764073322
303 6.697649555613313
304 5.907678598045209
305 6.473401103849019
306 9.165664426923767
307 9.383503625885762
308 11.065881473486357
309 11.074752556678916
310 8.846570526353544
311 11.272687175149668
312 10.08618519639444
313 9.707294640043369
314 10.04830700330621
315 7.78017537550298
316 11.706392012328799
317 10.980890609988116
318 9.994293586615179
319 9.64520709553983
320 7.693120248933306
321 3.5975174166567845
322 4.307479073341249
323 8.078358957712226
324 4.150724171654225
325 3.5442679060646087
326 7.058026106202778
327 7.673552029533469
328 8.254749085373028
329 3.8811951783978973
330 4.2332105266585245
331 4.941889770140827
332 4.426976479847004
333 3.582753073302695
334 3.9210064784877168
335 4.033045947487326
336 4.173528054303461
337 4.1461288429417875
338 5.792570554703365
339 4.275589146426199
340 3.714736983263718
341 3.5539279394496908
342 4.479643092068898
343 4.239620288751295
344 9.015840548360817
345 6.066050717700557
346 4.205762916944357
347 4.626848897867977
348 4.407817032001171
349 5.762239069498776
350 4.22203322573721
351 5.6555910141226775
352 5.276353594928974
353 8.527430450906389
354 6.035020935688239
355 8.318027296778265
356 6.485591825620761
357 10.202171445215685
358 5.8556671593984015
359 4.423584975419301
360 4.23582774710577
361 4.773232794592913
362 3.695192431331794
363 4.289918378111447
364 4.636171897919783
365 7.760408180868995
366 4.281262713624066
367 7.364715538257448
368 4.163755305718267
369 4.263983337244654
370 8.720835522133767
371 6.2612018639831835
372 3.986065879411168
373 4.928313909763446
374 4.564546913386411
375 4.467615701598902
376 8.310907753775558
377 10.386135445394832
378 6.278496566536339
379 4.535538482492637
380 4.12700358054005
381 4.606046071846119
382 4.120132153949767
383 3.911728420298976
384 6.032691783320146
385 4.8070983681677015
386 4.38649444845143
387 6.480315844116411
388 4.430192902934023
389 4.05725802840302
390 4.513179198303913
391 4.11395307915342
392 4.400240191569118
393 9.774328823244963
394 3.7507791469794585
395 3.52980163636206
396 4.715974938838044
397 6.004955510617566
398 4.65970436438344
399 4.029457629155211
400 4.022110713131778
401 3.478238294424411
402 4.215478983576983
403 4.226571318559022
404 4.059703452220685
405 4.113140835601626
406 3.8713114215137616
407 4.384347573395782
408 4.230207320778127
409 6.1886954126466645
410 3.459507263154236
411 4.0567149302282886
412 4.348782491718562
413 4.725216197851958
414 6.516745882998325
415 4.931486157254984
416 6.849414200785199
417 6.786363292007354
418 6.153286609872802
419 6.342164562130663
420 5.691345524988671
421 5.981983830019938
422 6.496625994922767
423 3.9761459121339877
424 5.580022429858762
425 3.436415890610673
426 4.232169228046213
427 4.458713498620598
428 4.255726217130319
429 3.519074573366329
430 4.138703286039972
431 4.032171399365652
432 3.9694475737962636
433 3.896225288794569
434 3.9771862010094297
435 3.9390388124631714
436 4.253548988356083
437 3.4879849194030017
438 4.041789503284209
439 3.8019070313102783
440 4.591415714976885
441 7.870718554433984
442 4.160399275100978
443 4.546875876032414
444 5.265390988946994
445 3.451053727483026
446 3.7167803129312427
447 6.14805964322017
448 4.862299663149315
449 3.2781687881208867
450 4.49479068237227
451 4.544253998651469
452 5.74655869669608
453 6.9068421954093075
454 5.852428601480751
455 3.9427317682353475
456 3.7536921505908314
457 4.066837138211458
458 3.824773247021909
459 3.9259578333328236
460 3.8892601324278218
461 4.051938086069267
462 4.279264685995481
463 4.05265413016451
464 4.251065591926365
465 4.1723260279121535
466 3.532536865941346
467 3.797495538856249
468 3.4356471423365225
469 3.9403013901989077
470 3.5610401617270706
471 4.634870494952222
472 6.076075618655592
473 4.336450443417091
474 3.7049635461521846
475 3.953891419416915
476 5.689767843475853
477 4.033852555975918
478 3.865108339923347
479 6.092621436466834
480 6.282066661309407
481 4.797481379639107
482 5.37201029844947
483 3.621071225259534
484 4.081622476576034
485 4.170336552449776
486 4.211194956971056
487 4.4149119395584515
488 4.66237664778201
489 3.3907754438055853
490 7.749148529554779
491 7.183280053184063
492 6.3770238447319
493 8.049829963090914
494 5.907597390674879
495 6.545975814438973
496 6.9819073253570965
497 8.738742428895105
498 9.22093116307509
499 6.491813384753951
