0 6.687981373267039
1 8.803411132262477
2 6.558384732709873
3 6.48835425577927
4 7.491214654598813
5 7.043033312845573
6 6.2165644626789796
7 5.505281967498126
8 6.902386880666631
9 6.5196299528003
10 6.251854227324528
11 7.057268424458908
12 6.809346274483705
13 5.617413758319549
14 5.808543064980701
15 6.131835992731111
16 5.785019953485858
17 7.9452475268752165
18 6.971502093532881
19 7.050225930946486
20 7.588895077265963
21 5.109341791977945
22 5.290546382855909
23 6.457240940824872
24 7.534003724967412
25 7.953047353496014
26 5.125113182649549
27 5.836385672992858
28 5.955131119550776
29 9.047334784548756
30 6.326811506751941
31 8.56199881471397
32 8.39541250651951
33 6.781458642198483
34 7.479399696746788
35 8.203342188250666
36 7.4061392770195145
37 8.729389371718092
38 8.206611157364026
39 10.991215232058204
40 10.72196211615513
41 9.825521922431006
42 9.141461215857642
43 8.06640658099542
44 11.258894906149784
45 11.338750597742324
46 9.411522321263085
47 10.013887833914055
48 10.55603410801883
49 9.882831730899984
50 8.364867389053915
51 10.586746270718779
52 6.256826877534706
53 7.887358780607508
54 6.999552817727546
55 10.618752414889155
56 8.931726779230438
57 9.326367199630814
58 9.992064681225315
59 9.14978808388481
60 9.369717169848014
61 8.652150026222133
62 10.170764997900815
63 9.565361256470345
64 8.07722905719384
65 6.662057660204079
66 8.796461827935051
67 9.337120079314047
68 7.6027184979850295
69 9.320746373006896
70 8.488899960043112
71 10.184400358843572
72 9.319894394256075
73 8.730434818216382
74 12.070769968150179
75 10.224314981328622
76 10.586157776173225
77 10.699565649634193
78 9.932086486935402
79 11.614557048732356
80 12.070592792008956
81 9.654979352873294
82 9.291786637530072
83 10.929737762188566
84 11.723662595891302
85 11.435978667630774
86 10.932934146028556
87 11.429671132926442
88 12.521485093825978
89 11.869099992255492
90 10.596917262800567
91 10.185725553839239
92 11.395459166358721
93 9.409280204556255
94 8.760329815885374
95 9.000899806186451
96 10.337235996528518
97 11.119886218081081
98 10.849100389883613
99 10.858064359575328
100 12.248529469745831
101 10.596920708388108
102 10.376223793275889
103 9.785864787631324
104 7.720405167349645
105 8.590795270888522
106 7.673609308474441
107 7.9238078724195455
108 9.039199812916987
109 9.218502211055124
110 10.8728323991573
111 7.976230266564027
112 12.863555058828025
113 9.31715501889721
114 8.701957659241955
115 12.176088085927402
116 8.948506958298735
117 9.578352524572328
118 8.538337607714437
119 10.06934844692808
120 9.370726881569546
121 8.870212676745693
122 10.403358215583431
123 11.775048668980272
124 10.36777293502343
125 12.122603107200163
126 12.169110083271596
127 11.483932990121149
128 7.183862095029387
129 11.427350918470228
130 11.099743540314481
131 11.335739180019578
132 10.305185620563485
133 11.31428117305606
134 10.926537808649506
135 11.030866354522557
136 10.74559101070078
137 11.117731507696057
138 9.710270879415267
139 10.03449618451434
140 8.474744402534803
141 9.429287689183274
142 10.785772979906469
143 8.933687661510124
144 10.942039734603117
145 10.94368933136601
146 11.338454707353712
147 10.939855671225454
148 11.498922856089122
149 8.734238145629375
150 8.297428059090388
151 9.694157975891908
152 6.997816459572615
153 9.736977714903055
154 11.176510055452754
155 10.028007891694584
156 9.755763347141569
157 9.992675272321396
158 10.47242952337233
159 8.077883749196493
160 9.336376433594344
161 9.765636257757347
162 10.064562817252021
163 10.019063116125773
164 10.032019350853771
165 9.635114881766127
166 9.790118854755214
167 9.620105964150282
168 10.238437977818267
169 9.63305014687478
170 9.503725626261748
171 10.12960969273413
172 11.463877110073643
173 11.20455776489371
174 12.261552102680326
175 12.376494163277638
176 11.47077103443644
177 11.04664610912389
178 11.088026019963225
179 9.285207227101619
180 9.828330034600793
181 9.867782521859628
182 10.067408887683664
183 9.374189220225094
184 6.750049675305982
185 11.677239105417543
186 10.179346713421973
187 9.558220700006027
188 9.847562943850592
189 10.297614605338405
190 9.475959735930415
191 9.93831592882804
192 8.842167446466634
193 9.920813743566725
194 9.308665866220533
195 10.470569465309962
196 10.504332175911983
197 9.300774554740332
198 12.208532760655732
199 11.304807812942464
200 11.307655952045295
201 9.989558679601291
202 10.52396208051088
203 9.378127466249575
204 11.88442158288031
205 12.022699369675111
206 12.054921068740315
207 9.480472871526118
208 8.908529210746824
209 9.568626200307499
210 9.925796048432305
211 10.095000462669738
212 8.997363661855243
213 9.16823338130557
214 10.421807385077223
215 10.034811551616894
216 10.542115995998289
217 10.044795046157397
218 9.706835839943778
219 9.646013588589565
220 9.76251088366956
221 9.737401678727956
222 10.27674345131158
223 10.848390405905189
224 9.964942840848572
225 9.414137405273284
226 11.936161060446478
227 11.636200484885839
228 11.825592690849543
229 11.62767956426142
230 12.748710139325748
231 12.14270818538165
232 11.400271849938708
233 12.271502568927792
234 11.792456657574263
235 11.912798373919774
236 11.52087577271635
237 11.668505389837446
238 11.685848207774962
239 12.196900521386887
240 11.360022214564088
241 7.858632569847911
242 10.51755330054101
243 10.629763262984056
244 9.198917404796958
245 9.668867159030457
246 9.815612913873446
247 9.554675384191704
248 8.429428544402873
249 8.793075070157302
250 8.963877832178733
251 8.09724581757697
252 8.418649437382935
253 9.709181379278766
254 7.857312475605899
255 8.391762281138504
256 9.234193944121582
257 7.953194082564071
258 10.00245924349416
259 12.004967601754107
260 11.724571649934573
261 10.420897889062376
262 9.588894555223726
263 9.389133319252087
264 12.252296536548066
265 9.869059514257025
266 9.461216059574014
267 9.720956793638425
268 10.620500042850233
269 10.4704271200256
270 8.97814127297482
271 10.624697916127694
272 9.066498420832426
273 8.216269182835463
274 8.873328738272306
275 9.902159740320265
276 8.935346727813853
277 8.366425220501618
278 8.021910090781134
279 10.372804482257436
280 11.021874398242772
281 10.442242722203737
282 9.86626263214278
283 9.781780552577551
284 11.105413936435733
285 9.199103251585726
286 10.818613224888468
287 8.102919517447988
288 8.48833937706189
289 8.185756697171655
290 8.153706337793185
291 10.923932798441099
292 8.058179118077453
293 7.75697938951364
294 9.5757688129135
295 9.231062217220375
296 8.347530700746722
297 7.564466804578453
298 7.14354518585041
299 9.453737323828452
300 8.93872065025118
301 10.925524850686855
302 9.930282388203281
303 10.15713650723021
304 10.34190287796891
305 11.1002895567593
306 11.401700866316132
307 12.261002953473675
308 10.675153707862364
309 11.277073363379358
310 11.610367318874586
311 8.240033987673762
312 9.431208420192348
313 8.25761463133205
314 10.005557149732642
315 10.026377661941694
316 9.207099537882074
317 7.09333554077148
318 10.394769303428122
319 12.42245080353707
320 12.26097800206863
321 10.341786633954525
322 11.562037035965925
323 11.90776871571865
324 8.754317732271517
325 10.008490471803293
326 9.592096522814554
327 9.443893359002432
328 11.194179095364898
329 11.808643981296841
330 8.729663862966254
331 11.764983297751549
332 10.766810185520606
333 10.248795201024405
334 9.538259078225575
335 9.01299586971926
336 10.75661484245156
337 10.159477325229691
338 9.833541896494266
339 8.799082768312898
340 7.475893201790488
341 8.2274977617407
342 7.372938848136926
343 8.175147708884182
344 9.841203275811218
345 11.080223280867898
346 8.842343544792
347 9.290025092512424
348 9.698718312404074
349 10.355575975110188
350 7.549479120441391
351 10.053596035502522
352 10.638804054468212
353 8.242528931500155
354 9.776886105101013
355 10.194204764400554
356 8.481908557122095
357 11.303394976407228
358 12.216372973633574
359 10.549683922013088
360 10.160819342192509
361 8.638379104032483
362 10.218273412111754
363 7.7627842871676
364 7.301374109117833
365 9.574236968577976
366 7.652637242804753
367 7.339975007329111
368 9.285974941077178
369 7.950640610102004
370 9.886541804960187
371 6.9843419566193665
372 8.410497105921568
373 11.100783345788876
374 10.776812985156676
375 9.86230769462737
376 8.910268946542695
377 9.217584986428928
378 8.062464569187936
379 10.274737244125125
380 8.877421971802015
381 9.655405696373755
382 10.15037553972163
383 9.818012218096984
384 8.632939763767508
385 7.35126136456772
386 7.48401884403506
387 7.610922724312762
388 9.37048420300112
389 9.904668710388258
390 11.47861559595001
391 10.734471778088405
392 9.928702309491646
393 9.69294258885358
394 8.944412753359899
395 9.528703498534226
396 9.406394515155869
397 8.109930470210603
398 8.014222980966661
399 6.839833644297219
400 11.334000109175427
401 11.477466847387872
402 11.318589554621227
403 11.981806856337412
404 12.582408576247436
405 7.006358421109471
406 7.177752776226203
407 9.750263838443374
408 8.56688069586825
409 9.544758420319438
410 11.204280864574073
411 11.654890967486955
412 11.353190140930659
413 9.522008195871207
414 11.696228086344863
415 7.9236592999922415
416 8.540438401573933
417 7.182441284719337
418 7.503554821417245
419 9.425977996357133
420 8.303881617756964
421 8.624658045740755
422 7.1216494311522345
423 7.8664819770417145
424 9.635474001469236
425 8.080262865782348
426 7.103206438056111
427 6.905872725639223
428 10.279124024260488
429 7.774801954544242
430 9.99723168335497
431 9.496314377452398
432 8.467445885042343
433 5.434889234267198
434 7.30204683526789
435 7.87940336038311
436 6.457294409282475
437 7.632192450202354
438 10.516354750996236
439 11.30255044411568
440 9.918348419119418
441 9.326388174269884
442 9.86442947310793
443 8.731836922740857
444 8.188987908948057
445 9.07952867125076
446 7.541362880968468
447 5.775716123690938
448 7.733578684198272
449 7.511955141710206
450 4.959923868000574
451 5.575563291209359
452 7.026408938887533
453 3.987765022734084
454 3.966134834407712
455 3.284483113900922
456 7.584142886360999
457 6.9015985361213925
458 7.301460606621304
459 6.113461637600754
460 7.030935311374474
461 6.6924254322339225
462 6.918436336731518
463 7.680952300778593
464 7.062268942179917
465 6.1019715298309745
466 4.0035601232881675
467 3.846394066755914
468 3.6045040047160186
469 3.8728157317073952
470 3.778466489888985
471 6.487929700799155
472 4.218914568680672
473 3.8345205979451236
474 3.7766333176367466
475 3.666680896725062
476 3.776639938478395
477 3.8950300215650024
478 3.696622538598038
479 3.7013311754745457
480 7.601345733825991
481 3.830179276120377
482 3.8215149592480695
483 3.7710697073239556
484 3.8654108574582393
485 7.094663764075137
486 5.362476352505832
487 7.062717139140075
488 7.059599989916178
489 5.575995803464251
490 4.999607658075094
491 6.3385171041232145
492 6.162418947049666
493 6.643579159201375
494 7.2070452795066196
495 8.160297869584365
496 7.515123562979663
497 6.667126376422052
498 5.780593038459186
499 3.8920250892293535
