#Frame    total[bond] total[angle]   total[dih] total[vdw14] total[elec14]   total[vdw]  total[elec] total[total]
       1     526.0058    1279.6852    2087.5867     602.5866     7974.2686   -1354.7707  -10342.4052     772.9569
       2     507.9987    1217.2950    2090.3536     608.0963     8050.6851   -1361.7091  -10432.3953     680.3243
       3     508.1793    1248.2375    2068.9683     619.7433     7994.2408   -1320.8981  -10309.7187     808.7524
       4     506.1646    1238.8926    2056.3501     612.2537     8000.6532   -1314.0693  -10342.3655     757.8793
       5     536.4557    1267.1978    2066.3989     596.9289     7976.3756   -1329.1335  -10268.4076     845.8158
       6     529.9305    1277.5386    2054.3059     596.9283     7972.1051   -1344.3901  -10330.3663     756.0520
       7     550.1138    1209.7994    2091.4675     599.9646     8018.9948   -1317.9261  -10388.6144     763.7995
       8     534.6621    1269.2960    2070.7326     619.3018     7962.6767   -1348.7279  -10334.8740     773.0674
       9     526.8022    1281.3932    2080.4584     622.2774     7999.8385   -1336.8918  -10362.1360     811.7418
      10     519.2449    1270.8361    2070.4024     597.9383     7974.1526   -1322.5067  -10372.2089     737.8587
      11     554.4276    1217.1817    2061.8378     588.4656     7990.0504   -1344.3547  -10338.1681     729.4402
      12     511.4866    1272.0828    2076.9877     626.0588     8009.2646   -1328.7524  -10337.9900     829.1380
      13     522.7549    1242.2855    2074.5334     618.2063     8022.8876   -1370.8905  -10333.6258     776.1514
      14     485.6971    1221.8245    2085.7074     606.6349     8010.6155   -1343.1499  -10343.2470     724.0825
      15     508.5328    1231.8065    2097.3355     612.3489     8027.2220   -1339.2704  -10354.2028     783.7725
      16     536.1868    1258.6518    2056.3408     606.1903     7950.5421   -1340.6782  -10358.4100     708.8236
      17     535.1583    1252.5211    2069.6062     596.0035     8042.0393   -1301.0802  -10401.3207     792.9276
      18     519.5532    1208.0912    2084.6571     591.6238     7992.6479   -1327.0096  -10119.7669     949.7967
      19     518.2431    1230.5287    2097.0909     589.0258     8026.5809   -1337.2677  -10324.6929     799.5089
      20     518.5426    1274.2949    2063.6324     604.6710     7991.3687   -1347.7252  -10255.9322     848.8521
      21     531.0289    1265.7137    2082.7015     600.8257     7964.0708   -1365.0456  -10252.0858     827.2092
      22     506.4891    1232.6851    2071.8840     616.6498     8025.2845   -1322.7449  -10290.5171     839.7305
      23     502.3157    1252.3215    2094.6276     596.6815     7967.5932   -1334.3044  -10278.1703     801.0648
      24     531.0303    1274.1686    2064.0456     598.8237     7963.3269   -1341.5790  -10237.0310     852.7851
      25     499.5405    1246.6992    2081.9287     603.2378     7990.0446   -1355.0655  -10173.6240     892.7612
      26     579.0308    1238.8838    2099.5939     602.8248     8024.4916   -1339.5429  -10288.7810     916.5011
      27     559.4426    1228.7956    2067.4320     628.9362     8038.4692   -1330.9555  -10391.3087     800.8114
      28     520.8620    1224.2506    2115.6300     615.5753     8021.2398   -1323.7633  -10521.8206     651.9738
      29     532.1442    1254.2759    2059.1927     610.4028     8057.2374   -1361.9152  -10401.4841     749.8538
      30     525.3369    1293.6410    2073.5052     597.7007     7987.0227   -1326.4617  -10291.7212     859.0236
      31     491.1709    1226.4552    2085.1014     613.4585     8005.8394   -1304.7115  -10339.4339     777.8800
      32     503.0173    1246.9388    2098.3054     615.5694     8040.3900   -1360.1882  -10448.7485     695.2842
      33     525.0093    1254.7371    2057.1298     607.6539     7928.4062   -1355.6510  -10301.7253     715.5601
      34     537.9258    1302.5944    2060.7184     593.6495     7906.5893   -1343.7130  -10314.0536     743.7110
      35     503.0758    1276.0921    2044.9253     590.5874     8004.1315   -1333.4144  -10418.8178     666.5800
      36     501.4034    1230.6675    2048.3336     620.5658     7997.2062   -1348.4481  -10397.2936     652.4348
      37     522.9246    1260.7508    2062.4610     597.4166     8003.5441   -1330.4370  -10437.1762     679.4838
      38     519.4095    1249.6962    2059.9053     587.7153     7926.1936   -1325.2871  -10337.1704     680.4624
      39     544.7776    1246.2306    2069.3997     606.1237     7947.1520   -1348.0210  -10364.2085     701.4542
      40     508.3258    1265.2584    2049.8056     598.6570     7931.6305   -1338.5360  -10393.7969     621.3443
      41     521.6489    1237.5170    2041.9278     616.4058     7976.0822   -1310.9682  -10303.8421     778.7713
      42     533.0707    1311.5744    2065.6105     590.6526     7957.2906   -1339.4134  -10344.3508     774.4346
      43     527.9271    1227.2791    2054.8001     620.3882     7980.1560   -1344.7668  -10289.8088     775.9749
      44     521.7879    1258.9375    2057.5147     604.6964     7947.9490   -1335.7000  -10353.6815     701.5040
      45     512.3924    1265.5167    2069.4769     595.4731     7953.8926   -1318.8048  -10230.7449     847.2020
      46     520.8315    1278.6107    2077.5192     622.3582     7988.4540   -1338.8174  -10360.9969     787.9592
      47     575.3781    1222.1890    2060.8604     596.1302     7966.0953   -1319.6584  -10322.1289     778.8657
      48     514.5097    1193.4985    2070.3947     609.2416     8025.7728   -1295.9663  -10378.8211     738.6298
      49     515.3997    1215.4572    2047.0488     604.4477     7994.6026   -1337.7793  -10366.5194     672.6572
      50     509.9552    1192.6864    2090.2162     586.2580     7961.0096   -1338.1646  -10248.9842     752.9766
      51     533.9886    1231.0907    2111.1175     601.4998     7955.9856   -1338.1823  -10291.4039     804.0960
      52     516.9799    1253.5289    2063.1067     594.4047     7956.5405   -1343.7717  -10364.1912     676.5979
      53     501.8420    1228.9986    2067.0059     597.9226     7992.0536   -1311.4253  -10429.6071     646.7902
      54     521.2265    1241.1821    2065.6436     600.3247     7940.1211   -1322.2770  -10137.6642     908.5567
      55     493.1800    1251.1669    2101.4384     607.9466     7960.3139   -1351.3390  -10162.7159     899.9910
      56     523.0364    1269.1966    2058.1196     597.7341     7944.9379   -1352.7678  -10216.4092     823.8475
      57     501.5967    1293.1799    2070.9549     599.8778     7978.2889   -1326.0456  -10257.2541     860.5986
      58     518.3592    1233.0679    2102.1732     609.7910     8011.1240   -1353.3844  -10414.2885     706.8422
      59     498.5611    1275.1140    2056.2478     600.6228     8026.7813   -1342.3216  -10340.4449     774.5605
      60     540.6914    1258.5790    2080.7881     609.7962     7983.4909   -1326.1467  -10363.3455     783.8534
      61     534.7278    1241.7250    2038.3027     601.6629     8013.8141   -1313.7327  -10364.0912     752.4087
      62     498.0836    1259.3104    2086.5715     612.2247     7993.4701   -1340.4743  -10428.8927     680.2933
      63     496.8089    1240.0972    2078.5782     604.1967     7980.5295   -1342.9172  -10322.2228     735.0703
      64     516.4348    1255.4538    2058.7415     613.7689     7997.5448   -1322.9554  -10364.8517     754.1366
      65     499.8761    1205.6129    2068.8879     614.2461     8025.1036   -1350.6684  -10403.5347     659.5235
      66     524.8650    1264.1495    2067.9126     618.9923     8001.5546   -1330.0061  -10409.9487     737.5192
      67     524.3951    1224.9229    2071.2709     600.1241     8013.5329   -1316.3732  -10366.6257     751.2469
      68     506.1225    1226.0592    2065.3130     594.0400     7990.2901   -1358.5882  -10316.1480     707.0885
      69     497.3570    1232.8468    2074.7320     594.0543     7997.9703   -1317.6573  -10374.5523     704.7507
      70     517.8521    1279.0917    2063.0752     596.6121     8021.3134   -1337.8232  -10357.4111     782.7101
      71     522.1342    1235.6658    2071.8632     612.7030     8011.2656   -1338.5463  -10446.8914     668.1941
      72     526.1802    1218.1119    2076.9379     599.6242     7998.5460   -1335.7883  -10360.4479     723.1641
      73     539.7185    1249.9193    2075.8954     602.1732     7943.8739   -1348.0616  -10349.9844     713.5343
      74     514.0184    1260.5615    2074.7476     597.6453     7967.3748   -1324.3068  -10358.7887     731.2521
      75     479.2215    1269.4715    2052.8776     599.5433     7953.6652   -1349.3820  -10305.5133     699.8837
      76     523.8897    1267.5472    2046.4371     590.2017     7984.1517   -1334.6467  -10230.2781     847.3026
      77     501.0644    1260.8233    2042.0475     592.6854     7945.1490   -1356.0801  -10239.6667     746.0229
      78     525.3992    1248.2280    2073.2880     606.3069     8038.3910   -1342.6942  -10387.6968     761.2221
      79     549.3097    1227.0944    2051.6809     604.3452     7972.7887   -1342.7807  -10331.6984     730.7397
      80     540.4794    1259.2707    2104.8235     613.6173     7980.1867   -1340.9256  -10434.5700     722.8820
      81     491.5327    1283.6574    2042.5387     603.8722     8016.5400   -1346.9285  -10379.4984     711.7140
      82     502.8809    1284.7713    2067.0747     612.8903     8022.2079   -1323.1924  -10366.9420     799.6907
      83     511.3497    1255.8885    2088.0593     602.7323     8069.1607   -1333.0043  -10453.0847     741.1014
      84     509.1253    1291.0823    2079.9992     607.6523     8007.4868   -1328.6315  -10313.8558     852.8586
      85     541.9524    1233.3359    2047.4131     600.1331     8003.8708   -1323.2745  -10340.9679     762.4630
      86     513.1948    1285.1284    2080.8562     607.8150     8008.6906   -1332.3487  -10302.9264     860.4099
      87     504.1975    1305.7670    2091.4441     602.3580     8021.4665   -1339.0884  -10414.8907     771.2540
      88     527.5491    1251.0887    2118.0367     606.3685     8044.1273   -1351.2423  -10432.9111     763.0169
      89     480.3590    1234.8640    2084.7076     626.2022     8050.8852   -1347.6005  -10507.6389     621.7786
      90     522.1793    1250.0510    2063.1710     610.9516     8052.6435   -1312.3577  -10522.5168     664.1219
      91     533.0085    1223.8343    2069.1678     584.0885     7995.8395   -1350.8541  -10332.8272     722.2573
      92     523.1770    1233.7762    2059.6822     605.5502     8021.3879   -1333.8430  -10449.1170     660.6135
      93     534.0428    1247.7198    2080.2436     610.9683     8021.0123   -1351.3521  -10350.6948     791.9399
      94     569.3857    1246.3068    2053.2710     594.0737     8009.7892   -1367.6186  -10421.0494     684.1584
      95     530.6983    1290.8459    2069.7904     609.6006     7990.4392   -1346.0406  -10456.5403     688.7935
      96     510.5142    1239.8654    2092.4561     617.3223     8030.0086   -1318.0807  -10632.6827     539.4033
      97     529.2045    1230.7334    2102.8225     598.7234     8024.1086   -1363.0746  -10425.4955     697.0223
      98     520.3078    1263.8723    2084.6877     615.0636     7983.6530   -1334.0636  -10545.4337     588.0870
      99     544.5760    1192.8427    2077.1496     620.1276     8015.5664   -1341.5257  -10477.7843     630.9522
     100     528.7679    1235.4758    2102.0688     617.8257     8005.6188   -1341.3430  -10408.2338     740.1802
     101     501.6672    1227.0192    2067.1072     594.8569     8039.1134   -1338.7193  -10470.3584     620.6863
     102     489.8460    1208.8369    2094.0043     609.9454     8031.9767   -1350.2721  -10488.1560     596.1812
     103     547.9185    1256.7279    2101.6088     589.1150     7987.2544   -1359.7662  -10550.7260     572.1324
     104     546.3057    1276.7252    2084.9955     588.0412     7977.6958   -1355.0778  -10377.9936     740.6919
     105     522.3390    1252.5373    2042.7424     612.8502     8009.5501   -1343.0830  -10471.9028     625.0334
     106     505.5558    1206.1859    2088.9375     611.8947     8041.0652   -1368.1140  -10482.7131     602.8119
     107     503.8836    1263.3254    2042.4889     619.5910     7959.0557   -1358.0573  -10246.3575     783.9298
     108     512.8763    1250.3486    2053.5797     613.9903     7945.0525   -1343.1024  -10364.2692     668.4757
     109     504.6426    1242.8013    2058.7362     609.1197     7924.3357   -1357.5289  -10253.4305     728.6761
     110     523.1616    1285.5657    2052.2855     594.9942     7922.6590   -1351.4073  -10326.0517     701.2070
     111     508.9167    1230.0859    2066.3339     595.5439     7922.6671   -1329.3135  -10344.0961     650.1379
     112     492.9320    1244.5479    2079.0340     617.2132     7929.0863   -1312.8465  -10372.0025     677.9643
     113     540.0064    1289.3387    2046.1875     595.2176     7913.7039   -1315.5481  -10326.8445     742.0616
     114     498.9622    1281.5107    2078.9404     604.3399     7976.6649   -1359.9863  -10292.7352     787.6967
     115     555.4223    1296.7717    2064.0535     616.5165     7947.9462   -1341.9335  -10452.0243     686.7524
     116     522.4861    1248.1483    2062.4664     601.4897     7943.7829   -1347.5130  -10428.6980     602.1624
     117     507.4994    1277.7768    2083.4803     608.0603     7958.7159   -1322.3920  -10426.1706     686.9703
     118     534.7751    1210.3345    2086.0448     615.4388     8002.5164   -1341.2921  -10418.4820     689.3355
     119     490.5864    1267.2418    2090.3915     601.5376     7986.8700   -1332.8513  -10411.1496     692.6264
     120     511.3158    1327.7579    2073.5166     598.2173     7912.3471   -1367.2402  -10408.2968     647.6177
     121     520.9437    1234.4280    2077.3009     608.9628     8003.9470   -1330.3057  -10500.1265     615.1502
     122     549.1737    1260.0763    2067.2852     610.9849     8000.6886   -1356.7744  -10425.9351     705.4992
     123     568.9698    1257.0223    2068.4728     591.6128     7969.1302   -1341.9565  -10433.9793     679.2721
     124     528.5089    1239.6325    2053.8244     612.1524     7990.5702   -1314.7821  -10282.4913     827.4150
     125     514.5255    1260.0074    2074.2199     616.6191     7950.3207   -1327.0301  -10358.0448     730.6176
     126     496.2513    1229.1400    2060.3661     624.7400     7981.8522   -1324.6183  -10514.3348     553.3965
     127     551.8083    1220.2954    2069.8367     600.2908     7968.0431   -1346.9705  -10365.5509     697.7529
     128     548.1870    1260.0866    2083.8881     602.4866     7942.3727   -1341.2813  -10194.1122     901.6275
     129     471.0203    1287.7096    2056.2730     607.7825     7994.1935   -1342.1733  -10359.9860     714.8196
     130     489.0046    1259.8539    2048.8725     614.6973     7986.5895   -1330.2296  -10312.1736     756.6146
     131     542.9963    1232.3954    2057.1903     610.2536     7933.3071   -1349.2876  -10281.7669     745.0883
     132     524.9705    1309.1661    2080.4189     603.8128     7985.8977   -1359.8804  -10375.8656     768.5199
     133     521.2137    1206.8765    2057.0271     615.2466     7971.7478   -1347.1829  -10337.7458     687.1830
     134     508.0747    1223.2937    2048.2958     603.5014     7983.6224   -1329.4304  -10357.7240     679.6336
     135     519.0102    1281.7974    2098.2314     600.8630     7949.5404   -1346.4756  -10365.6886     737.2782
     136     517.1616    1254.7287    2094.3871     614.8057     7938.0844   -1308.3283  -10353.0856     757.7535
     137     504.3304    1230.4321    2043.7252     598.5364     7943.7969   -1335.4462  -10161.3952     823.9795
     138     518.9381    1247.9789    2081.1509     600.3991     7951.5255   -1348.9286  -10208.1958     842.8681
     139     505.7217    1252.5449    2065.5300     615.9638     7933.0810   -1315.2040  -10394.3530     663.2845
     140     520.4616    1251.9347    2054.0535     605.2476     7966.4528   -1353.5131  -10379.9355     664.7015
     141     519.6759    1224.4506    2061.6322     598.5744     8016.3497   -1328.2533  -10352.2497     740.1799
     142     493.5447    1208.4748    2058.8463     598.1254     8017.8928   -1338.2933  -10317.0649     721.5258
     143     551.9110    1302.9593    2068.5139     591.0411     7983.6202   -1335.0015  -10308.9101     854.1339
     144     530.5729    1270.3845    2079.3029     592.8731     7993.1215   -1331.9219  -10327.8732     806.4597
     145     506.3539    1272.7882    2057.6024     590.5182     7931.0544   -1341.2867  -10294.4815     722.5489
     146     524.7007    1225.2056    2079.0720     603.2162     7950.4442   -1331.7251  -10346.1107     704.8029
     147     516.8985    1261.1385    2041.1039     606.2767     7924.7847   -1370.7460  -10332.9000     646.5561
     148     520.3328    1253.9337    2081.1194     594.9692     7934.4277   -1343.7976  -10289.2227     751.7625
     149     509.7624    1233.0053    2088.7485     603.6724     7983.2393   -1333.4002  -10451.5602     633.4676
     150     545.9042    1226.3057    2057.6081     589.3755     7929.6109   -1334.2593  -10322.7623     691.7828
     151     514.8143    1262.6830    2061.1365     601.9167     7923.4784   -1306.9052  -10312.0718     745.0519
     152     515.9718    1232.8817    2118.7209     595.5619     7957.5387   -1354.6938  -10377.1920     688.7892
     153     534.9747    1227.8955    2106.2140     600.2184     7989.4232   -1347.7569  -10452.7223     658.2465
     154     494.2928    1229.5152    2081.0003     604.0518     7968.5486   -1333.4856  -10323.6932     720.2299
     155     510.8746    1281.5081    2048.5854     604.5149     7932.7162   -1361.0226  -10227.4690     789.7075
     156     501.5889    1237.7341    2096.1146     602.8975     7952.6459   -1331.3468  -10390.0814     669.5526
     157     516.6762    1264.9543    2076.3563     602.2228     7932.8072   -1316.2758  -10341.9312     734.8098
     158     535.5917    1238.4790    2084.6417     609.5606     7973.9591   -1333.5514  -10232.2824     876.3982
     159     526.4578    1237.7639    2083.3390     605.4006     7984.4553   -1333.8450  -10387.2059     716.3657
     160     509.2066    1211.7666    2086.4926     617.1972     7956.1618   -1338.1170  -10375.5084     667.1994
     161     555.5801    1247.9080    2075.7519     596.4553     8014.6896   -1342.0431  -10342.1244     806.2174
     162     494.9419    1281.2959    2074.9737     611.8208     8001.5169   -1348.8914  -10425.4435     690.2143
     163     505.9302    1276.8419    2061.1342     609.1612     7982.8340   -1331.5914  -10433.3295     670.9805
     164     488.9087    1258.2609    2070.8196     595.8066     7944.0970   -1341.8701  -10347.6863     668.3366
     165     538.9173    1287.4731    2076.7433     616.6992     7944.9136   -1341.4649  -10295.0707     828.2108
     166     515.3902    1229.7677    2112.3704     599.1180     7957.7149   -1355.5802  -10326.8673     731.9137
     167     521.2635    1293.7038    2055.7655     608.0236     7975.8806   -1344.1570  -10394.5753     715.9046
     168     499.9555    1235.3962    2087.9347     602.9725     7938.6367   -1330.8270  -10299.9213     734.1472
     169     552.9525    1238.7557    2098.9929     588.0307     7949.9033   -1336.7658  -10304.5210     787.3483
     170     518.3419    1302.9062    2054.0235     595.0272     7952.4538   -1344.9256  -10302.0200     775.8071
     171     525.3032    1282.3665    2083.1223     599.1257     7956.2167   -1318.8979  -10365.8077     761.4288
     172     509.9624    1251.9651    2039.7389     603.3206     7981.4540   -1339.3106  -10299.2237     747.9067
     173     508.3582    1294.0597    2079.5842     609.3133     7943.2457   -1334.0603  -10332.0708     768.4301
     174     527.4286    1232.0266    2053.5692     627.3272     7991.3451   -1341.2118  -10239.5259     850.9589
     175     537.8535    1211.8253    2052.0836     608.4740     7909.0405   -1358.2120  -10204.7928     756.2721
     176     523.8075    1291.6621    2055.7988     591.3465     7944.5185   -1331.9908  -10250.6900     824.4526
     177     501.5912    1212.4051    2073.3234     611.4890     7992.8342   -1313.4503  -10253.3508     824.8417
     178     560.5364    1231.0286    2066.3309     608.7109     7920.8124   -1320.4004  -10274.1003     792.9184
     179     505.1776    1269.7877    2081.6367     622.1795     7936.7595   -1360.4950  -10235.5831     819.4629
     180     519.9867    1224.4631    2069.2686     612.5197     7961.7526   -1322.6358  -10384.2433     681.1115
     181     525.5770    1203.9341    2063.8362     615.9678     7980.1651   -1328.1840  -10400.4657     660.8303
     182     525.2985    1259.3157    2081.6995     619.7235     7960.1931   -1341.1972  -10260.1444     844.8887
     183     522.8892    1232.3292    2082.2786     614.5826     7977.3261   -1357.6004  -10345.9294     725.8759
     184     518.9052    1311.9107    2107.4129     597.9385     7944.9276   -1360.9942  -10372.3951     747.7055
     185     508.9938    1256.1459    2084.2399     606.6022     7970.7977   -1353.4902  -10344.5204     728.7690
     186     545.3148    1217.8387    2098.0744     608.3133     8026.4357   -1355.3913  -10454.0661     686.5196
     187     543.6724    1276.3640    2113.7641     590.4208     7952.8720   -1336.8253  -10359.8159     780.4520
     188     541.8708    1259.4040    2085.6788     617.2092     8010.7101   -1340.4489  -10320.9035     853.5205
     189     541.3732    1258.9816    2088.9215     597.5106     8006.7879   -1361.8387  -10397.8719     733.8642
     190     491.2793    1247.1585    2074.7984     611.0360     7963.2545   -1329.3268  -10372.6483     685.5517
     191     542.5817    1213.7138    2065.7641     629.2903     7984.8173   -1353.6622  -10295.0171     787.4879
     192     492.7538    1250.9607    2111.6579     609.7126     7982.1471   -1337.6080  -10251.9155     857.7085
     193     529.3227    1234.1033    2082.0805     608.4051     7984.9783   -1345.3052  -10257.4655     836.1192
     194     508.9676    1269.5117    2075.6995     602.3194     7979.2836   -1351.6694  -10248.2476     835.8648
     195     511.1594    1257.1664    2054.2908     615.8239     7989.8741   -1341.2862  -10450.3858     636.6426
     196     517.6535    1277.8202    2074.0208     615.4233     8020.3035   -1360.8778  -10420.0094     724.3340
     197     507.6767    1272.0979    2081.6283     602.8516     7969.3108   -1336.5647  -10464.5963     632.4042
     198     513.7315    1291.7980    2072.8421     582.8478     7941.8041   -1304.0698  -10485.1388     613.8150
     199     498.9631    1283.2965    2065.4470     605.3084     7976.5726   -1357.1798  -10385.5936     686.8142
     200     505.5010    1283.6725    2079.9125     590.2343     7985.1284   -1316.9352  -10479.6228     647.8907
     201     550.3563    1275.5796    2088.8176     603.6726     7958.0232   -1348.7826  -10327.4222     800.2445
     202     514.2615    1247.3321    2039.5182     602.9884     7944.6348   -1326.5253  -10255.8740     766.3358
     203     543.5867    1222.3187    2071.6997     590.5881     7945.0390   -1352.2203  -10395.2994     625.7125
     204     528.2469    1258.3686    2098.5177     588.2788     8026.2109   -1335.3896  -10388.1497     776.0836
     205     549.2981    1217.5796    2081.8302     591.9659     8044.1051   -1324.4602  -10485.5737     674.7450
     206     511.8361    1256.1102    2084.7056     594.3539     7993.6660   -1333.2495  -10388.5838     718.8385
     207     523.3913    1259.6667    2122.4548     587.7820     7995.6952   -1351.6460  -10458.7315     678.6125
     208     531.0182    1214.9725    2081.4105     605.6397     8032.5080   -1349.2547  -10407.8163     708.4780
     209     519.7114    1312.5516    2056.0884     577.8897     7921.8366   -1337.6234  -10299.7457     750.7085
     210     532.8356    1194.0554    2089.9402     601.5688     7975.7315   -1320.2822  -10319.4645     754.3847
     211     513.9037    1254.6141    2085.8151     618.5174     7993.6380   -1324.3941  -10446.6589     695.4353
     212     559.9688    1250.0144    2111.2124     604.3246     7997.8949   -1332.3376  -10514.0896     676.9880
     213     511.0676    1231.1277    2077.6366     614.6037     8005.8288   -1337.8158  -10442.3865     660.0621
     214     562.5400    1276.3704    2100.7197     597.4395     8008.0798   -1348.2000  -10525.0572     671.8921
     215     516.6622    1226.0544    2099.7569     616.2119     8017.1427   -1369.1047  -10439.1104     667.6131
     216     520.6621    1225.6310    2123.8135     609.5277     8069.8275   -1345.0354  -10549.0926     655.3338
     217     479.6506    1263.2995    2073.7621     603.7209     7989.3848   -1383.9166  -10589.4564     436.4449
     218     520.0359    1263.5457    2088.5541     621.9703     8058.8638   -1344.7307  -10444.2238     764.0154
     219     517.1717    1290.4227    2098.1158     605.6254     8063.0023   -1336.0038  -10498.7744     739.5596
     220     511.4279    1312.0003    2087.1169     625.1701     7993.8868   -1350.0678  -10507.3629     672.1713
     221     536.9413    1247.8848    2067.6542     610.8511     7965.5822   -1342.2944  -10446.1865     640.4326
     222     515.8474    1264.1657    2090.2716     578.4427     8018.1117   -1384.2783  -10519.3264     563.2344
     223     491.3943    1254.1294    2090.6676     588.1955     7980.7651   -1374.5235  -10463.2237     567.4047
     224     494.8221    1253.0120    2051.3377     588.3517     8019.3449   -1356.2543  -10388.0689     662.5452
     225     563.8623    1248.6465    2113.1583     596.1253     8021.4791   -1376.2418  -10250.3767     916.6529
     226     522.5219    1292.8015    2104.7069     603.8697     7979.4578   -1400.4520  -10260.6383     842.2676
     227     533.4452    1248.8352    2091.5677     615.2637     7996.9942   -1346.1156  -10280.4613     859.5292
     228     526.5840    1292.6803    2106.8459     586.5137     7987.1558   -1353.9593  -10352.2155     793.6049
     229     511.1908    1242.6153    2049.1068     618.9923     7995.3373   -1340.4763  -10293.5986     783.1675
     230     536.1294    1287.0401    2077.5359     591.8440     7996.7455   -1350.6083  -10426.8367     711.8500
     231     529.7274    1244.4108    2048.2517     598.4013     7994.4976   -1346.6022  -10353.0931     715.5936
     232     508.8688    1256.2506    2079.1269     614.5185     7999.9467   -1394.2657  -10345.4287     719.0172
     233     510.5535    1216.8990    2037.3457     612.5193     7978.8957   -1349.9694  -10311.0618     695.1820
     234     575.1986    1280.1460    2091.3741     588.8496     8022.7130   -1375.4473  -10364.7399     818.0941
     235     527.7719    1231.0482    2091.4361     604.4477     8066.0352   -1346.1992  -10521.0128     653.5271
     236     568.8906    1283.3831    2055.3822     586.0285     7980.4139   -1372.2468  -10370.4298     731.4218
     237     538.9754    1182.8767    2098.2459     604.3872     7999.4218   -1353.2214  -10469.2319     601.4537
     238     501.1800    1275.6869    2093.4701     616.4583     7992.8617   -1367.1717  -10528.3440     584.1413
     239     553.4904    1236.1835    2102.8188     588.5127     8019.3941   -1357.8153  -10674.5861     467.9982
     240     530.9175    1211.2527    2083.7627     597.0305     8042.3246   -1368.4533  -10606.4117     490.4229
     241     502.3123    1246.6971    2067.7132     611.4834     8055.4434   -1353.5390  -10540.2872     589.8231
     242     553.1380    1231.3230    2104.1035     592.6295     7952.8829   -1317.4962  -10405.3574     711.2232
     243     504.3549    1303.5380    2083.5790     605.6723     7969.9648   -1320.3109  -10530.7822     616.0160
     244     545.3968    1229.6820    2084.5232     570.6636     7990.0193   -1377.0451  -10456.9447     586.2949
     245     523.4043    1252.9066    2074.4820     608.0882     8055.0504   -1373.8083  -10525.2721     614.8512
     246     531.5083    1282.0240    2071.1865     611.9863     7980.5381   -1350.4750  -10594.1268     532.6413
     247     500.1880    1260.5886    2092.4839     609.7212     8049.1672   -1312.7826  -10592.5260     606.8403
     248     515.0118    1265.3351    2091.2929     617.7871     7970.2033   -1355.9235  -10448.2646     655.4421
     249     526.1620    1309.7647    2080.3305     596.3439     8010.9206   -1369.3699  -10491.1334     663.0182
     250     536.5392    1269.8739    2091.2672     585.9927     7970.6309   -1364.9250  -10426.1507     663.2281
     251     527.9251    1260.1003    2096.1833     601.3744     8045.5753   -1360.8384  -10576.7304     593.5895
     252     510.8114    1278.7213    2061.4666     598.4028     8014.0799   -1351.2028  -10535.1014     577.1778
     253     524.7868    1220.8771    2093.0949     601.1677     8009.9836   -1377.7687  -10569.1241     503.0174
     254     533.5599    1245.3082    2087.3343     592.6591     8009.2693   -1334.3073  -10536.3097     597.5137
     255     533.0647    1225.2218    2097.9568     612.4372     8013.7078   -1360.4309  -10534.2415     587.7159
     256     507.9778    1212.5503    2080.3594     606.2840     8016.9952   -1348.2678  -10551.3610     524.5379
     257     541.8471    1203.7606    2077.8942     607.4327     8006.1683   -1336.6219  -10444.9408     655.5402
     258     513.8245    1276.4944    2124.6820     589.5976     8023.5464   -1368.0835  -10455.0483     705.0131
     259     540.3291    1280.0023    2086.3563     590.6668     7987.7344   -1352.3995  -10573.8236     558.8660
     260     529.3829    1290.7850    2123.4481     576.3805     8026.4157   -1359.5888  -10467.7953     719.0282
     261     489.0385    1283.6894    2106.4874     613.5467     8038.2062   -1361.0468  -10515.3099     654.6115
     262     495.2886    1206.2890    2090.9965     615.2947     7977.1804   -1326.3892  -10371.2862     687.3739
     263     549.7807    1245.7200    2107.3511     582.4951     8002.6249   -1362.7573  -10396.6925     728.5220
     264     513.8915    1303.4091    2086.1291     591.9912     7946.8771   -1386.6185  -10374.2167     681.4627
     265     529.3034    1269.4101    2100.3487     605.3218     7995.3326   -1323.8622  -10422.6023     753.2521
     266     521.7208    1293.2737    2058.3794     595.7796     8028.6653   -1360.0991  -10476.1285     661.5911
     267     530.4004    1315.0213    2084.5067     610.8824     8020.9304   -1296.1733  -10498.2049     767.3630
     268     497.8557    1267.2846    2108.2782     608.9999     8015.6393   -1329.0496  -10501.8931     667.1151
     269     517.9062    1246.4945    2059.8794     611.8093     7990.3450   -1336.5299  -10499.7309     590.1736
     270     533.5080    1242.4910    2069.3053     606.5189     8057.1720   -1330.3398  -10508.0414     670.6140
     271     516.8823    1284.4561    2078.7149     617.5929     8045.4799   -1349.1206  -10445.1763     748.8292
     272     532.7974    1285.3751    2099.6412     599.8818     7984.7589   -1355.0708  -10341.0675     806.3160
     273     539.1023    1239.4534    2092.6033     598.2680     7985.0969   -1343.6114  -10353.7118     757.2007
     274     517.5250    1239.7900    2087.0164     606.7586     8088.1250   -1339.9052  -10580.8341     618.4757
     275     522.0312    1264.2290    2086.4204     629.9631     8035.1158   -1331.0772  -10475.9080     730.7743
     276     476.0969    1241.6810    2075.7452     603.4050     8042.9660   -1360.8691  -10414.7292     664.2958
     277     543.1615    1227.1355    2093.8323     592.6834     8101.5997   -1359.4122  -10571.1758     627.8244
     278     492.7375    1279.7669    2111.5385     604.5662     8003.0261   -1360.0486  -10500.9805     630.6060
     279     474.2124    1211.8295    2084.4851     619.3015     8046.8311   -1347.9978  -10603.7297     484.9321
     280     517.6566    1263.2427    2096.2026     591.9208     8049.2463   -1387.8000  -10426.7614     703.7076
     281     530.2955    1265.9593    2076.9543     606.1184     8058.9033   -1337.9420  -10436.3847     763.9042
     282     505.1466    1241.3802    2088.0931     593.3809     8062.9211   -1342.3504  -10566.8599     581.7117
     283     542.3929    1273.3758    2085.4483     594.7616     8087.4600   -1309.7746  -10592.2136     681.4505
     284     468.3286    1237.2459    2109.3113     617.1235     8083.5026   -1316.4949  -10678.9272     520.0899
     285     529.1437    1308.6093    2092.8007     595.9760     8055.5224   -1367.6110  -10650.5728     563.8684
     286     539.3648    1304.3914    2089.9217     587.9326     8056.6699   -1360.0506  -10651.1972     567.0326
     287     509.9670    1232.5227    2066.0755     615.8036     8065.8780   -1359.3755  -10487.4439     643.4273
     288     549.6317    1221.5539    2069.7874     605.5803     8051.5826   -1344.2788  -10512.9104     640.9467
     289     516.7013    1279.4710    2104.4476     605.2133     8062.4848   -1361.1237  -10589.4297     617.7646
     290     528.3696    1202.8432    2113.0475     598.1177     8082.0718   -1356.7418  -10621.4498     546.2582
     291     514.7418    1263.2553    2091.8312     616.2590     8095.2669   -1354.6390  -10491.3827     735.3324
     292     503.2966    1273.1914    2084.5279     593.4176     8068.3247   -1354.2623  -10553.0724     615.4235
     293     511.1489    1327.8573    2085.9103     607.9862     8101.4774   -1348.7198  -10542.9960     742.6642
     294     549.4734    1264.3445    2108.6632     612.7518     8044.4187   -1344.2399  -10525.3620     710.0496
     295     510.4979    1315.7724    2072.8253     612.7001     8034.5715   -1341.6774  -10488.7097     715.9801
     296     510.5541    1280.7273    2075.2007     589.3968     8053.5004   -1332.3176  -10483.5762     693.4855
     297     511.3475    1217.2150    2095.4215     598.4433     8032.7000   -1352.3823  -10368.4018     734.3432
     298     503.9666    1209.1591    2111.9178     606.1881     8064.3402   -1369.4240  -10477.6775     648.4703
     299     496.2011    1200.5298    2052.2031     601.0335     8057.6369   -1364.6166  -10407.1427     635.8452
     300     530.5124    1237.0360    2079.3064     622.7112     8016.4228   -1349.0272  -10410.7635     726.1981
     301     519.4857    1285.3119    2041.9673     623.0166     8045.6243   -1348.6530  -10455.7792     710.9736
     302     521.5412    1310.8094    2111.5690     612.5575     8013.1630   -1374.1627  -10441.6372     753.8401
     303     497.7642    1261.2058    2096.7465     607.3996     8072.4557   -1364.5179  -10423.3570     747.6968
     304     515.8648    1292.0621    2111.8289     610.5563     7988.3455   -1340.6046  -10431.5232     746.5298
     305     544.6202    1255.5046    2068.6720     588.1971     8026.7818   -1342.9493  -10424.5276     716.2988
     306     544.8396    1274.8358    2072.3597     598.4462     8001.6008   -1340.7322  -10417.7942     733.5557
     307     532.6932    1239.9400    2069.6014     600.3123     7972.7459   -1346.3500  -10379.1543     689.7885
     308     552.1529    1240.5310    2090.2762     617.1998     8046.1213   -1337.7105  -10505.4504     703.1203
     309     519.0856    1184.0208    2075.4203     612.7661     8028.2459   -1362.0933  -10461.2736     596.1718
     310     520.8402    1205.3562    2093.6414     588.3727     8006.2535   -1380.9402  -10360.1021     673.4217
     311     504.6809    1228.2600    2074.9067     591.3733     7994.7806   -1341.8225  -10327.4261     724.7528
     312     511.1372    1216.6824    2068.4176     616.9100     8086.6742   -1343.7473  -10493.6474     662.4267
     313     510.2763    1274.9407    2079.1971     598.0793     7980.0629   -1339.2364  -10406.3871     696.9328
     314     502.2559    1230.5214    2074.6734     602.5813     8018.5615   -1335.3284  -10465.7642     627.5009
     315     514.5808    1279.7275    2090.8309     593.1534     8004.1808   -1368.2922  -10475.4584     638.7229
     316     536.0279    1225.5674    2082.4896     592.7766     8018.7960   -1352.2349  -10357.9041     745.5185
     317     525.1827    1259.5474    2048.8364     601.5340     7983.5758   -1334.2842  -10287.1503     797.2418
     318     516.2886    1288.2122    2090.0801     615.1857     7981.1826   -1347.4660  -10323.7818     819.7014
     319     514.7752    1260.2336    2095.3110     612.5322     8012.5288   -1356.8481  -10333.5984     804.9342
     320     557.3543    1262.9172    2065.8238     597.5277     7970.3867   -1322.3967  -10391.6709     739.9420
     321     508.9696    1210.4254    2063.0662     594.8748     7990.0432   -1297.4565  -10439.6457     630.2771
     322     513.7807    1241.9350    2092.0163     619.5286     8101.2893   -1337.9004  -10526.4670     704.1826
     323     549.8063    1227.7900    2116.7805     598.7465     8036.7575   -1346.6313  -10440.7527     742.4967
     324     538.6375    1264.8294    2077.9397     594.1794     8024.0930   -1351.9034  -10465.4114     682.3641
     325     516.1299    1252.7117    2058.3672     596.0223     7991.7236   -1355.8441  -10419.5258     639.5848
     326     546.9727    1219.9751    2088.7132     639.2793     8033.4159   -1351.4754  -10463.2234     713.6575
     327     482.3140    1239.6822    2059.1633     615.4053     8041.8753   -1340.6440  -10443.6637     654.1324
     328     505.3621    1220.5456    2088.9137     605.7395     8001.8836   -1350.3269  -10450.4895     621.6280
     329     505.7162    1263.8968    2078.1960     595.3215     8061.5227   -1385.2888  -10442.6051     676.7592
     330     515.3675    1220.7878    2099.0834     614.1367     8051.8372   -1354.7903  -10448.5848     697.8375
     331     478.9602    1368.5184    2070.4170     597.0063     7959.4341   -1337.2606  -10371.9237     765.1516
     332     510.8188    1231.2455    2048.8221     609.3231     7965.0438   -1342.7724  -10411.7793     610.7016
     333     513.7318    1279.2335    2067.9817     572.6800     7956.4752   -1326.6589  -10534.3061     529.1370
     334     525.9096    1202.3136    2093.5946     605.1762     8033.3771   -1351.5873  -10493.1881     615.5958
     335     555.8586    1266.6222    2098.9517     582.5093     8005.3224   -1342.8606  -10555.4302     610.9734
     336     534.1969    1209.3392    2085.5904     603.1648     7955.8086   -1366.6072  -10466.6548     554.8380
     337     497.9925    1251.7139    2070.3409     617.5301     8020.6834   -1326.5850  -10460.2186     671.4571
     338     539.4636    1222.9592    2072.8951     595.0393     8033.4595   -1335.8897  -10525.7152     602.2119
     339     511.7688    1213.9630    2091.3914     610.5058     8047.2019   -1353.1798  -10512.1645     609.4867
     340     532.3611    1279.9523    2065.7005     597.8933     7986.2958   -1360.7827  -10508.7633     592.6571
     341     523.1117    1265.5312    2035.2170     604.4170     8006.9888   -1354.5972  -10535.6082     545.0603
     342     506.1903    1250.3352    2091.3993     634.7833     8002.9898   -1322.8291  -10601.7083     561.1604
     343     527.7951    1220.1309    2064.3873     606.1927     8050.5879   -1349.2134  -10580.9912     538.8893
     344     521.5140    1232.8634    2066.4623     608.7496     7996.2588   -1380.5712  -10463.4741     581.8030
     345     534.9257    1259.2320    2058.7978     589.5219     7986.4374   -1324.8054  -10373.4975     730.6119
     346     536.2577    1270.0367    2073.0718     597.9218     7966.1868   -1336.2531  -10325.2244     781.9974
     347     527.7539    1212.1871    2066.2878     602.1734     7978.9046   -1350.2703  -10395.7012     641.3352
     348     547.3740    1262.1124    2089.3934     627.7070     8013.6084   -1343.5327  -10400.2356     796.4267
     349     557.3871    1243.6903    2051.2623     600.6741     7970.0117   -1352.4945  -10415.6313     654.8998
     350     524.6073    1257.2393    2056.9010     594.6614     7987.6507   -1350.5278  -10510.0934     560.4386
     351     544.3430    1256.2106    2092.6837     607.5516     8031.2261   -1364.3619  -10526.4176     641.2355
     352     498.3818    1202.7293    2083.1555     597.9366     8023.5700   -1363.8377  -10594.7365     447.1989
     353     530.3364    1217.8704    2080.4639     596.3592     8025.5604   -1360.2577  -10453.7311     636.6015
     354     493.2123    1236.8976    2067.2048     608.3402     8018.9796   -1349.9745  -10458.2747     616.3854
     355     519.5419    1269.1351    2071.9159     590.1789     8009.5426   -1351.0234  -10399.3918     709.8992
     356     545.3293    1250.8794    2075.6807     594.2994     7985.6401   -1344.5854  -10275.8640     831.3796
     357     521.5489    1216.0361    2119.8195     605.6708     8042.5831   -1375.6811  -10446.8808     683.0964
     358     520.8850    1266.4102    2085.2333     600.3662     8014.5702   -1345.5858  -10464.9592     676.9198
     359     507.9255    1194.1864    2075.9677     617.0695     8083.6754   -1356.3712  -10497.4396     625.0137
     360     518.2567    1189.7348    2081.5567     608.4323     8043.8314   -1330.6426  -10493.1702     617.9991
     361     492.1699    1258.2170    2086.5983     606.9406     8031.8343   -1344.4799  -10419.2729     712.0074
     362     525.0175    1280.6304    2076.8209     609.4909     8020.8847   -1337.4240  -10386.0990     789.3214
     363     528.8974    1282.4293    2076.5606     596.5770     7960.3810   -1349.9178  -10227.3900     867.5374
     364     518.7646    1244.1178    2059.5070     623.5557     7984.5005   -1340.6631  -10374.7233     715.0591
     365     511.5991    1262.3054    2108.6087     597.0756     7962.0429   -1353.4388  -10313.4823     774.7107
     366     555.7286    1233.6502    2090.9720     578.3486     7979.6490   -1378.0494  -10235.2228     825.0761
     367     514.4099    1247.5472    2092.4179     600.7738     8014.3029   -1367.4347  -10353.7761     748.2410
     368     501.8022    1277.1689    2089.6720     611.3161     8044.3220   -1352.4265  -10447.5752     724.2795
     369     522.7405    1272.3459    2074.6477     605.7038     7994.4969   -1343.0823  -10428.3509     698.5015
     370     538.3340    1229.1398    2087.5462     605.2067     8024.2756   -1348.9814  -10421.4686     714.0523
     371     512.6138    1255.1181    2056.3285     604.8485     8006.0040   -1350.9400  -10360.5978     723.3751
     372     485.1966    1259.2071    2058.8137     603.5444     8010.6315   -1328.7747  -10390.6304     697.9881
     373     522.6609    1200.0178    2066.7620     598.4168     8033.3207   -1353.5572  -10390.7322     676.8888
     374     503.8996    1285.9683    2091.8109     598.1496     8012.8432   -1340.3333  -10265.6390     886.6994
     375     505.8175    1232.8191    2092.4802     598.0254     8040.8002   -1351.4085  -10480.6986     637.8353
     376     539.1254    1299.1304    2086.6239     610.1084     7988.3522   -1364.4598  -10387.2874     771.5931
     377     487.4554    1272.6596    2070.1003     606.7202     8038.6450   -1333.1955  -10452.7182     689.6667
     378     507.1843    1270.2952    2068.7233     608.8939     8008.1704   -1363.2783  -10277.3346     822.6542
     379     539.4773    1255.7260    2084.7969     599.8654     8046.3234   -1355.6301  -10372.1957     798.3632
     380     502.4615    1307.2486    2115.2670     599.2117     8021.5262   -1367.1939  -10503.8924     674.6287
     381     509.7735    1227.4834    2078.8270     590.3367     8036.3256   -1318.1597  -10419.5692     705.0173
     382     527.2998    1225.4507    2050.4944     592.6434     8025.3045   -1354.6940  -10315.6825     750.8163
     383     465.3421    1256.8437    2079.7286     606.0899     8080.1556   -1362.7045  -10428.0565     697.3989
     384     499.3732    1292.5763    2104.0807     604.0301     8017.2893   -1337.0879  -10360.2839     819.9778
     385     546.4108    1245.5095    2104.5757     601.8048     8024.0494   -1358.4708  -10390.3888     773.4906
     386     520.5223    1259.6780    2099.0479     600.2931     8003.5446   -1374.2094  -10402.1082     706.7683
     387     521.0809    1256.3523    2076.3640     612.4173     7987.7392   -1332.0301  -10422.9222     699.0014
     388     519.5002    1198.7278    2078.2803     600.0947     7968.5633   -1362.0457  -10306.5042     696.6164
     389     494.2260    1258.3551    2070.3051     603.5883     8007.1884   -1336.4971  -10439.2779     657.8878
     390     507.3916    1256.3503    2081.3684     594.0751     7945.5133   -1329.7039  -10332.0100     722.9848
     391     538.9308    1221.0416    2106.1590     601.5889     8029.6110   -1349.4274  -10377.3436     770.5605
     392     540.8522    1205.0913    2101.9939     615.2633     8035.0180   -1367.0949  -10418.5885     712.5354
     393     493.8862    1290.8703    2072.9646     620.5460     8040.7377   -1331.9195  -10488.6143     698.4710
     394     512.9564    1298.6833    2059.7825     611.2194     7986.0169   -1356.1324  -10361.8093     750.7169
     395     547.6013    1238.8463    2103.6692     607.2342     8018.4435   -1373.7112  -10311.2070     830.8762
     396     534.2194    1264.4235    2077.5844     606.2605     8033.7930   -1357.2710  -10395.8688     763.1411
     397     508.6706    1234.4984    2067.8220     606.5831     8022.8999   -1358.9147  -10420.4437     661.1157
     398     482.8460    1285.3914    2068.6017     611.1894     8021.6049   -1351.4916  -10289.3369     828.8048
     399     544.3717    1210.6235    2104.2303     601.1636     7992.0289   -1357.6792  -10384.0302     710.7086
     400     493.3785    1253.4538    2095.1043     607.8780     7966.0175   -1362.9979  -10304.3178     748.5166
     401     521.2889    1246.9838    2064.5452     604.6430     7962.8774   -1336.7108  -10403.8355     659.7919
     402     534.7243    1230.8556    2087.8761     602.7865     7953.2124   -1315.9962  -10229.0030     864.4557
     403     521.3350    1233.8760    2084.8616     609.5131     7989.8804   -1372.4795  -10317.9684     749.0182
     404     513.2778    1251.4856    2082.8751     600.5931     8000.7010   -1377.0520  -10306.1325     765.7482
     405     546.3677    1233.6277    2049.0686     615.1411     8021.3182   -1365.6718  -10295.0794     804.7720
     406     541.5160    1258.4282    2048.5167     607.1621     7977.9679   -1380.0595  -10356.6190     696.9123
     407     521.9186    1244.0326    2062.7333     603.2171     7988.3039   -1361.1079  -10299.1208     759.9768
     408     523.8176    1257.6395    2091.9742     612.7679     8062.9432   -1357.3296  -10406.1713     785.6415
     409     522.2172    1268.3020    2096.5034     613.8732     8031.8748   -1369.3580  -10412.3502     751.0623
     410     516.4145    1239.8197    2081.9535     594.9246     8021.1036   -1394.8638  -10427.7253     631.6267
     411     537.2567    1260.0579    2090.9584     596.4494     7986.0370   -1360.0607  -10267.9801     842.7185
     412     525.3222    1243.2627    2109.6039     592.3906     7998.5511   -1343.5890  -10330.3728     795.1687
     413     523.7915    1210.0339    2091.2074     617.7372     8028.6521   -1381.1736  -10399.9074     690.3412
     414     537.7381    1229.0508    2098.5157     602.4484     8001.0674   -1340.9842  -10386.4664     741.3698
     415     513.2959    1298.7324    2082.7406     603.8997     8027.5212   -1372.3370  -10407.4119     746.4408
     416     533.3314    1242.2000    2068.0594     603.4764     8028.5905   -1356.1309  -10424.4734     695.0534
     417     525.9514    1312.7215    2115.7018     607.4710     8063.1938   -1355.5850  -10486.5352     782.9194
     418     505.7263    1207.4358    2094.5824     595.4145     7991.9802   -1383.1114  -10426.9178     585.1101
     419     492.7152    1239.7834    2071.0297     615.7730     8023.5032   -1350.8190  -10417.3232     674.6623
     420     501.5003    1262.2966    2099.5435     608.8705     8039.5918   -1343.3610  -10426.8244     741.6175
     421     521.6454    1294.3499    2086.5104     605.8438     8016.0230   -1380.6333  -10349.7150     794.0243
     422     495.0183    1267.0564    2070.0539     616.7224     7997.9563   -1345.5967  -10369.8025     731.4080
     423     527.1002    1186.9231    2083.6700     629.6902     8065.8316   -1357.9329  -10489.9983     645.2839
     424     506.8282    1252.1350    2078.5577     610.9051     8014.4450   -1376.8582  -10393.9664     692.0465
     425     505.0576    1252.9060    2083.4354     605.7959     8017.8660   -1377.6668  -10335.2660     752.1282
     426     539.3464    1233.0777    2097.8686     600.4781     8027.3031   -1363.9311  -10486.6429     647.5000
     427     509.4491    1233.9802    2083.9134     610.0097     8047.1829   -1342.0325  -10454.6655     687.8373
     428     517.1823    1241.9563    2043.9363     619.1166     8070.6979   -1336.7339  -10435.7609     720.3947
     429     515.0603    1225.6234    2103.1166     603.6542     8015.1441   -1395.4523  -10402.5191     664.6272
     430     561.0283    1310.4218    2068.9992     581.6351     8021.0838   -1372.8245  -10232.7785     937.5653
     431     491.2555    1259.7455    2083.6727     604.9283     8009.1075   -1367.8772  -10409.3085     671.5238
     432     533.6203    1247.4556    2071.0583     611.1167     8058.5332   -1356.4573  -10510.6596     654.6672
     433     522.2484    1218.4875    2083.4741     603.3677     8019.6270   -1372.2225  -10467.3165     607.6658
     434     505.4866    1199.5312    2086.9729     628.4395     8093.2697   -1373.8159  -10459.9892     679.8948
     435     507.9876    1258.5199    2116.8935     615.1324     8078.3597   -1343.3889  -10534.8660     698.6382
     436     532.6018    1279.8923    2085.8731     583.8939     7994.4201   -1385.6551  -10478.0562     612.9698
     437     535.8180    1242.2908    2105.0890     600.6486     8052.4394   -1374.0636  -10470.8463     691.3758
     438     560.1443    1242.3891    2066.0563     611.9264     8038.7533   -1366.4395  -10416.3921     736.4378
     439     534.9991    1262.2673    2106.4856     597.8187     8020.3822   -1352.1663  -10441.5314     728.2553
     440     507.5207    1242.2403    2103.6379     589.3562     8005.1273   -1372.5222  -10487.0146     588.3456
     441     519.9106    1238.5520    2094.7930     615.1310     8019.1658   -1381.1073  -10425.0860     681.3592
     442     507.1934    1268.2582    2070.2016     610.4244     8042.0716   -1335.3897  -10417.5798     745.1797
     443     523.5358    1217.5455    2106.8096     611.7109     8039.2512   -1377.8895  -10275.8020     845.1616
     444     535.2792    1244.0956    2103.2635     600.6522     8089.5920   -1382.6576  -10471.7392     718.4856
     445     496.5995    1246.3995    2092.0572     600.9890     8049.0375   -1355.3458  -10396.9778     732.7592
     446     562.0740    1294.5633    2104.0998     583.3126     8008.2699   -1360.1020  -10450.1426     742.0751
     447     508.4836    1222.1015    2100.7607     608.6041     8064.2137   -1354.8704  -10468.0128     681.2805
     448     516.2746    1237.7391    2102.8859     629.4295     8048.9004   -1339.1931  -10549.4417     646.5947
     449     515.1431    1216.7442    2081.5069     621.6732     8053.2519   -1345.4241  -10544.6956     598.1996
     450     507.5803    1291.4764    2116.8245     624.0812     8042.0255   -1395.4299  -10494.7041     691.8539
     451     522.7796    1277.2406    2087.6179     603.8782     8006.9548   -1372.8642  -10501.2790     624.3279
     452     529.5517    1238.0431    2089.1192     600.9755     8014.7283   -1368.7555  -10468.8085     634.8538
     453     510.8638    1245.7332    2059.4922     588.5473     8011.8708   -1363.5326  -10382.6000     670.3746
     454     479.3540    1266.1138    2092.4257     607.6006     8020.7354   -1365.1048  -10434.2406     666.8841
     455     497.0785    1227.7093    2105.3299     593.8296     8024.7018   -1356.4771  -10470.6512     621.5208
     456     526.9002    1257.9434    2095.1619     605.4386     8083.4030   -1364.1628  -10397.6947     806.9896
     457     515.1075    1207.7197    2087.0476     610.0461     8006.6640   -1385.1228  -10293.6767     747.7853
     458     548.9421    1282.4814    2085.7999     581.4018     7981.0552   -1362.8471  -10338.8871     777.9461
     459     518.6138    1245.8519    2075.5266     593.4633     8010.5509   -1332.5240  -10377.2381     734.2445
     460     543.8937    1232.7048    2112.7101     601.6684     7973.6491   -1343.9217  -10361.0761     759.6283
     461     499.2125    1243.1545    2076.2374     605.2432     8006.4757   -1354.5144  -10262.5823     813.2268
     462     520.2089    1213.4236    2033.7865     600.2247     7997.2615   -1350.3774  -10265.7827     748.7450
     463     502.1218    1222.0166    2123.0334     587.2766     7984.7072   -1363.7268  -10305.7098     749.7190
     464     489.4460    1246.3422    2092.6354     616.9517     8037.9223   -1348.1807  -10482.7527     652.3642
     465     513.3042    1249.4971    2071.9541     613.2697     8027.2967   -1402.5202  -10224.9390     847.8627
     466     532.4890    1234.7332    2094.3741     594.7252     7985.2664   -1342.4004  -10352.7541     746.4334
     467     548.3970    1217.1317    2086.6447     590.3743     7980.8051   -1354.1568  -10297.7931     771.4028
     468     529.8118    1280.0228    2051.9756     579.0495     7964.7652   -1350.0029  -10276.1286     779.4932
     469     474.7302    1253.8180    2078.8825     605.7972     8021.3717   -1356.7594  -10433.4647     644.3755
     470     527.0413    1240.9367    2075.2937     621.0991     8004.9388   -1365.3592  -10340.6474     763.3031
     471     543.7515    1272.1870    2060.6754     585.8347     8020.0910   -1369.7082  -10375.3760     737.4553
     472     507.2514    1237.1575    2102.1228     608.4752     8036.5003   -1340.7812  -10466.2150     684.5110
     473     517.9503    1253.0460    2092.0393     599.7367     8083.7813   -1371.3736  -10372.9348     802.2451
     474     507.1865    1322.4633    2097.5074     602.6006     8076.9732   -1362.3145  -10445.6561     798.7604
     475     550.4827    1197.2574    2079.0297     607.1640     8108.6207   -1385.6167  -10455.8676     701.0701
     476     551.3469    1230.5434    2087.8102     598.6895     8059.3505   -1325.5352  -10560.5715     641.6338
     477     500.0227    1229.1750    2086.0389     607.2269     8075.9088   -1349.8555  -10393.3874     755.1294
     478     534.8815    1247.8123    2090.4970     593.0123     8079.5235   -1342.7537  -10458.5411     744.4317
     479     512.1672    1244.1024    2074.9892     618.5354     8042.5972   -1342.8793  -10343.4663     806.0458
     480     548.4581    1290.6965    2104.5770     599.2956     8025.8138   -1372.8722  -10402.1143     793.8545
     481     535.3183    1239.0530    2071.3002     592.0820     8000.3486   -1345.8413  -10321.6699     770.5908
     482     529.4375    1297.0146    2049.1821     610.1043     8045.2783   -1348.0030  -10378.3707     804.6431
     483     526.5955    1196.5668    2090.7095     600.2728     8053.9376   -1378.9324  -10385.7539     703.3960
     484     530.9005    1230.3367    2094.0637     618.8289     8022.0828   -1342.8483  -10381.8374     771.5268
     485     489.8883    1259.3892    2079.5434     609.5544     8025.6347   -1387.5274  -10366.1845     710.2981
     486     525.6564    1227.5736    2081.3826     610.4026     8012.3135   -1375.3409  -10326.4743     755.5135
     487     508.5187    1216.0748    2079.4186     607.6596     7982.7069   -1365.4785  -10361.2669     667.6333
     488     496.4710    1212.3063    2086.0255     614.7983     8003.4375   -1373.3664  -10338.3866     701.2856
     489     472.8809    1216.8840    2063.2652     587.5840     7988.0921   -1366.7471  -10261.0703     700.8887
     490     521.8505    1278.9701    2075.4655     582.3108     7985.5299   -1395.7616  -10369.1955     679.1696
     491     508.5305    1256.6292    2073.3020     586.4707     8012.3485   -1344.5656  -10286.9285     805.7869
     492     531.3459    1251.7577    2106.5411     588.1358     8030.3408   -1366.8826  -10389.4616     751.7771
     493     517.9729    1233.4046    2073.6468     585.4504     7996.5029   -1346.1272  -10330.8507     729.9997
     494     520.8009    1277.2992    2092.3088     603.9197     8007.9854   -1354.1949  -10314.0175     834.1017
     495     541.9465    1282.2181    2079.4258     608.2744     8021.7039   -1373.6676  -10228.1296     931.7715
     496     532.9266    1302.4566    2119.3017     606.4637     7988.9680   -1358.3062  -10242.2478     949.5626
     497     507.9938    1257.1941    2093.1017     612.0708     7994.7188   -1380.7516  -10163.4981     920.8295
     498     514.2386    1239.5350    2102.3066     630.8284     8019.8552   -1340.3310  -10285.4817     880.9511
     499     533.0037    1206.3989    2077.5095     596.9134     7941.1927   -1346.1080  -10147.8573     861.0530
     500     492.2647    1215.4575    2051.8861     591.8932     8024.6277   -1340.9590  -10262.3402     772.8300
