#Frame    total[bond] total[angle]   total[dih] total[vdw14] total[elec14]   total[vdw]  total[elec] total[total]
       1     175.0401     410.8059     706.2689     207.4874     3460.0182    -417.3218   -3131.7500    1410.5489
       2     191.6002     434.3873     692.7536     213.0463     3445.8489    -411.4019   -2984.0028    1582.2316
       3     205.4033     439.7533     691.8015     204.1717     3451.4082    -414.3919   -2996.4838    1581.6625
       4     176.3850     436.8165     692.8269     210.4363     3448.7669    -423.4452   -3086.8719    1454.9145
       5     180.6708     433.1380     710.9529     199.6878     3438.3969    -424.3115   -3074.3055    1464.2294
       6     175.8956     438.7517     699.2610     205.8600     3436.8116    -421.4721   -3015.7359    1519.3720
       7     194.4972     438.7291     707.0581     201.6079     3414.4733    -412.8529   -3054.0408    1489.4719
       8     173.9462     441.7133     704.0956     193.4414     3404.9015    -431.0066   -3027.9429    1459.1486
       9     174.1417     433.5859     709.3643     211.6576     3459.5320    -421.1012   -3113.9530    1453.2273
      10     179.2652     439.0539     698.4841     196.3287     3442.8867    -421.2018   -3045.0718    1489.7451
      11     173.4793     416.0074     689.7655     203.8344     3435.6289    -408.2910   -3102.9883    1407.4362
      12     177.7172     407.8130     707.5613     204.9220     3433.5291    -412.5257   -3053.5499    1465.4669
      13     204.2113     451.1606     711.0348     203.8844     3424.3825    -402.4383   -3081.7379    1510.4974
      14     196.3879     421.0516     700.0164     198.1910     3444.1871    -425.5729   -3111.4612    1422.7998
      15     189.0070     404.5010     706.8643     193.2375     3435.2513    -422.5696   -3082.4834    1423.8083
      16     174.0015     408.1425     696.6133     200.7835     3442.1702    -428.8954   -3062.7839    1430.0316
      17     177.5125     452.4079     687.3281     194.6669     3422.1653    -417.1922   -3008.5223    1508.3661
      18     198.3979     453.8774     690.1499     195.9670     3425.0644    -403.1452   -3043.9090    1516.4024
      19     155.9549     413.6503     721.1832     205.2226     3464.0881    -420.1644   -3028.5817    1511.3530
      20     205.0865     394.9494     700.3846     194.4772     3437.1612    -404.3643   -3109.9758    1417.7188
      21     190.4069     423.6725     700.4920     200.7658     3416.3294    -410.1659   -3073.5386    1447.9621
      22     186.4261     436.1780     708.1256     202.2396     3434.0813    -424.2795   -3040.1419    1502.6292
      23     180.1490     436.4689     711.5985     200.6183     3385.0489    -417.6157   -3019.3093    1476.9586
      24     169.6722     435.2949     700.2576     203.2416     3436.8745    -409.3898   -3092.8206    1443.1304
      25     186.1416     434.4835     713.4121     213.6101     3460.8034    -435.9405   -3061.5775    1510.9326
      26     188.8828     430.8293     692.6414     199.8602     3400.3823    -416.9990   -3043.4992    1452.0979
      27     189.3926     426.7920     687.0992     197.2810     3409.6244    -417.2653   -3050.9099    1442.0140
      28     195.9815     453.4142     707.0365     203.9004     3423.6222    -418.8339   -2966.6799    1598.4410
      29     186.2871     408.2114     707.9139     206.3542     3425.2957    -411.5759   -3028.1554    1494.3310
      30     175.1062     420.6078     687.3357     198.7497     3421.1065    -400.2715   -3119.8956    1382.7387
      31     205.6593     448.6577     700.8364     197.9822     3400.1098    -406.9951   -2979.0595    1567.1908
      32     180.9710     421.9406     697.5845     212.6751     3444.9008    -433.7157   -3007.3322    1517.0242
      33     193.1369     419.3108     701.6629     204.5611     3450.2207    -413.9951   -3016.2518    1538.6455
      34     194.0325     418.8820     705.4331     206.4725     3440.0958    -400.6366   -3095.5274    1468.7520
      35     180.3200     407.2208     704.4183     199.7287     3421.6807    -408.7444   -3021.7429    1482.8811
      36     180.6082     406.1962     716.1710     215.0367     3457.3826    -410.8134   -3089.1721    1475.4092
      37     189.6213     453.0046     706.0971     196.6292     3426.2763    -418.5679   -3016.7695    1536.2912
      38     181.2294     445.3619     712.0721     207.1216     3447.5638    -408.4484   -3072.0187    1512.8817
      39     183.2956     430.1447     691.9202     201.3430     3471.1122    -406.9618   -3086.5481    1484.3058
      40     180.3726     438.7846     704.1648     203.7080     3441.0237    -409.3748   -3142.8261    1415.8528
      41     176.9243     434.8419     699.7861     191.1094     3440.8935    -425.2183   -3083.3878    1434.9492
      42     170.8049     425.3764     697.2639     204.3290     3460.3188    -426.5211   -3105.9995    1425.5725
      43     188.1043     416.9187     695.3288     209.3523     3466.3030    -398.2499   -3121.3152    1456.4420
      44     193.1716     450.7584     700.9911     189.5875     3444.3611    -403.6317   -3091.3882    1483.8499
      45     186.1725     415.3485     707.2780     205.1295     3465.3453    -423.8867   -3080.5611    1474.8259
      46     184.0477     427.4231     716.8945     192.7038     3429.7949    -410.0102   -3068.0611    1472.7928
      47     191.8827     451.7286     702.6545     204.0862     3426.3777    -417.1501   -3071.0235    1488.5563
      48     192.4421     432.0205     697.6668     203.3412     3419.0916    -421.7703   -2967.1586    1555.6333
      49     163.6026     440.0061     697.5173     209.0902     3414.4449    -406.3117   -3008.5951    1509.7544
      50     190.8584     402.3551     692.5097     211.9098     3441.9648    -412.5904   -3014.6993    1512.3082
      51     192.2973     437.3516     704.9944     196.4231     3426.9735    -418.7668   -3099.5011    1439.7719
      52     183.0498     437.7982     698.3816     204.3153     3442.7623    -416.0186   -3000.0406    1550.2478
      53     185.8509     442.1787     716.1960     204.9559     3409.7787    -414.1459   -2960.8997    1583.9147
      54     208.1709     446.3495     686.2215     196.5790     3427.0332    -412.5776   -3009.4652    1542.3112
      55     190.3441     435.1145     703.5889     213.8591     3436.9542    -418.0796   -3111.4666    1450.3147
      56     205.6166     414.7929     695.6900     199.3675     3386.7634    -424.7837   -2995.2185    1482.2282
      57     196.2436     422.7628     716.6835     212.8649     3426.0243    -410.9164   -3090.5203    1473.1424
      58     175.3379     431.1515     702.4685     197.4272     3447.4675    -401.6332   -3134.8174    1417.4021
      59     171.6712     453.3972     701.8201     204.1469     3453.4312    -432.1733   -3045.8832    1506.4101
      60     185.5519     422.4294     698.4069     193.0608     3417.1559    -429.4947   -3085.6830    1401.4273
      61     177.5418     427.2372     706.3002     209.4750     3442.6863    -412.8720   -3168.8587    1381.5097
      62     173.1726     442.9873     718.2024     196.7576     3422.0875    -421.3581   -3137.5359    1394.3134
      63     174.3337     415.6167     707.5535     209.3509     3458.8206    -417.3142   -3073.1688    1475.1923
      64     192.0784     438.0774     706.4393     197.5947     3421.9946    -418.9853   -3044.6915    1492.5076
      65     167.1251     431.7067     704.9988     211.4284     3440.8671    -421.3747   -3030.6811    1504.0702
      66     182.3726     415.1285     705.6280     206.4198     3457.4783    -403.8025   -2990.8698    1572.3548
      67     194.7243     428.5187     701.0383     209.1969     3475.8445    -409.0818   -3099.2885    1500.9523
      68     193.8154     417.8783     722.0619     203.6951     3424.2624    -404.3420   -3060.0648    1497.3064
      69     163.3293     474.1034     696.7116     200.6424     3436.0196    -406.1747   -3065.5300    1499.1016
      70     181.2709     432.0464     710.1320     212.7712     3461.9088    -412.8280   -3017.3991    1567.9023
      71     182.4124     430.3855     703.8229     200.3409     3443.9222    -417.4558   -2939.1886    1604.2393
      72     197.0053     417.0883     720.5863     196.6509     3415.8467    -413.6411   -3076.5404    1456.9961
      73     179.7393     466.9847     718.6233     203.5019     3404.3365    -410.7233   -3004.4185    1558.0438
      74     178.7299     411.5050     689.2553     203.9478     3444.7749    -430.1441   -2939.5534    1558.5154
      75     173.8756     421.9512     714.6020     204.7900     3451.6196    -419.8919   -3059.1751    1487.7714
      76     177.5351     420.7571     713.8176     200.5076     3407.6192    -409.1160   -3035.1178    1476.0028
      77     193.3262     442.8478     717.6953     203.0504     3421.2023    -412.2314   -3032.8868    1533.0039
      78     189.2447     454.8127     717.7597     204.3384     3410.7181    -416.2038   -2990.5553    1570.1146
      79     190.5918     414.5458     704.7126     202.6408     3425.0425    -422.4573   -3020.6515    1494.4247
      80     182.2146     427.7316     714.6442     207.7812     3430.8995    -408.8956   -3059.5781    1494.7974
      81     181.1408     448.1304     705.5536     205.5952     3452.1809    -402.3791   -3056.8564    1533.3655
      82     182.3148     412.1227     718.4311     206.4434     3414.7268    -407.2006   -2901.7207    1625.1174
      83     166.7184     405.5168     735.7340     209.2369     3419.4577    -418.5809   -3013.5009    1504.5821
      84     168.4147     452.6295     686.9988     200.4441     3422.0951    -410.4302   -3038.6340    1481.5178
      85     169.3305     470.8146     704.8069     207.7504     3420.1790    -428.6513   -2943.6375    1600.5926
      86     214.1689     406.8236     711.0306     201.7973     3454.6627    -409.9778   -3021.3205    1557.1849
      87     182.7165     433.2286     687.7988     211.7480     3447.1224    -423.6058   -3062.4347    1476.5738
      88     179.1139     437.4479     699.4629     203.4949     3445.7953    -410.3544   -3054.4076    1500.5529
      89     189.4182     441.5673     707.5913     206.6230     3448.3753    -425.7207   -3042.3457    1525.5087
      90     200.9204     421.5147     705.7912     197.1119     3431.6701    -412.5895   -2980.0982    1564.3205
      91     205.1714     402.8686     710.0776     204.1074     3427.0648    -409.9142   -2973.2402    1566.1354
      92     185.5114     421.2171     705.1498     199.2444     3424.4340    -403.8859   -3034.6757    1496.9951
      93     195.6084     389.2090     707.5706     199.3581     3438.1154    -418.3281   -3008.3319    1503.2014
      94     158.3996     441.0348     701.8810     199.8184     3413.3998    -426.1517   -3014.6422    1473.7397
      95     182.3206     386.8505     692.4334     208.5632     3404.2761    -407.5635   -2982.1219    1484.7584
      96     161.0429     432.3194     689.1382     205.6505     3414.6111    -408.1312   -3069.1258    1425.5051
      97     183.2790     398.9124     700.1030     206.5779     3433.5526    -416.9595   -3082.5211    1422.9442
      98     174.4996     442.9228     697.1872     202.1749     3428.0249    -417.2951   -3018.9277    1508.5866
      99     170.9586     418.0538     701.0800     195.8587     3410.1429    -414.1336   -2972.1816    1509.7789
     100     187.0004     412.2880     713.8375     192.0746     3400.0728    -398.8394   -2973.7675    1532.6665
     101     159.6622     423.4537     715.4341     207.7107     3468.4314    -410.6254   -3032.7271    1531.3396
     102     165.6339     437.5925     709.6493     206.9816     3466.3351    -408.4687   -3072.7040    1505.0197
     103     156.7158     457.4007     709.7469     191.4710     3401.2653    -425.2228   -2924.9846    1566.3923
     104     173.9252     454.6007     709.9945     200.1372     3431.4941    -420.5724   -2948.6721    1600.9073
     105     178.0652     437.8399     696.3188     200.3086     3406.0926    -432.0455   -2957.7048    1528.8748
     106     201.1802     395.8800     699.5341     195.7504     3407.1106    -417.5929   -2883.1848    1598.6775
     107     192.3974     441.1571     706.3990     189.6482     3427.1835    -408.3611   -2938.4195    1610.0047
     108     194.2043     445.6965     692.1037     197.5328     3437.0000    -414.2536   -3062.8115    1489.4722
     109     182.9998     387.4391     706.6473     203.1399     3430.3523    -419.3002   -2942.8830    1548.3951
     110     165.2874     441.9219     697.0332     200.5441     3484.8330    -412.9005   -2957.6871    1619.0320
     111     186.4147     428.4933     709.5312     199.1597     3427.5736    -418.7682   -2975.4766    1556.9277
     112     174.4156     413.5268     702.9161     200.1293     3464.8838    -415.5849   -3072.5418    1467.7447
     113     182.3742     451.5855     706.0593     201.0482     3432.6631    -413.5697   -3023.9664    1536.1942
     114     172.8757     424.9568     725.9001     208.6948     3471.8698    -411.8495   -3014.6645    1577.7831
     115     187.4260     409.2476     701.7560     193.9219     3450.7736    -408.0402   -3007.8240    1527.2608
     116     199.8513     434.6408     738.3286     204.3001     3452.4503    -399.8047   -3054.7958    1574.9705
     117     171.1984     453.4756     692.8007     195.4809     3429.4837    -415.3412   -3008.0854    1519.0128
     118     154.9342     456.6278     705.6316     202.4555     3436.0730    -411.1441   -3037.8976    1506.6803
     119     184.1770     404.6923     701.5727     202.2933     3453.9044    -415.5864   -3021.7724    1509.2809
     120     179.7047     447.6391     701.8613     198.9301     3443.7988    -406.1194   -2983.4704    1582.3442
     121     207.9096     432.5888     702.1840     192.2273     3423.0800    -417.8333   -3007.3946    1532.7619
     122     191.8764     421.6723     715.8287     202.8892     3428.4070    -405.9730   -3059.5891    1495.1115
     123     174.6343     413.6864     704.2133     202.0292     3398.8032    -406.8808   -2962.0257    1524.4598
     124     176.4083     423.4675     709.8866     201.0590     3459.5413    -410.3314   -3038.1575    1521.8738
     125     184.8762     447.3433     691.3184     204.4140     3458.5081    -414.6785   -3019.8401    1551.9414
     126     189.7684     469.5630     694.7421     196.3706     3427.5592    -413.0193   -3007.7376    1557.2463
     127     184.4053     447.0875     712.4648     209.5247     3435.1629    -422.1699   -3106.8147    1459.6607
     128     199.6925     448.8415     712.6810     201.0110     3442.2905    -413.1991   -3095.8866    1495.4307
     129     175.1933     438.8281     708.3558     199.7687     3465.2903    -419.7446   -3077.3601    1490.3315
     130     187.9599     440.9462     708.4781     211.5235     3483.7637    -419.3097   -3133.5599    1479.8018
     131     211.6631     446.6738     701.6844     200.3182     3450.2399    -408.7286   -3075.1812    1526.6696
     132     170.3397     416.2021     707.2639     207.5277     3456.9106    -409.2659   -3145.2297    1403.7485
     133     185.1248     431.4105     706.1940     191.8013     3445.6666    -415.3639   -3083.5566    1461.2766
     134     168.8226     417.0459     698.6829     194.8355     3438.3167    -417.6975   -3033.5189    1466.4872
     135     197.1210     426.9452     698.9541     197.7110     3416.6139    -410.7008   -2989.1043    1537.5402
     136     185.5305     396.2008     695.4619     203.8549     3437.6472    -414.9325   -3050.1909    1453.5720
     137     198.0639     455.6817     706.5745     197.5646     3415.9659    -424.6155   -2969.3953    1579.8398
     138     196.0173     400.6272     697.3950     205.3942     3457.4775    -428.5304   -3034.8250    1493.5558
     139     173.0772     425.5422     699.3222     199.8850     3442.4150    -416.7007   -3081.5669    1441.9740
     140     173.1616     451.8663     711.8507     207.3629     3433.5286    -414.3764   -3036.9400    1526.4536
     141     174.2822     440.7420     704.0415     199.7083     3420.3913    -401.2861   -3107.0113    1430.8679
     142     170.5628     438.8494     699.6541     198.2570     3460.4964    -411.0399   -3061.0920    1495.6878
     143     172.2665     402.9528     717.3821     197.5718     3443.6536    -414.1224   -3104.7621    1414.9422
     144     188.0339     425.0887     693.9315     199.9541     3423.2746    -414.1351   -3074.1884    1441.9592
     145     180.7686     413.7542     697.7712     195.5331     3432.3528    -416.8458   -3057.7335    1445.6006
     146     173.4112     420.8726     701.6117     204.0598     3395.8991    -402.4680   -2971.4936    1521.8927
     147     202.4265     423.5077     695.1236     192.2991     3407.8020    -402.2127   -3034.6869    1484.2592
     148     179.2185     425.6975     712.3619     202.4105     3428.6787    -429.9296   -2987.0773    1531.3602
     149     189.4370     446.4044     697.1892     194.0912     3423.4960    -417.6487   -2975.7593    1557.2098
     150     185.0248     424.7688     706.7422     207.2390     3424.5835    -416.8524   -3065.7771    1465.7288
     151     200.3728     447.5332     707.5066     202.5259     3427.5363    -429.8304   -3056.2048    1499.4397
     152     179.1256     425.7501     703.1994     205.5465     3435.7037    -430.2608   -3131.6139    1387.4507
     153     173.2498     409.4284     709.1109     207.8678     3439.1351    -418.1771   -3086.5466    1434.0683
     154     193.4838     464.8774     687.6231     207.9646     3430.3113    -408.9904   -3089.8195    1485.4503
     155     187.3447     434.9611     696.6567     222.0638     3466.6379    -419.3281   -3055.7226    1532.6134
     156     187.9773     423.6136     702.9408     192.4083     3419.0874    -422.6103   -2971.1235    1532.2937
     157     176.7659     419.2701     702.9485     201.0591     3459.5753    -414.7173   -3017.4889    1527.4127
     158     188.7147     457.4725     707.1111     197.2081     3448.8060    -418.4595   -3026.3613    1554.4917
     159     174.4555     428.8041     703.4875     216.4704     3440.0147    -419.1011   -3118.2733    1425.8577
     160     165.0835     431.5562     695.7864     204.0951     3473.0784    -419.2213   -3070.6547    1479.7236
     161     185.3510     408.4206     695.2362     194.8525     3444.9909    -416.4045   -3025.4341    1487.0126
     162     164.4587     416.8263     693.0128     207.3534     3448.2648    -410.4751   -3011.6642    1507.7767
     163     179.6424     436.2332     703.5487     195.0431     3448.7130    -426.9824   -3033.2834    1502.9145
     164     165.0668     431.5792     695.7048     205.4785     3433.7467    -423.9204   -3086.6235    1421.0321
     165     187.8173     403.1454     697.9345     197.2814     3432.0823    -420.0620   -3038.4112    1459.7878
     166     173.5466     407.1540     710.5197     218.6360     3435.6272    -412.1879   -3149.7552    1383.5404
     167     190.5110     430.8011     696.3750     206.8367     3439.2482    -424.7603   -3111.1797    1427.8319
     168     197.7263     419.4680     689.2258     198.7342     3437.2775    -413.9516   -3002.5216    1525.9587
     169     200.6323     415.0811     688.1830     200.4943     3433.2420    -415.0623   -3121.8106    1400.7599
     170     200.8064     425.0614     690.8272     206.7492     3454.7906    -414.2045   -3075.4398    1488.5905
     171     178.2659     435.0427     705.0246     201.6027     3434.9030    -417.9677   -2998.6677    1538.2035
     172     170.7921     423.8712     689.0462     207.8431     3433.4567    -423.6838   -3059.3804    1441.9450
     173     170.0916     438.3868     689.8992     202.3410     3413.9692    -415.0544   -3022.3376    1477.2956
     174     161.4350     428.8867     680.9089     206.7920     3419.8468    -419.1332   -3037.1219    1441.6144
     175     184.2464     418.9108     699.2009     209.8378     3440.8258    -411.9606   -3088.7860    1452.2752
     176     164.2210     412.7096     730.4642     204.3678     3459.9454    -407.2353   -3072.6134    1491.8594
     177     197.1241     445.2595     708.8502     203.1334     3412.5019    -415.2195   -3063.5584    1488.0912
     178     176.4733     422.7732     704.9403     206.7973     3435.7184    -416.5956   -3011.2982    1518.8086
     179     181.4473     459.1211     702.7188     195.7126     3395.4853    -422.4716   -2971.1816    1540.8319
     180     199.8446     421.5325     696.5800     196.9621     3417.0861    -401.9854   -3008.5717    1521.4483
     181     180.6457     437.2740     682.8639     191.5083     3420.6974    -409.0301   -3053.2314    1450.7279
     182     180.2225     436.2647     705.7828     200.1128     3405.6761    -404.7383   -3100.9033    1422.4174
     183     173.5539     395.8035     692.8303     208.2905     3434.3603    -419.3979   -2944.0686    1541.3719
     184     191.5313     422.9829     701.2373     198.3015     3427.2817    -403.6184   -3096.0031    1441.7133
     185     183.1296     427.7681     706.1752     209.0564     3445.7136    -410.5851   -3096.0290    1465.2289
     186     175.0222     427.3339     700.8809     210.2404     3472.3023    -419.6877   -3186.5342    1379.5578
     187     184.3242     452.7188     689.2225     210.1406     3443.6768    -402.1387   -3068.8061    1509.1379
     188     190.8632     428.2519     703.8889     213.2733     3436.1329    -407.2955   -3038.8358    1526.2789
     189     181.4868     407.2501     709.2657     198.6972     3411.7959    -416.5431   -3046.1129    1445.8397
     190     164.9081     419.2872     691.2174     201.2446     3454.2092    -409.9624   -3052.0859    1468.8182
     191     193.3432     421.7905     706.3990     198.1895     3447.6372    -416.9770   -3084.1969    1466.1855
     192     196.0760     432.2424     704.7725     197.5941     3431.1715    -412.4618   -3099.3582    1450.0365
     193     164.1803     425.8698     715.6781     190.9277     3445.2402    -405.4696   -3105.3596    1431.0668
     194     205.3241     460.8887     705.1509     201.9641     3428.3380    -412.2170   -3060.3849    1529.0639
     195     170.6203     453.2886     683.2255     202.0850     3404.5052    -415.0050   -3100.9557    1397.7640
     196     201.3441     415.5886     698.5152     207.3279     3431.8509    -423.5145   -3014.3604    1516.7517
     197     178.1934     425.6078     697.4340     210.0202     3432.6185    -419.5982   -3089.9065    1434.3691
     198     194.4163     427.3674     679.6361     193.0884     3441.0258    -424.1930   -3084.6383    1426.7026
     199     182.2403     412.5823     697.0655     191.7806     3439.3740    -414.6481   -3120.7405    1387.6542
     200     187.4902     430.6952     692.2233     196.5225     3407.3750    -415.8538   -3042.1187    1456.3337
     201     178.6480     428.8973     696.6957     192.4757     3396.0421    -408.6101   -3096.6525    1387.4963
     202     167.4635     467.3285     701.9816     199.8475     3415.7635    -424.4738   -3074.3123    1453.5985
     203     181.6188     448.3141     693.5822     205.1830     3435.7379    -418.7864   -3063.5884    1482.0612
     204     178.2191     427.4412     698.2858     200.9531     3412.7360    -418.9677   -3068.4319    1430.2356
     205     195.0705     423.7538     702.4840     202.3321     3453.4794    -422.4024   -3082.5101    1472.2073
     206     170.3899     453.2681     688.5998     203.0968     3421.0484    -428.5222   -3095.5128    1412.3681
     207     184.2231     433.7153     696.3860     215.2069     3457.6489    -410.6809   -3070.5611    1505.9383
     208     196.1456     444.7229     692.7368     210.5193     3437.2819    -420.6379   -3130.2968    1430.4718
     209     188.5474     415.2180     690.0594     197.4829     3418.4770    -417.8055   -3033.9540    1458.0251
     210     176.5372     410.1621     692.9661     205.1895     3416.5313    -421.3325   -3007.6008    1472.4530
     211     192.1330     433.4056     710.5617     195.6791     3424.2775    -423.8716   -3076.7842    1455.4009
     212     175.1535     439.0480     709.6763     201.6313     3417.0084    -410.4848   -3060.0584    1471.9742
     213     188.5514     426.1338     706.4353     204.4800     3381.8762    -416.5618   -3067.1003    1423.8146
     214     176.8825     409.1917     702.0782     199.1082     3429.5534    -417.0963   -3092.4744    1407.2433
     215     172.3905     449.5497     692.3986     192.9919     3426.1616    -431.0583   -2969.8601    1532.5738
     216     173.5743     425.2507     701.6623     207.5993     3422.1146    -406.8039   -3045.8881    1477.5093
     217     204.9570     458.9157     695.4745     201.5868     3411.1909    -426.0981   -3065.3550    1480.6719
     218     180.1499     455.5684     714.5199     193.1941     3452.0246    -413.9505   -3161.1311    1420.3753
     219     196.5689     420.3222     708.4733     202.0033     3410.1359    -415.0842   -3036.2030    1486.2164
     220     195.9092     422.4969     711.6494     201.6614     3453.0460    -411.6756   -3127.3260    1445.7614
     221     184.9305     441.2047     712.9198     203.0128     3446.8543    -414.5941   -3080.7867    1493.5413
     222     202.1538     425.7111     714.1319     197.1763     3431.0092    -407.9029   -3148.5477    1413.7316
     223     190.6321     432.1943     695.3420     206.6754     3432.8213    -419.9075   -3021.7879    1515.9699
     224     182.6701     448.4942     701.5749     190.7680     3435.7928    -429.3363   -3022.9107    1507.0531
     225     183.6635     441.8772     716.5685     205.6818     3456.8674    -402.4794   -3036.7745    1565.4045
     226     154.0719     423.7632     702.3636     202.0155     3444.1689    -405.8006   -3113.2099    1407.3726
     227     197.7854     437.4666     700.0843     194.6279     3429.0459    -417.3988   -3041.6205    1499.9908
     228     201.8162     434.6984     723.0353     210.9550     3440.4922    -414.0521   -3159.7791    1437.1658
     229     181.1494     458.5247     714.0752     209.1996     3434.4920    -395.5126   -3138.6251    1463.3033
     230     191.7656     437.2080     709.5549     194.8702     3422.1525    -400.6434   -3121.8744    1433.0334
     231     179.9572     405.2581     686.0936     192.2054     3443.5479    -420.5816   -3057.2401    1429.2405
     232     188.8265     425.7098     714.9919     196.7618     3443.3617    -420.2071   -3054.7277    1494.7169
     233     180.9721     401.1901     724.4554     202.1484     3445.7594    -405.7748   -3140.0906    1408.6600
     234     157.2155     426.7663     703.3725     204.7263     3437.1792    -422.3861   -3178.3865    1328.4872
     235     198.1187     448.2944     710.0113     205.5534     3440.0349    -414.6101   -3154.4206    1432.9821
     236     188.6393     448.6968     696.4053     184.8044     3417.0095    -425.1878   -3128.8691    1381.4983
     237     193.8631     421.7490     706.6375     213.6865     3431.6420    -400.7285   -3104.2074    1462.6422
     238     168.6331     447.2045     689.2485     203.1070     3414.4512    -411.6794   -3108.0771    1402.8878
     239     176.7415     460.8102     715.0826     200.2707     3440.3134    -409.8869   -3155.0596    1428.2720
     240     188.0269     432.0631     709.0408     205.1153     3461.1744    -419.1787   -3111.0605    1465.1813
     241     184.2880     440.5117     710.0974     213.4666     3452.0867    -426.7746   -3142.5683    1431.1075
     242     209.6492     439.6621     701.5254     194.3461     3416.3182    -416.1810   -3091.8644    1453.4556
     243     190.9206     443.9807     716.8733     200.8612     3446.0092    -419.8626   -3108.7215    1470.0610
     244     181.5066     451.6160     711.8909     201.4849     3432.9757    -422.5335   -3037.1226    1519.8180
     245     184.8178     412.3041     712.0910     203.0699     3460.3617    -430.7339   -3056.8691    1485.0416
     246     193.5474     415.0723     724.4799     198.9651     3437.3448    -420.2081   -3028.8211    1520.3803
     247     192.0545     403.6896     721.3050     195.6330     3427.5217    -406.4563   -3027.3772    1506.3702
     248     178.9574     421.2153     690.9562     208.0926     3444.2613    -413.6074   -3049.4276    1480.4477
     249     194.2152     443.3160     707.9515     200.4998     3433.3790    -413.9480   -3046.8441    1518.5694
     250     205.1199     433.4511     697.9856     200.6854     3423.7018    -404.8011   -3094.7263    1461.4164
     251     174.7265     433.1792     712.3914     201.4942     3415.2798    -406.4789   -3109.5330    1421.0592
     252     196.3464     437.5085     707.6203     187.6891     3414.3474    -427.1867   -3020.2518    1496.0733
     253     162.3050     417.0419     703.6708     210.6652     3443.7916    -422.8868   -3066.7033    1447.8843
     254     173.2791     459.3186     721.4833     203.7159     3434.1909    -414.3886   -3144.3903    1433.2089
     255     180.7035     442.1455     694.7079     199.3947     3425.1634    -416.2575   -3078.8012    1447.0563
     256     168.8015     455.8859     717.4884     205.9494     3407.5748    -420.7890   -3067.1722    1467.7388
     257     168.1326     421.0131     720.3310     202.9409     3446.2701    -419.5220   -3065.4709    1473.6949
     258     183.4513     429.4015     710.4151     195.7200     3437.2410    -409.6239   -3136.1662    1410.4388
     259     194.4998     445.1292     711.2763     205.3985     3476.5173    -414.8485   -3198.2125    1419.7600
     260     184.5308     424.3122     712.4322     194.8731     3431.9515    -421.5822   -3086.5558    1439.9618
     261     184.6377     433.4612     714.1188     205.1751     3452.6332    -413.4055   -3172.9934    1403.6270
     262     193.6962     423.8619     708.0916     207.1595     3433.1179    -392.0661   -3142.1049    1431.7561
     263     176.5698     454.8508     707.2557     207.4075     3454.4532    -416.5061   -3070.6813    1513.3495
     264     193.3767     410.0147     719.6379     195.6773     3436.6133    -406.9583   -3126.0287    1422.3328
     265     201.3273     454.9913     703.5791     199.3350     3458.5531    -413.3584   -3097.5339    1506.8934
     266     175.2351     428.5264     698.5733     218.5530     3479.7223    -414.2837   -3140.3569    1445.9693
     267     192.0098     445.2530     705.8631     191.6772     3452.1155    -425.3737   -3107.6172    1453.9277
     268     194.1058     424.2919     709.0012     197.3873     3434.1534    -402.0959   -3046.1964    1510.6472
     269     179.2366     392.5013     712.2791     200.8601     3474.4988    -415.6876   -3020.1551    1523.5333
     270     187.6735     398.5961     707.1228     207.0339     3475.9465    -410.9018   -3128.7160    1436.7550
     271     197.4885     485.0815     712.4775     195.8762     3438.9671    -410.8305   -3097.4651    1521.5952
     272     166.1941     440.1852     704.9225     209.0750     3471.9099    -412.5227   -3081.1684    1498.5956
     273     168.8670     460.8290     704.3468     200.7114     3464.2693    -422.5020   -3113.5468    1462.9748
     274     199.8352     444.5847     708.9665     197.2842     3467.5814    -406.7286   -3081.8687    1529.6546
     275     193.8478     449.4159     721.9959     196.3966     3478.7146    -417.3103   -3139.3961    1483.6644
     276     192.1128     418.4540     733.9276     184.2129     3473.6648    -425.9041   -3149.0481    1427.4200
     277     182.1065     413.7160     714.4599     206.7559     3477.8591    -408.1776   -3190.8187    1395.9009
     278     190.3968     438.9879     707.2036     199.0365     3480.2649    -418.8264   -3135.2947    1461.7686
     279     180.2318     420.0775     720.9287     186.5599     3489.6825    -421.6520   -3144.0650    1431.7634
     280     201.5034     423.4226     708.1203     193.7302     3473.4538    -426.9402   -3146.5343    1426.7559
     281     182.0288     410.4591     717.5948     202.7013     3460.0556    -414.9710   -3142.2464    1415.6223
     282     195.7725     432.5314     706.2623     199.7573     3470.3574    -430.5521   -3092.2649    1481.8639
     283     184.0070     423.0577     712.2667     204.0439     3461.0174    -423.2479   -3133.7726    1427.3722
     284     182.1554     462.8981     707.4990     186.7332     3427.9681    -430.7837   -3034.1235    1502.3466
     285     191.2088     430.4562     716.5291     199.8571     3443.5252    -408.3716   -3136.3500    1436.8547
     286     200.2863     412.5626     713.7239     192.9330     3443.5909    -421.4898   -3121.1277    1420.4791
     287     173.4889     428.9851     705.6072     210.3512     3459.7704    -417.8210   -3075.3743    1485.0074
     288     189.1153     432.1620     710.0354     200.6674     3435.2101    -407.2850   -3059.4017    1500.5033
     289     161.1284     445.8121     710.1394     196.3575     3440.0516    -416.6757   -3083.0392    1453.7740
     290     188.5085     422.1688     708.8559     200.7975     3438.3414    -433.9124   -3098.5676    1426.1920
     291     179.5688     408.2586     709.9283     204.7712     3490.2853    -403.4451   -3084.4741    1504.8930
     292     181.8644     443.7542     721.9136     209.9341     3461.0500    -419.8018   -3092.2818    1506.4328
     293     195.7433     388.8264     712.9387     205.3288     3460.6976    -410.4003   -3077.3418    1475.7927
     294     174.8692     416.7453     722.4678     208.8858     3465.6161    -415.5313   -3058.5745    1514.4783
     295     196.8687     437.6694     719.2237     190.0850     3431.5367    -429.1094   -3119.6245    1426.6496
     296     176.6911     430.3569     707.0309     201.4092     3443.9897    -410.8495   -3099.6963    1448.9321
     297     185.3915     453.3754     715.9383     207.3477     3442.8333    -416.1875   -3086.9037    1501.7949
     298     160.4906     427.3432     706.4121     204.5927     3463.0891    -435.2286   -3152.8204    1373.8788
     299     181.1954     430.3513     701.3471     210.6364     3470.7439    -421.5346   -3075.4835    1497.2559
     300     168.9017     410.6314     698.2438     195.4652     3447.9603    -415.0676   -3113.5302    1392.6047
     301     198.4233     431.8577     716.1710     205.3260     3422.2207    -413.8448   -3102.9154    1457.2386
     302     206.7429     403.0774     704.0876     199.0931     3444.2209    -424.2055   -3127.6370    1405.3795
     303     165.2472     423.0419     697.7772     203.6477     3464.8063    -408.1821   -3100.8945    1445.4437
     304     185.5142     409.4398     711.0295     197.1340     3441.7859    -414.2558   -3094.0496    1436.5980
     305     173.5649     458.2863     704.1808     206.6916     3459.4417    -425.4869   -3106.2846    1470.3938
     306     177.2483     429.4933     698.9544     197.8673     3427.0905    -403.4066   -3057.8015    1469.4458
     307     181.2863     407.2184     709.4373     203.2489     3462.9102    -412.0730   -3061.7093    1490.3188
     308     176.0482     432.2321     699.2827     203.3565     3452.8859    -429.5430   -3112.0134    1422.2489
     309     180.8880     438.1121     726.5434     205.8024     3427.8289    -422.4742   -3103.6935    1453.0072
     310     190.6080     413.1724     728.0209     207.2442     3469.9363    -422.8540   -3190.6356    1395.4922
     311     189.4786     456.1330     705.6337     197.6832     3420.0797    -421.0232   -3092.2694    1455.7156
     312     173.1360     427.0489     696.8299     208.2588     3472.2249    -417.5325   -3144.2122    1415.7538
     313     194.8057     422.0099     710.8582     198.5841     3450.6460    -408.1511   -3086.4797    1482.2732
     314     180.2449     427.3435     699.3124     197.8455     3469.4578    -421.7607   -3018.4317    1534.0117
     315     184.8423     434.2573     697.3978     202.9447     3454.0772    -426.2635   -2989.5595    1557.6962
     316     163.9892     432.6245     707.9753     204.7941     3456.0665    -430.9847   -3021.3279    1513.1371
     317     176.5784     454.7098     702.4168     198.0620     3415.3266    -421.9935   -2994.4317    1530.6683
     318     147.6734     436.4065     706.1294     207.8820     3439.5598    -439.1943   -2987.9898    1510.4669
     319     192.7656     419.2469     702.9195     202.5548     3434.3495    -434.3099   -3062.8162    1454.7102
     320     189.3828     437.2038     703.2419     204.2367     3440.3197    -407.7121   -3045.0590    1521.6138
     321     194.3829     425.7506     702.5703     205.8489     3440.6151    -420.6036   -2980.5806    1567.9837
     322     188.3040     413.8107     708.3265     204.9918     3434.1524    -416.6338   -3009.0416    1523.9099
     323     184.3612     413.6199     710.2764     211.2089     3426.9658    -418.7066   -3108.4316    1419.2938
     324     183.7040     423.6051     699.4364     200.1135     3441.9849    -417.0816   -3076.7167    1455.0456
     325     180.7174     443.0143     707.7021     207.6223     3441.9140    -414.8498   -3047.6148    1518.5055
     326     176.4810     421.5567     704.8135     204.8265     3435.7981    -413.0510   -3055.5970    1474.8278
     327     186.2114     434.4746     696.3027     201.4879     3443.9882    -420.9261   -3049.3828    1492.1559
     328     179.9850     406.3617     710.7025     199.5770     3425.5852    -431.9572   -3082.3317    1407.9226
     329     179.5569     430.5190     716.3370     203.4768     3486.4467    -416.6724   -3103.1135    1496.5505
     330     197.4179     441.9694     700.3513     199.1692     3441.0808    -417.3766   -3066.6282    1495.9839
     331     187.7058     443.8015     689.9765     199.9397     3440.6401    -413.8940   -3102.5648    1445.6048
     332     209.0524     415.9034     695.4274     202.0884     3453.7199    -407.6257   -3021.4971    1547.0687
     333     174.3095     418.9223     698.2091     200.0812     3429.5286    -411.5857   -3061.2646    1448.2006
     334     178.6060     436.4043     729.1851     200.3557     3429.4198    -419.3073   -3069.1715    1485.4921
     335     189.7140     410.4384     705.4895     203.5249     3424.7330    -424.7558   -3013.6642    1495.4799
     336     184.0451     435.3914     716.4433     206.4096     3461.6949    -418.3126   -3030.4095    1555.2622
     337     188.6855     421.3035     712.7344     199.8758     3442.5790    -412.3585   -3041.4983    1511.3213
     338     190.8373     454.9170     705.7624     205.9124     3435.2637    -419.6093   -3007.6663    1565.4171
     339     171.9046     415.6411     713.2828     205.1799     3430.2756    -416.6253   -2862.4641    1657.1945
     340     163.5684     414.3824     711.5556     203.4606     3452.4073    -417.0506   -3000.1279    1528.1958
     341     162.1676     424.0341     697.8152     200.6019     3456.7271    -416.4781   -2978.9790    1545.8888
     342     184.6445     428.3710     710.5398     207.4573     3468.5330    -421.9902   -3073.8781    1503.6774
     343     178.8280     421.3987     720.4222     201.3919     3467.8216    -422.4913   -3078.9059    1488.4653
     344     178.9144     419.7462     725.5961     202.9854     3453.0440    -425.8110   -2981.3839    1573.0911
     345     179.7013     415.5462     712.5645     196.4668     3446.7593    -414.0751   -3037.5031    1499.4599
     346     203.2527     443.7767     693.1074     199.8624     3423.8664    -413.4356   -2995.8889    1554.5412
     347     175.4351     445.4420     696.6372     205.8566     3447.8580    -410.3127   -3051.0015    1509.9147
     348     188.4539     415.9536     701.5685     200.4659     3446.9631    -405.6700   -3013.8139    1533.9212
     349     176.4825     438.3140     709.6899     208.0611     3468.6395    -398.4515   -2935.3160    1667.4193
     350     180.0997     427.5903     712.6277     205.3009     3488.1549    -415.1518   -2989.4222    1609.1995
     351     185.4050     430.4914     708.3941     207.4524     3471.8162    -426.5764   -2997.2647    1579.7179
     352     174.6532     447.1974     706.3791     202.7486     3434.2524    -426.4630   -3009.6054    1529.1625
     353     176.1486     440.5982     701.5699     191.2425     3429.1027    -426.9802   -2992.3844    1519.2973
     354     179.6476     434.3777     709.7211     199.4022     3444.8243    -424.2176   -3060.8223    1482.9330
     355     185.9708     413.1245     696.0649     204.6843     3427.4212    -411.0855   -3013.2218    1502.9585
     356     183.3755     434.1609     704.9772     192.9278     3445.1127    -430.1954   -3028.5767    1501.7821
     357     180.2257     417.2513     697.3774     207.0177     3452.4128    -421.8182   -3009.0642    1523.4025
     358     179.2292     425.7602     717.6620     208.8373     3442.9396    -421.0153   -2982.6711    1570.7419
     359     168.7233     447.0405     717.1245     205.4300     3446.3076    -414.7363   -3039.2607    1530.6289
     360     179.3918     429.8424     724.9033     197.3647     3423.4436    -415.7911   -2967.0685    1572.0863
     361     195.9411     424.1989     701.9377     193.0598     3428.8409    -423.8764   -3035.9809    1484.1211
     362     182.8874     435.5086     711.0911     202.6133     3418.9700    -399.5015   -3025.1604    1526.4085
     363     178.9010     446.7150     683.8231     200.7607     3425.6871    -420.3627   -3013.9318    1501.5924
     364     195.7937     438.7060     717.8258     198.5334     3450.1155    -417.4126   -3073.9172    1509.6447
     365     189.9869     398.9543     714.1835     207.6248     3442.1044    -427.8085   -2952.0627    1572.9827
     366     192.1523     416.4077     722.7263     205.2744     3484.2511    -427.5640   -3102.9320    1490.3157
     367     180.5552     434.2438     719.9687     195.4945     3426.0585    -407.4648   -3077.6888    1471.1670
     368     190.7083     454.9891     719.7100     204.6059     3420.1427    -432.4013   -3005.1313    1552.6234
     369     176.5798     442.3134     684.8708     201.3441     3426.5898    -436.0307   -2989.5437    1506.1235
     370     180.7213     452.6186     701.0237     198.0588     3435.1951    -416.8471   -3018.7001    1532.0703
     371     190.1074     401.3612     716.6895     207.9788     3424.1936    -425.0761   -3021.7098    1493.5445
     372     181.3816     396.4430     706.6745     205.4679     3442.7907    -401.1753   -3018.7109    1512.8715
     373     181.3150     421.3337     701.8715     205.2197     3452.7408    -416.4925   -3086.6522    1459.3360
     374     177.5632     402.3220     698.3366     197.1605     3439.9490    -422.5870   -2983.4604    1509.2839
     375     183.9911     414.8005     712.0151     209.8330     3452.2777    -402.4694   -3002.6161    1567.8318
     376     192.2199     418.5738     705.4448     205.0420     3457.8331    -422.7171   -3035.2064    1521.1902
     377     191.7508     417.7427     707.3126     204.7671     3470.0133    -424.8722   -3052.5471    1514.1671
     378     176.4643     449.4945     707.1129     196.4601     3467.1454    -406.4171   -3066.3974    1523.8628
     379     186.0873     414.9033     710.7756     200.7489     3464.8308    -406.3786   -3029.6343    1541.3329
     380     180.7127     411.1589     706.2516     201.7654     3449.4286    -404.4065   -3034.0910    1510.8196
     381     185.5847     408.8478     739.4604     203.2677     3469.9855    -411.2009   -3062.5261    1533.4191
     382     183.9401     407.9948     697.9700     195.8692     3445.4909    -415.9904   -3015.3693    1499.9054
     383     194.3832     459.8387     677.7713     200.1367     3448.4165    -406.6410   -2991.2468    1582.6586
     384     189.3053     455.3630     696.7904     199.5110     3445.0768    -418.0448   -3000.9329    1567.0687
     385     179.4557     426.7286     706.7169     202.5039     3464.9457    -415.3680   -3023.5064    1541.4765
     386     204.5758     405.8624     695.1667     209.0408     3466.9035    -415.5425   -2975.1364    1590.8703
     387     195.9070     452.7497     696.7798     197.3671     3438.4245    -414.8069   -3084.8080    1481.6132
     388     185.7745     456.5972     704.4132     211.7077     3465.3940    -406.3010   -3005.1309    1612.4548
     389     176.7215     403.7908     715.7146     206.3996     3471.2797    -406.7740   -3093.0373    1474.0948
     390     190.4858     422.5572     720.1522     207.5540     3463.0867    -401.5170   -3024.7301    1577.5888
     391     186.5907     434.9122     716.8961     207.4371     3451.1598    -408.2057   -3068.8460    1519.9442
     392     167.9199     444.0027     696.0688     197.1172     3439.5272    -415.3844   -3068.6827    1460.5685
     393     199.3644     416.1546     707.8929     190.3035     3471.4905    -418.5732   -3009.0046    1557.6282
     394     176.8159     443.0167     715.2060     195.6109     3481.8898    -420.4793   -3069.6035    1522.4565
     395     191.0472     461.2901     733.2639     201.3835     3457.7545    -409.2539   -3163.5140    1471.9712
     396     201.5259     424.9981     703.5549     207.3962     3500.4327    -407.2338   -3169.0905    1461.5835
     397     188.2497     408.3110     715.6590     197.2900     3457.3899    -410.6316   -3087.3639    1468.9041
     398     168.7158     407.9732     724.0628     205.1459     3530.0118    -416.2420   -3160.9570    1458.7106
     399     188.7421     408.6133     702.6099     187.3619     3455.4643    -399.4348   -3047.6800    1495.6767
     400     177.8908     447.8693     720.5875     206.0590     3484.5062    -413.8029   -3109.8991    1513.2108
     401     197.6086     421.8858     719.4378     199.4224     3498.2401    -415.9819   -3115.9907    1504.6219
     402     182.9322     433.2515     728.0517     201.5979     3481.5194    -410.3979   -3073.6911    1543.2637
     403     186.4452     429.7078     722.8619     204.5320     3453.1156    -408.2222   -3010.8643    1577.5759
     404     182.2388     439.4101     721.4594     203.4385     3461.2696    -412.3856   -3055.5284    1539.9025
     405     188.2441     431.9736     711.0869     210.8660     3464.8426    -409.0463   -3055.5013    1542.4655
     406     202.6186     450.6785     710.6202     201.0688     3453.1536    -408.9497   -3068.2437    1540.9463
     407     179.7371     412.2829     701.6727     210.5410     3440.9986    -419.3006   -2991.4026    1534.5292
     408     178.0827     410.0503     725.8269     206.9424     3449.5923    -412.7839   -3031.7629    1525.9479
     409     181.6006     397.9293     703.9913     204.2342     3449.2391    -421.3143   -2982.6483    1533.0319
     410     180.0632     450.5219     695.2555     208.2768     3459.6607    -423.7049   -3080.4012    1489.6719
     411     167.4420     449.3486     718.3311     214.3903     3443.1468    -412.2556   -3132.6269    1447.7763
     412     170.2674     426.7389     720.2334     202.5292     3447.5087    -409.4221   -3018.3364    1539.5191
     413     170.7787     442.1858     686.4450     195.9628     3451.4120    -408.8353   -3082.1825    1455.7665
     414     185.9052     446.8210     714.7716     195.7769     3470.1636    -426.5649   -3086.5705    1500.3029
     415     172.5986     433.4988     691.6172     194.1171     3436.6532    -413.7495   -3007.3727    1507.3628
     416     180.7307     425.1731     704.5577     203.3408     3442.9357    -413.5140   -3056.7861    1486.4378
     417     178.9492     428.9450     711.9916     208.8133     3466.6834    -393.2237   -3129.7578    1472.4011
     418     175.7244     427.6833     717.6824     200.5456     3445.9792    -411.6129   -3068.4689    1487.5330
     419     204.2031     431.3496     702.9317     195.7295     3475.3835    -412.5612   -3147.0708    1449.9654
     420     180.5309     411.2065     701.5882     211.6685     3463.8387    -409.6808   -3014.2766    1544.8754
     421     177.6980     427.7353     708.6385     201.6253     3448.3556    -417.2382   -3125.1332    1421.6814
     422     207.4441     447.7167     698.6985     203.8129     3464.6846    -423.8274   -3118.9453    1479.5842
     423     175.8743     406.8108     694.5826     197.7212     3440.5641    -413.7534   -3090.5029    1411.2967
     424     204.2215     438.5961     712.2920     197.5869     3459.3777    -394.1600   -3158.6562    1459.2579
     425     164.7417     459.2447     707.4388     194.0203     3432.7304    -422.7551   -3106.1759    1429.2449
     426     188.3347     419.1795     703.2974     197.5844     3467.5377    -408.3853   -3153.9903    1413.5581
     427     187.7809     427.3757     721.7548     204.4162     3439.2155    -401.0137   -3090.7826    1488.7467
     428     194.2369     458.8277     710.5075     193.8613     3439.3186    -405.9977   -3138.5749    1452.1794
     429     172.5790     394.0908     713.0469     209.1247     3479.2989    -416.4409   -3196.6672    1355.0322
     430     178.0282     402.9948     719.1282     203.9634     3487.6992    -421.1251   -3125.8890    1444.7997
     431     181.6532     454.2960     710.6265     206.6600     3500.8396    -423.0006   -3142.9487    1488.1261
     432     171.2028     451.1863     698.2864     195.0082     3456.1385    -423.3763   -3198.8802    1349.5657
     433     199.9808     416.4038     723.4624     205.2080     3471.8628    -413.8362   -3233.4491    1369.6325
     434     181.5237     418.7601     721.8193     205.3156     3477.9758    -407.5972   -3209.9455    1387.8518
     435     185.6300     414.9438     729.7885     199.1825     3469.3307    -417.6199   -3145.0045    1436.2511
     436     199.9201     408.4084     711.8885     195.6529     3444.2105    -420.6143   -3123.2959    1416.1703
     437     184.1594     419.1478     698.2347     203.6838     3468.0415    -396.1516   -3164.6606    1412.4551
     438     183.4701     457.3732     720.1415     202.9150     3457.1057    -415.0493   -3137.3587    1468.5975
     439     191.0639     418.8355     699.5572     191.0344     3463.4713    -414.8511   -3109.8712    1439.2399
     440     173.3635     450.7495     707.2448     194.8275     3449.3776    -414.5100   -3134.2411    1426.8118
     441     166.8356     450.2492     722.5736     199.8432     3454.8950    -406.7591   -3180.9913    1406.6461
     442     177.0231     398.0873     710.4814     197.7030     3469.4518    -412.9698   -3140.9630    1398.8138
     443     190.8244     433.6872     703.5152     193.4184     3454.5424    -405.8134   -3117.6023    1452.5719
     444     160.5322     425.8802     713.3474     213.2446     3459.5279    -415.5193   -3046.1537    1510.8592
     445     192.9803     415.2803     695.8662     201.4114     3480.0358    -416.1628   -3129.3432    1440.0679
     446     177.9835     449.9864     710.0370     206.7399     3470.6601    -421.4443   -3053.9918    1539.9709
     447     172.8265     415.8932     711.6851     200.4060     3487.0030    -420.3334   -3201.7537    1365.7266
     448     184.3397     438.4751     713.9327     192.5559     3454.2991    -405.4048   -3155.0698    1423.1280
     449     184.4274     432.9951     702.1433     209.1614     3452.0090    -413.3170   -3026.2416    1541.1775
     450     180.1229     416.7932     708.3506     211.6039     3480.6981    -426.6239   -3095.6782    1475.2667
     451     189.5495     413.0090     713.0259     200.4280     3461.7728    -411.8949   -3130.8087    1435.0817
     452     185.3243     427.9102     709.9818     204.5848     3486.8304    -422.8294   -3157.6918    1434.1103
     453     163.7343     409.9246     713.6266     203.3344     3482.8451    -400.1668   -3145.9728    1427.3254
     454     184.4702     444.4789     723.3282     198.3299     3464.1058    -412.1990   -3098.3956    1504.1184
     455     173.7111     441.0694     716.3329     209.5850     3492.8045    -414.1172   -3197.8026    1421.5830
     456     179.5043     423.2297     721.7216     202.0130     3481.4117    -417.9756   -3083.7149    1506.1898
     457     178.9050     449.2710     734.8087     203.8360     3482.9260    -422.3985   -3145.6044    1481.7437
     458     176.0207     424.8261     708.3438     203.9036     3491.3456    -403.7163   -3194.3489    1406.3747
     459     196.5699     418.3110     711.5059     211.0976     3477.2387    -411.2621   -3149.7575    1453.7034
     460     175.2799     449.9254     709.5908     205.4545     3491.6912    -413.6804   -3149.0088    1469.2525
     461     193.6385     427.3209     697.6765     208.0275     3497.5494    -415.5763   -3121.4155    1487.2211
     462     171.8399     449.6125     717.7672     201.0925     3474.4524    -423.5394   -3143.4636    1447.7614
     463     173.1598     416.5111     714.3705     190.4870     3468.9128    -419.5500   -3105.9574    1437.9339
     464     170.0506     420.8534     713.7527     199.5718     3468.5538    -416.4218   -3110.2846    1446.0760
     465     202.7160     444.4908     711.0567     192.6431     3451.3660    -419.7962   -3107.4268    1475.0494
     466     168.5364     416.3433     711.0311     212.6529     3500.5347    -409.6433   -3206.8141    1392.6409
     467     174.2906     423.5723     712.3314     215.1736     3491.7316    -436.2481   -3115.3540    1465.4973
     468     177.6720     431.6218     721.0326     204.6155     3484.6555    -395.0330   -3164.3342    1460.2302
     469     196.2617     436.7527     715.7334     200.0647     3466.9256    -426.8675   -3073.2456    1515.6251
     470     183.7943     426.6470     729.7043     199.1455     3464.8050    -418.9044   -3102.3499    1482.8418
     471     195.9541     430.5276     727.7181     194.9620     3443.8196    -420.7653   -3060.6387    1511.5774
     472     192.8979     439.5945     700.5053     198.8103     3478.5693    -425.2925   -3030.2570    1554.8278
     473     195.2572     448.7853     717.5240     208.2382     3472.2935    -410.8394   -3029.9436    1601.3151
     474     186.0462     433.2186     725.6767     194.1444     3459.3778    -422.7179   -3128.9063    1446.8395
     475     179.9290     421.7626     717.3510     202.8674     3506.1998    -421.2683   -3166.0387    1440.8027
     476     188.7507     399.1123     721.9322     209.2645     3466.8449    -428.2018   -3110.2778    1447.4250
     477     180.5655     449.2233     706.0864     203.9783     3425.3459    -409.1986   -3106.5573    1449.4436
     478     190.3737     440.0230     707.5979     197.3554     3453.9019    -425.7117   -3135.6367    1427.9036
     479     211.2007     423.6971     701.6129     191.9790     3436.4380    -388.8978   -3103.1198    1472.9100
     480     183.3522     429.9706     708.5366     202.8861     3455.3011    -416.1732   -3099.6095    1464.2638
     481     174.8259     424.0417     696.1026     206.5008     3440.4422    -432.1026   -3129.5028    1380.3079
     482     197.3668     428.3697     720.1599     208.8823     3458.5887    -433.2609   -3085.2461    1494.8605
     483     179.0929     422.7072     733.6593     197.4150     3466.1991    -413.7390   -3185.4494    1399.8852
     484     177.3769     484.1259     697.3040     202.1771     3458.5742    -422.6057   -3207.3289    1389.6235
     485     188.0348     427.5641     693.3564     195.1698     3470.8026    -421.2381   -3119.2482    1434.4414
     486     171.0367     428.1373     713.7799     194.0591     3456.9297    -414.0278   -3130.3616    1419.5534
     487     196.4054     441.4876     708.6968     195.4282     3452.7365    -410.6280   -3182.3358    1401.7907
     488     183.2067     428.7760     717.2326     201.3191     3491.7430    -418.3771   -3211.2405    1392.6598
     489     180.3938     442.2849     734.9806     201.6357     3450.2180    -409.4897   -3091.4505    1508.5727
     490     171.1331     428.7587     707.9360     195.6098     3421.4872    -409.5040   -3092.1906    1423.2302
     491     187.1899     423.5936     712.3833     200.7841     3446.3590    -426.2003   -3088.7513    1455.3581
     492     176.1830     426.2417     717.2285     208.1344     3475.9672    -414.1612   -3176.9789    1412.6147
     493     201.7006     436.3214     719.7621     193.5451     3475.1164    -407.2944   -3127.3511    1491.8001
     494     188.8553     415.2607     704.9239     205.3062     3481.4844    -414.6921   -3156.5083    1424.6302
     495     185.8397     420.5035     709.9472     212.0451     3467.9921    -427.0869   -3138.1075    1431.1333
     496     163.8211     446.9387     713.9130     203.5510     3461.9416    -406.2704   -3180.9396    1402.9554
     497     174.3602     415.2158     713.0816     211.3769     3460.1570    -403.4748   -3166.7210    1403.9955
     498     202.0840     408.7578     711.2739     198.2332     3451.9379    -427.3162   -3138.7421    1406.2286
     499     182.1027     430.5236     717.5158     198.9422     3423.2298    -418.0146   -3047.5751    1486.7244
     500     190.1061     439.6793     704.7683     200.7267     3433.4669    -417.6910   -3112.2249    1438.8315
