0	0.0
1	0.533025324344635
2	0.7234899401664734
3	0.6003425717353821
4	0.5301899313926697
5	0.5664893388748169
6	0.5538404583930969
7	0.49859434366226196
8	0.6179608106613159
9	0.7397249937057495
10	0.5550875067710876
11	0.5774454474449158
12	0.6046224236488342
13	0.5693830847740173
14	0.4926203191280365
15	0.5817473530769348
16	0.6604655385017395
17	0.5093043446540833
18	0.6728240847587585
19	0.597542405128479
20	0.6897149085998535
21	0.6002739667892456
22	0.5654683709144592
23	0.5923289656639099
24	0.5749176144599915
25	0.5899044871330261
26	0.5966697931289673
27	0.6631787419319153
28	0.6469051837921143
29	0.6806796789169312
30	0.5366374850273132
31	0.6196556687355042
32	0.6058411002159119
33	0.6749880313873291
34	0.553856611251831
35	0.6545519232749939
36	0.6683831214904785
37	0.5914230942726135
38	0.6261410713195801
39	0.6089585423469543
40	0.5954680442810059
41	0.5826568603515625
42	0.7177826166152954
43	0.6355908513069153
44	0.6122564673423767
45	0.5802955627441406
46	0.6329007148742676
47	0.6645106077194214
48	0.5855811238288879
49	0.620108425617218
50	0.5920011401176453
51	0.646981418132782
52	0.6291081309318542
53	0.6754790544509888
54	0.5563323497772217
55	0.6933853626251221
56	0.6578596830368042
57	0.6217455863952637
58	0.5994853973388672
59	0.649364709854126
60	0.6933131217956543
61	0.6743445992469788
62	0.6675847768783569
63	0.6154090762138367
64	0.6250097155570984
65	0.6256214380264282
66	0.6649396419525146
67	0.5794738531112671
68	0.7578213214874268
69	0.6352856755256653
70	0.7963356375694275
71	0.5933682918548584
72	0.6556784510612488
73	0.6184966564178467
74	0.5882093906402588
75	0.6091604828834534
76	0.7098681330680847
77	0.6035889387130737
78	0.6977596879005432
79	0.8023814558982849
80	0.6976698040962219
81	0.6233049631118774
82	0.6796457171440125
83	0.5827435255050659
84	0.6192179322242737
85	0.5982972979545593
86	0.5619435906410217
87	0.6744007468223572
88	0.5278599262237549
89	0.5913810133934021
90	0.678236722946167
91	0.6317600607872009
92	0.5850270390510559
93	0.5611975193023682
94	0.5862686038017273
95	0.5799799561500549
96	0.5336370468139648
97	0.5565966963768005
98	0.5989236831665039
99	0.657217264175415
100	0.6109449863433838
101	0.6461946964263916
102	0.6661598682403564
103	0.5617669820785522
104	0.6736017465591431
105	0.6488873362541199
106	0.6299507021903992
107	0.6577377319335938
108	0.5957823991775513
109	0.671578049659729
110	0.6389182209968567
111	0.5206208825111389
112	0.5605869889259338
113	0.5931269526481628
114	0.6096166968345642
115	0.6116403341293335
116	0.547560453414917
117	0.6108628511428833
118	0.5765954852104187
119	0.7316170334815979
120	0.6779577732086182
121	0.7371308207511902
122	0.6270859837532043
123	0.5981878042221069
124	0.6312695145606995
125	0.5876373648643494
126	0.701181948184967
127	0.514408528804779
128	0.7143163681030273
129	0.6421884298324585
130	0.6580953598022461
131	0.662158191204071
132	0.6159009337425232
133	0.6498646140098572
134	0.5824205875396729
135	0.6054342985153198
136	0.6000088453292847
137	0.7363478541374207
138	0.7265028357505798
139	0.6149076819419861
140	0.704265832901001
141	0.602510929107666
142	0.7476649284362793
143	0.6191570162773132
144	0.5907424092292786
145	0.5929087996482849
146	0.6397094130516052
147	0.5350202322006226
148	0.5690323710441589
149	0.6108164191246033
150	0.6220306158065796
151	0.6446863412857056
152	0.6813647747039795
153	0.6451296806335449
154	0.6757557392120361
155	0.5632772445678711
156	0.6839622259140015
157	0.6314828395843506
158	0.6778950095176697
159	0.6533171534538269
160	0.604036271572113
161	0.6496069431304932
162	0.6143133640289307
163	0.5962424278259277
164	0.6203896403312683
165	0.6498541831970215
166	0.5720589756965637
167	0.5787732005119324
168	0.5832927227020264
169	0.5993435382843018
170	0.6308724284172058
171	0.5647242069244385
172	0.5930365920066833
173	0.6928587555885315
174	0.5969747304916382
175	0.6128372550010681
176	0.5211662650108337
177	0.6004698872566223
178	0.6699095964431763
179	0.680968165397644
180	0.5356571674346924
181	0.6539983153343201
182	0.6538747549057007
183	0.5954800248146057
184	0.6566639542579651
185	0.6246525049209595
186	0.6845029592514038
187	0.6245737075805664
188	0.6064688563346863
189	0.5844003558158875
190	0.5811026692390442
191	0.704199492931366
192	0.7270467877388
193	0.6674177646636963
194	0.7150956988334656
195	0.5247147083282471
196	0.6058619022369385
197	0.6164929270744324
198	0.6001001596450806
199	0.6367282271385193
200	0.666539192199707
201	0.6234675049781799
202	0.5360920429229736
203	0.6226969361305237
204	0.6092615723609924
205	0.6225140690803528
206	0.5717886686325073
207	0.5988107919692993
208	0.4869934916496277
209	0.5832424759864807
210	0.5270759463310242
211	0.5931436419487
212	0.6271240711212158
213	0.7488250732421875
214	0.695398211479187
215	0.6477809548377991
216	0.4726071357727051
217	0.6023887991905212
218	0.6108092665672302
219	0.49631786346435547
220	0.5756405591964722
221	0.612391471862793
222	0.528813898563385
223	0.646264374256134
224	0.7784277200698853
225	0.6387458443641663
226	0.6350511312484741
227	0.5949364900588989
228	0.7499198913574219
229	0.5834110975265503
230	0.6168001890182495
231	0.5890730023384094
232	0.5957513451576233
233	0.6243104934692383
234	0.5150744318962097
235	0.5230435132980347
236	0.48597657680511475
237	0.5913680791854858
238	0.6178517937660217
239	0.48115766048431396
240	0.5193129777908325
241	0.5820344686508179
242	0.5032402873039246
243	0.6101167798042297
244	0.6118357181549072
245	0.6087936162948608
246	0.6118011474609375
247	0.555140495300293
248	0.5309628248214722
249	0.48118746280670166
250	0.636339008808136
251	0.6453229784965515
252	0.49034422636032104
253	0.5567401051521301
254	0.6548412442207336
255	0.5393366813659668
256	0.5698358416557312
257	0.6451758742332458
258	0.5666996836662292
259	0.5971839427947998
260	0.6448359489440918
261	0.6017674207687378
262	0.6755129098892212
263	0.6954617500305176
264	0.6470993757247925
265	0.6606995463371277
266	0.558612585067749
267	0.6879738569259644
268	0.694311261177063
269	0.6130266189575195
270	0.6376850605010986
271	0.6065198183059692
272	0.6088377833366394
273	0.6859185099601746
274	0.6494733095169067
275	0.577036440372467
276	0.6183193325996399
277	0.6338207125663757
278	0.604881763458252
279	0.478973388671875
280	0.5845156908035278
281	0.553391695022583
282	0.5968227982521057
283	0.5418728590011597
284	0.5696801543235779
285	0.6181105971336365
286	0.6363208293914795
287	0.5704590082168579
288	0.5053658485412598
289	0.5331515073776245
290	0.7127912640571594
291	0.6969418525695801
292	0.6251634955406189
293	0.6435916423797607
294	0.7003733515739441
295	0.5018474459648132
296	0.5435259342193604
297	0.6078121066093445
298	0.6127947568893433
299	0.5714723467826843
300	0.7131072282791138
301	0.584420919418335
302	0.707564115524292
303	0.5421284437179565
304	0.4723653793334961
305	0.6019659638404846
306	0.5474140644073486
307	0.5321865677833557
308	0.5494611263275146
309	0.6589112877845764
310	0.5569774508476257
311	0.577415406703949
312	0.5594215989112854
313	0.5944167971611023
314	0.6237670183181763
315	0.47930532693862915
316	0.48282724618911743
317	0.5994290709495544
318	0.6383376121520996
319	0.6298072934150696
320	0.6159515976905823
321	0.6708829402923584
322	0.6320508122444153
323	0.7562046647071838
324	0.6049738526344299
325	0.6712154150009155
326	0.6638373136520386
327	0.6858234405517578
328	0.6700006723403931
329	0.628860354423523
330	0.6168592572212219
331	0.7099016904830933
332	0.552550196647644
333	0.6882562637329102
334	0.6775504946708679
335	0.565579354763031
336	0.6367118954658508
337	0.6403117775917053
338	0.6684430837631226
339	0.5475538372993469
340	0.7310237884521484
341	0.7187958359718323
342	0.6345878839492798
343	0.6699755191802979
344	0.6278684139251709
345	0.606596827507019
346	0.6639264822006226
347	0.5361297726631165
348	0.5341809988021851
349	0.5546945929527283
350	0.5897783041000366
351	0.6066606640815735
352	0.6470646262168884
353	0.6555918455123901
354	0.6385536193847656
355	0.7087661623954773
356	0.6435897350311279
357	0.6527861952781677
358	0.6966260671615601
359	0.6379926204681396
360	0.5731770992279053
361	0.7107332348823547
362	0.5643107295036316
363	0.5307905673980713
364	0.6477388143539429
365	0.565436065196991
366	0.5912895798683167
367	0.5532999038696289
368	0.5885634422302246
369	0.6362611055374146
370	0.5388048887252808
371	0.630939781665802
372	0.5798287391662598
373	0.7016686797142029
374	0.6540785431861877
375	0.651880145072937
376	0.5724908709526062
377	0.5943601727485657
378	0.599499523639679
379	0.6127479672431946
380	0.5641244649887085
381	0.5312953591346741
382	0.613868772983551
383	0.6419727206230164
384	0.6104493737220764
385	0.7155900597572327
386	0.5826880931854248
387	0.6923883557319641
388	0.645872175693512
389	0.5854008197784424
390	0.6691266298294067
391	0.6079892516136169
392	0.6245298981666565
393	0.6566409468650818
394	0.6223665475845337
395	0.6337989568710327
396	0.6536997556686401
397	0.5985067486763
398	0.6258881092071533
399	0.58631432056427
400	0.5413427352905273
401	0.6532939672470093
402	0.601438045501709
403	0.6036902070045471
404	0.5773265957832336
405	0.6178927421569824
406	0.666958212852478
407	0.5186207890510559
408	0.5580259561538696
409	0.6018173098564148
410	0.5373584032058716
411	0.6745402216911316
412	0.5932450294494629
413	0.6439453363418579
414	0.619502604007721
415	0.6076093316078186
416	0.5955081582069397
417	0.5829327702522278
418	0.5932379364967346
419	0.5493157505989075
420	0.5492575764656067
421	0.49251100420951843
422	0.5378033518791199
423	0.5391786098480225
424	0.6530022621154785
425	0.5722776055335999
426	0.562559962272644
427	0.6281941533088684
428	0.585176944732666
429	0.5682375431060791
430	0.5472383499145508
431	0.5226617455482483
432	0.6293911337852478
433	0.5632368922233582
434	0.5910265445709229
435	0.632366418838501
436	0.572681188583374
437	0.6835946440696716
438	0.6227423548698425
439	0.6045937538146973
440	0.614875316619873
441	0.618791937828064
442	0.6229234933853149
443	0.6197402477264404
444	0.6003516316413879
445	0.5782831311225891
446	0.6386076807975769
447	0.6917810440063477
448	0.6759253144264221
449	0.5694687962532043
450	0.6742269396781921
451	0.5094793438911438
452	0.6218718886375427
453	0.6431224346160889
454	0.5412529110908508
455	0.731717050075531
456	0.6016267538070679
457	0.7177639603614807
458	0.6061314344406128
459	0.5665223598480225
460	0.7243459224700928
461	0.6032233834266663
462	0.554228663444519
463	0.5755549669265747
464	0.6970822215080261
465	0.6134766340255737
466	0.6285130381584167
467	0.5917311906814575
468	0.5306916832923889
469	0.5685677528381348
470	0.5753453969955444
471	0.7310542464256287
472	0.6700910925865173
473	0.6134876012802124
474	0.6041173338890076
475	0.630254328250885
476	0.5920259952545166
477	0.5885925889015198
478	0.736518383026123
479	0.6143103837966919
480	0.6240927577018738
481	0.6281315088272095
482	0.6671221256256104
483	0.6964758634567261
484	0.5727411508560181
485	0.5111865997314453
486	0.5963234901428223
487	0.6244224905967712
488	0.7655551433563232
489	0.5395273566246033
490	0.5920670032501221
491	0.5729665756225586
492	0.6436842083930969
493	0.7222664952278137
494	0.5898534655570984
495	0.6578324437141418
496	0.7075604200363159
497	0.6060981750488281
498	0.7122512459754944
499	0.6411969065666199
