0 6.467972238007937
1 7.342496463271648
2 6.787980170298386
3 8.081018925463873
4 6.644472982505747
5 5.917099144489076
6 7.1561397476537065
7 7.781613489546963
8 5.581497855109056
9 8.701518926212849
10 7.9656660579941185
11 6.224964774059398
12 7.732198472191105
13 6.093477945048979
14 7.802353057357288
15 7.457359743590596
16 6.590397544593366
17 7.638937406677623
18 8.290246974020206
19 7.166286469033774
20 6.53721126098275
21 7.0476850726928335
22 6.8077709126552755
23 7.365097263730879
24 7.2117474629644365
25 6.986373106572972
26 7.1692011534858135
27 8.588360360623323
28 5.946944346306881
29 6.049106893319362
30 7.0368548554183254
31 6.46794963038437
32 5.913216801770493
33 8.425226644601858
34 7.1161095155397645
35 4.6024189742607415
36 5.551160339367245
37 5.5922923069784565
38 3.081505870491344
39 3.7182299547055986
40 3.5490052751602073
41 3.1911716012137448
42 3.9150565763850773
43 5.7410921093185205
44 6.56056836759061
45 5.005900929166278
46 4.381073095259218
47 6.073000767566675
48 6.32230159002239
49 4.563126174199457
50 3.5988283958692864
51 4.611300137456058
52 3.5705323531908273
53 3.594281508754903
54 5.675406766629496
55 3.9807336371807693
56 5.028804778486416
57 6.650219764516085
58 7.250223666209169
59 3.5824999967629605
60 5.362407570095618
61 3.2730401888081215
62 3.4194049005238756
63 3.8428038604806765
64 3.727532710206607
65 3.898919802354449
66 3.450992053997352
67 3.9326176427791797
68 3.7658063137874374
69 5.1169718761720855
70 8.428044854569425
71 3.5473434256808605
72 3.589748325352187
73 3.140792796205511
74 3.9964634762050397
75 3.737049278647724
76 3.2787626702425845
77 3.1233856991794027
78 6.651148118048173
79 7.379998334124047
80 5.751052908789019
81 5.5454606452158535
82 5.805894939784809
83 5.846787114329939
84 6.182370628898514
85 5.34427349097915
86 6.294002744490463
87 4.945272399256116
88 6.822621108231336
89 6.571386097672092
90 6.5909237976451465
91 7.002434050806842
92 7.8850847457650515
93 7.017675599070593
94 4.983827728656637
95 6.907678914705301
96 7.477776374314956
97 7.075372634640013
98 6.380136891655384
99 7.4580110504264505
100 6.7299522923866775
101 7.5066131739384
102 5.97366952928008
103 4.86229084700464
104 4.032841001450026
105 6.026547469177937
106 5.7671829500124225
107 5.731430337226518
108 6.5260050251816
109 7.065730194232677
110 6.5450431188403195
111 5.095096490956102
112 7.473402543268722
113 8.641703023833372
114 6.944773190567261
115 6.255978710524318
116 7.2628376242195385
117 6.886318367315469
118 6.736957280265076
119 6.796986893561454
120 6.92235926096318
121 7.153184455109072
122 5.360947011879233
123 7.00750054651127
124 6.25003769151807
125 7.655726580990188
126 6.775542096583302
127 6.306580662672437
128 4.335310537088399
129 4.15872895954015
130 6.905411943197257
131 7.624168911483021
132 7.406841433671837
133 6.779890277164685
134 5.65902957148055
135 6.563971464059455
136 6.244980508331955
137 3.862487656567242
138 3.3408034094443333
139 3.452387178799227
140 3.817419733093204
141 6.183453739333075
142 4.838241797569026
143 7.267558354434528
144 6.75305901424994
145 7.682003649651213
146 7.0409636279671295
147 6.618620033001071
148 6.395335423594641
149 7.1833814418765325
150 10.165911670658124
151 7.326795693839461
152 7.602151979149464
153 6.946301688064088
154 7.122906659590407
155 6.6732122621117655
156 6.416260245899319
157 7.382027256738462
158 6.535942931781648
159 6.399700220684697
160 6.591408295594187
161 5.171706852514547
162 6.366272103713898
163 7.592672674440438
164 7.5714428197861885
165 7.460357592561872
166 6.559088947388821
167 8.407552852818178
168 6.430082006746514
169 7.0017213995806165
170 6.786378699350224
171 6.76727250409689
172 5.659016154409443
173 7.322874269136736
174 6.753290117737114
175 6.259902173360272
176 7.128777419397509
177 7.639709337494066
178 6.685757009679689
179 6.220373121035477
180 4.759795040820701
181 7.579717342671177
182 6.3875187697678175
183 5.0869516390586345
184 4.061185667669432
185 6.230749214949813
186 6.063116828605499
187 3.875044072421348
188 6.383033892202458
189 4.808029704039174
190 6.865841594189092
191 5.515098554608483
192 5.214286898284052
193 6.174614883575505
194 5.868193356740958
195 5.49154305999327
196 6.243674744630661
197 5.996563618538596
198 5.5180318120761
199 6.621896993178331
200 6.122417471870123
201 5.8198715433159505
202 6.125757822719263
203 5.334089065692951
204 7.639675108313273
205 6.957086098520218
206 6.900851098329004
207 5.045499390865092
208 7.381212750693988
209 8.592623529183047
210 7.638529002008918
211 6.959371852762718
212 7.086057339725639
213 5.844305086370575
214 6.162236205847075
215 7.11123362696536
216 6.672377679254844
217 7.101270566561296
218 6.672844293334923
219 6.843094901094805
220 6.503183044029341
221 3.3387066121529108
222 4.0106115279279235
223 6.925415647801711
224 5.132507419019954
225 5.278364805177658
226 5.329040920205764
227 3.5442704785825065
228 4.545565783868811
229 5.540252008518154
230 6.4935449327568255
231 4.542236844952498
232 6.270437162509117
233 5.599161449116997
234 5.645383891521622
235 7.709277554686062
236 7.944135712409517
237 5.719072525578113
238 7.139994036151398
239 6.014476919619733
240 7.08434875018986
241 6.3563041740772395
242 6.547970494163438
243 8.479444155863614
244 7.055934544159676
245 6.754520726020804
246 4.815051071599296
247 5.0446864654519255
248 5.7566602046202675
249 5.844418715989963
250 6.410034712609388
251 6.223538631573159
252 6.353114300200792
253 5.954477576876567
254 7.654974034964146
255 6.298994647047262
256 3.338762189437954
257 4.984169492249603
258 7.2811443528257085
259 6.867837640320193
260 5.928010485351911
261 5.307606601313522
262 6.065091608091696
263 4.410213013098998
264 4.2964020781814085
265 6.754820944480652
266 7.233260212006859
267 7.275866401135597
268 3.695174330635709
269 6.333457622488464
270 5.183364817005302
271 3.400245495290955
272 5.93050156633408
273 6.608199311451671
274 3.503895853822585
275 6.769732278266702
276 5.917644858999827
277 7.002246691122928
278 6.735548949452327
279 7.516187675199148
280 6.761425670095914
281 6.6595330924772345
282 5.404991009122423
283 5.439467700865102
284 5.4925399934664485
285 6.6223754148979355
286 5.926773997223909
287 6.625856805424237
288 3.898750977591365
289 6.8971614956893
290 6.4456781180226015
291 6.463658922527344
292 6.1686062562198165
293 5.519461024698076
294 5.746400582034641
295 5.268330366165127
296 6.630580193296185
297 7.94593236927265
298 6.055585609995787
299 7.50095495734081
300 6.222436182789315
301 6.2673808211078965
302 6.063271933868466
303 7.423522911939993
304 7.104288494336853
305 5.838998708642412
306 6.454784238701683
307 5.923652220065535
308 7.247385372062144
309 6.9607074283321335
310 6.533331219523788
311 7.004563105706104
312 7.938272402639881
313 7.1065112855518775
314 6.829697958440374
315 7.157823818273158
316 6.873583803558835
317 5.703353878978157
318 5.772862160898208
319 5.701990646103517
320 4.391350508279004
321 7.105997074211229
322 5.598502292528553
323 6.382235320840119
324 6.758218567209087
325 6.5686714616407915
326 6.315055280622064
327 6.793526965140854
328 7.203705483384821
329 6.766998976515541
330 7.459605193629377
331 6.442517979679158
332 6.162277513527361
333 7.477034557546763
334 6.018751054677197
335 6.1971262794862865
336 7.141561878753533
337 7.056091205636783
338 7.5132714801154465
339 7.815461817720333
340 7.031498851244513
341 6.827216639080234
342 6.5884879598366535
343 6.244050055550512
344 6.51130170414373
345 6.313173187238774
346 5.320103852214573
347 5.519153431755646
348 7.391357380966921
349 7.772151312038488
350 7.46571753005229
351 6.730845397199872
352 7.893474330702643
353 7.3659001669317785
354 5.867615910429412
355 6.287524882144339
356 7.502878886833944
357 5.301561126924633
358 6.237293263807902
359 6.235861625309607
360 6.02037550278651
361 6.829337214785565
362 5.3967883467338575
363 5.903801475648278
364 5.884519641235699
365 4.510022515225891
366 6.488584671273936
367 6.178301066531853
368 3.560047632623894
369 5.342239097741676
370 6.066501127098323
371 6.31887787328918
372 5.818137369543971
373 6.3378415269243735
374 6.821200849293739
375 3.822609766123843
376 6.839778277348378
377 6.827619478735637
378 5.809922809476831
379 7.26292164802351
380 8.097219562904247
381 6.0044569927020985
382 6.25521239890022
383 6.557272969952182
384 6.813136101910825
385 5.824726167926917
386 5.80685902273309
387 7.34402348321309
388 4.2674163334966835
389 5.257788216796539
390 6.065113751719502
391 6.369372298616228
392 6.3232535418455225
393 6.350917023934151
394 5.722701399875791
395 6.749243353634906
396 5.604631283251989
397 6.289229940730004
398 5.718929584457198
399 5.726541981321272
400 8.08695406406409
401 5.632525231185512
402 6.270943374256826
403 6.538086574755495
404 7.173899622327418
405 6.855642062051759
406 7.722694863369957
407 7.534305689074445
408 6.339181016738252
409 7.517890578202377
410 6.39248186107837
411 4.896140087514006
412 8.233086256787463
413 4.432596521797296
414 6.6522961682677995
415 6.9544325292368265
416 6.971431752594172
417 5.347144799434472
418 6.698744251054997
419 5.674123177781848
420 4.405899394223782
421 6.036769040933111
422 6.663177131410611
423 7.386337170564126
424 7.670917481259608
425 7.405767908709976
426 6.457513909103839
427 5.977654663919194
428 6.911935284261188
429 7.762787723256666
430 7.423980775009802
431 6.535453584240799
432 5.599625673070972
433 6.753975991110693
434 3.1274544162990114
435 3.8172406140211375
436 3.0665480640202323
437 3.6472608818276813
438 5.69656137702828
439 6.304878783788153
440 7.416304145535882
441 6.066121103963574
442 7.231783969645221
443 6.1865164989417245
444 7.563313299442208
445 6.333377446723113
446 6.056535110406193
447 3.5716962235683725
448 3.945703664405704
449 6.818503252958559
450 5.903889369009817
451 6.748369692255685
452 7.037783574908249
453 7.344425579956398
454 7.452460687471329
455 9.040733123378777
456 6.852169556260507
457 8.35434614491435
458 9.69698909510975
459 8.070486176058042
460 7.788842498940951
461 8.428791725725242
462 8.765386229555054
463 7.908654954044356
464 3.970637908375885
465 7.784786263092098
466 3.0088773320883577
467 6.298376611451282
468 6.187587187575262
469 6.930528971078085
470 6.559593038681214
471 6.506343331982453
472 7.228973917874637
473 7.4502169839953245
474 6.456036991271583
475 7.728828230741593
476 7.34115428309104
477 6.870315902401402
478 5.75152209579271
479 5.382523027906321
480 6.793963719214066
481 5.34916597282592
482 6.5150687852345675
483 6.057296379133523
484 7.674010194726635
485 7.752173545638123
486 6.784842014422956
487 7.815278055250819
488 8.037236257619059
489 6.121950948853585
490 7.055219097065606
491 6.739697850233881
492 7.363941693735842
493 6.981641171950655
494 7.0797576418940285
495 6.641587140387663
496 5.117203531985652
497 7.193327614878232
498 5.347327064275567
499 6.269906645803412
