0 3.7070178945637
1 3.74882193210717
2 3.6623804506415127
3 3.8359410408603876
4 3.4181798116932307
5 3.765366614316695
6 3.761282972802615
7 3.629193385962416
8 3.7401624175212826
9 3.6435767498505403
10 3.6914659440107314
11 3.8839755375001492
12 3.7845178514512394
13 3.6974793664235612
14 3.829144867609394
15 3.874021814493178
16 3.9611151720381996
17 3.8998655549042827
18 4.035491952212514
19 4.027042837739251
20 4.487282919753183
21 3.992642603173569
22 3.834986673560386
23 4.000976788084565
24 4.260636259206332
25 3.6606576158182897
26 4.101548804098337
27 3.8029674648990337
28 3.319647579678162
29 3.5608108995084957
30 4.2187365192196955
31 4.012014960629159
32 3.5929587484195715
33 3.681808054873761
34 3.8608411403578144
35 4.0287334554877
36 3.811440090656098
37 4.0185031119683705
38 3.7802365453849
39 3.777644374722878
40 3.7885655944136367
41 3.6917512783975437
42 3.4859530048430942
43 3.928873624772825
44 3.873889179587472
45 3.7388559617715957
46 3.8833440333159164
47 3.5617753798925533
48 3.618366945908582
49 3.8952731292621485
50 3.2353145321045904
51 4.188992388680403
52 3.8874635424462722
53 3.8717363894493873
54 4.052745930019406
55 3.6898456834522584
56 3.7356989479194236
57 3.6277019049161883
58 3.7695361995196515
59 3.9826423268965776
60 3.919710202532199
61 3.825433558599568
62 3.7406636318730215
63 3.9373250140895797
64 3.8197998259410397
65 3.7938603015231753
66 4.643533267125224
67 3.6567237807290116
68 3.7748270649533326
69 3.762906490615775
70 3.3681438381661497
71 3.7594764006466916
72 3.846293630350371
73 3.762914518039513
74 3.6754943709899277
75 3.546209304965033
76 3.9947719267652784
77 3.8173740077136187
78 3.7473196791638537
79 3.8362190124953215
80 3.4100669201980147
81 3.7675939159755605
82 3.8442813017675705
83 3.8125761129200506
84 3.483027998724249
85 3.812515758742187
86 4.072299643565371
87 3.430226210595344
88 4.121905922134991
89 3.5812575826212605
90 3.8171594293220186
91 3.86259715754551
92 3.3231050101182618
93 3.869993176601485
94 3.696016731734213
95 3.617947354015449
96 3.9544953865038313
97 3.7585309109986795
98 3.393790030831748
99 3.460961052477841
100 4.290784252578397
101 3.8980037021347953
102 3.9167482418057573
103 3.7296085620305317
104 3.4402838189761185
105 3.7908434831061038
106 3.8331649840737176
107 3.569201288257794
108 3.8455190511987802
109 3.8764450096639935
110 3.6807926164875533
111 3.769841600555329
112 3.5122991300366815
113 3.925630861796112
114 4.091849523591365
115 3.77081786724116
116 3.6973670825475695
117 4.0700675057173
118 3.704703232352464
119 3.7404293995367377
120 3.3988948466016287
121 3.713380602464756
122 3.9451483311612447
123 3.953483164950379
124 3.588642760163182
125 3.04644881331241
126 3.842045101187189
127 3.820173838902663
128 4.028808731767509
129 3.7601789233704697
130 3.614813628828504
131 3.7920046745910074
132 3.974814413219539
133 3.7684232959943356
134 3.637175494295272
135 4.729951113342224
136 3.8563389224286597
137 3.728672970437779
138 4.006639789808201
139 4.025297718903819
140 4.063122080079696
141 4.057745979984094
142 3.702049780481717
143 3.880969092048725
144 3.881251119249974
145 3.3629776122145025
146 3.9435869704589357
147 3.84969241207251
148 3.9133794014980223
149 3.797746704140582
150 3.9781053193762967
151 3.8100583741986336
152 3.961773601567502
153 3.8380749576372897
154 3.9590416769885053
155 3.9381246666479126
156 3.487310084928063
157 3.7007513748073295
158 3.8853948593042515
159 3.851312460805986
160 3.9416768725473936
161 4.078821756057103
162 3.44732624638699
163 4.078054920597519
164 4.133901065384718
165 3.7306765207792565
166 3.7566391277163302
167 3.823428943837701
168 4.34738235649451
169 3.670230871734995
170 4.17585252946619
171 3.758255327898883
172 3.733853959878602
173 3.799160533564646
174 4.0594328975908605
175 3.999200573423533
176 4.397307123021962
177 3.670919397983858
178 3.8277755430699374
179 3.8308765813943086
180 3.6760262617371606
181 3.6537977573872094
182 3.763578296605403
183 3.9311845690403944
184 4.040216579097694
185 5.547197696945195
186 3.9005643913863888
187 4.285162350899516
188 3.883015417173065
189 3.9337271986721305
190 3.8548669852733033
191 3.8477326751657657
192 3.952040849512684
193 3.6448242718307733
194 3.769913137440838
195 4.158796597626603
196 3.7345272838341024
197 3.8653808320959815
198 3.721574774232264
199 3.6210767063028233
200 3.5743955439071295
201 3.671104398893638
202 3.7616987202126246
203 3.798361687846744
204 3.6607259556541747
205 3.9123965804647156
206 3.9381267471048265
207 4.094596724455642
208 3.9520906673298954
209 3.7978336632637117
210 3.714731079814078
211 3.7016292609226666
212 3.9374992412671093
213 3.7605218525066353
214 3.620309083126157
215 3.610006180568866
216 3.9616579640416743
217 3.974117855638212
218 3.854755321886848
219 3.748137536888479
220 3.959262497876846
221 3.808146615495352
222 4.207432588052441
223 3.9934269766337382
224 3.6601059535860823
225 3.7956516353804646
226 3.9770548539057273
227 3.952781603243817
228 4.035129598528742
229 4.028273820574639
230 5.268623506384131
231 3.920931327175997
232 4.102460233622321
233 3.7104086240179273
234 3.7592133120404654
235 3.574953858203049
236 4.158794407369996
237 4.074698098379275
238 3.7981712390348363
239 3.653093043677582
240 3.7060054490528485
241 3.1315427487420493
242 4.269675715430331
243 3.846387858666431
244 5.386020539893733
245 4.0738333533394355
246 4.297040557684203
247 3.7913109050136553
248 6.308910338711861
249 3.8854156024606983
250 5.000958995554894
251 4.7596600639666935
252 3.7936053163154275
253 3.64399188693574
254 4.609415526685407
255 4.893459912635324
256 3.752608140718172
257 3.920830693584151
258 3.8432435287056874
259 3.6601283400437694
260 4.420309685358946
261 4.038514357844244
262 3.6247084353460273
263 3.9152692604763026
264 3.694544774482311
265 3.789445552575739
266 3.6061829335638174
267 3.6911925969844237
268 3.7182460171436524
269 4.74649034178631
270 4.099550657603055
271 3.738114521381471
272 4.238222420107897
273 3.888010110964401
274 5.100746901294107
275 3.8374205608940626
276 3.658250840802212
277 3.7713701521859058
278 3.7378114143185925
279 4.311707490922223
280 3.290041292416696
281 4.030711314894403
282 3.6863140215343995
283 3.6465811851099783
284 4.162603218233098
285 5.757603598694513
286 3.8480922496706373
287 4.91056263316139
288 4.58448953400603
289 3.675432379948915
290 4.9814306047988115
291 4.803023111809014
292 3.8255932821681506
293 5.207668019194715
294 3.700233586420057
295 3.688053016101625
296 4.298381697220533
297 4.787539013493214
298 3.9766977916508353
299 5.100068326912087
300 3.785750494661163
301 6.19771749971584
302 3.9953811557210646
303 3.9858098945518114
304 4.2997846643780315
305 3.8630945288068377
306 4.000757732838076
307 3.540097767000484
308 3.703923650896158
309 3.8365986690409155
310 4.00412046070799
311 3.917375819457246
312 3.8821758656043786
313 3.6838614301001105
314 3.8926220286879447
315 5.951116304970369
316 3.672952982270026
317 3.8511203070399382
318 4.91364280592345
319 3.44334484911034
320 4.973741208870348
321 3.841551528906361
322 3.6276547714294156
323 3.8214197490082134
324 3.8059094341967037
325 4.044052863103361
326 3.8975256438996997
327 3.8877287313161837
328 4.473469244110816
329 3.927806362966219
330 3.779121820301435
331 4.053168618234865
332 3.868442156210748
333 3.5473796728094444
334 4.168676393500735
335 3.682237620379394
336 4.437385635796121
337 3.5638687319991815
338 4.167235987547355
339 3.8675407714007544
340 3.816801898930073
341 4.419520493212808
342 3.8547413707191485
343 3.296415447297594
344 3.5214346757912987
345 3.3187242925640588
346 3.4072217265244205
347 3.5278193202187924
348 3.8199988125914484
349 3.5324030354110447
350 4.231282848799801
351 3.572991921920255
352 3.853582600367786
353 4.035547265515831
354 4.481952124670228
355 4.018610670680083
356 4.4215503442338715
357 3.6777279736553283
358 4.520864768218766
359 4.667994060673252
360 4.72320849044975
361 3.8406485945665074
362 3.5887081563744685
363 3.1948810467278617
364 3.440896327840768
365 4.6948755004252885
366 3.8459522752117485
367 3.6523938422304694
368 3.564120269302172
369 4.21256438134392
370 3.779028569522123
371 6.716464084166627
372 3.752820264833839
373 3.7098908223206264
374 3.7819073710880415
375 3.7167843176793927
376 5.445734017082023
377 4.119911097878257
378 3.72621521491249
379 3.7579798097861388
380 4.607247757402153
381 4.135352148316
382 3.8250784649139926
383 3.7472683679740326
384 4.816907062103629
385 4.135923382899416
386 3.149109269745149
387 4.409508645458348
388 3.9318977274459246
389 3.9508161484877635
390 3.2449597861175032
391 3.7295820621755786
392 3.898765172685939
393 5.205971035262922
394 3.6508668823103285
395 3.7450890433883375
396 3.7235663499382725
397 3.620104908391786
398 3.980645048465088
399 3.7077269587778536
400 3.741186320769913
401 3.7385109636371374
402 3.3455072728410187
403 3.7153514872908584
404 3.942640737371121
405 3.6379907226849757
406 3.7795366256792846
407 3.550340265280756
408 4.471583966091023
409 4.104683288073549
410 3.985100360362402
411 6.108279558839627
412 3.936368779332271
413 3.8685581319611826
414 3.7831800884008224
415 3.495056142975528
416 4.206161406694653
417 3.9794001202502547
418 3.854397369851356
419 4.005417355055498
420 3.950265258087488
421 3.7280424151688916
422 4.2697050764874325
423 3.1518057556464707
424 3.9471609442120537
425 3.814859451124286
426 4.076623801312067
427 3.9330097761142384
428 3.573746917604879
429 3.68927580994316
430 3.9706849999182956
431 3.903097849044283
432 3.917285405038659
433 4.0195537287113865
434 3.7309370608525882
435 4.003585916412961
436 3.8945118923445126
437 4.011561671350132
438 4.150937403709947
439 3.4223422373030057
440 3.187894504604885
441 4.05731907230197
442 3.637192835205226
443 4.223397481570331
444 3.984524793819948
445 3.907611204038033
446 3.860632275881286
447 3.655950705845
448 3.699832185667831
449 3.741534756017995
450 3.833917210705902
451 3.842388292916724
452 3.697860391107239
453 3.6200254651657278
454 3.796778828588726
455 4.820161199155101
456 3.7709721039474915
457 3.5029239549599342
458 3.8902572375265105
459 3.891272502433939
460 3.535374251513784
461 3.9281152596298052
462 3.4979285185317885
463 4.215361968660637
464 3.7682320455658576
465 3.863090515515087
466 3.7773257105738223
467 3.8497683110692553
468 3.917830989157067
469 3.791519129999046
470 3.658787278242825
471 3.771445979934099
472 3.7022593864833797
473 5.706624962552094
474 3.860922786285407
475 3.773789502969005
476 3.6967004401130974
477 4.081538098705517
478 5.036870210273116
479 3.689138743158613
480 3.7289493239635525
481 3.9155753071973236
482 3.800145524994456
483 3.768717123328266
484 3.779865656501498
485 3.6762311513797368
486 4.09056636153775
487 3.3319551068081386
488 3.521066822106409
489 4.1552698953532685
490 3.6987834584516555
491 3.8122527083196025
492 3.742709058853017
493 3.9650303790287094
494 3.6932142709480797
495 3.5684664792815464
496 3.8987250692654993
497 3.8161823669629213
498 3.9378739262588796
499 3.8036735999036195
