0 4.836030132532399
1 6.863772825363965
2 7.542550433573834
3 6.518668674301926
4 4.421940990856712
5 4.852045392717902
6 6.785296850387099
7 4.88664215563339
8 6.75150920557877
9 5.312889216587159
10 7.193319245294796
11 6.375213990491287
12 4.852666248206406
13 4.896538145514346
14 5.313725079171119
15 5.256987848232231
16 4.590632925698889
17 4.594109338916373
18 4.322593662474994
19 5.28779100246797
20 5.007910312000686
21 4.739931986950581
22 4.690702920134881
23 4.623673553624557
24 5.018371906159839
25 4.4797148275275624
26 4.2147658311035325
27 4.978269908695031
28 4.666523859290113
29 4.536158665390494
30 4.837193442066186
31 4.580489680899007
32 4.172163942565205
33 4.705541436744816
34 6.68489361792122
35 4.768396532267063
36 4.474825020042722
37 5.259035897446291
38 5.84460668845102
39 5.112800440921915
40 4.727539761231552
41 4.0001580958943315
42 4.773826904765425
43 4.815363474160807
44 4.692665283996009
45 4.983724891186405
46 4.671823828566493
47 4.990027367192549
48 4.788524440788365
49 4.807175751917087
50 4.266670299135893
51 4.806967373657799
52 4.864755950832836
53 5.060041095168254
54 4.463738806453904
55 5.011981432045168
56 5.996279071963626
57 5.181369770506874
58 4.5470724896970305
59 7.799938560084317
60 8.005892427898647
61 5.917882692145238
62 4.968214891933708
63 6.93226463103028
64 5.05985437489051
65 4.2966589132682325
66 4.869445298565668
67 4.90640495743205
68 4.990169075945133
69 4.710204576153261
70 4.967796580520292
71 5.288148487699922
72 5.10888107181004
73 4.759573789649031
74 4.650071052823589
75 4.588499292903473
76 5.065601938903854
77 4.768019230003881
78 4.89893077342826
79 4.458654882533448
80 5.0901978301518
81 6.411322085323071
82 4.508914254766394
83 4.650608234147266
84 6.042778559590808
85 4.2972786048561655
86 4.386988094689335
87 6.412416318072855
88 4.551780272176108
89 4.661784353425195
90 4.688674351997874
91 5.234897382758015
92 4.742417227043728
93 5.19346922813303
94 4.75350056573622
95 4.430515426250652
96 5.681631666449176
97 5.166132161367241
98 5.278770202522954
99 6.019974720485873
100 5.249965460737367
101 4.125718004962512
102 5.409179391623369
103 5.798370968498335
104 4.562915958009571
105 4.601394291718069
106 5.5939017921854735
107 6.143716898893479
108 4.704977942016844
109 5.694144588407991
110 4.71763713513269
111 5.277074295242465
112 4.744414931853972
113 5.019350333460918
114 5.34663935093531
115 4.901917310395236
116 4.917630810087585
117 5.234327962453989
118 5.953726847266863
119 4.996216094955883
120 5.02474138196605
121 3.768239640342254
122 4.17891119557091
123 4.572807894262093
124 4.844648460702187
125 4.576408601259562
126 4.345206851951338
127 6.118774335814363
128 4.801853412657469
129 4.031135582808136
130 4.1082279296391375
131 4.545450549064932
132 5.0811940096924015
133 4.674466463471369
134 5.651250235195496
135 4.8284146111112305
136 4.970005733724256
137 5.190186750638475
138 5.622027712170952
139 4.711915191359894
140 4.3534705931577315
141 5.466077157796212
142 4.634866685178533
143 4.566103496689208
144 4.449890521386339
145 5.841176869303337
146 5.131902522133023
147 4.429226413214019
148 5.598964930896995
149 5.373412011515753
150 5.688092919013794
151 5.062913365558895
152 4.8448318361208145
153 6.477603008609005
154 6.866176784316958
155 5.705040852439451
156 5.281545276725376
157 4.718411621741912
158 4.621926069246953
159 5.91029480434047
160 5.615589279841229
161 6.88929830732617
162 4.896942430428608
163 5.149281634933487
164 5.025423248162127
165 6.0598966695701435
166 4.648837991839116
167 5.278274017954929
168 4.6499226386628445
169 5.011330820223017
170 5.002027774876009
171 4.855822486907987
172 4.688840476593183
173 4.6580224778323185
174 5.065533965569856
175 6.093103900118657
176 6.967904053405093
177 6.926972554635701
178 4.888977276728454
179 5.339880737829345
180 4.72057678170818
181 4.899648767236433
182 4.568500978441963
183 4.413026687994551
184 4.610845378127719
185 4.792147196455745
186 4.397741481704992
187 4.7825869494235675
188 5.6682478125624245
189 4.663717331233828
190 4.784578345309143
191 5.025866691539622
192 5.080261945182553
193 6.576603617309249
194 4.737405710751976
195 5.889777438368956
196 4.836601500912333
197 4.699879346711094
198 6.648071979396704
199 4.776489175240289
200 5.337334309630623
201 4.62787577090655
202 7.634274961651552
203 6.051352744463008
204 4.495471560705351
205 4.7414897807963134
206 5.0154652994948545
207 4.985381886714122
208 5.74923595868016
209 4.607397370122794
210 5.955557538337712
211 5.260577341699424
212 4.44978755468497
213 5.429794746525352
214 4.8930220580859425
215 5.067880825172339
216 4.336220929283925
217 5.0383261673306405
218 5.117919767268492
219 4.405124957882781
220 6.687485328466585
221 6.106191565205948
222 5.024370425549637
223 5.407857384910432
224 4.754683550886982
225 5.9242959375284165
226 4.790372877988627
227 5.111632881048411
228 4.283463287890804
229 6.405857248038655
230 4.700137672130564
231 5.074929426263904
232 5.260124795568072
233 5.199323745355344
234 5.744102767432005
235 6.467093819454976
236 4.135420280792106
237 5.041670758666538
238 4.500745147315692
239 4.674428864903169
240 4.4173585386291165
241 6.982438146032081
242 5.144527886831031
243 6.236171125741578
244 4.443145719953526
245 5.393633445132386
246 5.014744817610415
247 4.57393513727039
248 4.541383297464789
249 4.86516214316533
250 4.0631479250551035
251 5.817492163749461
252 4.858217551931894
253 4.5750335225426335
254 5.460333963299117
255 5.526992164263994
256 5.663029383805391
257 6.563650646966433
258 5.20636469540268
259 5.341981759909554
260 4.297488812621355
261 5.9012541716864595
262 4.699973274573889
263 5.514862166066083
264 6.828167628703667
265 4.3689131795658325
266 5.595941247844352
267 4.7563069323942315
268 5.274826488594219
269 4.785855269483417
270 4.778947916108246
271 5.565751862992683
272 4.973911276093379
273 6.641162896044861
274 4.785069235385323
275 5.117179164780289
276 5.300675473686364
277 5.454264653382678
278 4.740070079069019
279 6.59650706548771
280 5.059605798170612
281 5.51891745551395
282 4.889249952137681
283 6.528638553084313
284 4.1817355970740415
285 4.970803206932156
286 4.836846222458205
287 4.586619547124127
288 4.858302629754338
289 4.450494658875928
290 4.779154376168086
291 4.7348097322435025
292 5.422382613284907
293 5.032195350393839
294 6.388426207911512
295 4.949611352471753
296 4.598149646649261
297 5.416128892412291
298 6.098526427005312
299 5.138588183151319
300 5.28499164863001
301 4.588175738716323
302 5.036270536562768
303 4.821838084607818
304 4.9001763980308075
305 4.8750207363643225
306 4.958425111897021
307 5.119811750060793
308 5.2455208645308655
309 5.1322895425948944
310 6.014840842432411
311 6.620895240092859
312 4.864546402007051
313 5.277697471545944
314 5.57846480607249
315 4.8286962497287105
316 4.885498395931125
317 6.69494022248454
318 5.476872211097916
319 5.852865374539665
320 5.477422590981474
321 5.599041011586432
322 4.536847860345396
323 4.493834555275431
324 5.659468577358379
325 5.2663323219689335
326 4.6862707190412705
327 4.4378241836483685
328 4.088569555779864
329 4.223847668089417
330 4.128556485915202
331 4.473954419309478
332 6.120103991307711
333 5.417472160581681
334 5.849378503162788
335 5.028485441395283
336 4.701324130950976
337 4.916247694391726
338 4.7279172136713195
339 5.745913728953278
340 4.843446559743698
341 5.871640585508351
342 5.992006934493625
343 4.579284561403918
344 5.23989143844855
345 4.255942709180585
346 5.448387002499767
347 4.855248208199115
348 7.879699175226638
349 5.716606655198662
350 4.9938226476303464
351 5.290040860844097
352 4.611875650113393
353 4.457977193234712
354 4.676661556925089
355 4.124416015244458
356 4.107077763216616
357 4.384149280058517
358 4.321433612264814
359 4.637758935419523
360 5.089988802178042
361 5.510435903261859
362 4.115740988217065
363 4.32085025149868
364 4.514497673564341
365 4.764549466941643
366 4.610423859549008
367 4.94940869074684
368 4.379959818892515
369 4.226394089113048
370 4.427190999831106
371 4.140947615751335
372 4.606152117091363
373 4.199388641935156
374 4.370553707897841
375 5.86666111864321
376 4.55788581088662
377 5.034530005857046
378 5.0838360741212885
379 5.3299592336692205
380 4.080827392533745
381 4.767949703788322
382 5.3022508239777055
383 5.467178702887732
384 5.202810573638234
385 5.1209694671384245
386 5.355634072366865
387 6.916542351072425
388 4.320821643692627
389 5.4121990401028555
390 4.083665000569644
391 4.5702310911626505
392 5.1696650001910776
393 5.0947271540536345
394 4.864459794548405
395 4.789422864802633
396 4.475946518842117
397 4.742360768497406
398 4.152149333662232
399 4.138029401325521
400 4.480059363752886
401 4.658309513979292
402 5.538068395397441
403 4.327637768247122
404 4.108500344717741
405 5.819968936781703
406 4.955360664694291
407 4.389589050760792
408 4.969533847756815
409 4.317665186319575
410 4.610309355338437
411 4.868061211312758
412 5.535386355360495
413 5.790229050911524
414 5.694488954099318
415 5.335255161537764
416 4.90892786508748
417 4.273195788941797
418 5.804136993133606
419 5.365873335348036
420 4.948288254182274
421 4.911126594479697
422 5.444549341932434
423 4.237857323658259
424 4.697341027327857
425 5.3736135125480695
426 6.590560459262857
427 4.691311728817632
428 7.153653833489154
429 5.818256769743368
430 5.801720790587088
431 6.036654282016889
432 4.479075250528892
433 6.1516376701862
434 7.326640909262795
435 5.564356718157047
436 4.8441069976877476
437 6.064692886046537
438 4.665713195659371
439 5.497762648436785
440 4.50033694406656
441 4.94630405627164
442 4.665418476537062
443 4.657504020847636
444 4.990624725344488
445 4.271155096473774
446 4.631694916575595
447 4.829716169086834
448 4.606824468715541
449 4.804690856096436
450 5.065351190628004
451 4.554437927873373
452 3.9040782346401737
453 5.7043138982573955
454 4.493749531457965
455 5.289673280828998
456 4.6955510937632665
457 4.7410130268211175
458 4.5452114496013705
459 5.720222560286415
460 5.223176783532595
461 5.942788520288454
462 4.658572660291895
463 5.11340597944285
464 5.814604722056746
465 6.730072176346947
466 6.841881076434485
467 6.2823456300850795
468 5.964023731889461
469 7.679869041937238
470 5.684404852200091
471 4.584619092565157
472 5.056595338950806
473 4.826202213440525
474 5.199542130771051
475 4.743289083647769
476 6.556418739922213
477 5.1537194169373395
478 5.3470694570458726
479 4.888650309667584
480 4.794273805936653
481 4.734547542519832
482 5.073640478430044
483 4.789622612568451
484 4.776687170355558
485 5.319022741122468
486 4.0627406071792525
487 4.526362063625828
488 4.91182594059735
489 4.659621340937013
490 4.088289251782921
491 4.499543256689526
492 5.043697360256598
493 5.22047865024373
494 5.501133886646184
495 4.735488589915874
496 4.858767999420765
497 4.990028782085285
498 5.4096200525466145
499 4.757275819885871
