0 6.440013373606419
1 6.7113996800266245
2 6.344821131663247
3 6.675497195415556
4 4.986629813770428
5 4.084538477357779
6 5.256877666978502
7 5.241369569864636
8 5.1043280692572655
9 3.6586604606163657
10 5.852766687201434
11 5.684079184563314
12 5.0501799608040745
13 4.974158398127038
14 5.42903909648617
15 3.3235944013429215
16 3.591392857715727
17 3.925000009912375
18 6.8605627425439915
19 7.305600358864057
20 3.404847380732667
21 4.757070142420305
22 6.2056141814388885
23 6.482390618729431
24 6.199693060998965
25 6.791902395500856
26 8.06298502455964
27 6.083659932374465
28 4.80899243234596
29 8.247696574860877
30 5.637531155094638
31 6.167862516601644
32 5.906398670434787
33 6.682431832498171
34 3.662845938017389
35 3.709269021200002
36 3.5731321095207
37 3.914814516294894
38 4.4109779423276825
39 3.5914698939521235
40 3.5579325230375987
41 3.6664276719547266
42 3.5845593598051027
43 3.039134285242458
44 5.266899937476201
45 4.7862798784393465
46 5.840233479478229
47 3.571821478689894
48 5.035553885224629
49 3.701401446694368
50 5.095881606080433
51 3.32252260659345
52 3.4688378518385963
53 4.542895948192471
54 3.698865029182332
55 3.51836336856934
56 7.387680712017106
57 5.158011470899607
58 6.814557992914643
59 7.788223411526812
60 5.615875730017524
61 4.9164118571277955
62 4.95163382877322
63 5.48789297526449
64 3.6822842940294773
65 3.6477757910451514
66 3.8081718128199453
67 5.79379754104984
68 3.571092201576782
69 3.6071606825562275
70 3.802948885223034
71 5.374583864205764
72 4.416674007090945
73 5.531970095714966
74 5.81671377683161
75 3.6604468331808913
76 5.883854782968621
77 6.348359467335004
78 5.828535060193057
79 5.8116662265439585
80 4.882706058804209
81 3.524408023394621
82 4.615749988638181
83 3.188479197132603
84 4.80654519000545
85 7.66029765052615
86 4.7230438122775
87 5.347719779448858
88 5.897700996042173
89 6.579097092104227
90 6.6481124695874145
91 5.293809148780572
92 4.733980212909039
93 3.805591421971148
94 3.5661187533148153
95 3.8931773275797754
96 3.9662664177307554
97 5.460490553779772
98 5.159040569846615
99 5.030133212923639
100 6.049714761166072
101 6.7123837494362055
102 6.485664735893504
103 3.3630709278684265
104 4.824580909878511
105 3.539654200979105
106 3.619450329809724
107 3.406609482592834
108 3.4536905773298416
109 4.490371418118921
110 3.6620228479782786
111 4.584572660084153
112 4.8624348042473375
113 4.458196429071773
114 5.6969342325536125
115 4.645092056211537
116 6.479538873405905
117 5.824064518826736
118 4.576349875319611
119 5.9166760281147335
120 6.5506345835480175
121 6.934863201706173
122 7.126010520237969
123 7.416550273475363
124 7.587556881136755
125 7.247499198380374
126 6.153440537924077
127 3.603619925235451
128 7.830077461395817
129 5.899561992281958
130 6.178440301945048
131 6.2565819910921086
132 6.1252635527605195
133 6.96942155517637
134 5.384214706709984
135 5.607715401989891
136 4.564069041162116
137 5.5196260305994445
138 5.522611070148068
139 5.951992824040653
140 6.071561273573248
141 4.287336271379569
142 3.7505340172059682
143 4.31976218435661
144 5.572334314931865
145 5.76285634235337
146 6.73218988571925
147 7.320577822330862
148 6.602620979642485
149 5.957303782677278
150 5.539325986380521
151 4.671294816325217
152 3.7155708572539288
153 3.6776336218741648
154 5.237268558503553
155 3.7092426086879766
156 5.543835381526659
157 3.4352099227197654
158 3.449646836709599
159 3.7956840331868538
160 4.0473614820018
161 5.222906853112796
162 4.958044434551943
163 4.209670617086636
164 5.11793055980029
165 3.6411780571255727
166 5.821374128342173
167 5.965577146282493
168 3.2634028279806118
169 4.0533460903598035
170 5.356043057850826
171 6.606889804734726
172 5.526034158365924
173 6.727891412595053
174 5.419928908371712
175 5.200299751090749
176 3.3205171550767036
177 3.6690286698451082
178 6.22416708712405
179 7.046588441325309
180 6.236456657556211
181 6.184280268089616
182 6.032677087571951
183 6.241639319478493
184 6.116102238405689
185 7.727518155717449
186 6.433566682161589
187 5.722339530970259
188 5.150112791101576
189 6.959729788619319
190 4.6970467422075
191 6.860713404786194
192 5.488968309064697
193 7.683243251354389
194 6.232258388008247
195 4.808307574600985
196 5.8157222248565255
197 6.307459972247138
198 4.796758611728028
199 4.954266549266927
200 3.417325306822301
201 3.582706446392188
202 3.73017554449946
203 3.7353200383770866
204 3.8727757687361795
205 5.054986841144474
206 6.861300087436044
207 4.448751249742944
208 4.331471255728098
209 6.63084793156932
210 5.782923739930992
211 6.419070351744277
212 4.076479270868707
213 3.9233132718824857
214 6.209033123545574
215 3.4179231022288925
216 5.09015249932992
217 5.160142460808961
218 3.6660335235918597
219 3.330390047426507
220 3.699193460564498
221 3.529724806073506
222 5.1075556923144685
223 3.740836927078485
224 6.360220123580923
225 4.766956839186709
226 6.224812415438116
227 7.648332839219791
228 6.230064201977048
229 6.788574663273071
230 4.325896893631799
231 5.394916587378648
232 6.240694042595709
233 7.391934620518795
234 6.460869078313301
235 6.639446101927555
236 6.037967438126826
237 7.011828430420933
238 6.031705182235343
239 5.672227679646584
240 5.375586776412002
241 6.29356275216709
242 6.920011817713779
243 5.383383014831676
244 8.433804446899133
245 5.941112956924529
246 6.550205590075053
247 6.224300387516944
248 5.232671855021324
249 5.7676587409325615
250 3.6975462789908446
251 5.594655260711765
252 5.16662925234437
253 6.168708588015462
254 6.3743663028312
255 7.0508058993813965
256 6.60469561832074
257 6.497385003300299
258 6.605567054771994
259 5.685511629511327
260 6.714966102311464
261 5.8825867322347065
262 6.3540540152534195
263 6.496529170890081
264 6.850380130017399
265 8.425832229447423
266 7.439538978194731
267 3.5594919351932037
268 6.022877310743636
269 3.8489298882646428
270 5.96378166068752
271 6.385038301649571
272 4.989670739643838
273 5.739406767611104
274 6.343474581044817
275 4.997945052713214
276 7.76135438861369
277 6.452240386068327
278 5.16571259623416
279 6.343330875573434
280 5.414518873128118
281 6.220060476652037
282 6.345009808400642
283 6.150860554911485
284 7.096599481111919
285 5.231538371377368
286 3.195470629539848
287 4.454625263416988
288 4.737129196583202
289 5.784635098484238
290 5.970242412646472
291 4.433187733859998
292 4.833090649176959
293 5.282341294439544
294 3.839204329474226
295 3.698138681609074
296 5.025925190532505
297 4.137270500183163
298 3.6272008766273016
299 4.209330001687215
300 5.566728796717333
301 6.78899408895639
302 4.9077675400263425
303 5.416341769320001
304 6.352736505549137
305 5.829845433859011
306 4.373386994230455
307 3.2225757117473655
308 4.456005799543896
309 3.564541270986647
310 5.103942707130901
311 3.844452780562886
312 5.515753167773271
313 4.774659453994534
314 6.046153013344424
315 5.754218067215968
316 6.136937811732143
317 7.14009919633552
318 6.63422488848393
319 6.3095590009419436
320 7.323517633867751
321 6.975423453096652
322 7.747500816745607
323 5.427268104154931
324 6.524708440886817
325 6.778498503366799
326 7.543553172453364
327 6.851825705885315
328 5.838000667395617
329 5.738165765990945
330 5.717326170128509
331 3.651282243266026
332 3.552390774064533
333 3.519415194942755
334 3.672221523962229
335 3.6567437313068454
336 5.459678047360589
337 6.320207408133525
338 6.367107607752655
339 6.276249273576014
340 5.581555923961067
341 6.092997163071862
342 6.946702687870099
343 5.626727435689976
344 4.902537189286903
345 6.688139024144391
346 6.268794787053495
347 7.916063379592648
348 7.417000864889642
349 6.631880417174924
350 5.3648552084380805
351 5.256975771138241
352 6.2246970050733
353 7.419754628174482
354 5.7670601479851085
355 4.025518832181859
356 6.943937209220867
357 5.29805492982973
358 6.687727877071656
359 5.862382516415395
360 6.576598274991904
361 5.7862244618156335
362 7.585780519671338
363 5.340527075987691
364 5.988240156554431
365 4.726500762947609
366 5.628827302317825
367 3.7130362790448483
368 5.81072801619977
369 3.474364669383674
370 4.13317991923494
371 3.7199023020827897
372 3.552210527599725
373 3.564216270022335
374 3.719425499866842
375 3.421592668653684
376 6.261524988054268
377 4.636512474875651
378 5.876965636339484
379 3.772096403283452
380 3.7841047784794535
381 3.578819528332019
382 3.442513155059532
383 6.26418567465987
384 5.23596874557639
385 5.7073097577936425
386 6.116208700316741
387 7.23123944552849
388 6.379086190402872
389 5.854772545164096
390 6.236078158101383
391 5.6827454988230475
392 4.977514771310395
393 7.224064981464168
394 5.117811166111411
395 5.211965654769998
396 5.159112326326518
397 5.298933655354766
398 3.249344557174479
399 3.860741136537814
400 3.626298292869987
401 5.70831954659487
402 8.324947924164558
403 3.7264248357451524
404 5.253822650691488
405 5.224634146521626
406 3.6497505905535648
407 3.47410711938413
408 4.080442401877586
409 3.736541272700302
410 4.09419257370882
411 3.602388224620771
412 3.8250614535390084
413 5.238843316501178
414 5.320825434317285
415 5.980885494019962
416 4.921748850769473
417 3.5378933461801934
418 5.378031708952553
419 4.039120066711962
420 6.0337347252331295
421 6.157398181762849
422 3.527707912810224
423 3.8047287499679734
424 3.5133632926780223
425 3.542219913120206
426 5.447538953394138
427 3.6694483966060463
428 3.808949854982646
429 6.035049020923792
430 4.393700459400271
431 6.913395950229975
432 6.6405803260153515
433 4.8623485337012635
434 4.648351401668336
435 5.617495027359725
436 6.350173770284712
437 6.157444184566529
438 3.8201051418719834
439 4.887192599664366
440 3.9407483281722935
441 3.8095205971566766
442 6.594556081736398
443 5.537309049949166
444 5.310693143231284
445 5.922901056183783
446 5.352417425868129
447 6.117364046668593
448 5.515857446671936
449 6.697719543627066
450 6.786093456523819
451 6.549790291200631
452 7.117653689396555
453 7.155955599584817
454 6.539463711972213
455 4.855014292458083
456 6.486973158517417
457 6.025066056064171
458 4.744319870990325
459 5.844304485135961
460 6.85748852236604
461 5.655076031752844
462 5.280554521349849
463 6.99861602374963
464 6.17936982146645
465 6.593668091185322
466 3.4002514397751784
467 3.8916343372982305
468 4.0236099299845
469 6.284656196591532
470 5.623658382817642
471 3.6879613828918294
472 5.139767603539087
473 3.5007272687162896
474 3.7526105448101106
475 5.803538646482376
476 6.90449917573162
477 7.796809652628971
478 6.380767041436321
479 5.732213797800996
480 7.146619778614754
481 6.167804543744734
482 6.049036326549515
483 6.2071333801915
484 5.471201193042652
485 7.950071753554105
486 5.417916625525345
487 4.37203807220988
488 4.842965405780775
489 3.958124532950105
490 5.701856813754537
491 6.3522689944447555
492 5.797849669840762
493 3.646020487949387
494 3.6677853350548517
495 5.379975248090088
496 3.434213400096957
497 7.144365431452424
498 6.380187013562798
499 7.20428578891219
