0 6.753966401788015
1 7.652049311359864
2 6.307068552630878
3 6.429896840242591
4 7.709458965408108
5 6.85617994617192
6 6.730586113328154
7 6.418504469619651
8 6.601783967584861
9 7.9144260969120985
10 7.327897255169106
11 8.526688203262431
12 6.2179662551163375
13 8.496055894608618
14 9.537041101929459
15 8.780621214643057
16 9.621885515088161
17 10.331567797333337
18 9.605562765467772
19 10.192594310829728
20 10.645133669579767
21 10.697256976613327
22 9.911097680358226
23 10.64430417883166
24 10.317153736206645
25 10.017537804559254
26 11.157233170411127
27 10.603665641355445
28 10.807243527512995
29 10.464470452152316
30 9.513321392186993
31 9.868204194961931
32 9.300188137840651
33 9.169303077592525
34 10.780204552547403
35 9.781259851460888
36 8.98310319735465
37 9.791861103745042
38 9.447517699355195
39 9.381763039790462
40 9.588035486656326
41 9.699774220573463
42 10.120288373241685
43 9.886146850851222
44 9.333013857033556
45 11.312698646135042
46 10.162419920829839
47 10.629480299066989
48 12.00403251818467
49 11.075961532496464
50 10.578471440525924
51 11.197447294962595
52 10.38489242137007
53 11.596694308966592
54 10.988585622923008
55 11.745194912281155
56 10.356966574689377
57 11.19292632239534
58 10.987862047367605
59 11.93197692039818
60 11.238662074441121
61 10.926595006372
62 11.295045696167804
63 11.432098138253348
64 11.073737723671059
65 11.105346454524769
66 11.271152683722894
67 12.351987095229646
68 10.81006631246343
69 10.438569337351785
70 8.903132285653276
71 10.83515806992131
72 10.126654526884018
73 10.563686584895605
74 10.318309200631102
75 11.216685418693956
76 9.648051387844662
77 9.197401172119879
78 9.464759704239158
79 10.207439452631661
80 11.315232533219266
81 11.049366110024186
82 11.03954632341982
83 11.259894611839242
84 10.242158342618017
85 9.338153635906403
86 10.70394436978315
87 9.582996527082107
88 10.8689648657076
89 10.148215348990124
90 10.383482558316183
91 10.45475492662217
92 9.305285130043744
93 10.140349653721689
94 10.772703085968905
95 11.626168883360801
96 10.540975657051485
97 11.550022290888242
98 9.512492517948344
99 9.612250774315939
100 10.759924960965325
101 12.00158938629564
102 11.96172297474476
103 10.752880285125533
104 11.453446476338817
105 10.632748465202893
106 10.757267172167847
107 11.616570865806505
108 11.204969096119498
109 11.692226472306345
110 11.03470601426584
111 11.31165342505967
112 10.222049471410717
113 11.22310530963833
114 10.787343501545292
115 9.824775698328354
116 10.816808117878129
117 10.603774819503233
118 9.5849453369039
119 10.318525788332412
120 9.205661972928365
121 10.557766562658829
122 11.046380832237956
123 9.296123892491323
124 10.198762537885282
125 10.874745455164373
126 10.279309922464954
127 10.050612807400173
128 10.515343644274541
129 10.344026505572037
130 10.52835804075392
131 10.02327693256353
132 11.082351258785184
133 10.594427178457085
134 10.275843490138033
135 9.36896280475004
136 9.235279138637768
137 10.06113612973649
138 10.920676844788249
139 12.162097427233304
140 9.99305354457366
141 10.723034955165675
142 10.555383420588822
143 11.981356220596659
144 10.668935501885521
145 11.530685196998245
146 11.519168816070017
147 11.459419676006855
148 11.28045803142243
149 11.106907083557036
150 11.088883096833412
151 11.428366223669109
152 11.673223340575255
153 11.058347531467339
154 12.152372377485113
155 11.274080508794201
156 9.011708094851214
157 9.77649074009288
158 10.537857444864194
159 11.183209276425936
160 10.459276066796532
161 11.291671034839688
162 11.19649356149531
163 11.439269389317722
164 11.035640339838405
165 7.614856779587381
166 8.44480835127086
167 9.48321438652978
168 9.657136047482727
169 10.537290737920983
170 10.03658277988769
171 10.412950565983943
172 9.691843465773903
173 10.282029343580291
174 10.36459695762142
175 11.149337500722849
176 10.731706828206084
177 11.739302826728764
178 10.66795338994046
179 11.735569522433074
180 10.682166524717594
181 11.423282495878123
182 11.682304058579474
183 11.132753748240045
184 11.495489575327536
185 11.778641636971466
186 11.31166940428233
187 10.60242280073506
188 11.244907208213153
189 10.565538623286649
190 10.49228084806126
191 10.7213545682283
192 9.39210431955284
193 10.041209195337172
194 9.298377941331804
195 9.653809552936929
196 10.675185996125185
197 11.07610358586634
198 8.83983065587537
199 9.883223150207508
200 10.516213512459451
201 8.025910078238791
202 8.009986185294109
203 8.014453868093755
204 8.636817045892519
205 8.508328665062908
206 5.810529534241778
207 6.204768959004607
208 6.996150835689493
209 5.796485251104086
210 5.807077740465396
211 5.6391218793606335
212 6.797787089321014
213 6.883399007100267
214 6.614810034845298
215 6.860357330489163
216 6.348481011369606
217 8.518435782898388
218 7.429029831329953
219 7.780314004675891
220 7.308255029345933
221 8.836462067960248
222 8.347474393802717
223 7.624321364495888
224 8.505107264349816
225 8.11434265587543
226 6.7014769708697575
227 5.555168698440137
228 6.661938276036487
229 7.100021272391286
230 8.18819129911863
231 6.542178545455727
232 8.86024659677588
233 7.3785938340470185
234 7.5884086401527435
235 6.215590670629108
236 8.237092394080264
237 6.979201503436706
238 8.302890756072795
239 7.37939859053501
240 6.605243982982674
241 6.9341780308484635
242 7.939071945019172
243 7.618927693957344
244 9.53515054145428
245 7.861226785732977
246 8.639796395584616
247 7.407485852041491
248 6.601540390093372
249 7.835784433530233
250 7.71154178729913
251 6.634990871920596
252 6.4591475624077335
253 7.733655191400579
254 7.788327252340979
255 7.196913435254979
256 6.895751050093206
257 7.593757334604878
258 9.08081698517491
259 7.651183911922387
260 8.518657613145717
261 8.163621186266814
262 7.905054443059955
263 8.288582127120781
264 8.245288022152797
265 8.997639027520973
266 8.118803726060491
267 7.28699599948678
268 6.162430535622294
269 6.9922165970253705
270 8.554214833949333
271 7.033456327296974
272 7.868165291042572
273 6.172828956718733
274 6.747167515821943
275 7.231648058724189
276 7.5641171500096895
277 7.30204082815422
278 7.073816649706136
279 7.795717704309518
280 7.567866486405026
281 7.498439770496354
282 8.532731125708883
283 6.703371317158575
284 8.687507514044846
285 7.688762838145537
286 8.14237774354304
287 8.686983689548754
288 8.339262145704636
289 7.463180288189708
290 6.874616798490221
291 8.31432363090122
292 9.036156348420052
293 8.292827690294933
294 6.627077209017388
295 8.129201426892655
296 8.68239159392321
297 7.463699272157033
298 8.738913419931047
299 8.388000098832986
300 8.79934499497785
301 5.453341232466518
302 6.734650038930514
303 6.480610233728927
304 6.920406260125145
305 7.506239307700355
306 7.371239241938961
307 7.863206631326454
308 8.484846146463376
309 9.142981664709293
310 9.883569236807416
311 8.51371168770094
312 7.968294848775958
313 7.150928990810356
314 7.297611124033436
315 7.894603822618383
316 6.784635521553701
317 7.572490250973674
318 7.143723193680847
319 7.110605937893351
320 7.97524125195701
321 8.71960112034264
322 7.88103811024384
323 6.327188215866358
324 7.011286624941664
325 9.22995226173343
326 7.793286499291448
327 9.115850904722674
328 8.011815431085893
329 7.719972955302696
330 7.685831103570406
331 7.985239978301668
332 9.350491050617217
333 7.915491715842975
334 7.420897445827803
335 7.8383643744181555
336 7.25838956807151
337 7.906863643745778
338 5.499497055070984
339 5.942606182421576
340 6.458686840356879
341 6.713819172523857
342 6.656377143294195
343 7.815598154775121
344 7.802416086883876
345 6.674126728813074
346 8.162273715879572
347 6.7126093755288965
348 6.9023607335728325
349 8.135648526325244
350 7.681683166137867
351 8.936180987863926
352 7.858149557222152
353 7.919030465369141
354 7.090684206859744
355 6.675827439667479
356 7.515933418207688
357 6.883495803644509
358 6.929073783442197
359 7.288016237005437
360 6.385526099695289
361 6.3485323823729205
362 8.255943075858239
363 7.426904514016871
364 7.57939135878943
365 8.247492429040738
366 8.567976158701159
367 8.287807359040903
368 5.0130237948866805
369 5.713845579016227
370 7.37401109244127
371 6.605101155584177
372 7.311290523138848
373 7.258221959155336
374 7.293466419509226
375 6.721927564980479
376 6.326956379909358
377 6.309556056575154
378 6.9750191012891625
379 6.847251638023533
380 7.583348072044504
381 8.05249962869191
382 7.630994744248198
383 3.4405633832357796
384 7.041954566169872
385 6.127304428669165
386 6.640718628633584
387 6.577421670480524
388 6.515220288289531
389 5.524493039758176
390 6.530673164802863
391 6.612876152412172
392 6.719714985970685
393 6.489166150828358
394 5.711063812879976
395 7.635487831650239
396 7.899837139569853
397 8.85083123316139
398 7.864186167869421
399 6.9933999877869635
400 7.3173994209971305
401 6.929276829564377
402 8.049471952181445
403 7.3998812806314875
404 8.425551484204348
405 7.265814354639521
406 7.517228336125013
407 9.041436492545515
408 7.866707037104962
409 8.462250919289874
410 7.887438978672982
411 6.761742216258807
412 7.763960215517649
413 8.75698722483051
414 6.1813118073265105
415 5.7908662468168
416 6.434701571092659
417 6.107896873420699
418 6.010787398637193
419 6.084102671060158
420 5.90760832221358
421 8.81687298902335
422 8.000304847178336
423 8.63589404275525
424 7.265234499730566
425 8.167433409408215
426 7.075877445415806
427 7.2313146639205526
428 7.150468989090707
429 6.472337120699765
430 6.388495685106746
431 8.573318099805249
432 7.56410212898118
433 8.936849432861113
434 6.950043203063183
435 6.201929801050388
436 7.295056277583469
437 7.350877613149634
438 7.714475524566104
439 8.18414349759454
440 7.868558888122368
441 8.91004240255749
442 8.433313568614798
443 8.85963928372728
444 6.97012708960221
445 8.504901586339384
446 5.739364366528387
447 8.991507085017206
448 7.226064109727058
449 8.768102119887887
450 8.178638756786013
451 8.375211873476976
452 8.641887185134722
453 8.197589602508543
454 6.66761099956249
455 7.721608344742507
456 8.985087574150345
457 6.97995019039571
458 6.897520161942285
459 6.753017569823296
460 8.649941485774477
461 7.1794142742449045
462 6.504195741370999
463 8.117670652037896
464 7.501131623541755
465 6.69600521624334
466 8.31838517822784
467 7.922243376947576
468 7.206192762987252
469 9.175113879104703
470 8.720413376891722
471 7.988338455854175
472 8.404690043638203
473 7.703575406930648
474 9.773891693640145
475 9.235039502657632
476 8.424092329921372
477 8.028189072568846
478 7.841575912681295
479 7.819418303110241
480 7.014629477991372
481 8.339372233830332
482 8.031785518664684
483 7.909134076681733
484 8.330656756917437
485 10.624399200766476
486 10.383705996434896
487 11.598415086395667
488 11.402811158783011
489 10.869244006466108
490 11.414089565649112
491 9.77754761889968
492 9.66185240831615
493 11.652334008393956
494 11.182061810272632
495 10.75002972202918
496 10.751536043890212
497 12.220878244959556
498 11.541134517030317
499 10.889091387905271
