0 6.975882514005954
1 3.295960127242692
2 4.624242376120319
3 3.619682395657397
4 5.633785823387244
5 6.094353611783413
6 5.423282855659074
7 2.7723846096180513
8 2.633579374129625
9 2.9448970000782224
10 5.5768955261873545
11 3.274301269857419
12 2.848801029058635
13 4.046946613820714
14 3.266898522262563
15 3.9813120635678514
16 5.940493331101579
17 3.5919176591630424
18 5.290538803792606
19 3.070344330756282
20 3.3771081040351274
21 2.8274880647059377
22 3.6001265340838597
23 3.373157126729121
24 6.886893662860786
25 5.356465513009858
26 4.03348876343084
27 4.265518059399866
28 3.368670607485603
29 4.171547231653027
30 3.8064021653545983
31 3.6894978535188874
32 3.2594537494820375
33 3.8120001173170595
34 4.825434082697152
35 6.611188206881299
36 6.986881791899874
37 6.423688422106771
38 4.2796830106197215
39 3.339063452187224
40 3.543548348564115
41 5.952746642469628
42 2.985339636117706
43 6.2845197452526955
44 2.9067321283305008
45 2.830202116291653
46 3.137202876896858
47 4.001618275295019
48 2.9637471628052405
49 3.3899511290391042
50 2.837946687125134
51 3.3770162201586778
52 4.83142236388002
53 5.874950948523855
54 5.2371811588959565
55 4.842018658050846
56 4.789674919146876
57 3.627994495996513
58 3.5909187043425193
59 4.9911759629282795
60 3.55645509500519
61 3.127797444017999
62 5.615803311917117
63 3.2525910536468423
64 5.309505823793693
65 3.614841731591925
66 5.210912478691133
67 3.520500848660703
68 3.4667412867536704
69 3.2999436145199423
70 3.1725741872546824
71 2.939972722639892
72 3.059119667096563
73 3.0440448998608094
74 3.254050571282879
75 4.631696830669925
76 3.4014785099518567
77 3.379556305671073
78 3.0141681886947898
79 3.2073271193790855
80 3.511834599732331
81 3.2838978493906317
82 3.566775153831149
83 3.6208492348460344
84 3.730514602946318
85 3.4651345011720713
86 3.65040824032504
87 3.0488685242765907
88 3.457181454063897
89 3.070394247791681
90 3.3614181180942033
91 3.4179668737410607
92 3.6978828302368494
93 4.485570600348391
94 3.402496399130624
95 3.486822542395563
96 3.715001036835955
97 3.815701649226618
98 3.8376067877331685
99 3.7758755102915647
100 3.6502468847439324
101 3.431303428751033
102 3.116128866820531
103 3.2529935402256482
104 3.7704852168557332
105 3.587645050309066
106 3.170781504935057
107 3.725165105809465
108 3.5757006319881994
109 3.176165456589767
110 6.729136749286257
111 5.619143497595929
112 3.3402779542554275
113 3.845003550705524
114 3.050143980989841
115 4.138465529622032
116 3.541187156719812
117 3.5261585256628383
118 4.057341011936938
119 3.221325383459907
120 3.2367279608706525
121 2.9815252321602443
122 3.507406051141536
123 3.164456385520003
124 3.0962531931897006
125 3.01521266680707
126 3.1328505068376016
127 3.537974890947373
128 2.8375567932394654
129 4.609523537616598
130 3.069486942570774
131 3.2551267165733884
132 6.217756161431123
133 2.9030804882266548
134 5.09092664073806
135 2.7829040081978347
136 2.8677618627566
137 3.410793279193019
138 3.6360789871672776
139 3.3888205583786197
140 3.4209691022968567
141 3.3248422269566555
142 3.567432571780944
143 3.128577677588973
144 3.464501496171547
145 3.3713325611307603
146 3.811916577592334
147 3.508681681086695
148 3.7930518488785507
149 4.959879124805983
150 3.1634465213250773
151 4.553480188354143
152 2.965774021510377
153 3.76931481630254
154 3.199632678337481
155 3.36120049721001
156 2.9568914103767887
157 6.1060249960403095
158 3.676108171943458
159 2.6815922285681633
160 2.7404804402622864
161 3.0867521546686256
162 2.8985664620383313
163 8.047986161690446
164 6.639474712804556
165 4.720334826472515
166 2.72162506425463
167 3.7676057492105413
168 3.4684420267944973
169 4.935175750869413
170 2.8713806501756527
171 2.7866171771949184
172 3.0836202764065233
173 3.190898122690758
174 5.732334356640969
175 4.052606249139044
176 3.7649117455617978
177 7.372773010833552
178 4.965482814252132
179 2.949698017008039
180 3.6638492250740815
181 4.853399297958693
182 3.128750106117607
183 2.6630285911195335
184 2.9796550754915607
185 3.8860575649263978
186 3.225382399885127
187 3.3517176365869585
188 6.722929011739593
189 3.431514953864615
190 3.0692616713843544
191 3.0616081520566407
192 2.728925121261129
193 5.270682614888864
194 3.743888468670823
195 4.598745309983002
196 3.09452254091234
197 3.2416157845827462
198 2.781119841341401
199 3.202374803128353
200 3.68201235941139
201 2.7837553786313953
202 5.89778162524829
203 9.019954864026356
204 4.796643962866919
205 4.760304043394105
206 3.1490651968094734
207 5.833347601428609
208 3.9650444475195536
209 7.0493457578022465
210 3.4965101930668414
211 3.5482163141374223
212 4.8975454632973205
213 3.510155996915807
214 6.350807406622813
215 6.09189945114689
216 6.1638672345579035
217 4.572793883708463
218 2.627467560070407
219 3.1034378586516596
220 2.9030498188381557
221 2.7507279264606623
222 3.0064975728703747
223 3.655227775238299
224 3.0993217439393086
225 7.319193551594252
226 3.5976918874672994
227 3.361133312059595
228 3.8766887190548327
229 5.4424280730093715
230 3.4797915855746018
231 3.140288883367741
232 3.153816864200836
233 3.2844271818365782
234 4.052073207185247
235 6.811028488366483
236 5.7490922193261
237 5.73695805765048
238 2.929932368451212
239 6.387676517479235
240 5.713146414912204
241 4.47175801318384
242 3.6650168575907642
243 3.59633880843922
244 3.3188648202792477
245 4.149296669185512
246 3.7168190259588854
247 5.326749660528531
248 6.41397838481285
249 5.512915835220592
250 6.390734459761541
251 6.978164607705752
252 5.144583782216302
253 6.10504411163825
254 5.540430461316939
255 3.8945894114717765
256 3.688517283707526
257 4.170866904329186
258 4.508803213067628
259 5.142122252988613
260 5.351324209772383
261 3.5241273862681286
262 3.1136679334906754
263 3.4150782112309765
264 3.232222331889301
265 2.9420789254761663
266 2.8429040368279304
267 2.6688651070439926
268 3.666047031808523
269 4.257666978770212
270 3.4189777779933053
271 4.49235898851065
272 2.860818164307584
273 3.389640650701131
274 6.35061767091973
275 3.0416326138112564
276 2.8187453736195387
277 4.482472175829856
278 3.071691785364095
279 4.142896953339321
280 3.092188711110745
281 3.6143720912240016
282 3.144712476338722
283 2.916587186326801
284 2.745904844770875
285 3.4070964771359797
286 3.857778514850806
287 3.5362666758019397
288 5.8307293949751156
289 6.519782490200848
290 5.456659000753691
291 4.272497455517919
292 3.8472662276646443
293 2.844823442169364
294 3.2555896109860663
295 4.259221850960278
296 3.5786756273142735
297 2.978160539407958
298 4.531590311066225
299 3.3589047981227385
300 3.490191715203881
301 3.034376007257952
302 3.8307840799072466
303 3.9314155864387903
304 3.7303563397585573
305 3.383306145709476
306 3.2695696443766593
307 3.145989616248687
308 3.16586307020883
309 3.211948611773772
310 4.800238006182086
311 3.4548403507594174
312 2.842390067901348
313 4.333842429995002
314 3.1547315033989194
315 3.029770609999907
316 3.161200656852095
317 6.520589280299605
318 5.485535586844156
319 4.196234347644262
320 4.353286793411327
321 2.788196025432342
322 3.2140380901495593
323 2.761033929400307
324 3.0397483256765754
325 3.4338020076833238
326 3.041026459077147
327 3.589927491723009
328 3.1213099662793833
329 3.092355227571311
330 2.9134244930109885
331 3.0084587275354346
332 3.5246518261013953
333 3.937204123839354
334 2.841898437944414
335 4.166333563072203
336 3.5077626757676503
337 4.075767877024812
338 3.9997093736286833
339 3.367850749797782
340 5.110390256815699
341 3.1800935952048777
342 3.434792655886355
343 6.287811143293538
344 2.682475591956421
345 2.970930909013464
346 2.919566008706653
347 5.563877463924396
348 3.287986631823705
349 2.933409891750447
350 2.5473795771914465
351 5.980849546283044
352 2.9726704538285476
353 3.0249555214239394
354 5.973680318737937
355 5.796833582668504
356 6.142899317839905
357 7.120741012193175
358 6.701760204461692
359 3.978057716999951
360 3.7690420789832015
361 3.551385257503082
362 5.439936639832099
363 4.135091624840397
364 5.227228798677959
365 5.3886356444131405
366 5.015538637582486
367 5.752514546215658
368 3.666497281750139
369 3.8049588181085467
370 3.461446344455046
371 5.175038887982243
372 2.5576347180565198
373 3.222121022980483
374 4.471397553143155
375 3.2509614493330923
376 5.364476744002413
377 5.325744468912208
378 3.3685458244796838
379 3.1875166649986446
380 4.5507627028246205
381 5.598909756984981
382 6.79427725441024
383 5.420096583368709
384 6.665651039418364
385 6.79467418358761
386 3.28827511694252
387 3.296529670007067
388 3.399974422596971
389 3.871198448198799
390 6.310752799499215
391 5.473591727561369
392 6.647433515891311
393 6.441493952277125
394 5.3589220550502805
395 2.9331081380076567
396 3.5566914789793573
397 3.3686375262869634
398 3.366842223662062
399 4.000630420948762
400 2.799923336989873
401 2.9965415928853973
402 4.397827937319636
403 3.075819274685721
404 2.9259078753817502
405 3.2566135862303303
406 2.75271751793686
407 3.2136627129648945
408 3.415838364405749
409 5.985213665454268
410 4.758083273995914
411 3.4842201749242676
412 4.592167775762171
413 6.2365001893686385
414 2.9021955376300315
415 3.1707351499382987
416 3.1570583651202426
417 3.430718484661989
418 2.9367190008693034
419 4.926303417309302
420 2.8876220766153167
421 3.075410959185855
422 2.707354441916883
423 3.2807353508347177
424 5.14677517394626
425 2.8727116395255554
426 3.2348661157898135
427 2.735858534057328
428 2.938809921843206
429 3.0285908306126363
430 4.9046332146407225
431 4.9987530620779355
432 2.937546990461366
433 5.678364075310788
434 3.658281868699395
435 3.083675193952253
436 7.280868135476146
437 3.393502505649188
438 4.447103594848792
439 4.107539126031289
440 2.984164529713803
441 5.551447251722366
442 5.315581818992679
443 5.532354850747504
444 4.164544367439092
445 3.278505645823501
446 2.981138247784929
447 6.391572678454178
448 3.0164598694447426
449 4.796090338696347
450 3.3823256138469975
451 3.2278972361886935
452 3.176317091470719
453 4.878216150053726
454 4.728878624348248
455 8.19152723103055
456 3.7297859891148333
457 3.3539504539433755
458 5.369402645699979
459 3.2174031083423915
460 3.681547170365738
461 5.887017444803176
462 4.571735482149781
463 3.5380421950662795
464 5.139944477347191
465 3.4448797064239614
466 4.847877217193915
467 3.1900031757766727
468 4.9630188860452975
469 4.303939307721501
470 3.0407932760906347
471 3.0284002740023053
472 3.0504043528634814
473 6.023126253928404
474 3.744813157534445
475 5.936913541118705
476 3.06979212478087
477 4.159151525910832
478 3.1959558304481015
479 3.0570094089854862
480 3.6261944802224426
481 3.5770756987476213
482 3.739571451071328
483 2.912484804765267
484 2.8516298298346965
485 3.3118960625938616
486 3.0777414799868037
487 3.342073410319207
488 3.0033485182648114
489 7.42562118264509
490 3.581334536913313
491 5.072525704872273
492 3.491328269348393
493 3.720299345811519
494 3.554282080789826
495 3.202515333040564
496 3.0702664806381152
497 3.808796855566007
498 2.771097867348286
499 4.170080185743058
