0 3.8507484141674166
1 4.926748433160553
2 3.827663623123505
3 5.760103758533958
4 3.7331521648323864
5 3.686265015757863
6 4.96063190881231
7 6.982574495604504
8 3.7090399467578203
9 4.0148227165855435
10 7.033625654081435
11 4.147307939530877
12 4.424112132527216
13 4.092345434544803
14 5.205588044014468
15 4.767042043276873
16 5.308611779738747
17 6.009626514015057
18 8.897044456779836
19 3.68994202203105
20 5.014034447229632
21 6.117854832145638
22 4.629197358059458
23 3.5865877262705275
24 3.7963181861429107
25 3.8903129928212654
26 3.8569441858201654
27 3.470864812698433
28 4.5647334995488835
29 3.81501135878786
30 3.6673858147289415
31 3.759111134127855
32 3.920177595670382
33 3.805398659628729
34 3.8564972802403044
35 3.970777289011656
36 3.744757120262455
37 3.944459320721692
38 4.0593535888114145
39 5.79075231601127
40 3.8245592881463826
41 4.202084236058238
42 3.4200116254055977
43 3.7691980903217
44 6.859969491994289
45 6.169661670973854
46 6.288308724640867
47 6.902554427425939
48 9.2212408569015
49 8.503320119582211
50 7.885146774797506
51 7.889286000512474
52 7.710306459688149
53 8.618162292838786
54 7.365986605403886
55 7.753396029598187
56 3.8147878460447746
57 3.967450838173107
58 3.7503012690282347
59 5.8439427721273045
60 8.106357212631956
61 5.8692568871514395
62 3.7026657090199193
63 3.6564314675356213
64 4.4050847452904245
65 3.897140241649959
66 3.852553691807389
67 4.140965977463307
68 7.902885278032215
69 3.5693264467427626
70 3.946035119074802
71 4.3311822237859685
72 6.526694186501541
73 8.189507564025217
74 8.854085686121048
75 7.072424301404901
76 4.905800443949495
77 5.400694457113478
78 8.285244078813808
79 8.383350724867398
80 7.250109775976275
81 4.604476369514064
82 6.427074265197805
83 7.7481334390894645
84 6.8403347128188985
85 7.709458824130958
86 6.9655305614501595
87 7.451700884376514
88 7.852850970035952
89 6.014121474322149
90 3.9280767749373515
91 7.871872773095282
92 3.7461067815570464
93 6.646799164492849
94 8.216528644727251
95 7.690517043818408
96 6.677722925291418
97 8.533564336199877
98 8.974195590390101
99 8.086206436698356
100 7.542179088258134
101 7.947775610320769
102 6.823529246959935
103 7.130561379798599
104 7.7537642927308585
105 6.124474070801025
106 7.062553120036277
107 5.043735461621169
108 3.840588725436529
109 4.029902504698169
110 3.624016554382192
111 3.7438657508109268
112 4.026680136649508
113 4.257055566525012
114 3.797919401773119
115 3.683892121088925
116 3.8715856605006698
117 3.9198270384573806
118 3.9364585708462725
119 3.6693111951340858
120 4.369778628726722
121 3.7787444369496197
122 3.965829213559078
123 3.645240467642058
124 4.058024776806441
125 6.099521771891791
126 8.35289863038639
127 8.749114277915586
128 9.30097347694999
129 8.068580321397548
130 9.79503561145205
131 8.618354871864826
132 6.884008329897476
133 7.184631305069839
134 10.052779835995734
135 7.386502078505955
136 7.795672943202255
137 7.833425238779724
138 7.738362527084603
139 9.284469890865715
140 7.9050819152508
141 6.53454321317199
142 5.135224790383981
143 3.997367556475467
144 3.9129104207654923
145 3.932057519320171
146 3.894255088725808
147 3.7449013873381736
148 3.7101427580632174
149 3.9617994450333933
150 3.797522313568333
151 4.0980427138144115
152 3.9357278754449045
153 4.387689557726662
154 4.133981456305782
155 3.8875915476209957
156 3.8031562115832815
157 5.238971214502615
158 7.339546224016606
159 8.794419409944055
160 6.461449033817247
161 6.268858299492713
162 7.12113000346858
163 7.019390223355368
164 7.228418667815891
165 6.399479629345494
166 7.241125953993616
167 7.134921986393911
168 5.463174894687883
169 4.353023618406214
170 3.961760450910207
171 3.9055839649246655
172 6.427812300705348
173 5.8249027269039795
174 3.9657588208256374
175 4.087585777872268
176 7.352662391152717
177 5.037740353928299
178 4.198828800122612
179 3.6082067874861052
180 4.361381713009703
181 7.656513490401385
182 7.005686990159596
183 7.710390489920579
184 7.632079082308816
185 8.87726386651936
186 6.914818954302771
187 7.838830673261414
188 7.528957725550979
189 3.769218604803634
190 7.050379126161223
191 7.650252769688777
192 7.600781471430594
193 3.786083043950118
194 8.833495292870232
195 6.358395745477306
196 7.576993866317708
197 7.262187664278076
198 7.041569015860311
199 7.978803981054371
200 7.410879336597414
201 7.556360537616224
202 9.019036106184332
203 8.3474458818526
204 8.250637422809428
205 7.6715329041351445
206 7.16504107440459
207 6.846809805524145
208 7.4104799262082315
209 8.583481181601144
210 7.453998036203585
211 8.352515854794788
212 8.232149791950432
213 6.623248881112077
214 9.061139509707772
215 8.323370621425818
216 9.216687960159085
217 6.618113785465963
218 7.439597296516915
219 8.14765244390067
220 6.763693929205018
221 8.210313673585198
222 8.898794016580451
223 8.792248628964614
224 7.3883458940038365
225 6.453323459627727
226 9.406767685225473
227 6.619171389686691
228 7.0433038771874745
229 8.653679480186701
230 6.986095811859587
231 6.613846167670412
232 6.360849954257761
233 7.768728315331638
234 6.968753995661275
235 7.583542508001288
236 5.976304276204625
237 8.766548569457482
238 8.456013619800508
239 3.8428764735893
240 5.922226508638307
241 7.729479401930241
242 8.965843290206545
243 9.051939217004072
244 4.651947506688803
245 6.815403374474836
246 4.538057505605597
247 4.068351419211631
248 3.9878420032274375
249 3.8337621416485113
250 3.9111353628660437
251 3.4952441425213103
252 3.6841803031004106
253 5.03817698552213
254 6.787168553577404
255 7.496594956277072
256 7.248081116312022
257 6.462313170492877
258 7.759781782853016
259 6.535449348838843
260 8.438980124202795
261 6.7885361351091085
262 6.612051016570413
263 6.806873730937768
264 6.109340168762813
265 7.345564923511976
266 5.952810495856293
267 8.66773503709007
268 7.738816356238485
269 3.7162156654646923
270 3.703012223137958
271 3.984043464077182
272 3.7989688961930357
273 3.9599864157290257
274 3.633889919952044
275 6.590688336145541
276 7.074987501987801
277 3.8182474355463305
278 4.016308276639425
279 3.8709971317872487
280 4.466841811587703
281 3.960473361018218
282 3.909576254310095
283 4.011318220722632
284 3.727303708493509
285 3.956909290165829
286 3.5325353356885727
287 3.8671082984103573
288 4.097422592630144
289 6.632573497336958
290 3.8019693266241767
291 6.16280064229349
292 3.6119033716760796
293 3.978335711802273
294 3.765061201047206
295 3.732293107510549
296 3.923640196738114
297 3.581202367238549
298 4.971076877281646
299 4.083633836167186
300 3.8481053865205976
301 3.717983614984283
302 3.6067973385998187
303 3.5617208543753844
304 6.165391571564051
305 6.294001596090808
306 6.020514873036844
307 8.249940676518664
308 6.792288986271092
309 6.984127123957446
310 7.96080955770894
311 6.316788164291846
312 7.896820044126798
313 8.386599706432186
314 8.23730102290887
315 6.995142011925649
316 7.670670559778139
317 8.694884538022837
318 7.577850607445335
319 7.250741148993414
320 8.839822288523308
321 4.150471478968102
322 3.6446972762700316
323 3.9884825903438323
324 3.8894427656973147
325 3.996632713619663
326 3.881465791686133
327 4.287255626587445
328 8.001528731242573
329 3.6311656567012243
330 4.940038586671143
331 3.89964685695865
332 3.744490093914063
333 3.640903609103516
334 7.352928810265282
335 6.907252967074188
336 7.15921804842158
337 7.6364045787356885
338 6.82165464672809
339 5.103633401587131
340 7.543083836221264
341 7.4975752770256126
342 4.285212026142313
343 7.086684700548753
344 9.54511620249795
345 7.539367738748774
346 9.090116677973962
347 7.562499463822879
348 7.900941737778273
349 6.581541729136061
350 8.221972348037896
351 3.924388381638284
352 3.665247378615622
353 3.904734001853414
354 4.320266224397438
355 3.7711879196055333
356 3.878436119329662
357 3.6234034099153862
358 3.791599095031534
359 7.500255079785454
360 7.533633357292212
361 6.733339730400084
362 6.816310227002663
363 8.576723298054327
364 7.035776126212464
365 7.674882968871716
366 8.83753675760006
367 8.638214324958794
368 8.661555646438716
369 6.162197124145666
370 5.915708490243929
371 6.955810858961642
372 9.544288063941538
373 6.389779659413323
374 3.7697428296303044
375 5.732497613846837
376 7.335125341915884
377 8.53465168465926
378 6.501238128354782
379 5.310420247248003
380 8.599323800985292
381 7.137277476912393
382 8.181679364158525
383 8.490607267327404
384 8.406818388160977
385 8.541931388011141
386 6.065062187739983
387 5.336855987675908
388 7.994519759597107
389 8.1964856938631
390 8.524265483484076
391 7.034800363986293
392 5.8957589152976375
393 6.556076511283828
394 6.444261257389573
395 6.427478252764803
396 3.939548465079406
397 3.7521899632811695
398 3.323139659850088
399 3.313215119822795
400 3.934167685460943
401 3.400473249518082
402 3.8280983302154454
403 3.839302975012378
404 4.310159953002469
405 3.7816883634486382
406 3.391479531105507
407 4.627694325790472
408 4.882780095752094
409 8.452258512693115
410 3.8400446761388047
411 3.773248937939449
412 5.847832584521964
413 6.179351825021355
414 3.798880774622258
415 4.002610935801856
416 3.7136322416029492
417 3.959565060657334
418 3.7518171323058342
419 3.653336559846277
420 4.967425196662932
421 5.609019149797673
422 5.180101919009303
423 6.831545703563931
424 7.147660955770449
425 5.8589507289233635
426 4.037213433127004
427 3.6580507898908574
428 3.8488979774874896
429 3.730066395445425
430 3.850333775196753
431 4.020491183990399
432 4.049490528512643
433 7.1908104686384355
434 5.748541381244412
435 3.997676262079537
436 5.536314116894216
437 5.355742800598854
438 5.54723838969479
439 7.5378541842350675
440 5.622396973507318
441 6.893347720942317
442 4.123226709951307
443 3.6565210946258495
444 6.551925421024294
445 5.844615363213368
446 8.428509194840432
447 3.8014634500287787
448 3.7666245569803674
449 3.92618076117923
450 7.412731634330864
451 3.9811486582755493
452 4.244579918214971
453 3.7110034595352266
454 3.6945300151725493
455 3.794986880934433
456 5.149748740628006
457 7.793200062295533
458 4.546806846232928
459 3.959423743192824
460 3.6922783763731637
461 5.502844599740897
462 3.877888387277669
463 3.942940114561401
464 3.7752138029910793
465 3.892505982600074
466 3.4977955425904503
467 7.628130205266399
468 7.262652644763688
469 6.293489291972332
470 7.722661297639189
471 6.240385937022727
472 6.997140948995569
473 3.924185997933997
474 3.6996192970362345
475 3.9795702539367706
476 4.017253307674759
477 4.434061260869549
478 3.8993385738945894
479 4.061596218022853
480 5.968931481800095
481 3.767511776891778
482 3.8236555070269107
483 3.8772659715929816
484 4.118810436548753
485 6.566684192710136
486 3.681272349182593
487 3.7977021862694738
488 3.8899861682022694
489 3.753197299631825
490 3.9213708637305507
491 3.940386710405892
492 3.832525210282837
493 3.817900434490589
494 3.755458551229307
495 3.6654321931521294
496 3.873141408739114
497 3.7042737461771074
498 3.9410526057117803
499 3.788940525839721
