0 7.44743308697769
1 9.348101071160292
2 8.737621223546228
3 3.8573413817878164
4 6.893022136960403
5 10.045854686576822
6 8.458122464540754
7 9.868440941381913
8 8.738135719847609
9 6.2474805852081
10 6.947589321921649
11 6.628951192078273
12 7.772092283725222
13 10.098223794192066
14 9.714108923677887
15 5.684106589691857
16 3.7677507395133336
17 4.050358037261413
18 6.475853305302765
19 3.8340200688371087
20 3.6409846809797273
21 5.753807749889525
22 7.956525339861424
23 8.272552040783568
24 9.709283093850804
25 10.441650737828077
26 9.876102805526111
27 10.809094506951908
28 9.272040659668935
29 9.686160273489204
30 10.541901319446302
31 7.402723629633769
32 7.964888756746969
33 10.543485320268871
34 9.740486224510443
35 8.311787468475138
36 7.722551584012703
37 8.00955423343107
38 6.435695521917698
39 6.455329933450234
40 6.714448432572834
41 11.134127031535973
42 10.347545482754184
43 8.415742298025457
44 4.498038368051045
45 5.367142919884705
46 3.9696836548097583
47 3.748180402939295
48 3.985088774941565
49 3.731471085068661
50 4.431825833845824
51 4.438871501614189
52 4.879388688564647
53 3.7447406814902062
54 4.7186700515838575
55 4.906743523904325
56 3.6875582846762893
57 4.206667420794142
58 3.157014348379071
59 3.6801273704391635
60 4.0488143574730815
61 3.9618818272197966
62 4.79634214144874
63 3.751677982591468
64 3.529525050988609
65 3.7299722338934385
66 4.624474370563139
67 3.934375884987924
68 3.618020828967478
69 3.8849947409305994
70 3.9111625361486033
71 4.197835583952817
72 6.222164886541232
73 3.6425604457495506
74 3.7465603041612936
75 4.1327218378950406
76 4.132745702013098
77 3.7546652776451417
78 3.9926818067897547
79 5.32437093656597
80 4.983867898056985
81 5.389099257725726
82 4.3934602939232485
83 6.500237936317268
84 3.7670002085760936
85 5.500401218625863
86 3.6727741344767155
87 4.137287467081295
88 3.6748492659789567
89 3.7728307265031886
90 3.651648688930801
91 5.765245145114831
92 4.0294149985578605
93 4.687743662300883
94 6.091506184625953
95 5.853720481204406
96 4.52979936679911
97 3.762921728797834
98 5.467713912128352
99 3.940146771643626
100 5.026931769742409
101 6.439073782218388
102 3.7309041138446712
103 4.787169816631353
104 3.8823965247737555
105 4.459715668541997
106 3.686815334769446
107 3.9561747643410996
108 4.719926945421843
109 3.8024040249086153
110 5.619184385320105
111 3.8250810432183577
112 5.806742136881501
113 3.751457212490274
114 3.9309559948366024
115 3.5331936035760783
116 4.484403259944094
117 3.7325979800164166
118 3.7142948943913487
119 3.749570132316924
120 3.66822526990481
121 3.7741940315784728
122 5.180080364714221
123 4.204594591058206
124 5.830134474975151
125 7.458954393961693
126 3.9466668293672993
127 5.090807268649523
128 7.179241484293183
129 7.677904030594426
130 7.593545749506029
131 7.38250062647546
132 8.688223935208432
133 7.872390829847147
134 6.498182169299597
135 6.244519150910575
136 4.047799585099794
137 3.8168948984297155
138 4.11840777562666
139 4.848337260448901
140 4.534983943564349
141 4.421396992684808
142 3.9056483356017546
143 6.08030480180278
144 4.085382039407705
145 3.6710061219824026
146 4.071573188828644
147 3.8516970208810357
148 3.39192338331555
149 3.759185696587207
150 3.846134107141622
151 5.054281479854293
152 5.360255069387174
153 4.294174244881797
154 3.948418615732756
155 3.396500912005372
156 3.659716970586961
157 6.140465013103588
158 3.5326605785166
159 3.7992824884077807
160 4.90572768420263
161 5.9177461034126955
162 5.653063239219712
163 4.183288651424153
164 4.100891632362099
165 5.676443381049751
166 5.4025009236660075
167 3.9843897339478533
168 5.851834407824846
169 5.88957396519925
170 3.8899966467606535
171 5.101629239893752
172 4.554948112630581
173 3.5002023842142207
174 5.926360403207873
175 3.921830608909089
176 4.113412875045623
177 5.29578743846185
178 3.6866841702234896
179 3.237865950097024
180 5.874445881540596
181 4.087831210634556
182 4.591724530668693
183 3.7577801750994313
184 3.864963901848684
185 3.933981140107185
186 3.5365647549532646
187 5.95813677894892
188 3.776200676240903
189 6.444816113964283
190 3.772802160200895
191 3.658665429801504
192 7.80026772906427
193 4.992734134898938
194 3.8148619886067183
195 4.029561822368715
196 4.003525809588784
197 6.871261500934825
198 3.9206863704660915
199 6.233643768569466
200 4.140458262356367
201 6.009763985461621
202 4.844818218989088
203 7.310840730202545
204 3.7732798849648965
205 3.233978516603553
206 8.345578805826756
207 6.706616509284677
208 9.203273636818473
209 5.484715345820331
210 4.139864044443206
211 3.889183793858833
212 3.8799307212607137
213 3.8762479256593587
214 4.289939179785824
215 3.8275214878172523
216 3.7359897302245786
217 4.62346338455495
218 4.813702022890923
219 4.0221831492814175
220 3.9698228802879862
221 5.267498872417081
222 5.181274786622762
223 3.8552612280579432
224 4.225464989770623
225 3.8750397611604854
226 3.6194491233077257
227 4.432760667129506
228 3.8188553234695366
229 5.610688809982652
230 4.549799237054804
231 4.56345176675811
232 3.950541352724274
233 3.7463021039972326
234 3.7790281845610747
235 4.16009404623053
236 3.806086602786501
237 3.832541760054922
238 4.77536995004318
239 4.029919969413569
240 3.9066935721478906
241 4.437292202807411
242 5.017371127853956
243 4.724552712414582
244 4.896598005846307
245 4.694952844838532
246 4.745848729342878
247 3.8969490494126147
248 4.8673801976989965
249 3.707512322951489
250 6.1282823155292405
251 5.477706149938394
252 5.5205338965731805
253 4.235437140290447
254 3.82984677940484
255 5.876215468797197
256 4.987086346916347
257 5.414626834048896
258 3.8504520181446873
259 4.266431812208204
260 5.569300851116442
261 5.637031736301917
262 3.9985591615742306
263 4.795367318362602
264 3.9735119269159296
265 3.7438629452257186
266 3.8430724688690776
267 6.270930655536491
268 5.064708329646089
269 3.9623777796380124
270 3.974027852592442
271 3.706417442056019
272 5.242309913756842
273 6.130367661280875
274 4.585504932649291
275 5.2854646485268955
276 3.6702160102886885
277 3.4237478018188137
278 5.369076058382066
279 5.175673149838946
280 3.884425327516364
281 4.813273007223895
282 6.8267633053562715
283 3.8466767617833026
284 5.047845583741106
285 3.5682584252727203
286 3.5869359504017226
287 4.017856391590741
288 5.847889033941611
289 3.9388800607571124
290 3.8866880222305418
291 4.442155195828009
292 4.668031633493826
293 6.397565284609997
294 4.213788125279718
295 3.79587264972585
296 3.944897847000808
297 3.8878696328944313
298 6.4160694820341275
299 3.8545909671837753
300 3.7533425188386778
301 5.812078926274246
302 8.885081551344536
303 7.768128307545489
304 8.028202237478132
305 8.991599195398997
306 9.11564189055851
307 8.370918110235616
308 6.693141473745768
309 6.616327898459999
310 7.886487566580896
311 6.865764537857535
312 7.717619339109904
313 9.061409104079432
314 9.138108144370541
315 8.560915577052427
316 10.684231121790392
317 9.420503065907454
318 11.066821130444858
319 9.27823265664693
320 10.476978483209576
321 9.123831196979184
322 10.501863530183972
323 9.338150652694146
324 3.8363845265656527
325 4.203908855680976
326 5.720030661442217
327 10.880887939233922
328 6.108509708125557
329 6.669364091042289
330 5.728808743616328
331 7.075184907492253
332 7.5111491855190415
333 6.834713419284792
334 6.771751394394199
335 5.176476220087387
336 7.295273639052873
337 7.15226156654988
338 6.7186637593552
339 7.408290270040603
340 7.7417547661668635
341 7.393325856341646
342 8.953346404023259
343 8.426247550887389
344 3.709770700232201
345 5.484222710499508
346 6.96372565060611
347 5.0467033210448164
348 3.7926149321269618
349 4.145845622198197
350 7.123622883500269
351 5.151720333300527
352 9.24234339290385
353 10.199464370577543
354 9.169154533802713
355 7.657445223202321
356 7.919301947709693
357 4.133832774430214
358 7.46835374224227
359 5.213321308011297
360 6.36075243973286
361 7.707756284328577
362 10.692488844620653
363 9.303924023632124
364 5.587243102750034
365 4.659173476982496
366 8.56733565299446
367 4.455344026279573
368 5.714205738748627
369 11.730968415410075
370 10.654728081142137
371 9.186805890344862
372 5.491560941781888
373 3.5917897327546457
374 3.67360603215946
375 6.709456052036388
376 3.7462629991888674
377 7.368622631314054
378 7.438326242908197
379 8.39020013343274
380 9.435182004396195
381 7.214197584595375
382 4.704731645585526
383 4.236871024795705
384 4.616899792478754
385 4.632255709978601
386 3.812339534107579
387 3.973239004435211
388 3.8292842852204623
389 4.768919314095217
390 6.253565678990844
391 5.316415585387356
392 4.8805023732473245
393 5.7683390248712945
394 6.497208127323176
395 3.7354093843674065
396 4.935111606631072
397 4.956255613929087
398 5.494572025885114
399 4.214415106973572
400 4.122663978440582
401 3.909471775594685
402 5.140491632971861
403 3.318977726461209
404 3.2712764857222005
405 3.3875380370782793
406 3.5007419023869315
407 3.842925849622121
408 6.279515212300721
409 3.7273128742265436
410 4.2682738015229935
411 4.831291408795076
412 4.705806517471343
413 6.444001478764346
414 3.636984865013173
415 4.15184816444864
416 4.459508451712305
417 4.097789717620956
418 3.899350309126749
419 4.094562369940847
420 3.758195869084256
421 5.852055567548886
422 4.169233611019021
423 3.710214183401846
424 6.786097315552428
425 3.9406796407538733
426 3.506990007580549
427 5.8361185363988515
428 3.751603287041884
429 4.281315386037763
430 3.882322241718585
431 5.58642699041419
432 4.9482477821018005
433 4.861624676305685
434 4.741526545740755
435 5.046479757041789
436 3.8224373496193382
437 3.9145246052357154
438 4.082829817388333
439 3.817230190927578
440 3.4510777386819997
441 3.7555061101036435
442 3.7373137888228385
443 3.975515029282261
444 3.7346459281399915
445 3.214834901930545
446 6.346189660451521
447 3.6077926284302313
448 3.895277322264095
449 5.284595285205801
450 4.5725701275738
451 3.7224963410760092
452 4.009534849315281
453 3.7434760035014447
454 3.844290867228246
455 3.945545519926945
456 5.360174901978367
457 4.267151670077205
458 3.879453620970797
459 3.8542949303704312
460 5.727599500940703
461 3.8776579322356786
462 8.013290450034265
463 7.277119841632824
464 3.90614792292232
465 7.128971288042496
466 7.393779142151676
467 6.073288194777732
468 5.570687999976013
469 7.178665185021496
470 8.433183022296122
471 7.8907133929266715
472 6.5527476519939025
473 4.38897472330003
474 4.969957964483531
475 8.412629348009437
476 8.744609692393254
477 8.102352561704386
478 6.554007637707502
479 6.82857124104323
480 7.194297036138682
481 8.324799621441667
482 9.995075041008677
483 5.940922339184446
484 5.570880455486336
485 8.50110340912064
486 5.980901103299918
487 8.001760149926469
488 7.497648837043425
489 6.177417708406497
490 6.486855113207164
491 7.400269281999775
492 6.893715025062426
493 7.9209351825386065
494 8.346185909145053
495 9.828523272293033
496 7.497486792429854
497 7.679541410539244
498 7.304809053069361
499 5.6386635756822905
