0 4.163858367504881
1 4.213677509621915
2 3.8043444862211024
3 3.836700540403895
4 3.864780937726969
5 3.491842535854492
6 5.748878352503554
7 6.573267800458637
8 7.933390271844744
9 7.996205353439818
10 7.134785761980871
11 6.50225155705299
12 7.095586774656217
13 9.250360485434083
14 7.005576488543745
15 5.501180023054835
16 4.9079878295223915
17 4.534060515339965
18 3.601676561470729
19 5.128176176065866
20 7.304014864969297
21 5.588964165788396
22 4.017650190080457
23 4.1894766144217135
24 4.017876408326065
25 4.074987747457905
26 3.999455422241727
27 4.114081840918129
28 4.075494791716411
29 4.0593775665778065
30 3.8833438200716306
31 3.891165793358223
32 3.755395399705582
33 3.795398383748872
34 3.8851754287949083
35 3.6747691784088974
36 3.75350281649413
37 4.452964214470462
38 3.7502557755571253
39 3.787793000922079
40 3.800328606957128
41 3.6871477923880804
42 3.648673835060881
43 4.121463434835276
44 3.7508925571776874
45 3.7735770777312774
46 3.925081484420096
47 3.882491019520098
48 3.882502207432904
49 3.859799279877793
50 3.9660505680111107
51 4.129783697541126
52 4.170755010726952
53 4.015254070256602
54 3.78384379508046
55 3.9801881491162843
56 3.8047855707040656
57 4.056641076244034
58 3.918170409813139
59 4.1025360796628085
60 3.9381685278416128
61 3.781986127270539
62 3.824894600203982
63 3.806169269269907
64 3.876236115604732
65 3.7761758373469734
66 4.204163853802686
67 3.8902293450893075
68 3.606224073167013
69 3.625070596405993
70 3.8680382878540214
71 3.4044791920586093
72 4.067564585881795
73 3.814073650672049
74 3.769474903935796
75 3.7376125980123476
76 3.7610511906818873
77 3.9269657592378193
78 3.815749820974471
79 3.9252702070612298
80 4.314086062158801
81 3.7844685917666747
82 4.24886529297229
83 5.419522123299915
84 5.592171858590729
85 3.8647049543416765
86 6.3210888154903575
87 6.387446566649411
88 6.089837261946191
89 3.9294789105361367
90 3.900698076048983
91 4.32525442971268
92 6.081659835697249
93 3.9247585798266282
94 3.7692039770988623
95 3.7285914116479333
96 3.929309200794224
97 4.027037667746925
98 3.779467069092858
99 4.067518957528555
100 3.9498734093736076
101 3.924564750031468
102 3.8860491695742714
103 3.852702723757794
104 4.023519334428599
105 3.921601620364374
106 3.763203207534536
107 4.0914361732164135
108 3.9586244903863483
109 3.7881964394573515
110 3.594043310051398
111 3.8211540383453175
112 4.034050535576223
113 6.67814469530757
114 7.727106961191132
115 5.639791511418648
116 5.692302833643417
117 7.548017726164846
118 6.759267869463933
119 6.577825672229063
120 6.690364117632434
121 6.56615945618026
122 5.8813212512195845
123 7.5334847222963885
124 4.235298939167696
125 3.4482431187364644
126 7.0949851199697065
127 3.848634040738815
128 3.7861082508464485
129 3.863566917866501
130 4.131718326738618
131 6.442885869669231
132 4.707688756745175
133 3.8041352398861124
134 3.893991938907644
135 3.81967992482219
136 4.102742888768586
137 4.044629656067519
138 4.015745623702419
139 3.8209635868083853
140 4.2544939985962795
141 3.939617089814212
142 3.966288613526851
143 3.857514946049031
144 3.9843609284891794
145 3.783866444808802
146 4.142919428083239
147 3.793196935659588
148 4.262270369234638
149 3.498526831753189
150 3.7253192119553002
151 3.7683240701132106
152 4.1422433041643245
153 3.9189215454621174
154 4.0550433429615955
155 3.7301372852354255
156 3.9561341353077055
157 4.156947674965031
158 4.824539478507951
159 3.8746195019299368
160 4.075067057232735
161 3.451371711820092
162 3.8169305591407876
163 3.7304608555812315
164 3.7907940383790004
165 3.8125339197862
166 3.717896076849357
167 4.186705571516331
168 3.71885583371992
169 3.4827141759359947
170 3.7575810631241233
171 3.8295395890376605
172 3.781883052094489
173 4.056104448545002
174 3.8813570862985847
175 4.365835492936751
176 3.8244764021247653
177 3.804237311460959
178 3.8921176343632626
179 3.7321625927550435
180 4.028290492541668
181 3.6301820518435077
182 5.273738100178231
183 3.8081243180819886
184 4.041222785623261
185 6.030103312583711
186 3.9926527847325923
187 3.9376591759295105
188 5.086817342755029
189 4.171050148886912
190 3.954679110512866
191 6.457429510010688
192 6.607448440947881
193 4.531054922053454
194 6.368864227421817
195 5.332144190014562
196 4.139271240991363
197 4.0929743164398875
198 4.029603387826486
199 3.82724170979503
200 3.750570009791942
201 3.7307572950152648
202 3.8607704560616014
203 3.781827583831048
204 4.781628019208895
205 6.1203929379867565
206 6.378599621988679
207 3.907757214337339
208 4.120045996998933
209 3.68468873295527
210 3.9688522948398854
211 4.121768457974985
212 3.635108244733753
213 3.8599851998360566
214 4.634997220296474
215 3.4590898698372716
216 3.8722743925491465
217 3.9309079192764247
218 3.7433868617228794
219 3.7122383461620085
220 3.707896261730107
221 3.8955927809307354
222 4.178486635643291
223 4.019012680048024
224 3.7795338526957925
225 6.3727128122627095
226 6.237388532829686
227 6.708995356635737
228 6.410425850296829
229 7.260312233239424
230 6.9196045605690175
231 6.505147574933792
232 4.82880664697156
233 3.9880617353069963
234 4.472791663880543
235 5.770776872701672
236 3.9943305892804424
237 3.813303981286845
238 4.61466897818271
239 4.05147805618685
240 7.189011306469499
241 4.328595795466935
242 5.192977826461086
243 4.984942959446999
244 6.696321629644743
245 7.926958024654081
246 7.768233448961042
247 7.462119334282791
248 7.405654895739635
249 7.0886215043003125
250 6.441171302129696
251 6.842264096086888
252 6.624915540479858
253 6.847524068807443
254 8.187348523072535
255 8.774647371708726
256 6.2123339304561025
257 7.9818682993598395
258 6.987176243187461
259 8.45367345907772
260 7.823392544632994
261 8.513620364798637
262 8.623377702336567
263 7.4495763072443255
264 7.293167270864895
265 6.857652148637335
266 5.156401628380655
267 4.39697274027205
268 7.226865757304425
269 8.394809217923008
270 7.999658289613048
271 6.03590033873852
272 3.732366355557088
273 5.374493561837177
274 4.820246591324394
275 3.7229419578252085
276 5.950256434097321
277 3.839385932606767
278 3.8201971285566128
279 3.8560446012202854
280 4.676408177926118
281 3.6209511938540597
282 3.9540218689823194
283 4.1051094449130865
284 4.2210212609815
285 4.160641063639835
286 4.356039211993986
287 3.747490081227458
288 4.786647427249263
289 3.756508148854946
290 5.621824603107425
291 4.031111201338402
292 3.7797182387301254
293 3.8612455326153534
294 5.854754168698693
295 4.030074791997464
296 3.984254102882013
297 4.0777751620008855
298 3.7720217263661824
299 4.001045298698536
300 3.811717711895725
301 3.723165820762595
302 3.8399629982030357
303 3.713241130975371
304 4.060150857819959
305 4.108474524526962
306 3.6347059635084276
307 3.9810403546013338
308 3.833696441314638
309 3.790001392838177
310 3.650265452548761
311 3.8894735725959237
312 5.343423840168556
313 3.620632038505714
314 3.936265191478864
315 3.778508889784212
316 8.115699412796568
317 7.463256317059546
318 5.222202439296406
319 7.1254501134036206
320 5.545869755023512
321 6.52165297977428
322 5.053792506102335
323 6.045067933712133
324 6.305239880973657
325 6.938325385456194
326 6.594335023715844
327 7.6759749280761
328 7.775859918615873
329 7.934504415439554
330 6.180624208341518
331 7.117500808304505
332 7.631801613874865
333 7.165796079245425
334 9.7097281978593
335 6.396510705067313
336 6.708563466561468
337 7.48802504392777
338 8.02055217533186
339 6.7927835513562735
340 8.083304893795065
341 8.002714685579889
342 8.797844561204656
343 7.665962923734229
344 8.834295927427492
345 7.732579424213719
346 8.767369650169945
347 7.606753300171001
348 7.986649127476394
349 7.043734546988514
350 7.085343497189788
351 6.96834145314185
352 9.023701199730922
353 6.897853949557091
354 7.0063518345584095
355 6.629200594461619
356 7.450565015812321
357 5.03827287000987
358 8.75627704586916
359 8.164631002829857
360 7.828968447524592
361 7.135703518042307
362 9.07766719755546
363 9.348746875758001
364 7.718793996016358
365 7.916610949287234
366 7.662701211456262
367 7.411480225877009
368 8.593654591087546
369 8.822839720174782
370 8.26103482500773
371 8.99559766680945
372 7.049646334936095
373 7.613481294910918
374 9.235830349405273
375 8.300778250085909
376 8.51477246949472
377 8.404283368043385
378 7.413603705123844
379 8.166152917098819
380 7.807583290565022
381 7.770771918480632
382 6.503778236768726
383 6.902127908989748
384 6.81286631471411
385 8.165622622200802
386 8.215439863278101
387 8.106634595437049
388 6.668173567850507
389 8.935747384756267
390 8.404649190712613
391 6.987727093570762
392 9.457843934444357
393 7.06813517478273
394 8.792580236607408
395 7.669957926917578
396 9.15265538206945
397 5.906405970438234
398 8.537776347572004
399 7.913867389049863
400 7.943784459589868
401 6.826941071549524
402 8.576471539845082
403 7.315590008021963
404 7.40304284187602
405 7.105696764517595
406 6.242093111394521
407 7.125720003424791
408 7.138514491227323
409 7.8457737688350315
410 7.422906054924334
411 6.078673041334851
412 5.858022753242625
413 7.478309754567303
414 7.9909582719991645
415 7.199097576917754
416 7.439682819179954
417 6.567938510513601
418 7.618696957255383
419 8.814583893337065
420 7.153897953893358
421 7.779488326553828
422 8.028204061357215
423 7.299679353430841
424 7.8603562518586605
425 10.34238396055744
426 5.984431881368777
427 9.478300713774017
428 7.360595480807187
429 7.3898642824011125
430 6.792453751464833
431 6.7554057816658775
432 6.947250791091061
433 7.025182625423754
434 8.181830210829812
435 9.492008498423623
436 6.999492989825564
437 7.165373051023726
438 6.905538319484313
439 6.570582192132392
440 7.292785832363324
441 7.415040113089009
442 7.25956149450577
443 7.83372039458601
444 8.161492226715094
445 8.33163689926253
446 6.018511662263673
447 7.179393281278633
448 6.726307194619463
449 8.554969787778226
450 6.677202705154559
451 7.393097782754289
452 6.9975419983146505
453 7.626669425077363
454 7.9270689052799534
455 7.979863656974027
456 7.687311685232651
457 7.8816999645199886
458 7.6796057685285
459 7.994954376769156
460 8.297585234632322
461 7.4699940940738445
462 7.068334569071356
463 6.567794926022968
464 6.769381336430529
465 7.406731468692794
466 8.051334512755284
467 9.630424988253607
468 8.386688652444668
469 6.643523981737788
470 7.753340812584076
471 6.486278441674173
472 7.557693310677701
473 9.75707060740582
474 9.666793623320611
475 7.596801211118766
476 7.834622876874107
477 7.396152894317964
478 8.550492752116835
479 6.9489764805495335
480 7.753178085741435
481 3.948798811210984
482 5.685858463000573
483 5.9681464812394305
484 4.079401950334272
485 7.428649476798732
486 6.106515375329135
487 6.598490448569355
488 5.760498971819924
489 6.010315707293473
490 3.984233265623541
491 4.6933753003422245
492 4.204145966757108
493 3.6763458313573265
494 3.955429722907065
495 8.15046169037764
496 5.542376929571383
497 4.342143119389266
498 4.358426611332064
499 4.03188245553372
