0 6.378450418774595
1 7.240940491915311
2 5.421559660827552
3 3.837592934115021
4 7.660927471330115
5 7.555401559799787
6 6.320333371481664
7 9.61430884791255
8 7.161705702463715
9 6.562490648946979
10 7.559049372710439
11 6.646976082641803
12 4.749152941247288
13 5.2596301035767175
14 7.288734198295955
15 3.833685273216959
16 3.6513404172190174
17 3.7416926768682113
18 4.350141005104784
19 5.685876504820356
20 7.047056000312858
21 8.551107223620956
22 8.146435396916221
23 6.162595424704875
24 6.10882411262926
25 7.76987788720394
26 7.454344323565036
27 6.680242797511628
28 7.1522533632726875
29 6.863473380027215
30 6.26939058887082
31 6.401958509010688
32 6.375943464176929
33 6.387174014491235
34 6.5204082494424975
35 7.687884280440216
36 8.751717987450098
37 8.202724551553604
38 7.241670953098531
39 6.835206877433181
40 5.925719621424918
41 7.014601514017163
42 6.308136770432956
43 5.476157182856877
44 5.484110632269522
45 7.685346268713417
46 6.068934571815174
47 6.814312888090243
48 7.0242422992113385
49 8.321633989992556
50 8.250110570244102
51 6.98222795157923
52 8.5366450455056
53 7.604320771135665
54 7.38181927570616
55 4.845851893803089
56 6.312426208146301
57 3.588083908167912
58 5.073558567404365
59 5.836495036028279
60 4.898888402941795
61 6.476101967527789
62 4.860361228033052
63 5.166360085704265
64 3.9138443060369856
65 7.6183365525430276
66 4.614017378995732
67 5.430745767622861
68 7.8749026469488
69 3.8885976006383727
70 6.242284747901101
71 7.914737300818142
72 3.7885907622450445
73 3.786425264845182
74 7.3496613648981395
75 8.215517422233159
76 7.260466566204837
77 6.693319735806892
78 6.111207114332492
79 6.029926119368519
80 7.663360300059671
81 7.315260886097139
82 6.534589285359693
83 6.570488902564714
84 6.683609649694841
85 6.976049012734958
86 6.895248180406873
87 5.941136549173868
88 7.449745212185614
89 6.188281638842688
90 4.111024087869765
91 4.026608829846613
92 4.4165525774016885
93 4.262334705392337
94 3.6709408992337584
95 5.492041985318498
96 4.45559778485216
97 4.003085820531725
98 3.639341726168753
99 5.199577292121236
100 3.7898583337048874
101 5.700497837443849
102 6.128251979637131
103 6.922868072831171
104 5.264579599081977
105 9.117351845715309
106 7.246434725943288
107 9.822159404154613
108 8.301922888234909
109 7.800520708827978
110 7.969706787666195
111 8.52493786734014
112 6.904677481089813
113 8.46255676911266
114 8.645632951107252
115 5.853630889409352
116 7.221169331308715
117 6.425524975301737
118 8.38150710479903
119 6.634271187987371
120 7.260236516742119
121 9.158738964196395
122 7.3324707331195125
123 8.648197658278983
124 6.975173717815836
125 8.38356712464061
126 7.231707354106775
127 7.963544608045645
128 8.266938295829728
129 8.87481710341245
130 9.159936618423036
131 8.63049886868567
132 8.506308510003661
133 8.890211404551353
134 6.8459683567698715
135 9.430328777870095
136 7.9664898070033985
137 7.068415709378412
138 6.870075882095411
139 8.879446040525712
140 8.944801247803447
141 8.233058957664575
142 7.669668732766436
143 6.228689754899045
144 7.211410263719852
145 6.12724279772157
146 9.668099451658744
147 8.587147652887268
148 8.16122709737648
149 8.18549810465815
150 8.5890606050282
151 8.83725162847811
152 6.978088628161677
153 7.825309382296049
154 6.418049006155441
155 7.426902730665976
156 8.449903376511946
157 6.675708757030794
158 6.3662989464037025
159 7.531091523926095
160 8.266642157353314
161 8.69766635604053
162 5.389777253157338
163 7.07993827941425
164 8.74773700997672
165 8.665406737109146
166 10.30540444249161
167 7.886385217829112
168 8.623632154869307
169 8.172371446744016
170 9.36087527879368
171 7.664333442781643
172 7.587866940109998
173 9.037123456701805
174 8.73227769876515
175 8.746613058807108
176 9.284290330178436
177 7.658424308527527
178 7.138206081830165
179 9.666742406442275
180 9.967330818041466
181 9.336972817009917
182 9.711663365939835
183 12.317015012216922
184 6.702916133089379
185 6.832500020862918
186 7.614139931492464
187 9.065433548321328
188 6.993791012775347
189 7.962405382873494
190 8.246954483304668
191 9.412516581418881
192 8.29273412036911
193 7.667570841955661
194 7.82101559855831
195 8.668907364817862
196 8.459356144237267
197 6.153971108397093
198 9.103009232917092
199 8.083654262951413
200 6.7770269592899535
201 4.35140817781549
202 8.229155482350903
203 7.888461408578085
204 8.708999323722065
205 9.023172376807183
206 8.383154352140773
207 8.091462132830571
208 9.000127157602318
209 9.141769104893761
210 8.846340206791877
211 6.833192611361224
212 6.6226841408893495
213 6.157885553060151
214 6.420498658205465
215 5.404953593848257
216 5.554607504527926
217 7.390382852536139
218 6.405449716822396
219 6.093810793141551
220 6.328217877610125
221 5.589408067481771
222 7.187638478612268
223 6.580902135661889
224 8.072049625798691
225 8.410770549262494
226 6.983925592910077
227 8.132836516541463
228 9.387369638801584
229 8.991734138001508
230 10.000144281149526
231 8.279600068156226
232 9.020116711425354
233 7.831506372547801
234 7.597948366831822
235 6.7721925293501455
236 5.642868155455175
237 5.971184869596834
238 6.210931945644943
239 6.748438805437165
240 6.703177213760724
241 5.85268481969096
242 6.465299816887553
243 3.9414553244210193
244 5.521738215393993
245 6.127714310414707
246 7.1259964705815095
247 5.1707118812430695
248 5.814629196948682
249 4.408606915772162
250 5.4565221330198606
251 6.160540064844446
252 7.693694856317467
253 7.149184768427335
254 4.916124402968873
255 5.918510054955959
256 8.01523776176411
257 6.553802540364982
258 8.680547519133054
259 8.460949254203442
260 5.661035541782891
261 10.070871144813665
262 6.970429464566343
263 7.6623131598647305
264 8.072822252040131
265 8.310917572378356
266 8.43248117933901
267 9.048977241568975
268 10.29442217760401
269 5.436229831879028
270 6.361021760596588
271 4.996123790752032
272 4.229694611140331
273 3.3597292046155065
274 6.31629821038811
275 6.333852723708273
276 5.496647328735864
277 6.215605771715319
278 6.2617246752276845
279 5.259532083436377
280 3.5946561656999374
281 3.5744894830926137
282 5.996305378534873
283 5.657982212271641
284 4.999120393289227
285 7.301821942023504
286 3.838994286785131
287 5.502450040516329
288 5.231684017639598
289 7.817877016072307
290 6.812567477557664
291 7.21498335752796
292 7.199608341443609
293 7.164362637680076
294 7.132556004811631
295 7.45567028326756
296 9.107399501336896
297 5.598812014300872
298 7.182697093725104
299 7.057839177477213
300 7.110920826393185
301 8.160313486054473
302 6.465941500136024
303 6.232556586369439
304 8.679503426617469
305 7.366796932837527
306 9.203916816649128
307 7.831857405601003
308 9.700765302684475
309 8.060400221654612
310 8.546898053938174
311 7.0195344007804605
312 6.786537434339305
313 6.9079584316893445
314 8.59797629004966
315 9.611664870116838
316 8.359403069324985
317 9.22079546484216
318 10.160200098132345
319 9.221259491796141
320 8.566716704254043
321 8.649849120964529
322 8.290805553412207
323 9.632557536855868
324 9.264236116194828
325 6.538811526671092
326 7.771519015296001
327 7.502127789684703
328 10.523439979569075
329 7.285414695101124
330 7.377095564156418
331 8.742141155799251
332 5.87517328779445
333 7.068277928856743
334 6.025407547931158
335 8.629477366901932
336 9.490496904331698
337 11.002474167782907
338 7.767388624050582
339 8.450011665314426
340 9.348366862385754
341 6.817123927554827
342 8.215506833604834
343 8.827798982717004
344 9.05501548463273
345 9.483496377427686
346 8.327402470665206
347 6.672601063612576
348 7.552818055663074
349 7.841001821300389
350 8.12191321070433
351 9.599913448937567
352 6.277542005983625
353 8.322355447702295
354 5.630221983523981
355 6.997167997942074
356 7.139242774374112
357 3.898212128801134
358 4.9040843373144005
359 8.021668199404536
360 4.3123032665873975
361 6.654613095684038
362 4.734226612928915
363 3.5829869124931943
364 3.8558315558997927
365 7.92783414643965
366 8.612839157536618
367 8.699237699935935
368 7.811723735944081
369 5.942550286907963
370 6.438241915349716
371 6.917936984471547
372 5.240704118005608
373 6.526799379481056
374 8.72843967720439
375 6.103910593549924
376 5.191131199046286
377 7.787281782405354
378 8.333622330844792
379 6.163617499781674
380 7.382962120573519
381 3.0853398378759476
382 6.77633472376103
383 8.910384098542778
384 8.152293085008887
385 5.663625709372019
386 7.397302354061611
387 9.029000969608521
388 9.539692257389026
389 8.272749803084489
390 8.270129808750626
391 7.6555159416156355
392 5.089781630376332
393 5.634880272594827
394 5.662447162120608
395 5.867555435731542
396 5.824418130343774
397 5.9021484710248355
398 4.813685557681131
399 5.726925365651105
400 5.665694896012465
401 6.42588077116408
402 8.661282238208717
403 5.641783943261979
404 6.425750885053347
405 7.743320229924878
406 7.763200400371334
407 6.074737734433137
408 3.5291721375538314
409 4.380894164777716
410 5.7963482764833305
411 3.5823237273055697
412 3.840639079156718
413 7.618660602336026
414 5.199402650327777
415 6.157627092195894
416 7.763578183670624
417 8.406896523136103
418 8.52462478141317
419 7.76961496251981
420 8.749458796375478
421 9.33551940667944
422 9.965859296788324
423 9.60095205527589
424 7.264567777872212
425 8.381297863624555
426 7.717509775747469
427 9.153412166792561
428 8.517867853943558
429 8.25931948691428
430 10.202353708062024
431 9.222042480171678
432 8.912470394478426
433 10.982949205530968
434 9.424748197360737
435 8.252580286685347
436 8.39210990749617
437 4.6154891539024705
438 7.740065308455362
439 9.74173002100729
440 4.1363645719775235
441 7.231984653043241
442 5.290263782702505
443 9.373484556769306
444 6.926470418658521
445 8.641928158248739
446 8.8442212725185
447 9.926104431259825
448 9.618043661906054
449 9.838313719533561
450 9.571218830094866
451 10.217520528978902
452 11.067784339716328
453 8.947466723826997
454 8.534545339941875
455 7.779856023133189
456 7.69021916552405
457 9.063482047875546
458 10.074562676652222
459 8.724013212185426
460 8.265004481545944
461 7.4884430339597285
462 7.896945974450779
463 8.923871918920142
464 9.826669770942988
465 10.579723178399016
466 9.936990551980724
467 11.899915746800515
468 11.546930085218477
469 10.272373918097133
470 10.606026147273996
471 8.299788103857614
472 11.52668511910677
473 10.741607586926813
474 10.748279265801292
475 11.868712066645864
476 13.943546248566626
477 9.09281146725856
478 9.522088427731294
479 9.56801315345826
480 7.668669202374028
481 9.516122950143524
482 7.665526468839301
483 10.44361570002283
484 9.731191800674242
485 11.26448792670235
486 10.344862181657136
487 9.19300787337328
488 9.060773219502353
489 8.960000434987034
490 8.302349553821568
491 10.811734654137078
492 10.841338228682389
493 8.981982228172262
494 10.278831074600367
495 10.38130680718919
496 9.52428283583032
497 8.839959022587752
498 10.31480850934917
499 10.067811481643076
