1 1.3585046529769897
2 0.8965420126914978
3 0.5137918591499329
4 0.3851560354232788
5 0.3151363134384155
6 0.34875115752220154
7 0.33420202136039734
8 0.317068874835968
9 0.30147621035575867
10 0.38539600372314453
11 0.39158394932746887
12 0.41025280952453613
13 0.3693639636039734
14 0.44208410382270813
15 0.5617724657058716
16 0.6803402900695801
17 0.7181376218795776
18 0.6098940968513489
19 0.5306944251060486
20 0.6629583835601807
21 0.4583534896373749
22 0.37153610587120056
23 0.3789919316768646
24 0.3628414571285248
25 0.3511544466018677
26 0.41538122296333313
27 0.416025847196579
28 0.3982013463973999
29 0.34309250116348267
30 0.3664296567440033
31 0.33755171298980713
32 0.2919912338256836
33 0.2905292809009552
34 0.3195837140083313
35 0.4492066502571106
36 0.4399758279323578
37 0.5923301577568054
38 0.6821671724319458
39 0.5200769305229187
40 0.4103441536426544
41 0.3165375292301178
42 0.3038863241672516
43 0.31702712178230286
44 0.30290788412094116
45 0.3833893835544586
46 0.6047813892364502
47 0.6253527402877808
48 0.6067802309989929
49 0.4368074834346771
50 0.3319034278392792
51 0.32454317808151245
52 0.29983121156692505
53 0.3270084261894226
54 0.4046425521373749
55 0.406222403049469
56 0.4301642179489136
57 0.3824664354324341
58 0.3445627689361572
59 0.3938620090484619
60 0.3615421950817108
61 0.41428300738334656
62 0.4318747818470001
63 0.4772828221321106
64 0.46936410665512085
65 0.5034130811691284
66 0.775233268737793
