1 0.8832975625991821
2 0.5371912717819214
3 0.4142230153083801
4 0.3416917622089386
5 0.2962138056755066
6 0.3031611740589142
7 0.274641215801239
8 0.2977370619773865
9 0.37500321865081787
10 0.4675135612487793
11 0.5482569336891174
12 0.6496084928512573
13 0.5383478403091431
14 0.5856916904449463
15 0.7209784984588623
16 0.5235791802406311
17 0.44611889123916626
18 0.45474135875701904
19 0.38414931297302246
20 0.3840935528278351
21 0.42267778515815735
22 0.4047280251979828
23 0.3628980815410614
24 0.41965943574905396
25 0.49096617102622986
26 0.4664575755596161
27 0.3441270887851715
28 0.32181110978126526
29 0.3043076992034912
30 0.29662010073661804
31 0.2913719415664673
32 0.3490908145904541
33 0.37465500831604004
34 0.4438680112361908
35 0.46453219652175903
36 0.4514407217502594
37 0.4103267788887024
38 0.36993035674095154
39 0.3842652440071106
40 0.35647401213645935
41 0.37205204367637634
42 0.36932697892189026
43 0.4149659276008606
44 0.5675833821296692
45 0.6238484978675842
46 0.49147477746009827
47 0.5643035173416138
48 0.4682326018810272
49 0.4982132017612457
50 0.49485257267951965
51 0.41344374418258667
52 0.5939027070999146
53 0.5848203897476196
54 0.6180776953697205
55 0.6045874953269958
56 0.5866004824638367
57 0.4367840588092804
58 0.42117011547088623
59 0.5118036866188049
60 0.4379325211048126
61 0.37804386019706726
62 0.38661476969718933
63 0.39957666397094727
64 0.37793195247650146
65 0.4182944595813751
66 0.4344711899757385
67 0.40546706318855286
68 0.3750147819519043
69 0.4771454632282257
70 0.5283836126327515
71 0.49129173159599304
72 0.4936331510543823
73 0.3540754020214081
74 0.37797990441322327
75 0.3880724012851715
76 0.38923799991607666
77 0.37757331132888794
78 0.35393524169921875
79 0.37742918729782104
80 0.2866939902305603
81 0.27070972323417664
82 0.2932337820529938
83 0.30470526218414307
84 0.34834516048431396
85 0.5186147093772888
86 0.5024738907814026
87 0.5355138778686523
88 0.5170683264732361
89 0.549166738986969
90 0.6350996494293213
91 0.5857739448547363
92 0.6153175234794617
93 0.4590470790863037
94 0.44044703245162964
95 0.36186474561691284
96 0.33780157566070557
97 0.34050098061561584
98 0.38919690251350403
99 0.4914204180240631
100 0.4579353928565979
101 0.43531954288482666
102 0.5448691248893738
103 0.5381146669387817
104 0.5017797946929932
105 0.37048012018203735
106 0.3265378475189209
107 0.2973102629184723
108 0.3128390610218048
109 0.2963418960571289
110 0.30013734102249146
111 0.345353901386261
112 0.45390161871910095
113 0.40284404158592224
114 0.29192936420440674
115 0.32288306951522827
116 0.36891093850135803
117 0.3824451267719269
118 0.31956470012664795
119 0.33907192945480347
120 0.4178105592727661
121 0.3773062527179718
122 0.35796546936035156
123 0.4661634564399719
124 0.4981890916824341
125 0.35397079586982727
126 0.3401331603527069
127 0.32136979699134827
128 0.28881892561912537
129 0.31298941373825073
130 0.32378721237182617
131 0.36336806416511536
132 0.45538192987442017
133 0.37615326046943665
134 0.34875306487083435
135 0.43366488814353943
136 0.4370076060295105
137 0.4819512963294983
138 0.5153378844261169
139 0.4424869418144226
140 0.525395929813385
141 0.506630003452301
142 0.37015578150749207
143 0.38951385021209717
144 0.41438889503479004
145 0.39039862155914307
146 0.34945547580718994
147 0.3330749273300171
148 0.3791569173336029
149 0.4078120291233063
150 0.3920150101184845
151 0.37025561928749084
152 0.3861217200756073
153 0.4028741419315338
154 0.5227089524269104
155 0.6160483360290527
156 0.6387484669685364
157 0.7576853632926941
158 0.5871375203132629
159 0.4061214327812195
160 0.3515770137310028
161 0.373272180557251
162 0.37906092405319214
163 0.39076536893844604
164 0.5910853147506714
165 0.912777304649353
166 0.6842923164367676
167 0.7086467742919922
168 0.48592644929885864
169 0.47178277373313904
170 0.46097347140312195
171 0.40992435812950134
172 0.39180508255958557
173 0.45958006381988525
174 0.44353187084198
175 0.4193941354751587
176 0.4655039310455322
177 0.42976367473602295
178 0.5632798671722412
179 0.6373953819274902
180 0.4796496331691742
181 0.4461720585823059
182 0.4163677394390106
183 0.41729339957237244
184 0.42611443996429443
185 0.5245398283004761
186 0.8237484693527222
187 0.6897538900375366
188 0.8244417309761047
189 0.7610763907432556
190 0.6896727681159973
191 0.6181590557098389
192 0.5798364281654358
193 0.5448164343833923
194 0.5529592037200928
195 0.4874614477157593
196 0.4784921407699585
197 0.5741417407989502
198 0.556161105632782
199 0.7692184448242188
200 0.7661648392677307
201 0.7482396960258484
202 0.752749502658844
203 0.6672306656837463
204 0.6677783727645874
205 0.7046067714691162
206 0.7153092622756958
207 0.834921658039093
208 0.9712017774581909
209 1.1838120222091675
