0 8.144836725299944
1 4.196344846903727
2 7.345281521948691
3 7.933111101619261
4 6.869181953511662
5 3.8055483288047083
6 7.708685349284804
7 7.6299474699994585
8 7.510272616622859
9 6.632704416984069
10 6.773309839828254
11 8.390352727099799
12 8.957481357650213
13 9.249989764762807
14 9.656464252132212
15 6.673085104189477
16 8.24512502826872
17 4.233527840687402
18 8.812204212581594
19 7.011165395413577
20 6.9516491392427415
21 6.829753597454311
22 9.032277869919891
23 8.349825474518518
24 11.120226852390921
25 8.118046488760202
26 8.900521764146296
27 7.864169568246819
28 6.839323762876209
29 7.1884300886800165
30 5.76120838500897
31 4.948866862218723
32 5.928804590908932
33 3.696878954841219
34 6.529211331919734
35 8.506093576095282
36 5.878978911949158
37 6.9396250941253275
38 6.992854617575799
39 7.224563662542444
40 7.922678016587223
41 10.684133672164084
42 6.899899048253985
43 7.519633319204238
44 8.164589482700912
45 10.505617802190697
46 8.980669581571032
47 9.812735329594656
48 7.887722730877725
49 8.18738340828267
50 8.947239390028747
51 9.743579273424974
52 7.086026693977263
53 8.444249022439772
54 7.4122526769371415
55 6.401640402515389
56 10.341761297336857
57 6.712114492415175
58 8.748036061255789
59 9.844284121013208
60 9.702878123529452
61 11.913986666809663
62 9.725977650682049
63 9.568948487891108
64 11.37677947015712
65 8.841777387920427
66 8.734304644701787
67 8.58214047662623
68 5.873712247821353
69 7.955815800154764
70 4.965961573393882
71 7.829054166337317
72 6.389278455080809
73 6.8493862195582995
74 6.3849883943738375
75 7.930487685281015
76 6.097726068240069
77 3.9965715266035855
78 7.618986103554647
79 8.638374125193515
80 9.635970293157621
81 7.192442171212321
82 8.17286697444766
83 6.713427716180938
84 10.040909930256747
85 12.85611732572028
86 10.801142825991231
87 11.014916951587681
88 9.611008013095747
89 8.856121938287943
90 8.740372003088932
91 10.194049398542383
92 4.990005800752271
93 4.8985404990218635
94 6.558821469814415
95 5.063132349448771
96 5.902616917288146
97 5.826201959602798
98 4.042091577273526
99 3.206303536249256
100 4.094673808923665
101 7.100213400917291
102 3.441102552091391
103 3.7563732362948716
104 6.929408716619931
105 9.11024538026394
106 10.078069906508265
107 11.486363052944172
108 10.899973442887847
109 9.822855073891963
110 9.597320005597531
111 9.94356618967129
112 10.818720295915211
113 10.686158176887924
114 12.008947966839152
115 9.936771460790368
116 10.987426320225246
117 10.528665890670966
118 10.33343788403372
119 11.035443549421544
120 10.099396947658402
121 9.628101170708751
122 9.343983525672872
123 9.054539563392552
124 10.41449519367853
125 10.935074388399489
126 11.358724153662447
127 10.13139005416618
128 10.581779856321132
129 9.403508898860476
130 8.40986189743587
131 9.147711881985154
132 10.474605900677474
133 10.701579092813148
134 10.512295189492368
135 9.187144600426922
136 9.49847387265648
137 10.580481746215076
138 6.629550437111835
139 9.537446097127768
140 9.946306164938324
141 8.018748245930976
142 8.071565104602175
143 9.518634900141492
144 7.34409424010463
145 9.847604099949343
146 9.408111369595716
147 8.933393078559659
148 11.50945347517106
149 9.582975529578977
150 8.974561050252792
151 10.957462594178168
152 7.8749244452421125
153 9.394278395447309
154 10.395737203308483
155 10.789056153653364
156 7.37495396885594
157 10.155874931444487
158 10.805431244858049
159 9.232024599028213
160 11.590713123211957
161 9.308915571192859
162 11.255967562295794
163 11.544694059987176
164 9.640815776403636
165 9.210975955829465
166 13.504058966628621
167 7.322791858305825
168 7.82882188454934
169 7.348496345436089
170 9.804079533775399
171 8.317636694797327
172 6.280579722397542
173 7.403397610390514
174 9.159826393884552
175 5.549755552494649
176 6.923361240485525
177 7.692141705929161
178 11.016037561782149
179 8.068027068355683
180 9.166339654180847
181 10.071187075206934
182 8.694245002768737
183 8.898341784557486
184 10.355048526685838
185 9.090735254554504
186 10.501594106581713
187 7.648657401729018
188 10.525900421740804
189 8.53007919796308
190 11.072475017053547
191 10.892941901779288
192 10.665559484552048
193 10.382212343819388
194 10.909147752514265
195 11.9301124208611
196 11.325710595949355
197 12.471502001045986
198 10.788462374167635
199 12.133005645991584
200 10.84344688810798
201 12.114774145367928
202 10.528592230222564
203 11.030267058598856
204 11.314169419434528
205 8.41741352999395
206 9.102867941112317
207 9.075323781653989
208 10.150287537859576
209 12.614615081207441
210 12.030552345566942
211 11.356797960453065
212 12.616735910200445
213 12.653333340320117
214 11.920445281014283
215 12.710011782459082
216 12.212747848866252
217 10.086336143786014
218 10.46269134180864
219 9.850042028148172
220 9.115738360120915
221 8.796702973780226
222 10.543927807818585
223 8.996322448710156
224 10.878820803755145
225 9.62378425910642
226 11.324403832955946
227 10.703899612360184
228 7.404950922066004
229 9.091457864790728
230 10.125525257804554
231 11.141902378589664
232 7.605659401599834
233 11.450110440455525
234 10.447245073580435
235 8.447527562241715
236 9.687159708465398
237 11.017772594007024
238 8.293290740326857
239 8.679098200836291
240 11.263954620898689
241 9.780951850711457
242 9.755398020279047
243 8.685859264025957
244 12.083546731821638
245 11.081695097794592
246 9.081689551512703
247 11.124215932965802
248 7.972315790346013
249 11.677579819513516
250 6.399390408546195
251 6.863601235688821
252 7.413071164435843
253 4.620378867439543
254 7.197388013876228
255 9.313416376197507
256 6.684214352160376
257 8.515547060197411
258 6.538622564486649
259 6.846514163902556
260 6.37320539997857
261 6.158554597316207
262 9.334195753811787
263 6.375766143117386
264 6.279043457164856
265 7.989586589619055
266 9.415461894440424
267 10.729235402729138
268 8.293365481927767
269 8.88671247424798
270 8.364195711268131
271 11.432706228637706
272 9.478682610990285
273 7.543302786488425
274 8.413202536286743
275 8.162958919788457
276 8.51847678457907
277 9.565981341754059
278 8.76980571849509
279 10.049691127156802
280 7.850326225122764
281 9.832201417650497
282 10.148845932229538
283 10.022764220843763
284 11.457508399713433
285 11.228139070889705
286 8.642725870535793
287 7.607018614174249
288 3.8045776750788924
289 6.60744888487036
290 6.402453970605253
291 8.166217484523848
292 8.451361143405379
293 7.419079935759676
294 7.322011730041978
295 7.1352613556300835
296 3.71619221565934
297 6.734464930773964
298 7.992739176719942
299 7.986886326658934
300 8.782721937826388
301 7.5556601096376435
302 8.092207585612435
303 11.035255669140797
304 9.948913314308745
305 12.825586031612815
306 9.222971186254464
307 9.993459946349589
308 10.857460334478873
309 8.409953119777887
310 7.490134286637991
311 7.778466941333332
312 8.76250575539134
313 9.458304395940624
314 6.839825716475173
315 7.982129554680955
316 7.1123659875237655
317 8.687736226501624
318 10.326769824149027
319 10.814725562514152
320 9.525194568042073
321 8.020438065534924
322 8.176882840409235
323 10.128791763892801
324 8.832568400464863
325 7.6738462666206475
326 8.984884239844074
327 8.406196946321394
328 9.616089433068137
329 9.16358127509383
330 10.647913894485566
331 10.154768229828004
332 11.337483423404205
333 10.618771724309335
334 8.073700331897355
335 8.10527189429095
336 9.528399448237163
337 10.075236230514522
338 9.298165823697147
339 9.301582423729874
340 8.927829514800372
341 11.047303309063789
342 8.154967730213091
343 9.21049745360488
344 8.692940721949213
345 8.858864418063206
346 9.75104060598111
347 8.875858488470595
348 9.272586806427185
349 8.768800291824544
350 10.397420926096078
351 10.062445711979366
352 11.001169040670767
353 7.962426017426373
354 9.585337786177696
355 8.99635174686723
356 9.47772519718247
357 9.303435703680343
358 8.99846225919462
359 8.802012477407832
360 8.974622198200558
361 7.121408178217631
362 10.2418429484043
363 10.916600303702959
364 9.910344941364785
365 12.58389572232345
366 10.461657916693412
367 11.057047511587536
368 12.809290160330258
369 11.570267651367242
370 8.345804240627977
371 10.73242174061118
372 13.472388947216613
373 11.121609860814411
374 11.86287893225179
375 12.304732293875933
376 12.296186491867442
377 12.85241111165243
378 11.931884800731781
379 11.051056936050587
380 10.117701237761915
381 8.223053985290955
382 7.057039287737377
383 6.700669344121444
384 7.154456775623386
385 6.237567762429022
386 6.4076993319961435
387 7.072641636945105
388 8.958508095422628
389 7.006200940115026
390 7.4158610142547134
391 8.74784598395301
392 7.68584244657247
393 8.764542357204997
394 8.018163895886067
395 7.503562644703175
396 7.749280382463384
397 8.375117965458697
398 9.988324117530162
399 8.675193304121448
400 7.295371944420977
401 9.671906707460215
402 9.216018453890623
403 9.148934219318415
404 7.0541593709934505
405 8.08722580605747
406 10.17902425737834
407 8.988180627163413
408 9.676917915479503
409 8.99414453534638
410 9.496036135684674
411 9.704060046646797
412 11.464485686598138
413 12.540821038559981
414 5.607780238753029
415 7.001175350326804
416 8.218899398649848
417 7.607969234283263
418 6.607650455317839
419 8.669662916202176
420 8.424347138874655
421 9.61441862118315
422 6.98300257931831
423 8.052067200242428
424 12.241397201062219
425 11.878739299114
426 8.688551408227084
427 10.303042936849396
428 9.582422125787458
429 10.716696895566738
430 10.423979614081265
431 11.920066937739625
432 12.352079281585102
433 10.986212622027491
434 10.313788214323862
435 11.430825852269189
436 12.887758522760718
437 11.898147939287771
438 9.819761357054666
439 9.4224984470456
440 9.61838012902236
441 7.988929249365829
442 9.714959306308845
443 9.27681597726203
444 9.689510525416448
445 9.953590551089846
446 10.286081039301122
447 8.398368524289847
448 10.099280092946664
449 6.428998448830048
450 7.266405445815004
451 10.43086611157014
452 10.277860563368042
453 10.084148030369766
454 11.100865843133112
455 11.013353428964614
456 7.285202482700148
457 9.512946490785193
458 10.363260514638231
459 7.113350878451725
460 8.946588960436763
461 10.399673170027942
462 11.868483447703548
463 10.56816685716672
464 13.655954715974865
465 11.941270475923199
466 9.42166309180349
467 9.731934815337956
468 6.9528388969129304
469 10.805880107610509
470 9.501300953878445
471 10.133284567052746
472 9.306835300983147
473 11.100875109802224
474 9.953680664164988
475 8.408296414382129
476 8.651885173475986
477 9.640972545753675
478 8.887983418979353
479 11.871252209464684
480 9.97758104581017
481 8.736205573249153
482 11.653926334576148
483 11.150886017060387
484 9.501223388989956
485 10.533546675309061
486 8.890322583516669
487 10.101753699987494
488 10.87434599447679
489 9.97404292617256
490 11.380759559892299
491 10.178336460658592
492 9.389985623631862
493 9.43365109312774
494 7.89011386492798
495 11.637698943333064
496 9.396287243259485
497 7.613134824896597
498 7.914783596219602
499 10.387577056582446
