0 5.9954001974219056
1 4.910459919695599
2 8.224050418519838
3 5.989789276095372
4 3.515910009650477
5 6.43757966741477
6 7.196673994791016
7 7.465608416994265
8 7.225843626207829
9 7.717855127132044
10 7.067610006571879
11 6.7830060407368995
12 7.742054580011756
13 5.423066623539304
14 7.346018825078188
15 5.154608522369862
16 7.15997479444422
17 7.335870788366372
18 7.861616633947192
19 8.684019034039613
20 7.119352806205398
21 3.1155672454533714
22 4.155340345464104
23 6.493675772775804
24 7.976811659819586
25 7.826781426781903
26 7.592038574923227
27 8.290783713393195
28 6.7092587539861475
29 7.18654678769505
30 7.78522794173869
31 7.749174936583107
32 8.153783308339367
33 6.363483285455062
34 3.7724237780838856
35 3.7514520165590954
36 3.9915592248404526
37 3.8735999692428713
38 3.39525847315836
39 4.304366085859268
40 4.512583016625988
41 3.74938775069664
42 3.841936322365092
43 3.8205848372353644
44 3.74786117474035
45 3.815021374869325
46 4.483186631869197
47 3.5562624599383836
48 3.962056472260882
49 3.1035369182549255
50 4.4143807870496765
51 3.770874854828718
52 4.696370022050059
53 6.243629841478692
54 3.394568045639589
55 6.263544464102779
56 6.723701497300787
57 6.425942714475469
58 8.189331720445777
59 5.9698485548654565
60 6.87377635090104
61 5.19732553830989
62 6.852088067655602
63 7.412027711177523
64 7.266506450626573
65 5.661787900417204
66 6.086135949869749
67 7.485386844224025
68 6.921839318029814
69 8.334168168559552
70 6.585393822642068
71 8.603973816439286
72 7.78367059245413
73 5.32672496991308
74 7.718232507702486
75 7.776456906023486
76 7.324288458154923
77 7.443159285607037
78 9.075616981786938
79 7.24747269742732
80 7.502579746878158
81 7.052828883911052
82 8.89366495988122
83 7.083750900559092
84 3.9333866019242616
85 3.6684899402226763
86 6.471094366779325
87 6.624229989380394
88 7.426688880817223
89 9.313654865668019
90 7.993760560100631
91 7.853238886389627
92 6.513159546158274
93 7.057905522806043
94 4.915031068119701
95 6.494605892601177
96 5.6489288594241085
97 3.5762624848820224
98 6.620633744433706
99 7.267588528891393
100 5.275493986630261
101 7.1766195148976335
102 6.955226969573876
103 8.21636305926185
104 6.838611825022652
105 6.726298831757837
106 8.229999532929645
107 8.184159490438992
108 6.9290079956539
109 6.4126890078598615
110 6.316080531629096
111 7.487351692865493
112 7.960562211737116
113 7.546515732521722
114 4.013181337361111
115 5.83539256256594
116 7.336079607342034
117 6.71571121050971
118 8.629746716909569
119 6.611049733598581
120 8.148941049732299
121 6.2357127633700635
122 6.143933498512053
123 6.481029130872662
124 7.39845480535559
125 6.415000606920162
126 3.881697808897469
127 6.387631579002382
128 7.695661161750484
129 5.614429445916099
130 9.600680729720269
131 5.905893941046638
132 6.505758924290189
133 5.717858977761435
134 7.071258080961987
135 8.004498250827469
136 6.833727668944764
137 5.63686632744404
138 6.8448712922782615
139 7.034401413704233
140 7.046529436486997
141 8.284511882944447
142 6.476650287711374
143 3.7117484480878695
144 4.0558852595539445
145 4.709790953191695
146 3.8658492597237304
147 8.746536516206438
148 7.2114972224862415
149 7.565173399499426
150 9.059455625438304
151 7.94921436199216
152 7.2393563761135304
153 9.099524583727435
154 7.073605052959772
155 7.7359563963549745
156 8.170164050398267
157 7.966470561015567
158 7.5323818506903315
159 8.112571418583968
160 5.579647947438247
161 5.976559177140262
162 8.186109282208047
163 6.519439511690716
164 7.831732374067167
165 10.544104541870006
166 7.830549402248619
167 7.450502868809639
168 8.149561653273345
169 8.234704425335549
170 7.449528256958954
171 7.6763838277953935
172 7.9529577583581235
173 6.551138083553443
174 7.2614316650886686
175 7.283229533075507
176 7.354040269751373
177 7.303798609293835
178 6.007660937119699
179 8.216656422495666
180 7.3508764689750254
181 8.73709935646861
182 5.846752665235404
183 6.791775816611302
184 5.768048776778517
185 3.3036475012030135
186 3.807965128976775
187 5.583408940691992
188 3.423372191223227
189 3.4585502537347916
190 3.905051572324898
191 3.963423727760517
192 3.988299169791895
193 3.7393717696878896
194 3.7059168890238863
195 7.850243267988463
196 5.127603337861601
197 7.89238596397992
198 7.483571537524627
199 7.4885350346799004
200 7.568307648263036
201 6.570981049202867
202 8.547600099083695
203 6.950849755907497
204 8.410700472754383
205 6.29153457793441
206 5.798846405495157
207 7.1799544904484485
208 7.427276045685101
209 7.768156262313707
210 7.007215260924011
211 8.652268105702456
212 8.118132091281387
213 4.0357640062441655
214 3.7708077241920854
215 3.694772588118525
216 3.738767319907392
217 4.146131510547153
218 3.8152969103346406
219 4.130362055275993
220 3.8260628432516905
221 3.7654657865009504
222 3.9196944461921293
223 3.747097826240204
224 3.8523162159433237
225 3.914430483099063
226 3.6955772381015177
227 3.736543744316348
228 3.836255418538117
229 4.108625311538412
230 3.7687268011658386
231 3.876452487918406
232 3.909503747033142
233 3.9504265281183413
234 3.758346107467024
235 3.9981069308110064
236 4.058469256096071
237 3.7562301123991673
238 3.73591784397255
239 3.8150366427046976
240 5.263959999861031
241 4.803598841283079
242 7.076495637471903
243 5.303086909256266
244 8.02174666786211
245 6.7496286098167575
246 3.7798924969667085
247 3.9482051601356245
248 3.838495461418663
249 5.863639866921135
250 5.884420622541751
251 6.9425844185787895
252 8.731974063781815
253 6.716350509504753
254 7.519641207158703
255 8.582825785886442
256 3.5394830686260996
257 3.7778389836185027
258 6.222516089996165
259 6.595196043068123
260 5.960481740163296
261 7.547986294199233
262 7.152848771257608
263 6.989313675739015
264 8.42747755819879
265 7.992993201872579
266 7.541333230057532
267 5.822817581402962
268 8.105898396610357
269 8.665044538690333
270 7.484722710016878
271 6.275318219114526
272 9.466947854983848
273 7.950278400996688
274 7.865150923760617
275 7.7471991867741
276 6.369937214490577
277 7.43153641273344
278 5.795156965787805
279 8.312537983584063
280 6.076300113487838
281 6.687809719311611
282 6.99969776298522
283 7.074791352279202
284 3.9610626162429523
285 7.4255785611904574
286 6.633270928936887
287 6.912953732813012
288 6.984439013272082
289 6.057586057914462
290 6.475893388472907
291 7.156431493893962
292 6.700425796562252
293 6.18118506421117
294 5.689558488327212
295 6.843946682935527
296 7.478045288090133
297 7.3101171713139514
298 7.712589473926257
299 8.181208769678006
300 7.293274040333872
301 5.250587176781547
302 5.7515882814071455
303 3.6856304390460286
304 5.658817966190551
305 3.738717572618293
306 4.155266602254693
307 3.613787954250964
308 3.891435801012161
309 3.587804151874652
310 5.115518172351943
311 4.964370463211706
312 6.6132903674340575
313 7.366795411931735
314 7.0800415641266135
315 6.472246206608682
316 7.191097187595604
317 7.093114159063954
318 7.7187121021912946
319 7.904017843825103
320 7.877644365067263
321 7.604534733741361
322 7.475172714324456
323 5.839416952748091
324 7.3891337105431045
325 7.699057734508912
326 6.404619267114961
327 7.507561565111135
328 8.549294251739253
329 6.318527145102247
330 6.48570421275383
331 6.840750855647224
332 7.312443541142936
333 7.804997372741626
334 7.115989684132482
335 6.416373214910442
336 7.37653658824788
337 7.507888876475789
338 4.902394064382303
339 8.145573513500272
340 8.194129457724994
341 8.406955874046547
342 8.052189072886307
343 7.98846365672411
344 8.835382322170913
345 5.979132118472331
346 7.140881947308219
347 6.8844062839411775
348 7.298601545871287
349 9.187393369814934
350 8.011089974581514
351 5.687110702441488
352 5.560640912000956
353 7.2518601126335644
354 7.191360685572015
355 8.336973696786398
356 6.287838686265076
357 5.900995309973474
358 5.828969395056315
359 8.498079549020238
360 5.205579558272769
361 6.051405637132801
362 7.576149627020111
363 6.005591641296332
364 7.1392167174117445
365 5.647744317875809
366 7.604830291427544
367 7.065824410527681
368 5.278754645721641
369 5.800330105983927
370 6.874832501389712
371 7.914148098156159
372 7.219664143176698
373 7.286427458160588
374 6.960703706163749
375 6.809887674721318
376 8.26236985171563
377 7.822283085115004
378 6.5101096725089835
379 8.454305865844502
380 7.629655777866516
381 5.067632270475988
382 6.346707435956852
383 6.062768212324523
384 5.962129428231728
385 4.523300910887994
386 3.318402875953646
387 3.540817493923895
388 3.8556982109501665
389 4.662529866170953
390 8.020382675802226
391 5.807853382404056
392 7.119317884318842
393 6.8163768858379274
394 7.597007897232141
395 6.957160176477894
396 6.580977682454325
397 7.487421220887376
398 6.099518390262504
399 7.626439469654126
400 7.6040734389520255
401 7.048171766445475
402 7.240152871477398
403 8.520483142328105
404 7.6456885620768045
405 7.384377155794764
406 6.788145855747959
407 8.374082607629223
408 7.651147425301581
409 7.657362475638568
410 7.323530838730621
411 6.997633395650904
412 7.024527583188313
413 7.7948220327043085
414 7.716954223617256
415 6.9609720849837124
416 8.21033064639279
417 7.491863044799248
418 8.002694788336493
419 7.761706989579588
420 7.413926629160801
421 5.865337552092071
422 8.24507060819346
423 7.728055182968905
424 8.005592157198869
425 9.589198887405958
426 7.008305342008032
427 6.544811652916469
428 7.121512542977566
429 7.287454960590561
430 6.761845118595507
431 5.5935936659381
432 7.458450012054189
433 6.239614249486665
434 7.39510494233249
435 7.015566627414199
436 8.93470595512908
437 7.630511188935288
438 7.721096244177844
439 7.339083647558582
440 7.910659734564513
441 7.800288601502463
442 7.367642647562439
443 8.512921268890029
444 3.532305207953114
445 5.675081714368733
446 6.867589856607018
447 7.280474367239671
448 5.646084153939967
449 6.680361112733567
450 6.123480360416645
451 5.0193635837550525
452 5.332949596248749
453 2.9445874097515734
454 6.718583120218588
455 3.099416933505557
456 3.9168851410790335
457 3.186775945367746
458 5.503742733895741
459 3.914887355871311
460 4.192205994530768
461 3.6338903654394388
462 6.010284776782521
463 3.030365145611379
464 3.4774743450814003
465 3.8079595736976417
466 3.836569744125905
467 6.028848437758065
468 4.172004190850956
469 3.747534073883789
470 6.0051440976361725
471 6.9617207225872955
472 6.5747777094107605
473 7.903757466092584
474 6.442168955649661
475 8.100707879063556
476 6.335703532540481
477 7.942750779720084
478 5.331739455303469
479 5.868567501868805
480 6.681098466129635
481 7.079715032226335
482 6.553969848800155
483 6.582430318536587
484 6.7342002715695495
485 7.809280506539513
486 6.140495604306591
487 6.419524065988126
488 7.08119185977584
489 6.949446138184125
490 8.985958699747268
491 8.23572601794745
492 7.866819370538167
493 6.108676467407022
494 7.797349377590365
495 6.4731077891582816
496 6.250904659420059
497 6.5352005806029565
498 6.279604840470634
499 7.397064085354169
