0 3.196019815306778
1 2.789515054952562
2 3.731330246384222
3 3.5844406781673848
4 4.006236255942381
5 2.525081886000153
6 3.2448762941371188
7 2.721520260650535
8 3.1424396477350074
9 3.401331558312098
10 2.5707984162442976
11 3.2694093891778016
12 2.906788949477404
13 2.736106090981074
14 2.981574734284944
15 2.9289964810161604
16 3.2484826041274455
17 3.0441666827968707
18 2.805540598563234
19 3.397099674657095
20 3.3311676318530563
21 2.7007616038782984
22 2.9256942340035095
23 3.1035578174009357
24 2.9928815506676325
25 2.5068785655344934
26 3.068223420453198
27 3.0040846662123872
28 3.0696543299013532
29 2.910138242387584
30 3.034859742664778
31 2.7630500521708035
32 2.831331092379449
33 2.765502393883532
34 3.099315480305466
35 3.188429692887562
36 2.73619228601332
37 3.153088962910204
38 2.6037122811240287
39 2.9364697258322994
40 3.2233266040363144
41 2.641195017101901
42 2.7696754483933095
43 3.380056493470023
44 3.534427215234025
45 2.815729549980272
46 2.971741900585173
47 3.2531793613397197
48 2.6569417794741783
49 2.820972394147929
50 2.7282973261787165
51 2.810780173319139
52 3.3827750384994424
53 2.843256419264989
54 2.6737562100605725
55 2.7451358704777715
56 2.608225497473207
57 3.3451031069432995
58 3.379953051159845
59 2.992518593046026
60 2.8505690679917515
61 3.6402690171272734
62 2.8957738691933113
63 2.818971915874413
64 2.8288206798096707
65 2.763827748544655
66 3.368111405770508
67 3.5000075847363923
68 2.811873491286308
69 3.783473745718052
70 3.4659071809258672
71 3.1372850213558277
72 2.7731496628062633
73 2.880148203316061
74 3.403242776832618
75 3.5904446391944096
76 2.789795722003637
77 2.855572508815578
78 3.04920626567754
79 3.303998870411933
80 3.209667499083705
81 3.42992509733687
82 3.550712926912318
83 3.3530103273185605
84 3.3390420418054667
85 3.5177646276088117
86 3.646594916479528
87 3.4344891097092267
88 3.4065850823015813
89 3.109206730936407
90 3.5175138974630187
91 3.197107804344959
92 2.8445389792123206
93 3.0461174385466903
94 3.564141075465567
95 3.2896035423645613
96 3.080353701643883
97 3.2900969458075933
98 2.801017447981811
99 2.629737795038219
100 2.747711280851173
101 3.1705640362934795
102 2.8474867809179463
103 2.774528209656641
104 3.393666687689866
105 2.9678726663143715
106 3.6718203548225268
107 3.507132256837128
108 3.111688275434213
109 3.4722220701921014
110 2.818927471739648
111 3.3548798998983758
112 2.7146359225198813
113 2.64147940196606
114 2.9665952009404633
115 2.9941898738418993
116 3.0895698739156217
117 3.330558471809406
118 3.0899042859271684
119 2.6494194328311025
120 2.63914472443312
121 3.0765461599568873
122 3.3226909043262953
123 3.5248112318901788
124 3.1700349139490718
125 2.5764541680085222
126 3.2006409566991803
127 2.9580436251599465
128 3.3565239640738245
129 2.7813411278279903
130 3.3092767202635374
131 3.2173012668367558
132 2.807890685802743
133 2.5072132460367773
134 2.8535812426290352
135 3.391853785073951
136 2.803934491046898
137 3.7688284064028093
138 3.1908988631925284
139 3.582458308417688
140 3.1594568000556507
141 2.7528045786526505
142 2.7826598484071954
143 3.1392647367797863
144 3.704815931806494
145 3.2707246390852966
146 3.712436102043218
147 3.065837868568751
148 3.7584106264344053
149 3.2635334819300366
150 3.004611606734947
151 2.86734415987169
152 3.1361539945769823
153 3.1186047382672
154 3.0976813321464967
155 3.2461136655794514
156 2.8355694576247457
157 3.183448484314472
158 3.000119974100489
159 3.457198663568375
160 2.5924229129408376
161 2.7786467307537372
162 2.6683877514304912
163 3.4143786660995374
164 3.1852807571159585
165 3.0229280858600376
166 3.23744861814885
167 3.598204453283801
168 3.2171511751989232
169 2.9001139050660165
170 3.326454162213238
171 3.4490164377426167
172 3.159258837844764
173 3.689798869861747
174 2.7386400342632466
175 3.636858995815311
176 3.0029764291448453
177 3.1057556007627776
178 3.4912992898930075
179 3.460713199989424
180 3.316789564494179
181 2.8609681140759604
182 3.0051285128206646
183 3.0820097012131114
184 3.555465727881212
185 3.2833305774323622
186 3.5118123803475996
187 3.6832238919295124
188 3.316194339921314
189 3.433134474480697
190 3.4582514826735333
191 3.286798018224225
192 3.2655970495329383
193 3.4220502403347743
194 3.2868101401202052
195 3.397875268392951
196 3.181856777006583
197 3.6269535442111422
198 3.1680282635667503
199 3.1193820211508307
200 3.3272087611415473
201 3.2606857503585944
202 3.5225077878792015
203 3.2842746535850575
204 3.2956933593774904
205 3.277666402516929
206 3.241625824427125
207 3.533819095550767
208 3.316282626055825
209 3.1073925137261877
210 3.552486643446793
211 3.5651275669563915
212 2.6977373131976936
213 3.3630736342091665
214 3.2745583659652806
215 3.1442887487755034
216 3.3309997357848293
217 2.825028853815155
218 2.73556564864382
219 3.2662264958668885
220 3.3274676343584257
221 3.127764723145918
222 3.0789063426755985
223 3.068789444048519
224 3.514578020305872
225 3.5662502071833773
226 3.1234300168640052
227 3.7640953837211777
228 3.5967169576936096
229 3.3846325238741466
230 3.543709451075766
231 2.95100761846451
232 3.4135019989276145
233 3.4258767841126314
234 3.318031381643301
235 3.491588553687089
236 2.7972750703095115
237 3.190750825002081
238 3.345762421555911
239 3.231966622094228
240 3.251288490501198
241 3.5986159472500416
242 4.545956494798327
243 3.489359467973009
244 3.452642668989827
245 2.9713894848788702
246 3.0294438080224917
247 3.2487115609484314
248 3.5137870411137135
249 2.9723158548560216
250 3.5398626134807336
251 3.1485434881490497
252 3.1085895580034393
253 3.2616703808369842
254 2.9150142110330695
255 2.9583156598095064
256 2.5762132516803002
257 3.5817244425182473
258 2.7989037499018283
259 3.031287540473204
260 3.085737705802474
261 3.2698120582135735
262 3.489073197246425
263 3.010680295934982
264 3.7717909480652416
265 3.3116861999870557
266 4.2896747659788295
267 3.1269461017210807
268 3.146097822157578
269 2.6995021644198203
270 2.7599243057241463
271 3.006592522399209
272 3.030955243524608
273 3.6845779378416945
274 3.0847024878755853
275 3.120543706997167
276 3.238748923984956
277 3.3279579970975615
278 2.92133638929585
279 2.781243284359698
280 3.2957920217058416
281 3.5120477210618555
282 2.9568896161310563
283 3.427559414892392
284 3.2079765590706226
285 2.690567192723244
286 3.2615767765274346
287 3.540160781780463
288 2.757096347073383
289 3.3274636436017535
290 3.3291978624373533
291 3.290126849587115
292 2.8195597485766135
293 2.9952037149532256
294 3.142826213327416
295 3.341643296120022
296 3.4421901822499756
297 2.7081857527573114
298 2.873725967181381
299 3.041911607578411
300 2.766980166049828
301 3.2277350675815155
302 3.235072884775481
303 3.0802991743721524
304 2.901765584203628
305 2.6793995580851977
306 2.758433194718436
307 3.420185216939074
308 3.367366235750699
309 3.137939740527416
310 3.264280022588851
311 3.187065114775016
312 3.283330679881069
313 3.2191241017958965
314 3.091879881341473
315 2.8086567292398126
316 3.3180956661559464
317 3.2093699012200916
318 2.6456491996010354
319 2.8059160763106323
320 2.9727918114396332
321 2.8670334464480614
322 2.9437024529033673
323 2.9500465253686228
324 3.310520015729584
325 2.6916392371261995
326 2.8298665526506706
327 3.0953481151238478
328 3.1447657754866647
329 3.1604408872693055
330 3.319570691601301
331 2.909106627649288
332 3.0105864992638818
333 3.2161442114609917
334 3.149826046212707
335 3.4385201018245026
336 2.815445181304794
337 3.0834083801158587
338 3.4414346407976777
339 2.79764709465027
340 2.8079352470034444
341 3.5413026542846175
342 2.860214792410818
343 3.208054677758922
344 3.312363807405185
345 2.6016574417994054
346 3.481342792134756
347 3.112668286238894
348 3.134824322702212
349 3.2837586235185037
350 2.6806345510234446
351 3.15503891380852
352 3.3581669872077455
353 3.5987259290055342
354 3.4719438398486084
355 3.3488205448126327
356 3.3141980503136996
357 3.2581585083885862
358 3.4247392362247937
359 3.554471978277192
360 3.433539080432994
361 3.1010657171163047
362 3.015671469720962
363 3.3219620482560193
364 3.2350608863425383
365 3.2221824779430506
366 3.743577285735542
367 3.221146603243645
368 2.9377709207817877
369 3.4323343664737016
370 3.2996540236323098
371 2.7244700784877782
372 3.569731780041844
373 3.0811325238311533
374 3.097098893012847
375 2.6369605324577603
376 3.305094557596392
377 3.171455428863909
378 3.28975524521125
379 3.021937120997863
380 2.6475473073449196
381 2.937363691296847
382 2.8073516162960788
383 3.6637150815235304
384 3.277969579977989
385 2.6365361900806272
386 3.1748065490160444
387 3.572973165967741
388 3.416951008514814
389 3.5474781743483432
390 2.8445925374153402
391 3.441958453334389
392 2.6656191694604914
393 3.456458457420406
394 3.0817852115694966
395 3.4239060028357016
396 3.039595087671023
397 3.296877435975502
398 3.524365165056951
399 3.261289732137157
400 3.3619388192065442
401 3.155296074668209
402 3.2874821549577087
403 3.081508234983161
404 3.256361020140551
405 2.8310511713018043
406 3.5133854439918664
407 3.587182040443527
408 3.834069548621724
409 3.319471926168739
410 3.4688886076977714
411 3.336988667488038
412 3.2663952309606334
413 2.89052532440658
414 3.3168976076140586
415 2.8658424475214352
416 2.8171420170456862
417 3.2812822309930767
418 2.567339946458762
419 3.3303292124165385
420 3.3236388195828743
421 3.1339967401780138
422 2.6723873241941885
423 3.2201153252850694
424 2.7504617643156997
425 2.6978453577969543
426 2.8807873027913686
427 3.372312265302669
428 3.2332000058388193
429 3.3497273741445586
430 2.9944850421057314
431 3.4681259637435033
432 2.745871349722247
433 3.211710200663532
434 3.603879194983817
435 2.9008221049726366
436 2.7981920442396455
437 3.1368223167299956
438 2.7908662041610213
439 2.8259304709209165
440 2.7123963207517994
441 2.80282001502175
442 2.7149094498682773
443 2.904290582503126
444 3.043755906456501
445 3.300948711995358
446 2.9321257188261844
447 3.4057351683072086
448 2.7254296806759566
449 3.240844804883539
450 3.5611510636387154
451 2.8306394694900843
452 3.3731196097071074
453 3.206400535680787
454 3.312904900083606
455 3.449246931494014
456 3.6821683784684853
457 3.0491295359850543
458 3.5491410899011075
459 3.65737987754546
460 3.184757388493214
461 2.6536324836820793
462 3.1322414987652296
463 3.1970533614255947
464 3.2095560027608454
465 3.343100545173394
466 2.874876732232854
467 3.0036559676905052
468 2.6798220709019516
469 2.848454915575734
470 3.3654477931036437
471 2.912834247885563
472 2.941744856693047
473 2.629343890645249
474 2.9755757232304045
475 3.334982437561443
476 2.980336046403753
477 3.0529578203290098
478 2.6562460039481115
479 2.76637946409107
480 3.141004784005801
481 3.4963924951882626
482 3.0029315058100097
483 3.2397576502278196
484 2.7682482654537504
485 3.052606163736981
486 3.3243154088866316
487 2.7770703933197605
488 2.952534258165935
489 2.879854157989453
490 3.4404026705017805
491 3.180817146108925
492 3.1666263108521777
493 3.0255637202075025
494 3.0348657791602807
495 3.4470548214529058
496 3.2080589333721865
497 3.149109963084248
498 2.6991175317769898
499 3.284535767838614
