0 3.7922904375232367
1 3.799629993886251
2 3.594969041254525
3 4.413406740162265
4 4.47653121860054
5 3.8045903258495986
6 6.082377329357058
7 3.541734959952996
8 3.73466723335477
9 6.818242170854903
10 7.056585318252297
11 3.645326597033418
12 4.343698444332091
13 4.412951446040026
14 4.934398333622965
15 7.899840932112935
16 5.355655622406662
17 5.046944223426796
18 3.620860762322868
19 5.973450301538054
20 5.510710194515024
21 6.188142443383183
22 5.426412762504612
23 6.138187864697087
24 7.2419186490285465
25 7.163376719709751
26 6.237867178989309
27 4.060641583429951
28 4.778678482186028
29 5.369348757584385
30 5.549755784010409
31 4.191981720943195
32 4.684471418644143
33 5.93809656672351
34 4.312997917486409
35 5.523372708097625
36 7.939451474813758
37 6.909959134526253
38 7.597419464542514
39 7.358960176281317
40 6.7747611664574965
41 8.16720786582055
42 8.126238820998992
43 7.985683439697077
44 8.334344907466097
45 7.832256507479799
46 8.50632589073047
47 9.359124557278873
48 10.80353468495365
49 9.535131752549617
50 9.270189076489137
51 10.445603059184343
52 9.711283240325578
53 11.288201239362179
54 7.0680153965355865
55 9.423189162455227
56 10.583930736923124
57 8.85228191832392
58 9.68974708098257
59 7.453306441461818
60 9.238965203940294
61 7.48620180802866
62 8.997138345228525
63 6.999526322164055
64 9.946420497100824
65 10.021708940895627
66 8.794526325648743
67 10.519667907560677
68 9.294071631799298
69 7.079212558750479
70 9.215649618142258
71 7.75255066398406
72 9.459633098116234
73 7.784780834934599
74 7.783731847057935
75 6.495421940341542
76 7.218345664706929
77 8.452588704787349
78 7.639718441767158
79 6.364813968890655
80 8.131099882226248
81 7.101405714395718
82 5.806274420662682
83 5.5417697760222016
84 5.848615000651371
85 8.08539454690215
86 6.305359263421398
87 6.108868692070745
88 8.571439842707353
89 4.78412220939939
90 3.8062958886186697
91 8.576430177551517
92 6.272264862320032
93 6.023043639273067
94 7.029183723261916
95 3.737817435123487
96 4.029313377110182
97 4.277333768861435
98 6.702514971443168
99 7.985160212047724
100 8.704717875482837
101 6.9930582604662455
102 5.733234075416059
103 8.324789017212595
104 7.176026036491932
105 6.711994650394923
106 5.608084598649552
107 8.253766026116951
108 7.037235807917718
109 8.35636488352052
110 7.908900315516765
111 6.7656676016471895
112 5.507857965989998
113 10.43263852608886
114 10.173833024063441
115 10.235401599026996
116 9.370439145289108
117 9.743710620576135
118 9.830422006813986
119 9.09608672765798
120 9.79875043883382
121 9.395384838490266
122 10.11260766121815
123 8.98754049794418
124 8.538499502690517
125 8.175159531446655
126 7.720128653374153
127 8.964501618434133
128 10.381192559329453
129 7.915518168801869
130 8.76145691916898
131 6.139524371779924
132 8.020023809268586
133 6.7326598051729425
134 8.058522608093881
135 7.059021069051267
136 8.836775681121308
137 7.327828149562123
138 8.925488951300895
139 7.649069579599871
140 9.057018551443976
141 9.017304371107327
142 7.460518210288723
143 8.508386732838908
144 8.02845672488764
145 9.638569863847811
146 7.371180686037461
147 7.863547166760146
148 8.386085786294984
149 8.315210763902448
150 8.701825436228091
151 10.607854665283673
152 8.720558413578816
153 8.02327808240275
154 9.591799885745619
155 7.586676752854087
156 7.754610025396421
157 8.425079170700071
158 8.180065985222804
159 7.9771120127095525
160 7.2549125996705275
161 8.696293765971403
162 8.538272171542657
163 9.77164614999916
164 8.79146175747278
165 8.00826555841535
166 8.24019947535164
167 8.195436293798286
168 8.808459310093964
169 7.052138367405621
170 6.327810298273787
171 9.244589433265979
172 8.946663995951193
173 9.222315961754441
174 7.077103037965099
175 6.077586190524442
176 5.488902184450099
177 4.81739605958086
178 3.7685008879900583
179 3.2983253004978565
180 5.660586020658672
181 5.489547917144518
182 7.6740357894203965
183 5.734631479433593
184 6.435982261401043
185 6.1053957710223195
186 4.406895133850585
187 3.8682968814910255
188 3.8328884402411294
189 6.521790581587364
190 8.848022884043054
191 9.090498170979084
192 8.43542794753983
193 8.497669360466881
194 9.260903807087848
195 9.248044315792281
196 8.65604718117289
197 8.483940969691
198 8.962216326743036
199 8.459017304662291
200 8.426907194499671
201 8.685117816164727
202 10.022832494824874
203 8.531351153542733
204 7.609908542919243
205 8.832828019458153
206 8.843448877184954
207 7.8332509303029125
208 8.560643442279543
209 9.712394525500088
210 8.708829368638321
211 8.076114065773385
212 9.102350384757038
213 3.8677256719577886
214 4.210744293550518
215 5.180728455311039
216 5.623632094273662
217 7.386992880824247
218 4.2973502589089305
219 6.629718735613248
220 4.44991128172916
221 7.294388732112968
222 6.522314667041603
223 3.6901356322730403
224 5.453089723518939
225 9.584073285271991
226 7.005214191247196
227 4.445977839128188
228 5.93471952785129
229 4.19876751286205
230 7.8429558013039715
231 5.445602063978585
232 7.849687445314079
233 6.7327433391227895
234 7.884976881814213
235 6.241704372267494
236 3.3964983272406877
237 4.386932271278508
238 3.315526104691925
239 4.975314111274408
240 3.781950133991328
241 3.8693494741068157
242 7.6304350760663695
243 5.569841802997729
244 3.539154594993154
245 5.641799790360687
246 6.593302711095718
247 3.7737064633097073
248 3.6915444715320103
249 4.879554104973856
250 3.656650888391762
251 3.882025343749897
252 5.444475245814719
253 7.409406607698766
254 6.382318664047618
255 6.546266005690719
256 7.301469119168239
257 6.389339981333311
258 6.932507098057621
259 6.188819770593104
260 8.125053043494386
261 10.039352580238717
262 9.594042115775055
263 9.48979441385125
264 9.185454319137195
265 9.588210840941437
266 8.74451557745373
267 8.865428180463855
268 9.540779761798486
269 9.22993873796379
270 8.506432064513232
271 9.535009343921022
272 8.074506317862536
273 8.471996662051222
274 8.87183090073709
275 9.077365823891673
276 9.699332589967302
277 10.574232548965812
278 8.615135833255508
279 9.11102048402087
280 9.366298782164485
281 8.93581919931647
282 10.628880425406289
283 11.899267954485564
284 9.746075988379742
285 11.089941591323678
286 10.466357526319703
287 7.108771881442367
288 7.577189860538112
289 7.968372200314385
290 9.297983983781794
291 8.32720998449304
292 6.3772546646459505
293 9.341447216451439
294 10.302390450299614
295 9.294158357055931
296 9.920900084799287
297 9.943892636270279
298 8.726563265167965
299 3.8033553479630813
300 4.829357263269549
301 6.949424594539663
302 6.799624715422976
303 4.96639298301354
304 5.86870346176248
305 7.592595776235148
306 5.819712479354471
307 4.184226120137999
308 3.9336715277045595
309 5.02982494315789
310 5.612770573397564
311 6.337958850899429
312 5.83897302225503
313 4.108554832767868
314 5.042855894622397
315 3.506297793000492
316 8.804410465170868
317 8.243108753752693
318 9.438147997495284
319 7.68502490992202
320 10.266962544473834
321 7.779253594725348
322 6.748389221781274
323 6.410068436819354
324 5.9080360997788
325 6.982891113067523
326 5.554821508663034
327 6.100443362764036
328 8.858425225262684
329 8.826602286418009
330 8.836462864192303
331 8.792032906142019
332 7.085397392040713
333 8.323705272513708
334 7.125527733396393
335 6.158451522861948
336 7.245617203957994
337 7.785459560265035
338 6.939457764555773
339 6.142096088100103
340 7.409038556110266
341 9.096808658732371
342 9.057212360795441
343 9.42026849746169
344 9.733560186467667
345 10.142029100698187
346 9.752729685919975
347 10.846118059575868
348 8.044353664107875
349 8.727986081819644
350 9.62042850933153
351 8.470921376755022
352 8.149699621274488
353 8.828788606192022
354 9.509498958049168
355 7.250970895892235
356 10.273781906032243
357 8.909632658599131
358 9.069838278638494
359 9.294978001309774
360 9.653259188678641
361 9.525925504095952
362 10.04185275004853
363 10.160222491241898
364 9.18921064391522
365 10.350942120487316
366 11.690394151302785
367 9.571057901006801
368 10.593481488706288
369 3.729003675752229
370 6.429524248110335
371 3.4136670209793962
372 4.773131560007084
373 5.490157190556388
374 4.771860739158091
375 5.314034423462594
376 5.598410188766332
377 7.940428824556912
378 5.037191910314775
379 5.246875738593123
380 6.276175364262336
381 7.637964682652542
382 5.316236706601004
383 5.4349231769584465
384 7.052690776490162
385 6.125934882276108
386 4.680890510361458
387 5.683215522657967
388 5.1073412837577035
389 5.076020019251925
390 5.660098825667683
391 3.629443381367118
392 4.343949174354549
393 3.5963875226720683
394 6.02095150398021
395 4.552176633856254
396 3.5379059391450043
397 6.470358515658592
398 7.1414786789816
399 6.859483340147994
400 7.0965516873395025
401 6.387870725338
402 4.947226766006391
403 8.201108639517058
404 9.751915880383175
405 8.85156814085135
406 9.532686747272065
407 9.194179846524387
408 9.580538440328654
409 7.854273009749595
410 9.958254767728329
411 8.912756104501463
412 8.121055748832646
413 5.74736311036
414 8.750570979364163
415 6.483272012018035
416 7.633969164814998
417 8.767458763646733
418 7.73353448810961
419 8.869300829951355
420 8.007217739695715
421 9.390050521097212
422 9.406620311859385
423 7.591564494392496
424 8.331212400313202
425 7.661638672232308
426 7.952141164872001
427 7.3896699398229035
428 7.27627129673619
429 10.72996018469332
430 11.868721160409509
431 11.82411165402294
432 9.409360961826644
433 9.970063911416245
434 8.680889347828197
435 8.943841834466442
436 10.249886760603182
437 10.65149870306415
438 9.351228094330862
439 9.004342096724905
440 7.019410742933492
441 9.937110207616984
442 9.155408677943843
443 9.421903648536388
444 6.860569230503793
445 9.993561142845
446 9.408967047334368
447 8.08361714652899
448 9.139634425116892
449 9.330992093829671
450 9.59199346462647
451 9.655803389846842
452 9.17237578300814
453 10.4992066897165
454 4.071762713158692
455 7.968209526666409
456 9.00694915705136
457 7.471990761040722
458 9.780904949843961
459 6.646936257685227
460 8.11083974182358
461 6.9444116065107355
462 7.012062645959012
463 7.346631268323972
464 7.819297187753381
465 7.734405757172843
466 8.429220155374466
467 8.048741922321131
468 8.443140607016243
469 8.054225202175203
470 6.2189199067540315
471 10.07201032756278
472 9.209451763576888
473 9.401811443637474
474 7.5532562417651805
475 10.111774660367724
476 9.272182132925419
477 8.173240782962118
478 7.237473558952999
479 7.655015466879757
480 9.33987758062427
481 8.164714833549672
482 9.414971535118053
483 8.52310136137854
484 7.492316869542135
485 9.176402574374553
486 7.634114966592869
487 8.964176751193211
488 6.130770200207232
489 9.419710000917167
490 10.079363618473801
491 9.271107414948085
492 8.863353627459508
493 7.606157544059827
494 8.048927979701821
495 8.017031698733744
496 6.9299249347653396
497 6.415463819578925
498 6.4098006179099505
499 7.312128596923855
