0 8.960040051725631
1 8.799338357115456
2 8.97284794761605
3 8.323212758456233
4 9.115750613608393
5 8.578964601587332
6 8.868329275274213
7 9.26944847481826
8 8.610573641683702
9 9.51061509699126
10 8.5990857308741
11 8.31776340767388
12 8.488822833875181
13 8.925574440144235
14 8.900380914457347
15 9.259317687799669
16 9.011856801829385
17 9.163272407863014
18 9.154200457566963
19 8.791895760416793
20 8.247401322446876
21 8.60881759453463
22 7.711869132530751
23 12.408243237325333
24 11.212722452480696
25 12.422602069607452
26 11.585661206802852
27 8.765620847777587
28 8.910795359060707
29 8.801327749802585
30 8.505878431166561
31 8.751107829561672
32 9.023892997842239
33 9.227311909786247
34 8.127650944957823
35 8.548759593939021
36 9.341511537878905
37 9.245005495663367
38 8.932400658521003
39 8.484938201093486
40 11.021889398736004
41 10.915485394192942
42 11.480615870243309
43 11.178642050422459
44 9.179668261324641
45 8.324108618076266
46 7.497594150903259
47 9.484059404271203
48 9.218573477537317
49 10.010284942991278
50 12.276727268547747
51 10.728642823799165
52 11.58350436942762
53 11.807027194293191
54 12.031907639529035
55 11.476403328269742
56 11.694640945131829
57 12.505002335673982
58 10.212192265331241
59 9.881996658942736
60 6.488462178550125
61 9.221483245288596
62 7.741021522562226
63 7.3016461314115055
64 7.43922087456929
65 5.762592828305971
66 6.342599524592775
67 6.4389506908139955
68 7.250226973751703
69 3.6153711950955905
70 3.4593304528803057
71 4.784599747776381
72 6.801316467585756
73 7.029692322920717
74 7.00155797639232
75 8.773869455820723
76 9.54570029877572
77 8.978709705355886
78 9.548975031883746
79 9.614991697738972
80 8.439260171927128
81 9.232532450087886
82 10.686214339205044
83 10.008366228551827
84 8.213808326436448
85 8.710389690968341
86 8.963652283681308
87 8.299908313106112
88 9.601151741257528
89 8.384404605215689
90 8.642813881094611
91 9.92432521103343
92 10.840011582402912
93 11.514088070470745
94 11.672722068223491
95 11.162009675313213
96 10.287836124023798
97 12.39776000518872
98 12.134204526018532
99 11.164434526243312
100 9.08751260981509
101 10.855519476384993
102 11.465069472628096
103 10.997738530336852
104 11.735708334596035
105 10.662164953696537
106 11.012506216498954
107 10.455364755849414
108 12.338820822128623
109 11.180043816661387
110 11.024061632823614
111 8.871289432472961
112 7.921732116165974
113 3.696344791510652
114 3.0212162899806363
115 2.8078205701173506
116 3.722496983769795
117 3.138548871006868
118 3.2581562029192823
119 3.5183125345076207
120 3.843095632407983
121 3.738504071476396
122 3.622706413196112
123 3.887382940110795
124 2.951401617833654
125 3.5698974442589786
126 4.06413129650517
127 4.044451563487885
128 6.402487997341982
129 6.697911736991275
130 6.6060455317245514
131 5.882059711271949
132 5.850441253543351
133 5.404254641417866
134 5.594001738415758
135 6.258537712576076
136 6.314832490680426
137 5.224164752068859
138 6.11836507224041
139 3.691138210937969
140 4.090375466768065
141 2.8798798653006106
142 3.4807864042445944
143 3.5640068302597787
144 3.5411944250582628
145 3.316084148250447
146 3.502676598826011
147 3.890337941455876
148 3.795112064409351
149 3.537160936883903
150 3.3516275805625364
151 3.6714561886688744
152 3.4708080629443487
153 3.407381144553089
154 4.6108944982729625
155 3.773965875620024
156 3.0774584984814424
157 4.651456438260715
158 3.8791341835625994
159 3.691924697823279
160 3.5387750803660705
161 3.77709990559724
162 3.604102950988852
163 3.9702320447225423
164 6.139589785451763
165 5.786473565940797
166 6.2948840872906615
167 6.223215906907381
168 7.151100231094249
169 5.888721838027317
170 6.16397883860092
171 3.3718882698883337
172 3.6894976687090573
173 3.5455327603698175
174 6.4690290772125225
175 5.9728847498579345
176 7.986152373346362
177 10.396055104608383
178 11.0193269879704
179 11.173185143278857
180 10.124966921121219
181 12.318779711409723
182 11.572631777953463
183 10.553296408335006
184 12.12520592452443
185 11.002689810562421
186 10.790265419281893
187 11.965508131722888
188 10.693680984899254
189 11.109825196624811
190 10.999299383187944
191 11.629875308846318
192 10.490793731457964
193 10.937212153077802
194 11.283489706762845
195 12.2100854836717
196 10.956953177908145
197 10.621457968126778
198 10.547183813738933
199 11.198071181541733
200 9.25076281190394
201 9.41178647870356
202 8.895389598982353
203 9.441710421811848
204 9.717629160866245
205 10.82067041541269
206 11.14968143947316
207 11.823529974285622
208 10.855700795504871
209 10.753632946812385
210 8.547466100851704
211 8.82879572882883
212 9.699521915160359
213 9.114976152807605
214 8.14383349681104
215 8.942793541564162
216 8.97646827447968
217 9.70359387578259
218 8.799357424590365
219 9.669406843714414
220 9.619694292911193
221 8.26494153547386
222 9.708890463953127
223 9.073158199178605
224 8.394513153404011
225 8.008611189708251
226 8.688372666111459
227 8.880999277976363
228 8.601070979168055
229 8.5703411767775
230 9.467376014531467
231 9.591222745260374
232 9.531089462969486
233 7.9477610824879035
234 8.625722762753025
235 8.921478134258159
236 8.380864752666069
237 9.969785349043153
238 7.73358712424272
239 8.127140676360357
240 9.267679442984814
241 10.350262269771736
242 9.317930401314761
243 8.725162980976476
244 9.106077113085062
245 8.96971527506099
246 8.906267162557587
247 8.841005667062609
248 8.286754864507868
249 7.396030352601461
250 9.227270715523282
251 8.799267828451429
252 8.931909351678843
253 8.904559605557658
254 8.966359607871027
255 9.662213809338951
256 8.500861922887353
257 9.8026551908258
258 10.676019172881366
259 8.284328061407974
260 7.962262329380522
261 7.534120298052118
262 9.096330185351023
263 7.15567583433823
264 8.65872244378726
265 8.954241777886647
266 7.749176386971467
267 8.301179633485395
268 7.441168132027779
269 7.619311064976145
270 7.891988070465122
271 6.616780737724065
272 8.30391445811576
273 8.128367946192727
274 8.26890867449827
275 7.5838864069562275
276 8.24944029052065
277 9.572380108840255
278 7.809119166757175
279 8.985624574340026
280 7.576328119463012
281 8.386340262046106
282 8.75462946951889
283 7.958479864873563
284 8.712431137637024
285 9.035052054591128
286 7.947524712097019
287 8.92859047782722
288 9.02823577686022
289 8.713915357263593
290 8.827763586700032
291 7.692506913625904
292 7.380029453969893
293 8.487320989151142
294 8.039318239186532
295 8.310240723346743
296 8.43042676652602
297 7.19682768850574
298 7.801490821310843
299 7.0219444058797365
300 7.814420310886919
301 6.734560849920791
302 7.061451308913626
303 7.480310420004236
304 8.40765788287228
305 7.255854010699771
306 9.012122285487356
307 6.931946202066457
308 8.878620174803064
309 8.269061598821393
310 9.25847536573304
311 7.831836636969055
312 6.97650962746638
313 8.078429203419038
314 7.038032072225703
315 6.536757315160491
316 7.602705803166113
317 7.0513108806586935
318 7.966892589643965
319 8.031867592284508
320 7.367335656987319
321 6.2637474638405415
322 7.8416935783760024
323 7.166634037930536
324 6.631522156012471
325 8.762381189381639
326 6.485638557100452
327 7.696480187394064
328 6.732035802547107
329 7.401955668179851
330 7.894641356603095
331 7.816004309709437
332 7.345051489666853
333 7.236742480119431
334 6.81126266322467
335 8.0526512760524
336 7.73159546826765
337 7.7017044806576065
338 7.007914798638361
339 6.530409647742632
340 8.582825275980596
341 8.021235282985764
342 8.105774146983084
343 7.5963453011491335
344 8.315181685415538
345 7.7012986947468125
346 8.026570670626427
347 9.627411697253805
348 9.902055042514556
349 8.817713357723772
350 8.656225387248401
351 9.835010414244108
352 8.890464281669407
353 9.095245697732684
354 9.50593841907126
355 8.093848213748288
356 9.183806688051819
357 9.356270415038104
358 11.04309490023045
359 10.555409515628925
360 11.318140274446224
361 10.78712285120938
362 10.941254038324548
363 11.443011018589251
364 10.098603694728155
365 8.720812925329328
366 8.653348214591814
367 8.606487619163817
368 9.284249159937863
369 8.55218953801762
370 9.244705573495867
371 9.65585239777708
372 8.23273065877337
373 9.126647779369181
374 8.542388787844262
375 8.474850906049367
376 9.362765834054759
377 9.396043625477002
378 8.86468977315922
379 9.49875206232946
380 10.01334795765813
381 9.121376545813867
382 8.667168730918522
383 8.124992171885626
384 9.026556062852134
385 8.265780546520322
386 9.044078321314762
387 8.87602590055555
388 8.92353717020969
389 9.453758388392824
390 9.984731004274211
391 6.988727428968475
392 7.738724549603087
393 10.536794217272007
394 8.110811619366332
395 10.421962870638422
396 8.41245619286936
397 8.965756115305856
398 8.612129309614383
399 9.845978936394287
400 9.531817753476506
401 8.460678632304226
402 9.025690330169652
403 8.739589088387678
404 8.645400124252154
405 9.453089497756405
406 9.763603501227822
407 8.509728403771494
408 8.640166481069942
409 10.100832122126752
410 7.842223571051879
411 10.138252224512442
412 10.114632404675229
413 8.95773541163488
414 9.761468648024234
415 8.3672756793321
416 9.551859772660972
417 8.393815244182937
418 9.119028058057228
419 8.965928638904494
420 8.636326291757952
421 9.124745117044077
422 9.360542813337037
423 8.60958210941747
424 8.485622165329959
425 9.056034965970964
426 8.369611425377462
427 9.525456514232145
428 9.766449578027371
429 11.266902265248905
430 9.822163909492131
431 9.181876596995993
432 8.540488236147228
433 9.232036298059233
434 10.590924393916964
435 9.358036697704794
436 9.62703236103438
437 9.35137959079023
438 8.171914298983005
439 6.5800247256910565
440 7.162533806847559
441 6.142556646835307
442 6.56299354931536
443 4.252701622295202
444 6.3232065598094644
445 7.009318616477181
446 6.436706060224552
447 5.78194455778617
448 7.740388193135831
449 10.608102235689085
450 9.164183192063225
451 9.907070059950943
452 8.668923223790717
453 8.346165577293831
454 8.529281929738827
455 4.997520581300931
456 7.124286717163818
457 5.643667383006083
458 9.231605246478624
459 9.380696110851163
460 8.93387727932144
461 10.032989192193773
462 11.337484068216016
463 11.35654719368556
464 11.984277531971397
465 9.812658492330277
466 11.064347596487607
467 12.709854108010097
468 12.319488898555033
469 10.438022658572665
470 11.611517476357307
471 11.622477557598051
472 11.228862668066201
473 10.466671849335743
474 6.503426109262677
475 5.746162594919088
476 3.8783641416920425
477 8.164199918049073
478 8.447381361086752
479 7.226145133013572
480 8.969780884589275
481 9.302497877673071
482 8.706532915906324
483 10.0094337137866
484 8.709733500324774
485 8.859923605723916
486 8.155338412559212
487 9.869086876919635
488 9.64892783153865
489 8.202497229579295
490 9.083770400396059
491 9.459146353978674
492 8.93678608120185
493 9.19002553388585
494 11.607249038853734
495 9.90208871112158
496 9.001181058898792
497 9.27075642276716
498 8.265333397899747
499 7.45558664028288
