0 6.991515922953708
1 4.565126360503921
2 4.115155998737404
3 4.660579884662387
4 4.815548779300288
5 3.965727549536448
6 4.0357782077083
7 4.644844608331571
8 5.559495999231926
9 4.873747435471208
10 4.485537553236206
11 6.1668385575369244
12 4.316645514742507
13 3.939715238788977
14 4.45264678288714
15 6.384517877266171
16 5.195780018398786
17 3.8529521205547117
18 4.098266506223118
19 4.521763251243206
20 6.49931649868762
21 7.2658710815989975
22 5.942991775173111
23 5.540532921498582
24 5.928491539212641
