0 5.556536523004292
1 3.5843558275323155
2 3.348960327964514
3 3.575550211892745
4 3.1267283839339206
5 3.2703284639182733
6 3.145010464194399
7 3.7008700541631088
8 3.082306523697547
9 5.919121026445171
10 7.237779300270828
11 6.8648040702542685
12 6.487112312595832
13 6.1704607349906455
14 8.711041693693888
15 7.249123931725089
16 3.69016429354058
17 3.740772965052724
18 5.39912481396351
19 5.690205624278216
20 5.695227639134354
21 5.746137068832996
22 5.064130084476818
23 5.784025295928612
24 6.174632055461082
