0 3.331498863331546
1 3.5369862656477626
2 3.2144014434267882
3 3.994503849640402
4 3.482877778747104
5 3.2909583987816386
6 3.549758230420171
7 3.6281586549214633
8 4.50524361583326
9 3.810679931305085
10 3.1168255422564908
11 3.8286281371410706
12 3.869568055286755
13 3.852883322797009
14 3.647228363354129
15 3.5410419368192287
16 3.906540110262663
17 3.3466471250394503
18 3.7527695504937686
19 3.6019478051516187
20 3.6745319292730834
21 3.6022839887613114
22 3.6845354380806765
23 2.9887976275361123
24 3.584864285378605
