0 3.5364090697908495
1 8.701786638635403
2 7.911831357401088
3 8.214128022205998
4 5.573539774570957
5 5.986537390945665
6 7.04585683034867
7 9.45566472578728
8 9.175078571107775
9 8.052287295768231
10 7.311667414701274
11 4.722317465883344
12 4.767819501261554
13 5.366071511732009
14 4.85459076220388
15 4.714709536616336
16 5.279710603775479
17 5.449170165359159
18 4.162829346941886
19 4.056436517966256
20 5.142199701647024
21 4.417911232698059
22 4.557023975033987
23 4.478241246309883
24 5.174786984372799
