#Frame    total[bond] total[angle]   total[dih] total[vdw14] total[elec14]   total[vdw]  total[elec] total[total]
       1     207.2797     486.5545     750.2143     205.7480     1126.9217    -382.6862   -3492.9047   -1098.8726
       2     224.6589     509.5187     761.4572     212.2641     1180.0268    -374.3460   -3540.3406   -1026.7609
       3     191.6520     495.8362     752.0570     214.5914     1137.5611    -396.5704   -3565.6703   -1170.5430
       4     185.7013     535.9263     746.5841     199.7022     1146.2844    -401.9257   -3584.2199   -1171.9473
       5     193.6639     484.1490     730.7866     205.7611     1178.8835    -401.2478   -3561.3770   -1169.3805
       6     214.6710     536.8774     736.9516     208.6389     1173.3687    -390.4446   -3540.9837   -1060.9207
       7     189.1173     510.4305     747.2214     200.8390     1136.5615    -386.8900   -3455.4992   -1058.2195
       8     200.4077     524.0117     750.9674     213.8774     1141.0772    -396.1337   -3405.2343    -971.0266
       9     190.3996     542.5165     756.7567     203.0118     1107.5545    -381.8830   -3432.6707   -1014.3146
      10     198.9935     515.0080     751.7434     207.7947     1134.6173    -405.5965   -3506.3965   -1103.8361
      11     205.3158     471.1925     747.1268     208.2542     1131.7689    -388.0898   -3467.6728   -1092.1044
      12     202.1976     537.0415     745.5889     202.2377     1145.2288    -383.1426   -3493.2229   -1044.0710
      13     200.7556     542.2850     737.4825     199.6907     1120.8347    -399.5808   -3490.2628   -1088.7953
      14     201.3440     486.9364     741.3999     196.3035     1141.6549    -391.1614   -3509.0829   -1132.6056
      15     210.8781     509.0142     755.5984     207.2059     1162.9137    -399.8417   -3612.0757   -1166.3071
      16     212.9427     501.0761     714.2681     217.0518     1143.0671    -387.0566   -3565.3916   -1164.0424
      17     192.8087     509.0663     738.3214     207.2717     1165.6030    -385.1436   -3568.1645   -1140.2370
      18     197.2538     500.5938     747.3491     216.7077     1148.4328    -382.3565   -3573.8137   -1145.8330
      19     198.9400     530.9748     747.6196     205.0700     1131.3821    -394.2858   -3453.4799   -1033.7792
      20     191.8467     507.5048     751.9958     206.6602     1175.4198    -383.2363   -3591.9940   -1141.8029
      21     227.1162     542.3021     721.7908     198.4340     1115.6041    -384.5948   -3485.0693   -1064.4167
      22     205.0649     509.3085     740.3993     205.1689     1105.4987    -385.1950   -3462.0115   -1081.7662
      23     191.0154     494.4587     748.4125     210.2033     1137.3464    -395.4265   -3491.8667   -1105.8569
      24     200.6332     518.5487     751.3440     204.2073     1121.6168    -388.8668   -3446.6721   -1039.1888
      25     193.8296     491.1674     742.4352     214.7490     1179.6414    -390.4429   -3547.5061   -1116.1264
      26     218.8642     487.7491     744.9095     211.9200     1175.5282    -393.1064   -3603.0109   -1157.1463
      27     202.1265     484.2595     746.6088     202.6070     1152.8155    -389.4954   -3534.6194   -1135.6975
      28     179.1156     515.3799     743.5838     210.7010     1160.3131    -413.8160   -3563.2976   -1168.0201
      29     224.8134     472.7751     729.6265     213.1093     1151.9584    -393.2273   -3506.0496   -1106.9941
      30     194.6559     492.1004     762.7609     203.8615     1136.4967    -390.4950   -3544.1213   -1144.7409
      31     203.5907     509.8480     733.0670     210.0743     1137.3815    -388.1595   -3587.7686   -1181.9666
      32     210.3106     477.2403     745.9304     210.9368     1139.5154    -387.3141   -3500.4142   -1103.7948
      33     210.5473     504.7137     760.0726     210.2937     1101.4699    -396.9671   -3474.2130   -1084.0829
      34     207.7046     510.4727     737.3654     200.9220     1128.6704    -388.5231   -3496.2025   -1099.5905
      35     207.5565     476.9744     733.3893     204.8024     1125.6818    -387.0682   -3462.1844   -1100.8482
      36     209.3984     513.5591     731.2582     212.4170     1133.9513    -371.9504   -3460.6733   -1032.0396
      37     199.0301     498.9858     751.4084     208.9409     1130.7809    -378.7054   -3433.8875   -1023.4467
      38     204.1115     486.7190     741.6867     205.0094     1129.5271    -394.8966   -3461.7587   -1089.6016
      39     199.1199     530.7657     742.4130     218.0750     1129.0285    -387.7093   -3478.0138   -1046.3210
      40     191.7768     510.1976     734.2373     211.6332     1156.0209    -397.8495   -3430.0236   -1024.0073
      41     183.5760     502.3991     737.1902     203.7267     1138.8192    -382.9605   -3504.9487   -1122.1979
      42     181.6821     506.2043     747.5104     208.9172     1151.3907    -382.5255   -3454.3743   -1041.1951
      43     208.7780     488.5367     754.9215     206.9524     1173.9103    -376.6304   -3520.1435   -1063.6751
      44     205.6656     507.8988     739.3619     207.7770     1141.9045    -396.8070   -3474.9951   -1069.1942
      45     206.8021     459.1402     745.4240     206.0857     1123.7534    -385.2446   -3505.0527   -1149.0919
      46     201.5563     511.8999     757.1465     215.2687     1135.6036    -379.7964   -3478.9844   -1037.3059
      47     199.4157     511.3983     748.2350     197.1839     1135.7914    -403.3505   -3510.1621   -1121.4882
      48     192.7620     481.4046     738.5629     209.9776     1135.9278    -370.9226   -3464.1460   -1076.4336
      49     184.2069     520.2125     732.3875     203.1528     1125.2170    -393.9169   -3520.1004   -1148.8405
      50     199.2937     518.4928     758.6427     195.6251     1138.2104    -402.4309   -3474.8322   -1066.9985
      51     200.0705     506.9795     748.1031     203.6735     1115.1048    -388.1209   -3487.1102   -1101.2997
      52     215.4461     507.8227     748.0947     210.1481     1118.7118    -385.5239   -3486.7202   -1072.0206
      53     183.6384     506.1506     743.8112     209.0332     1172.1309    -391.5112   -3565.4109   -1142.1578
      54     191.2766     520.3257     757.9510     208.7357     1145.2759    -389.3337   -3525.9605   -1091.7294
      55     196.7728     538.8650     746.2544     211.1575     1129.3561    -399.5894   -3560.1817   -1137.3651
      56     189.0742     500.5886     756.8402     208.4083     1161.7135    -409.1232   -3579.4409   -1171.9392
      57     180.6653     488.5518     769.6385     207.4521     1178.2736    -399.7851   -3590.7958   -1165.9996
      58     207.8396     527.2625     749.8344     205.8917     1174.4994    -395.3745   -3582.8810   -1112.9279
      59     191.7239     467.5678     750.6540     202.4481     1135.9722    -376.0443   -3484.7870   -1112.4653
      60     197.6207     479.0477     741.9113     201.7243     1157.9944    -401.8249   -3481.8799   -1105.4065
      61     209.3891     515.7294     751.3613     206.9051     1129.8941    -398.2160   -3442.4954   -1027.4324
      62     194.9317     550.4016     752.8365     208.8665     1130.0580    -389.2975   -3448.1299   -1000.3331
      63     207.4972     501.3616     734.6304     201.7550     1186.0211    -402.5589   -3480.3061   -1051.5997
      64     194.0523     512.5769     741.4934     208.1099     1159.8396    -390.7404   -3541.7956   -1116.4640
      65     183.8506     497.5894     758.1386     212.4213     1183.9605    -383.2414   -3558.9885   -1106.2694
      66     209.0570     490.5706     746.6040     214.4304     1166.1020    -397.7953   -3563.2602   -1134.2913
      67     201.9855     513.1405     767.5976     207.5836     1133.0405    -376.9628   -3527.1444   -1080.7596
      68     187.3273     484.6922     762.0343     208.3862     1186.0191    -402.5733   -3549.7789   -1123.8932
      69     193.8123     514.2527     732.3360     206.1114     1121.8808    -389.6768   -3505.6280   -1126.9117
      70     201.0076     518.8070     751.3046     205.7154     1132.0166    -398.8448   -3509.4128   -1099.4065
      71     207.3344     491.3838     748.2780     213.3420     1165.0203    -366.0153   -3550.8007   -1091.4574
      72     203.6978     525.9129     765.3628     208.0794     1132.1264    -381.1393   -3525.7574   -1071.7174
      73     199.6294     500.4975     743.5402     207.1066     1156.6977    -385.5121   -3539.3413   -1117.3821
      74     198.8365     520.7548     756.0851     201.5431     1154.9701    -387.8724   -3475.4192   -1031.1020
      75     200.2162     511.7218     738.3644     209.0354     1177.2087    -397.2244   -3510.6648   -1071.3426
      76     192.9024     495.7724     739.0068     210.3273     1180.1704    -384.9183   -3508.9966   -1075.7357
      77     216.5482     492.8582     731.2052     207.6924     1149.0407    -394.5786   -3520.1074   -1117.3413
      78     183.9352     534.0605     731.4464     207.3307     1164.1320    -393.4736   -3539.0593   -1111.6280
      79     203.3773     522.5738     764.1762     203.6215     1152.0674    -366.6505   -3484.9043   -1005.7385
      80     193.0729     530.4145     771.3880     200.1042     1123.1262    -388.0357   -3518.8393   -1088.7692
      81     210.6117     525.4759     749.9581     215.8109     1143.3155    -394.4100   -3539.2288   -1088.4668
      82     203.1590     505.6764     726.5702     211.6216     1162.3485    -376.0747   -3436.4403   -1003.1393
      83     203.3890     500.0028     733.7457     219.3925     1143.1137    -392.6038   -3497.5978   -1090.5579
      84     188.8289     511.3367     756.9916     212.6236     1174.0914    -412.4016   -3548.0406   -1116.5700
      85     188.7107     486.6283     764.5628     210.8494     1154.1097    -390.0415   -3509.2489   -1094.4296
      86     212.1157     522.4720     739.9207     213.3820     1168.3177    -396.9945   -3580.5712   -1121.3575
      87     224.7087     540.3743     728.9849     206.8123     1143.5707    -395.3611   -3371.7178    -922.6280
      88     190.0406     504.3568     746.6758     206.0884     1184.9435    -411.1906   -3526.3178   -1105.4033
      89     179.9835     495.2244     734.3010     214.7267     1154.9115    -384.4702   -3461.7146   -1067.0378
      90     184.0926     538.9102     746.7958     206.7635     1115.7653    -393.5597   -3519.3321   -1120.5645
      91     214.9848     512.0841     752.9451     210.0101     1113.8932    -392.5135   -3530.0342   -1118.6304
      92     179.6719     536.8945     753.5243     208.3482     1156.6857    -411.3583   -3518.2919   -1094.5257
      93     192.1179     515.6214     759.4638     211.1524     1134.3617    -391.0463   -3625.0717   -1203.4006
      94     214.9821     529.2526     739.2331     219.9274     1131.7759    -393.1420   -3535.2361   -1093.2070
      95     192.2649     556.1697     746.1646     205.1811     1146.4982    -404.1145   -3528.8511   -1086.6870
      96     216.7936     523.0338     756.0211     198.4323     1140.2324    -375.2057   -3571.5857   -1112.2783
      97     191.7916     501.5537     744.3697     212.5919     1142.8464    -400.4678   -3611.0046   -1218.3191
      98     208.3752     531.0030     726.5827     210.3629     1155.8637    -378.5945   -3603.3067   -1149.7137
      99     197.7939     532.2815     757.2791     207.7940     1183.5064    -396.5670   -3608.4995   -1126.4116
     100     171.2191     523.4368     753.2313     201.3577     1161.7109    -404.6649   -3580.5133   -1174.2224
     101     171.6369     507.9460     734.7538     214.5924     1146.3255    -389.1121   -3594.3302   -1208.1877
     102     211.4193     518.8033     728.3016     204.7887     1143.4066    -384.1302   -3537.8430   -1115.2537
     103     202.8031     510.7196     742.1620     207.6716     1151.4588    -395.3937   -3593.1323   -1173.7109
     104     198.9514     521.4964     727.8844     217.7870     1141.9194    -397.9485   -3478.2637   -1068.1735
     105     216.0343     476.4232     730.0966     198.0530     1145.8580    -391.8665   -3560.3926   -1185.7941
     106     212.9181     524.3444     743.6413     202.0298     1097.2148    -387.8973   -3571.4879   -1179.2367
     107     192.7256     487.5817     740.5876     212.0591     1137.5413    -397.8722   -3552.4681   -1179.8449
     108     196.0583     489.5294     756.6004     208.8880     1188.6068    -393.7704   -3541.2719   -1095.3594
     109     209.4094     470.8399     743.5855     200.4695     1116.7101    -380.2124   -3518.0778   -1157.2757
     110     194.5133     505.6620     737.3559     212.2090     1120.8981    -387.8498   -3568.0025   -1185.2141
     111     197.3483     496.1574     756.0398     215.3100     1157.3525    -392.7420   -3624.3525   -1194.8864
     112     187.0964     489.2193     733.8422     217.5788     1188.4439    -387.2034   -3491.9031   -1062.9261
     113     200.8556     507.3859     750.7860     206.4843     1148.9398    -410.6249   -3543.3520   -1139.5253
     114     200.8683     484.4951     758.6196     212.3613     1124.1586    -385.0531   -3593.8041   -1198.3544
     115     234.3203     514.0757     742.6121     207.6401     1115.2072    -394.6394   -3539.4178   -1120.2018
     116     206.7619     507.6892     756.0804     202.1456     1122.5057    -407.3001   -3571.3710   -1183.4883
     117     184.0042     515.6611     750.2415     204.5085     1129.2606    -394.1106   -3576.8296   -1187.2644
     118     200.3526     487.5905     735.5435     216.7037     1151.7993    -410.3549   -3568.0808   -1186.4461
     119     194.2064     508.8472     738.0066     201.7145     1124.5416    -390.7959   -3579.9099   -1203.3895
     120     193.2292     486.4223     728.9206     199.7797     1176.1031    -395.0468   -3599.2577   -1209.8497
     121     215.9764     530.6382     760.2857     203.3153     1147.7455    -388.4433   -3594.6614   -1125.1436
     122     205.9657     514.3574     738.6175     216.2930     1157.3872    -382.8602   -3602.8071   -1153.0465
     123     220.5579     498.3740     753.3674     197.2237     1155.4847    -400.4067   -3639.7060   -1215.1051
     124     205.0941     541.6329     754.7629     205.0091     1132.1842    -368.0708   -3589.4128   -1118.8003
     125     186.1660     480.2042     737.7031     209.7738     1178.4003    -391.0517   -3541.4669   -1140.2714
     126     197.1184     516.4637     744.5894     211.8469     1169.7690    -399.5929   -3621.0911   -1180.8965
     127     216.1436     450.7786     739.5682     218.3644     1159.1993    -395.9328   -3570.5887   -1182.4675
     128     209.2595     525.0163     748.6591     214.8919     1136.8918    -404.1130   -3611.4999   -1180.8943
     129     197.6284     479.3630     739.7858     213.4255     1149.1028    -392.9036   -3549.7261   -1163.3242
     130     219.8861     503.4230     756.0485     200.4695     1126.8411    -382.2780   -3589.2365   -1164.8464
     131     202.2266     489.9538     750.8060     215.7325     1211.1262    -381.8823   -3564.5466   -1076.5840
     132     197.8000     513.2243     763.7720     206.4567     1187.0976    -400.0344   -3513.9265   -1045.6102
     133     193.7457     510.4442     763.4379     216.4233     1148.1194    -392.9507   -3551.5998   -1112.3801
     134     191.7921     511.0966     743.0034     210.3593     1120.0429    -383.9557   -3531.9008   -1139.5623
     135     204.3604     510.3604     735.7927     191.7715     1121.8229    -385.1142   -3471.7328   -1092.7391
     136     201.9842     502.6686     749.1466     209.8039     1152.3178    -400.7880   -3520.0651   -1104.9320
     137     200.4757     513.0319     756.5561     204.0003     1145.8167    -391.9106   -3533.2208   -1105.2507
     138     189.2926     499.8367     739.7552     215.0108     1148.0784    -386.3112   -3534.3468   -1128.6843
     139     193.1970     508.4063     744.7290     217.5065     1152.0024    -392.4787   -3506.1045   -1082.7420
     140     179.3666     558.5108     746.7531     214.3670     1144.8795    -403.8325   -3577.4274   -1137.3829
     141     183.8573     542.3015     759.5523     210.8354     1140.0197    -391.4970   -3558.9245   -1113.8552
     142     198.7218     474.2048     729.1880     210.2491     1152.5038    -388.4647   -3488.3599   -1111.9571
     143     187.6632     506.9340     744.5536     199.1383     1174.7646    -386.3528   -3577.0615   -1150.3606
     144     197.7538     513.4994     728.8945     208.3304     1136.7610    -386.7245   -3465.9542   -1067.4395
     145     192.7146     493.6821     748.6036     220.8395     1186.2754    -384.0286   -3544.2004   -1086.1138
     146     221.8098     503.5893     735.0735     205.5815     1121.4883    -384.4250   -3545.9937   -1142.8764
     147     216.0655     489.5157     737.5877     210.2392     1161.7851    -385.1186   -3553.8229   -1123.7483
     148     190.9364     484.6336     760.1840     211.6604     1135.3571    -392.6885   -3553.2324   -1163.1493
     149     205.8726     503.1282     735.8763     208.2397     1150.6347    -378.9747   -3544.9160   -1120.1393
     150     205.2141     483.8592     750.9876     202.2606     1123.8850    -403.3150   -3508.5238   -1145.6321
     151     194.7424     497.8686     736.3945     202.9721     1140.5836    -393.6535   -3606.9646   -1228.0568
     152     194.1775     512.1761     749.9165     216.2199     1125.9037    -382.6068   -3615.1811   -1199.3940
     153     183.6656     546.1255     741.8319     217.9125     1178.0356    -405.2325   -3556.7160   -1094.3774
     154     209.8642     491.3569     735.4101     205.8523     1116.3080    -375.9501   -3568.2482   -1185.4069
     155     199.0596     512.1021     739.9106     205.7083     1171.3720    -380.9038   -3630.1160   -1182.8672
     156     183.8397     523.2073     758.3335     213.7401     1167.7384    -398.1973   -3558.7403   -1110.0787
     157     217.6969     511.0596     740.9604     210.7302     1147.4307    -396.2542   -3589.3627   -1157.7391
     158     226.2913     529.0330     751.1506     207.8681     1135.4205    -397.4130   -3616.3985   -1164.0480
     159     219.0477     489.2856     733.6847     209.5513     1132.9876    -374.9188   -3496.9612   -1087.3230
     160     190.5987     500.2174     748.3128     210.3391     1155.3417    -373.7593   -3581.6792   -1150.6288
     161     207.2735     539.9312     754.8235     214.7894     1151.4871    -383.3472   -3573.5186   -1088.5611
     162     199.8819     503.7440     740.8675     205.1546     1126.8551    -389.9621   -3585.7296   -1199.1885
     163     190.5136     513.2128     752.2257     215.3428     1134.0637    -390.2918   -3554.1667   -1139.0997
     164     190.5791     517.7497     743.6443     220.3513     1173.8908    -387.6876   -3626.7648   -1168.2373
     165     217.8093     508.7970     746.8579     208.3469     1128.8637    -389.8396   -3610.5287   -1189.6935
     166     185.4403     516.3873     750.7797     214.5711     1148.3075    -395.9526   -3633.0214   -1213.4881
     167     223.4742     483.3248     747.8300     191.2209     1120.0095    -395.1748   -3500.9354   -1130.2508
     168     196.7026     501.3162     753.6982     210.1277     1159.0129    -372.9186   -3578.3080   -1130.3690
     169     192.7776     487.3330     756.0228     217.0100     1175.0384    -379.4041   -3627.6002   -1178.8226
     170     210.6914     507.5696     736.9025     201.7247     1120.1527    -389.9361   -3506.3009   -1119.1962
     171     211.9600     496.5421     754.8730     203.3128     1142.6733    -381.6700   -3515.5931   -1087.9020
     172     203.6871     493.8508     737.4772     203.4761     1099.0049    -391.2180   -3553.7202   -1207.4423
     173     192.3698     488.5543     749.0671     212.2760     1137.1362    -388.8429   -3608.8065   -1218.2462
     174     199.3395     505.1083     741.4295     216.9595     1174.1468    -393.4135   -3644.3089   -1200.7388
     175     209.4965     514.5051     746.7719     205.3858     1134.0397    -404.4333   -3529.5755   -1123.8098
     176     202.6757     485.9123     748.1973     208.9997     1139.1922    -383.3057   -3622.8187   -1221.1473
     177     210.6090     498.7622     746.8752     212.4889     1134.5943    -380.1295   -3560.0269   -1136.8268
     178     185.4334     490.4781     747.0133     220.1632     1159.7562    -388.4366   -3570.1643   -1155.7567
     179     186.9310     483.9365     755.3138     207.5029     1155.9099    -390.8931   -3510.5359   -1111.8348
     180     215.5435     502.8481     742.9815     197.6343     1147.2624    -385.9182   -3496.0628   -1075.7112
     181     204.4585     525.5852     743.9116     203.6468     1133.5520    -379.5838   -3539.2251   -1107.6548
     182     202.3699     537.4624     747.0260     207.6866     1102.9189    -389.5214   -3562.0468   -1154.1044
     183     203.5601     488.7747     739.0443     215.3718     1163.2626    -387.2608   -3508.6122   -1085.8596
     184     220.2793     502.5317     738.9919     201.6031     1130.1452    -390.2073   -3530.3345   -1126.9907
     185     227.3401     516.7449     752.7017     208.3264     1134.1619    -395.4786   -3523.5139   -1079.7176
     186     204.8052     499.1342     758.9897     203.7104     1144.6862    -395.7859   -3467.2004   -1051.6606
     187     194.8770     501.6770     742.0868     214.9123     1131.4311    -384.5230   -3578.1400   -1177.6787
     188     196.2173     494.7213     746.2110     210.1281     1144.3635    -401.5512   -3559.2287   -1169.1388
     189     196.4405     479.0799     738.1899     213.5836     1137.5481    -393.6999   -3644.0048   -1272.8626
     190     228.4201     513.6474     755.7345     203.3371     1109.0864    -406.6521   -3560.2110   -1156.6377
     191     213.4227     490.7442     761.2319     209.1025     1143.1366    -390.9739   -3529.4447   -1102.7806
     192     190.6564     521.9521     748.0478     198.9521     1144.2363    -394.7150   -3507.7514   -1098.6217
     193     190.4232     520.3808     743.4711     200.3977     1143.9844    -392.9282   -3599.7430   -1194.0139
     194     175.0180     485.8259     762.3122     210.2172     1166.6100    -386.9781   -3654.8832   -1241.8780
     195     186.0941     510.7983     740.0398     214.7786     1136.2396    -398.6639   -3547.4616   -1158.1751
     196     188.1314     497.3876     740.6251     207.8091     1164.8387    -387.0770   -3576.7899   -1165.0750
     197     214.3068     509.2234     760.9814     198.4562     1147.9051    -420.8748   -3592.3318   -1182.3337
     198     198.0269     496.4212     739.8738     206.4025     1165.3579    -401.2421   -3583.4974   -1178.6571
     199     222.6466     492.9779     754.6239     210.4861     1131.8403    -408.0375   -3518.0657   -1113.5285
     200     190.8042     494.7397     749.7043     205.1620     1119.5404    -390.8482   -3563.8573   -1194.7550
     201     201.2036     510.4665     758.4500     216.0450     1176.5127    -386.2492   -3585.3639   -1108.9353
     202     188.1778     494.8811     754.0329     213.8558     1161.7331    -396.7974   -3496.1441   -1080.2609
     203     190.3533     481.1375     765.9850     220.3056     1207.2672    -400.0041   -3549.7584   -1084.7139
     204     208.6127     504.4224     740.8655     215.8356     1158.3409    -391.0252   -3561.7719   -1124.7201
     205     200.3473     473.9477     762.0756     209.7898     1156.9286    -398.8885   -3529.7998   -1125.5993
     206     207.1673     511.2272     765.7045     210.6113     1119.3190    -394.2040   -3462.6209   -1042.7956
     207     209.0508     522.3010     727.2642     200.7873     1139.9904    -398.5845   -3413.6582   -1012.8490
     208     192.4180     524.3868     756.5701     209.1611     1153.6980    -399.5851   -3439.3667   -1002.7178
     209     177.5809     478.6660     749.9346     215.4152     1174.3818    -393.0467   -3542.0226   -1139.0907
     210     194.0783     475.5452     741.9501     201.9458     1134.8639    -410.2517   -3543.7002   -1205.5686
     211     214.4920     501.6503     754.6564     220.9528     1152.3620    -385.0775   -3594.7853   -1135.7492
     212     185.7197     514.5508     750.6938     204.5532     1162.9717    -391.1074   -3558.9130   -1131.5312
     213     211.5642     510.7774     743.3849     213.6255     1172.4011    -397.6894   -3558.2895   -1104.2259
     214     214.2484     515.9379     736.5785     203.0301     1141.5642    -393.1163   -3514.9997   -1096.7568
     215     206.2984     517.8106     751.2564     201.8686     1140.0798    -406.8422   -3505.7503   -1095.2787
     216     199.7405     491.8500     740.5925     213.5105     1170.4486    -409.8961   -3575.2951   -1169.0490
     217     197.7118     497.7517     739.3296     213.4406     1166.7279    -403.8766   -3612.1583   -1201.0733
     218     186.5311     512.3020     752.3828     210.8848     1128.5249    -386.5312   -3583.6270   -1179.5325
     219     183.4560     493.7967     776.8664     208.0027     1141.4133    -394.5181   -3549.3849   -1140.3679
     220     179.4469     535.5749     757.5785     213.8104     1158.4184    -383.5515   -3563.7159   -1102.4383
     221     211.7170     499.0970     758.1223     208.1915     1140.8878    -382.7960   -3503.8973   -1068.6777
     222     201.2435     504.2705     737.1392     206.3672     1189.3072    -399.4428   -3523.4586   -1084.5738
     223     208.2245     528.1896     755.0553     212.8220     1182.8199    -403.1508   -3604.5890   -1120.6284
     224     199.6743     516.5231     749.9039     205.7744     1132.4093    -396.8353   -3598.1282   -1190.6785
     225     198.8455     524.7013     757.3987     218.8739     1123.5151    -373.4527   -3537.6895   -1087.8076
     226     185.8987     530.4351     746.6451     217.1714     1143.8361    -414.1625   -3661.0467   -1251.2229
     227     199.2757     500.5745     735.8961     200.0538     1154.1050    -395.8851   -3591.9132   -1197.8931
     228     201.8201     493.3679     743.7676     197.7953     1151.3327    -395.9602   -3629.3531   -1237.2297
     229     198.2886     504.5575     749.3608     212.4366     1148.1610    -395.7710   -3628.1813   -1211.1479
     230     205.3624     479.6087     756.8478     217.7639     1147.9815    -390.8246   -3595.5994   -1178.8597
     231     189.1805     530.6956     743.5928     224.0343     1190.3627    -392.3862   -3611.3428   -1125.8630
     232     186.4830     518.6477     747.7612     207.9681     1159.6681    -391.0676   -3665.6164   -1236.1560
     233     199.0455     487.1187     753.4168     207.1622     1177.0378    -388.9722   -3674.2939   -1239.4852
     234     187.7397     516.9219     736.8167     212.5217     1170.1590    -401.7567   -3597.3478   -1174.9455
     235     182.3676     515.2791     758.1065     207.4565     1155.5666    -387.3711   -3674.1913   -1242.7862
     236     187.4926     476.3291     742.8709     217.6696     1142.6907    -402.4164   -3680.7435   -1316.1070
     237     210.9999     488.7150     744.8617     207.2971     1143.6543    -389.9741   -3615.2922   -1209.7382
     238     209.7591     506.2182     750.2953     203.2766     1180.0227    -397.8217   -3639.8369   -1188.0868
     239     187.1912     498.4962     747.5611     217.1125     1165.3250    -403.4093   -3590.4665   -1178.1899
     240     199.0448     487.3214     742.7755     212.4391     1190.3046    -395.2948   -3675.2454   -1238.6548
     241     169.0819     508.5018     742.3284     206.9371     1197.1136    -394.1213   -3682.5899   -1252.7484
     242     183.8209     481.5205     754.4212     217.2717     1195.4986    -389.2161   -3628.3441   -1185.0273
     243     224.7447     521.9538     752.5539     198.5727     1126.3127    -388.4416   -3685.7645   -1250.0683
     244     215.7271     521.5651     757.0413     205.2146     1164.6922    -396.9992   -3635.0084   -1167.7673
     245     193.9234     523.4049     753.7917     207.8104     1136.0575    -402.1826   -3540.7051   -1127.8997
     246     174.5554     502.5818     753.7065     200.1293     1160.9033    -410.3701   -3637.1751   -1255.6690
     247     214.9334     489.4277     755.6545     213.8431     1172.6984    -408.3264   -3619.2716   -1181.0410
     248     184.9205     491.1386     741.2058     220.3941     1183.9100    -387.4396   -3567.6810   -1133.5516
     249     219.5742     524.9389     756.0805     203.6923     1162.6589    -393.4886   -3461.9928    -988.5365
     250     196.0486     515.7178     749.5431     200.9594     1183.9481    -387.4189   -3582.2039   -1123.4058
     251     190.4409     505.9828     754.7386     215.3778     1171.7415    -391.9048   -3548.5306   -1102.1538
     252     189.2359     519.5172     757.5843     209.3757     1155.1623    -400.6042   -3486.2545   -1055.9833
     253     185.2475     516.4531     760.1431     206.4243     1170.4105    -417.2322   -3617.1940   -1195.7476
     254     214.3278     489.3673     749.7220     217.1615     1156.3471    -375.7455   -3597.9801   -1146.7999
     255     201.0518     495.5569     747.5220     201.8213     1178.8393    -410.4236   -3605.9132   -1191.5456
     256     198.4602     487.2980     731.2881     214.8060     1184.8641    -383.3564   -3630.6859   -1197.3258
     257     190.4218     518.6350     776.1590     203.7496     1166.4919    -388.0275   -3748.3516   -1280.9218
     258     202.6192     493.9738     761.2348     208.1501     1141.8500    -391.1485   -3653.6114   -1236.9320
     259     199.9718     487.6285     755.5928     209.0755     1167.6142    -390.0091   -3634.1767   -1204.3031
     260     211.7022     516.1076     746.0066     203.6427     1114.9701    -395.5597   -3614.8548   -1217.9852
     261     193.8289     531.4879     783.4105     217.0390     1156.6306    -398.6783   -3648.5737   -1164.8552
     262     210.9809     481.1538     760.7610     210.0287     1160.1000    -387.8429   -3666.5512   -1231.3698
     263     209.4058     512.9587     736.9826     201.1804     1157.4878    -376.5042   -3600.5342   -1159.0232
     264     201.8390     506.4429     779.1196     215.7183     1147.9024    -378.6182   -3631.9136   -1159.5096
     265     199.9568     520.1539     738.0562     215.5220     1154.7427    -392.1640   -3541.4251   -1105.1575
     266     194.1024     516.4650     741.9042     206.1381     1155.4652    -396.0272   -3493.7095   -1075.6619
     267     197.4303     525.5862     752.1435     203.9800     1148.0886    -397.4609   -3579.1664   -1149.3987
     268     207.7602     523.8694     761.0694     207.3822     1180.6181    -405.1842   -3648.3045   -1172.7894
     269     209.0807     453.2179     748.1579     210.4494     1180.4216    -405.3958   -3545.0552   -1149.1234
     270     191.9388     512.2268     745.2072     204.9753     1171.1734    -403.7569   -3600.7355   -1178.9709
     271     208.2506     502.1780     738.0297     203.8994     1146.5375    -389.3952   -3566.7020   -1157.2019
     272     197.8102     517.4425     747.7448     208.4847     1171.9627    -400.5358   -3573.4149   -1130.5057
     273     186.0157     479.7875     754.0078     214.6276     1160.5095    -402.8054   -3529.0958   -1136.9532
     274     183.5864     479.6942     742.8935     214.6238     1207.6114    -377.1500   -3621.8358   -1170.5766
     275     197.9625     502.4786     745.3447     207.1292     1169.0896    -405.3000   -3621.1034   -1204.3988
     276     194.6192     508.5315     764.6918     202.4083     1157.7681    -396.2258   -3529.0385   -1097.2455
     277     216.6512     503.7419     741.7293     212.7706     1163.1979    -397.0002   -3599.3627   -1158.2719
     278     209.3466     504.9946     741.3338     207.3323     1162.3835    -398.0088   -3594.6762   -1167.2943
     279     187.0681     537.9403     756.4625     207.2037     1146.0668    -388.8779   -3523.7236   -1077.8601
     280     195.2775     495.2671     756.4695     204.6978     1167.4490    -399.3629   -3563.5250   -1143.7270
     281     196.1809     491.7301     750.5189     223.0030     1187.8474    -377.4317   -3613.1553   -1141.3067
     282     186.8867     490.0755     747.6318     215.3613     1176.8941    -394.3621   -3607.4579   -1184.9706
     283     198.2210     514.2453     738.3045     209.1961     1155.4364    -380.1256   -3536.8812   -1101.6036
     284     208.8130     541.8125     726.6268     207.8479     1126.5376    -397.4977   -3535.6457   -1121.5056
     285     189.7832     495.3567     764.7384     210.6757     1169.1121    -398.7659   -3593.1803   -1162.2801
     286     190.9226     483.7416     750.5700     210.3721     1188.6012    -393.0107   -3595.8394   -1164.6427
     287     194.9764     519.7514     754.6356     212.4704     1185.6980    -390.1206   -3618.6352   -1141.2240
     288     201.3697     504.2859     735.4849     204.1001     1164.1148    -370.2610   -3489.1760   -1050.0815
     289     183.2005     477.5007     742.6278     209.4318     1187.8641    -366.2469   -3519.9196   -1085.5416
     290     186.4434     517.8267     763.0332     201.5559     1176.5428    -393.3124   -3531.0756   -1078.9860
     291     184.6334     443.4278     752.6003     212.7777     1164.3658    -390.0900   -3523.5419   -1155.8268
     292     188.1830     503.4976     761.9491     213.6165     1197.3878    -390.8346   -3539.4698   -1065.6704
     293     208.9164     507.8659     762.5483     209.4798     1156.8282    -385.9693   -3427.8958    -968.2265
     294     194.5478     503.0729     752.0840     203.6204     1179.2018    -399.6526   -3531.0520   -1098.1775
     295     205.5611     522.7501     763.0625     211.0367     1141.8338    -389.2990   -3532.1738   -1077.2287
     296     182.2935     507.3869     761.8247     219.5089     1160.5928    -395.2019   -3552.5187   -1116.1138
     297     204.3730     506.5852     749.8192     200.1287     1135.2357    -389.9633   -3505.5877   -1099.4092
     298     201.3210     525.7901     765.4955     204.0277     1151.5484    -408.8076   -3560.7713   -1121.3963
     299     176.3036     500.3300     734.1152     218.8585     1149.7240    -407.2067   -3500.1650   -1128.0404
     300     217.6661     517.3102     726.9958     206.1522     1157.7739    -391.4575   -3576.5455   -1142.1049
     301     203.9434     471.7831     741.9817     210.3977     1175.7131    -391.1386   -3632.7465   -1220.0660
     302     198.4742     486.2950     748.0785     212.6671     1153.1257    -377.6571   -3531.0222   -1110.0388
     303     191.9324     504.2685     750.3284     221.9661     1154.4628    -402.9090   -3491.4055   -1071.3564
     304     205.3875     518.7075     760.6361     210.1192     1131.9526    -388.3670   -3525.8800   -1087.4441
     305     179.9025     486.2252     755.5833     208.1704     1163.2408    -385.2890   -3555.4175   -1147.5842
     306     188.4927     516.6467     745.2217     206.8740     1146.4792    -389.6888   -3539.4098   -1125.3842
     307     207.6549     466.8812     772.7594     207.6434     1154.0185    -378.3450   -3507.4618   -1076.8494
     308     184.2413     500.7981     733.5189     207.4508     1154.6991    -406.1551   -3515.8590   -1141.3060
     309     210.7119     547.7091     741.0676     207.3041     1133.3150    -407.9602   -3570.7686   -1138.6212
     310     188.2424     482.5679     769.6119     208.5041     1191.0143    -393.6291   -3530.9191   -1084.6076
     311     211.4258     486.8101     750.7274     213.1038     1163.3182    -383.4909   -3549.5089   -1107.6146
     312     182.4507     500.9805     749.7282     217.2746     1161.1555    -412.0039   -3510.8252   -1111.2397
     313     184.9741     507.5118     752.5674     216.2928     1180.0543    -396.5115   -3525.2575   -1080.3687
     314     201.2403     505.2826     763.2850     212.2635     1179.7339    -380.4584   -3593.0294   -1111.6825
     315     213.9956     499.9936     748.2639     201.5630     1166.5499    -373.5868   -3611.2569   -1154.4776
     316     178.2472     484.5931     755.3032     228.4971     1160.7178    -404.5856   -3551.9277   -1149.1549
     317     196.6341     499.6898     748.7203     214.2142     1164.4349    -402.7345   -3600.3675   -1179.4087
     318     217.9742     509.4850     740.4825     212.7292     1149.8263    -385.8694   -3586.5320   -1141.9042
     319     205.8811     493.2542     753.9411     215.8063     1170.4642    -385.0087   -3549.0745   -1094.7362
     320     188.5141     520.2042     734.0751     209.2013     1157.1265    -383.2857   -3555.9589   -1130.1233
     321     201.0050     506.8100     754.1931     209.5736     1151.4019    -387.0360   -3559.8199   -1123.8723
     322     186.9676     497.3043     755.0247     230.6653     1183.8006    -397.5445   -3549.0697   -1092.8518
     323     201.2403     497.8701     753.3458     208.3467     1154.2113    -395.5812   -3624.0574   -1204.6245
     324     207.4507     488.7071     729.6049     207.0887     1115.9625    -406.3320   -3464.8869   -1122.4049
     325     187.8171     501.5203     764.9551     211.2750     1138.5671    -386.4005   -3518.7965   -1101.0624
     326     184.1683     504.3630     760.6967     205.4367     1146.9054    -398.7787   -3590.0237   -1187.2322
     327     199.5405     502.4088     738.7653     205.4285     1149.0278    -394.0268   -3537.8713   -1136.7272
     328     200.2821     497.0619     727.3250     215.8953     1196.5419    -397.1836   -3602.9346   -1163.0121
     329     214.4771     515.3865     759.4349     212.0844     1127.6568    -382.2577   -3546.9321   -1100.1501
     330     174.5425     510.6887     736.7103     225.1463     1135.6417    -400.5324   -3491.1566   -1108.9596
     331     207.1313     494.4720     751.0052     208.8712     1143.0770    -393.5454   -3560.0267   -1149.0156
     332     204.8153     496.6162     752.5547     211.4911     1149.6239    -398.3997   -3559.1945   -1142.4930
     333     189.7912     490.9052     756.3918     206.8961     1150.6813    -388.1623   -3595.6678   -1189.1646
     334     204.0200     468.7179     757.0022     211.0441     1184.1470    -387.0147   -3643.9619   -1206.0452
     335     203.8477     486.3746     751.7973     208.4336     1137.4586    -407.0171   -3517.1695   -1136.2749
     336     202.3840     483.3807     751.4044     217.5998     1152.6915    -383.2335   -3594.4511   -1170.2243
     337     214.2913     510.3934     730.9255     208.2240     1155.2017    -392.6982   -3571.2390   -1144.9012
     338     196.8459     508.7667     761.2676     204.4536     1165.4176    -385.6334   -3579.1389   -1128.0209
     339     193.0003     476.0043     765.6446     213.5851     1085.8755    -386.0525   -3499.1170   -1151.0597
     340     204.6567     537.3858     748.7943     205.7200     1120.6588    -393.8830   -3502.3588   -1079.0262
     341     193.0175     529.5735     749.6650     212.0382     1132.5040    -386.6083   -3519.0108   -1088.8210
     342     224.5533     518.3115     744.5493     216.4762     1135.1874    -395.6605   -3494.2985   -1050.8813
     343     192.4397     498.7269     756.7737     210.6938     1166.1573    -395.0270   -3606.6456   -1176.8812
     344     206.7959     523.0769     751.6282     207.8745     1088.2142    -396.9597   -3596.8333   -1216.2033
     345     192.5278     503.3975     751.9640     209.6857     1141.1225    -403.5276   -3602.8739   -1207.7040
     346     218.6699     479.6673     753.4322     212.5623     1137.1278    -398.8196   -3592.8406   -1190.2008
     347     210.0566     487.0117     732.5484     209.3961     1175.1924    -391.3430   -3651.3583   -1228.4961
     348     222.6476     495.4792     764.1225     211.1891     1106.2690    -376.0905   -3536.8355   -1113.2186
     349     195.4102     516.3873     755.0991     211.9491     1139.9314    -387.2715   -3624.1167   -1192.6111
     350     195.8600     489.1587     740.6496     214.2154     1148.4703    -394.6545   -3537.9946   -1144.2951
     351     222.8840     508.4722     748.0104     210.8800     1110.1679    -383.2930   -3530.1964   -1113.0750
     352     198.2081     484.2995     752.7720     211.8879     1158.7086    -397.0831   -3560.5942   -1151.8012
     353     195.2961     507.5096     750.0153     212.7245     1147.7221    -388.5055   -3603.6659   -1178.9039
     354     232.8513     495.6840     729.4327     201.7165     1146.6967    -402.2459   -3614.9877   -1210.8522
     355     195.7460     499.5531     742.1831     212.9001     1155.0587    -402.4969   -3594.7994   -1191.8552
     356     220.2464     479.7172     742.7750     205.3912     1120.8313    -404.8028   -3587.3923   -1223.2339
     357     201.6284     509.0142     747.6363     205.2981     1149.7934    -395.0618   -3657.4820   -1239.1734
     358     199.5498     535.6016     744.6855     209.7932     1171.0343    -408.4940   -3677.4776   -1225.3071
     359     192.5270     479.9031     734.2510     211.1864     1142.6375    -410.4110   -3641.4923   -1291.3984
     360     222.7993     533.0927     748.4510     200.2359     1139.3936    -412.0600   -3615.4659   -1183.5535
     361     171.7365     492.8797     752.1226     209.1980     1148.2269    -401.4371   -3630.2582   -1257.5315
     362     216.6710     495.5376     746.9711     211.2651     1125.9488    -391.4172   -3548.3819   -1143.4056
     363     196.5892     501.4500     750.5405     215.2567     1150.0567    -407.7670   -3490.8997   -1084.7735
     364     188.3988     479.6030     747.3731     212.2917     1138.0284    -395.4511   -3557.1738   -1186.9300
     365     205.9682     537.6805     741.3239     199.4279     1136.7676    -396.4795   -3563.3703   -1138.6817
     366     191.1230     489.0874     761.5285     210.2862     1152.1650    -397.9326   -3504.5146   -1098.2572
     367     213.0770     491.3191     735.8033     206.2389     1124.9711    -397.9479   -3546.7543   -1173.2928
     368     188.1310     513.1597     739.5289     210.0296     1133.0448    -397.7886   -3514.7011   -1128.5957
     369     207.3130     498.1265     759.9529     198.6341     1129.1601    -390.4373   -3582.1117   -1179.3623
     370     210.3043     509.2639     751.9897     207.5149     1128.3472    -408.9524   -3565.3084   -1166.8407
     371     210.0824     505.8886     725.8065     201.3828     1123.1273    -397.1691   -3471.7411   -1102.6225
     372     212.0433     511.8851     736.4654     212.9346     1154.6260    -388.9495   -3562.3617   -1123.3569
     373     203.1339     488.5672     756.8993     209.5859     1168.3388    -398.7949   -3556.4474   -1128.7172
     374     215.3633     493.3750     746.0307     202.5335     1123.6444    -398.3082   -3465.6299   -1082.9911
     375     217.2215     529.1447     739.5096     214.1405     1133.9044    -384.8418   -3478.9015   -1029.8226
     376     212.9769     485.6190     738.7475     209.2914     1128.4906    -390.4519   -3517.6315   -1132.9581
     377     214.4956     498.6182     746.2845     203.1447     1108.5048    -397.8976   -3499.9886   -1126.8383
     378     212.0122     508.5398     770.7446     216.5106     1162.5904    -405.0119   -3522.6348   -1057.2491
     379     206.7200     516.6463     752.5061     206.2285     1157.2410    -393.9423   -3555.7543   -1110.3548
     380     218.0596     486.3014     745.6927     203.4377     1153.7506    -393.6603   -3573.2338   -1159.6521
     381     195.3098     500.8482     750.7054     203.5594     1142.8965    -381.8467   -3529.2089   -1117.7363
     382     204.9283     505.9413     738.5355     214.8381     1148.5730    -391.3623   -3571.5551   -1150.1013
     383     186.5921     486.8298     750.6238     213.3161     1162.5425    -414.8834   -3652.6865   -1267.6657
     384     180.6598     510.9337     738.1963     216.2012     1180.1331    -402.4166   -3593.3584   -1169.6509
     385     194.0985     494.9381     736.7568     212.2409     1159.8243    -395.8600   -3645.8216   -1243.8230
     386     189.0510     478.2386     740.1772     211.3256     1182.0390    -415.7937   -3585.6114   -1200.5738
     387     200.8150     534.8548     757.3156     211.3032     1147.8098    -401.3618   -3659.7112   -1208.9745
     388     200.1132     493.2329     746.1171     206.2294     1136.1154    -393.1907   -3625.1992   -1236.5818
     389     210.1649     469.7141     743.3137     201.7122     1130.8031    -390.5071   -3649.4189   -1284.2180
     390     212.6734     528.1004     736.7687     207.1004     1144.1805    -401.0647   -3592.9514   -1165.1927
     391     197.8505     517.5262     741.3425     218.3762     1155.2057    -392.9321   -3554.5446   -1117.1756
     392     223.2106     520.0946     770.8470     202.5715     1136.7023    -397.3971   -3593.7658   -1137.7369
     393     189.2764     499.7258     744.6367     202.3559     1142.0971    -383.6249   -3516.2067   -1121.7398
     394     216.0497     485.2710     750.0302     208.6065     1133.5457    -397.8835   -3620.2446   -1224.6250
     395     218.2781     528.4385     734.5797     208.3039     1105.4184    -373.4618   -3643.8403   -1222.2834
     396     202.6127     514.3965     750.8790     207.8053     1137.7188    -407.1588   -3645.1960   -1238.9425
     397     191.7833     503.8922     748.5577     200.2667     1153.7916    -393.6572   -3605.8600   -1201.2257
     398     182.2572     486.3965     736.9315     206.3919     1145.9935    -399.3562   -3628.0748   -1269.4603
     399     209.9222     491.8759     737.6294     205.8901     1151.1915    -403.8859   -3592.1838   -1199.5606
     400     220.6497     517.0212     745.0263     199.4147     1128.8098    -396.8821   -3571.5209   -1157.4812
     401     188.7714     509.8755     754.6881     213.4158     1179.3419    -414.5906   -3603.7551   -1172.2529
     402     180.7775     515.9761     742.3736     206.4142     1137.9273    -369.9368   -3586.7703   -1173.2383
     403     205.6539     503.7726     743.8266     217.3844     1142.7158    -388.7141   -3580.8088   -1156.1696
     404     188.7800     509.5135     751.9659     209.2231     1167.8347    -408.3724   -3561.3020   -1142.3572
     405     218.4054     496.4570     755.5603     205.0818     1107.3058    -386.2740   -3537.8387   -1141.3025
     406     203.2002     504.7559     733.5431     222.7991     1182.9303    -388.2615   -3657.2335   -1198.2664
     407     213.4699     522.7386     750.1489     203.0942     1135.8442    -402.2798   -3592.9878   -1169.9718
     408     210.6442     497.7842     751.3015     212.5462     1133.5636    -399.5010   -3662.6340   -1256.2952
     409     187.3037     512.5268     747.2960     218.7076     1151.0143    -402.9682   -3599.5154   -1185.6351
     410     210.1410     494.9762     738.6804     205.3858     1135.9813    -417.6229   -3567.1021   -1199.5603
     411     197.7325     496.7052     750.8298     211.8242     1146.2671    -379.6242   -3675.0235   -1251.2889
     412     202.4382     522.5132     741.7307     206.1271     1132.6028    -403.2743   -3668.8679   -1266.7301
     413     210.2896     512.8998     743.2780     208.1150     1142.3242    -403.4692   -3626.8385   -1213.4011
     414     201.8038     516.0789     756.5196     208.8487     1166.2970    -381.3845   -3606.5547   -1138.3911
     415     208.9774     513.8306     764.4521     219.2206     1147.0030    -394.6534   -3641.7167   -1182.8864
     416     207.9632     500.8717     749.9980     217.3747     1139.6042    -394.9216   -3535.6098   -1114.7196
     417     204.8824     488.3137     756.8293     210.5693     1139.5623    -377.7005   -3643.8042   -1221.3477
     418     205.7774     495.7413     756.3235     209.4585     1146.6414    -409.1317   -3593.4853   -1188.6748
     419     179.0337     495.9880     739.5016     212.4975     1164.7183    -405.7684   -3548.5193   -1162.5486
     420     185.4947     485.6448     744.4966     209.6143     1157.3954    -394.4873   -3589.4440   -1201.2855
     421     206.1608     498.2364     750.0058     209.4756     1156.3163    -386.8285   -3588.2790   -1154.9125
     422     212.3230     492.2722     752.6372     197.9847     1163.1377    -395.9623   -3624.3689   -1201.9764
     423     223.1978     498.1909     756.8856     210.7732     1134.2493    -393.1507   -3575.9417   -1145.7957
     424     171.5962     498.0404     748.6730     212.6995     1195.2263    -394.6722   -3613.5145   -1181.9512
     425     209.2655     499.0489     764.1390     203.8327     1133.2045    -382.8542   -3546.6570   -1120.0206
     426     203.9063     478.6761     750.5118     206.8835     1140.1331    -385.2887   -3548.7013   -1153.8792
     427     201.4161     530.7588     759.2938     210.8093     1118.5186    -374.9108   -3542.7950   -1096.9092
     428     195.3359     498.6714     754.1930     210.3267     1194.4721    -386.3019   -3569.7187   -1103.0215
     429     198.5113     497.9815     750.6573     209.4852     1175.3209    -400.0220   -3553.0949   -1121.1606
     430     202.8305     528.3462     746.7851     204.9558     1138.0241    -389.2510   -3520.1064   -1088.4157
     431     183.6822     500.0407     744.6534     217.9696     1174.4167    -371.7847   -3550.5821   -1101.6041
     432     197.3326     473.1972     758.8258     205.4893     1189.7884    -390.8035   -3665.0027   -1231.1728
     433     191.2613     511.5470     743.6331     208.1220     1161.7407    -386.8445   -3605.0477   -1175.5881
     434     184.6511     516.5979     761.4111     222.3236     1172.5277    -391.7202   -3556.4506   -1090.6595
     435     191.1835     525.2249     748.7974     205.4166     1177.1443    -385.6621   -3523.2022   -1061.0975
     436     203.8987     491.9076     754.9584     213.3567     1171.5772    -393.0429   -3542.0097   -1099.3539
     437     195.4585     520.0168     763.7968     212.7181     1171.9159    -389.8453   -3664.4019   -1190.3412
     438     196.3182     512.4231     765.6176     213.6964     1167.4338    -396.1595   -3585.4841   -1126.1545
     439     197.7762     511.4737     763.6061     210.2937     1184.9983    -398.7769   -3602.5615   -1133.1904
     440     188.5321     453.2172     756.8099     214.1190     1150.8159    -394.2758   -3595.6984   -1226.4801
     441     202.7296     474.6211     736.8402     211.9901     1156.4702    -373.8379   -3554.1567   -1145.3434
     442     208.7146     507.8868     760.3234     204.5140     1148.4867    -393.2402   -3505.7959   -1069.1106
     443     192.5356     523.0641     757.0950     214.9218     1166.7725    -390.8427   -3612.1833   -1148.6371
     444     220.6571     475.5961     733.4576     209.1714     1159.2984    -393.4322   -3532.9827   -1128.2342
     445     200.1637     543.0412     767.6346     203.5437     1130.0082    -385.1320   -3572.5303   -1113.2709
     446     231.6949     496.8706     744.6290     201.3618     1162.2205    -386.0096   -3586.7929   -1136.0257
     447     191.4808     537.2147     761.6833     198.9169     1143.3094    -402.6549   -3529.7685   -1099.8183
     448     187.6078     472.3585     730.5153     212.9538     1172.9765    -389.3769   -3535.8095   -1148.7746
     449     191.4690     486.6831     760.4291     214.6217     1169.4856    -386.2979   -3659.2178   -1222.8272
     450     210.9564     492.5308     752.9491     217.3271     1201.3262    -395.7888   -3590.3907   -1111.0899
     451     209.8172     523.9454     738.9480     213.4549     1215.1925    -384.7336   -3699.9131   -1183.2888
     452     190.2290     522.7588     769.9714     200.9839     1159.8430    -419.5454   -3635.1801   -1210.9394
     453     190.0367     514.8279     729.7529     214.3178     1165.2202    -394.4720   -3631.9789   -1212.2954
     454     219.9210     496.7310     737.7759     205.0087     1172.6925    -414.1234   -3657.7946   -1239.7889
     455     191.5689     495.2885     747.4459     209.8795     1181.1715    -385.8124   -3661.8729   -1222.3310
     456     213.9809     500.9312     757.2889     219.0630     1137.5573    -379.2690   -3550.6156   -1101.0632
     457     204.7298     493.1681     754.6904     206.9086     1187.9668    -396.8606   -3620.6575   -1170.0544
     458     204.9446     507.4613     745.4611     203.0324     1126.4284    -396.9760   -3591.1361   -1200.7843
     459     184.5297     532.5475     742.9228     205.3220     1155.3594    -387.1648   -3544.8832   -1111.3665
     460     208.8049     507.0189     748.7698     204.6114     1166.3754    -390.1321   -3607.9417   -1162.4933
     461     203.9066     506.3443     750.8664     207.7301     1130.7082    -407.2568   -3526.4702   -1134.1715
     462     213.6974     531.1357     751.4148     217.6207     1132.5510    -389.5396   -3583.3933   -1126.5132
     463     212.6923     545.5939     780.9227     195.6552     1166.0557    -402.7035   -3586.2309   -1088.0146
     464     198.4429     492.8139     747.8364     223.4774     1161.8323    -369.1296   -3586.0439   -1130.7705
     465     193.5863     521.8408     756.2884     214.8419     1167.2717    -392.0192   -3647.3265   -1185.5167
     466     213.8741     518.8653     740.5532     207.1890     1169.2159    -411.4909   -3608.5588   -1170.3521
     467     196.4990     515.2583     757.5145     213.1566     1138.3032    -397.5801   -3572.4253   -1149.2739
     468     192.6530     523.2115     737.5194     217.9969     1154.3566    -388.4961   -3583.6242   -1146.3830
     469     191.6195     484.8015     741.7945     217.4426     1154.5757    -390.9559   -3608.5037   -1209.2257
     470     197.3420     508.1737     750.0264     213.8139     1159.1276    -393.4129   -3591.6086   -1156.5378
     471     203.6615     510.7426     732.0536     199.6557     1170.3215    -381.1285   -3576.7682   -1141.4617
     472     197.8713     501.6740     750.4373     211.0596     1178.9606    -398.5652   -3631.2353   -1189.7977
     473     207.3563     511.2069     733.4307     215.1490     1144.9163    -386.7500   -3610.3395   -1185.0302
     474     215.7233     502.8855     752.4081     202.1654     1123.6197    -399.4006   -3566.9161   -1169.5147
     475     219.5490     497.1340     750.7694     202.8108     1173.3697    -391.9535   -3650.4783   -1198.7989
     476     220.1145     491.8286     738.9123     217.8236     1152.1608    -396.6232   -3591.7780   -1167.5614
     477     192.8350     488.3056     735.7606     212.5740     1151.3583    -380.7427   -3586.4467   -1186.3560
     478     213.9416     508.6395     739.3245     207.2427     1161.6935    -383.2374   -3585.5800   -1137.9756
     479     209.0628     518.5267     729.8911     203.5619     1167.4955    -384.9320   -3531.4174   -1087.8114
     480     222.8381     501.2874     744.6440     209.8190     1154.4064    -382.5102   -3615.9132   -1165.4284
     481     194.3303     500.2748     744.2505     215.2342     1178.3214    -401.8160   -3627.8054   -1197.2101
     482     193.6705     519.1843     734.6988     211.5652     1166.6435    -386.5305   -3579.5735   -1140.3416
     483     201.2084     486.1141     749.3849     204.7114     1148.6411    -384.4745   -3583.5679   -1177.9824
     484     212.2306     495.5550     726.2886     207.6682     1146.0569    -387.5617   -3519.4881   -1119.2504
     485     221.5469     503.0144     743.8556     201.4654     1133.0858    -390.1535   -3512.1445   -1099.3299
     486     203.1968     533.1040     742.9468     205.2175     1125.9295    -402.3340   -3489.7235   -1081.6629
     487     187.4242     514.2249     755.0442     211.0346     1159.6358    -385.3640   -3575.6687   -1133.6690
     488     186.9008     530.9689     743.4903     196.5075     1132.0016    -388.8652   -3423.9355   -1022.9315
     489     203.8604     489.3445     751.8052     201.2115     1136.3046    -381.4598   -3458.6801   -1057.6136
     490     204.0154     537.1316     745.2096     212.5510     1122.2912    -413.8037   -3559.9607   -1152.5654
     491     193.8825     483.7462     742.8087     205.9779     1183.4918    -399.1317   -3536.6294   -1125.8541
     492     206.8594     522.6662     730.1677     210.7693     1123.1354    -397.9698   -3542.3049   -1146.6768
     493     186.5800     545.5576     753.5309     208.3792     1142.6115    -396.2517   -3581.4308   -1141.0233
     494     174.0528     537.6517     746.8545     210.6923     1132.8701    -388.7660   -3439.5831   -1026.2276
     495     187.8982     526.6166     762.1855     198.0801     1140.8274    -379.6051   -3510.2988   -1074.2961
     496     214.9729     495.0591     753.1370     204.6511     1175.3969    -397.1404   -3568.5196   -1122.4431
     497     195.9989     475.1704     744.2790     226.1037     1184.0798    -408.2995   -3609.8193   -1192.4869
     498     188.3017     505.7255     751.9763     214.0823     1188.4484    -397.7910   -3582.0516   -1131.3083
     499     199.2721     505.9522     755.0054     213.1378     1154.2543    -399.9697   -3519.2883   -1091.6362
     500     203.9500     506.9096     737.9770     208.2937     1168.6888    -383.3251   -3605.8222   -1163.3281
