1 1.139209270477295
2 0.9498159289360046
3 0.8395863771438599
4 0.8822669982910156
5 0.8583000898361206
6 0.7147055268287659
7 0.5875490307807922
8 0.6192221641540527
9 0.49677401781082153
10 0.4551708400249481
11 0.41380950808525085
12 0.38684147596359253
13 0.33192795515060425
14 0.34227442741394043
15 0.4261997640132904
16 0.6957709193229675
17 0.6788831353187561
18 0.5649414658546448
19 0.4465140700340271
20 0.39220836758613586
21 0.39896711707115173
22 0.3260422945022583
23 0.3602999448776245
24 0.44345033168792725
25 0.6236769556999207
26 0.6526792645454407
27 0.6079064607620239
28 0.5469760298728943
29 0.48599523305892944
30 0.3689674139022827
31 0.2992161810398102
32 0.31382837891578674
33 0.3111993074417114
34 0.3437734842300415
35 0.4658452570438385
36 0.5221798419952393
37 0.6099615693092346
38 0.46297362446784973
39 0.5839424729347229
40 0.6283974647521973
41 0.6355075836181641
42 0.46775591373443604
43 0.42581042647361755
44 0.4323769509792328
45 0.3900276720523834
46 0.42356255650520325
47 0.44715070724487305
48 0.5589406490325928
49 0.8475570678710938
50 0.9124025106430054
51 1.0402458906173706
52 0.6902853846549988
53 0.4976913630962372
54 0.47914382815361023
55 0.41582489013671875
56 0.32532113790512085
57 0.285192608833313
58 0.29179659485816956
59 0.32351693511009216
60 0.4340667128562927
61 0.5327147841453552
62 0.3488985598087311
63 0.4400109052658081
64 0.40969520807266235
65 0.3224102854728699
66 0.3891467750072479
67 0.6842241883277893
68 0.6017975807189941
69 0.43916675448417664
70 0.4198221266269684
71 0.37592220306396484
72 0.3310612440109253
73 0.40022003650665283
74 0.3959468901157379
75 0.3425443768501282
76 0.2962898313999176
77 0.29035431146621704
78 0.4374260902404785
79 0.507554292678833
80 0.5226644277572632
81 0.7239389419555664
82 0.5285326242446899
83 0.3494231402873993
84 0.321329802274704
85 0.3220285475254059
86 0.36713531613349915
87 0.32686156034469604
88 0.345580130815506
89 0.3379461467266083
90 0.3952995538711548
91 0.4303518235683441
92 0.4191192388534546
93 0.47114115953445435
94 0.6032946705818176
95 0.6167764067649841
96 0.7587041258811951
97 0.8811178207397461
98 0.896234929561615
99 1.0917404890060425
