0 6.00673333556378
1 4.198518685951403
2 4.43889561884066
3 4.201920264188069
4 6.339796784269705
5 4.481458931910089
6 5.20748958493047
7 4.169176276088816
8 4.347658138748711
9 4.280480050234034
10 4.222721762497418
11 3.9920487721414277
12 6.997501353931893
13 3.743628153581438
14 3.7770266525543197
15 4.948077952429792
16 3.9238896443627187
17 3.5692844300101463
18 3.845977478178636
19 3.6262924674453636
20 3.9301896817845834
21 3.8274906245466127
22 4.284155483379274
23 4.009069279931758
24 3.786855969836437
25 3.806187676718045
26 5.200876333982366
27 3.3606105948916736
28 4.216625134019656
29 3.917782362153554
30 4.19904186677414
31 3.8330740230910045
32 4.6847899088488285
33 3.9176193585044574
34 3.829256501024902
35 4.042281854156075
36 3.919756480946504
37 3.8540676931672206
38 3.8666646099234456
39 3.885774065032342
40 3.7133281200112234
41 3.887738029393896
42 4.374591750060182
43 3.789278162971334
44 3.4906563233987047
45 3.8386500154464778
46 3.889855508335377
47 3.8909134367052016
48 4.2529292898322995
49 4.064497080562377
50 3.9929984645940473
51 4.1990943560864435
52 3.9084690070035517
53 5.023840962262503
54 3.5188948155828577
55 4.007585636621072
56 5.694362822960832
57 3.9303780920857867
58 3.2135159895632315
59 3.714412552587675
60 3.626793846655267
61 3.8811359179567924
62 3.942114598522125
63 3.5188002337771973
64 3.9962783166862494
65 3.946153285990171
66 4.07898287280541
67 3.981362014185329
68 3.9379185131056436
69 4.371207925673817
70 5.2248256357669804
71 3.8189235807517377
72 3.884062647576144
73 3.467029206726874
74 3.844676374278768
75 3.643809450478597
76 3.517114399958837
77 4.43891971931908
78 4.015338936467461
79 4.725632660227505
80 3.329239477098422
81 6.9325074555965385
82 7.623485521908621
83 6.774364734616048
84 3.8100677563564007
85 3.874124123896067
86 6.545116393034662
87 8.647648694432979
88 7.502119216510582
89 6.233306493424207
90 6.691140177799346
91 3.8551538486874652
92 5.320779860050563
93 8.741006329667385
94 3.7807159932988865
95 4.416950360138471
96 3.7952872672341154
97 4.804083367628095
98 6.81425081802813
99 3.46354148153879
100 4.364035072369639
101 7.518559302016983
102 7.487264457756051
103 6.666345174761483
104 9.245519232165336
105 3.6784978483178725
106 3.686647611137002
107 6.862118817793924
108 5.8092966319968244
109 8.767345466819911
110 4.002674377727007
111 3.8210298370420546
112 6.512626434547504
113 6.395736820221852
114 3.7673488862268956
115 4.562689617388161
116 7.956675986407915
117 7.9250003967327665
118 5.6036329516668735
119 3.9487091494980535
120 3.9230274383033215
121 5.275763032320999
122 7.414141932859289
123 9.524541760727976
124 8.720689434166381
125 7.572598407847369
126 9.120229818071795
127 8.892882264685761
128 7.486715881177834
129 7.49161055782397
130 3.507155716394401
131 6.87754734406207
132 9.321283256105447
133 5.809396294349888
134 7.162693357204609
135 7.019765155786389
136 6.210449476866077
137 6.437158137721081
138 3.802777800105667
139 6.242196199426461
140 6.257160650057314
141 6.238450038050343
142 3.7184698450416995
143 4.821837390437249
144 4.6624736012674335
145 4.847748109807097
146 6.055603676934054
147 6.634138422450326
148 6.064877699306394
149 6.267954227357178
150 7.7192992191051735
151 6.235772505208024
152 7.494671203791825
153 6.572641883131749
154 7.978857312753519
155 8.569611319724183
156 8.519658150524254
157 5.79969992161367
158 8.474294777839086
159 8.612776998491134
160 5.102698375651025
161 3.9264118924028604
162 4.821981231406341
163 3.7798938970128826
164 3.7727785964184903
165 6.275363813948447
166 7.06075706207874
167 5.6981682990774045
168 7.206958321522227
169 5.70918461629685
170 6.89457510081366
171 8.839328498354497
172 6.348351764064948
173 8.522487986985771
174 4.972950503790226
175 6.267864363261415
176 6.459791418602034
177 3.6279302660440864
178 5.029209568125447
179 7.45838592084032
180 8.28726782005826
181 5.328435974779716
182 7.141968507691715
183 5.75995126284776
184 7.455134876015489
185 6.3477794771238525
186 8.629916827060029
187 7.527536238121737
188 6.742380087796725
189 5.926477513022843
190 5.315722864492664
191 3.770891475706779
192 6.072523411627656
193 3.649515944327361
194 4.040534972762802
195 5.243020214433019
196 3.889039057880346
197 6.281839090888822
198 6.231396750602696
199 4.008009054210372
200 3.866830594934199
201 6.722062721238408
202 7.317696206251626
203 6.574215124614837
204 7.312402543858009
205 8.337541729241838
206 4.745129083562121
207 7.358512988522948
208 8.978458606231506
209 7.911060515050189
210 7.568744857122101
211 6.244879037591181
212 3.836410283235871
213 3.6515568748895
214 7.534551799063535
215 5.174180750585641
216 6.411717140869347
217 3.123117766864603
218 4.484651993713943
219 6.314852132167452
220 5.169510092723131
221 5.83334856535502
222 6.490247267715312
223 6.124107630057431
224 6.662714055234966
225 4.701392898551332
226 6.024253003068313
227 6.188625608163914
228 7.797225753629484
229 5.513218220312432
230 6.868901768974974
231 7.109133420560858
232 6.245227146651978
233 3.9847184297367657
234 7.101230284652256
235 3.920753543939736
236 3.2857683444848518
237 5.988410315134748
238 5.187928611350786
239 6.123056363927642
240 7.346566961330163
241 4.025492030371522
242 3.7670573494520463
243 3.6581790883839176
244 5.15212453918487
245 5.793345757825701
246 6.10963357641403
247 5.973622163338482
248 6.00497525601236
249 6.140348306438628
250 7.79492117373443
251 6.090004831670163
252 4.248224158117924
253 4.584138186605299
254 4.700156105535468
255 4.688270637635141
256 3.9820475556349155
257 4.5009479032918085
258 5.585579661791827
259 4.251524505468314
260 5.691039450804145
261 5.049866526861059
262 3.6192285811047995
263 5.034681125482892
264 5.173884825984605
265 4.455236966539576
266 5.59248897604994
267 5.377460355838269
268 6.9085974644830195
269 6.370889713160913
270 4.096654804690499
271 4.3234553809368235
272 3.794282763656887
273 3.9269746263605803
274 6.5708915797158705
275 3.667474673495663
276 3.804794811535542
277 3.8377803117953397
278 5.820672344775526
279 3.799196098531719
280 6.078453495017811
281 5.003237707527009
282 5.257693148632771
283 6.613315225761708
284 3.9169337152523416
285 6.8870091461659575
286 4.43053901454914
287 6.624459999417295
288 5.4075501764831895
289 3.7932745445185985
290 4.0398827062869085
291 4.612695220676866
292 5.655772604583411
293 7.3839184460105205
294 3.7514835235057507
295 7.0486099488979175
296 5.548890162159535
297 6.244905253107639
298 3.990331044075824
299 5.294864537638318
300 6.165294701891431
301 6.093001451861956
302 3.7250056203856046
303 5.510761461989736
304 5.849563183464633
305 4.888585803695479
306 5.815624523081917
307 4.926569018037407
308 7.239611481729924
309 5.911077376789461
310 5.0717637604432175
311 6.0824892405718
312 3.5973345158801395
313 3.927360376759522
314 5.734647610489428
315 8.271944518449468
316 7.771831937447082
317 7.145126969420075
318 6.846820403274225
319 6.093200883702794
320 6.877646796057859
321 8.4378771564477
322 6.243360072502025
323 6.302189121633655
324 4.129737487754275
325 8.204977522489788
326 7.606920268540258
327 7.717486952310942
328 7.077562909836663
329 7.519058199415358
330 7.3712123049033
331 6.738983194794728
332 6.161267780223693
333 8.301805690742087
334 5.522639069490495
335 6.749111132056733
336 6.3731303338611935
337 8.321140840878384
338 6.107143149967144
339 7.635265468781378
340 6.59825481152162
341 5.52353345004749
342 7.40417864314726
343 4.0907191914881365
344 4.997209963876403
345 4.218340097876174
346 4.365300505401288
347 6.028998912308092
348 5.032319007865673
349 3.9292852709173482
350 3.630477712312838
351 3.746026744179358
352 3.8030416772747038
353 4.820241817121721
354 3.5896724723065296
355 4.108732593130999
356 3.7839519794174143
357 3.7258757825132665
358 3.9448785124556998
359 3.8515050450084165
360 3.8199404023619548
361 4.046544841523185
362 3.471205813979753
363 3.7339201435573894
364 3.7241776180727886
365 3.833726805104432
366 3.952613079693602
367 3.6965736570851266
368 3.8632045904007026
369 3.789806614249397
370 3.8485169478346055
371 3.7519389042269373
372 3.7673942507225076
373 3.6245314971204157
374 4.513910903679208
375 6.381964307612754
376 4.0293377000374955
377 4.165448079621801
378 3.9839099148479633
379 7.5561860442765685
380 5.5083699881667565
381 6.3994424442491455
382 5.981513699961162
383 7.199404405472175
384 8.631438678509882
385 6.218301413402028
386 4.700928863594635
387 3.979322448732658
388 7.281571261038274
389 4.691498563899593
390 6.084503732858795
391 3.8076920472434717
392 5.867814545936971
393 5.830567239691032
394 4.375730933553202
395 4.776199224288835
396 4.830812547013602
397 5.294246133920568
398 5.011634137688452
399 3.6412785790629902
400 4.6485867130267495
401 5.883302395180758
402 4.965423651603612
403 4.609719724661988
404 3.6767616501735216
405 6.630592195869768
406 5.798998315984599
407 6.192798216557756
408 5.176599496264242
409 6.446458886138762
410 4.268057213975488
411 6.5719037780528105
412 6.543476396084848
413 7.480865203125104
414 7.665250217882389
415 7.877947264219015
416 6.39760578883438
417 7.7894900885794005
418 4.161692216653004
419 4.745788457204777
420 3.8833850774341863
421 5.79002904143997
422 6.607812357202774
423 5.9274268375548536
424 7.048195956931299
425 6.19972992666568
426 6.673345566537236
427 5.729182002241307
428 6.42699295373435
429 5.477564325068189
430 6.407363636793983
431 7.180373374558409
432 7.129206235146402
433 4.093279481141155
434 7.665672950861502
435 3.7862878293170206
436 4.190891547601546
437 4.786296668738743
438 3.8031152439742093
439 6.1860292831436485
440 5.250550218819634
441 3.90483436230974
442 4.117688103092209
443 3.5291149667762483
444 5.173717809642024
445 6.841598756941522
446 5.2093648016237495
447 7.0377971144947225
448 6.876912952255544
449 6.8273873485716585
450 6.808602797257015
451 6.247493387801482
452 5.728671183692584
453 6.735312679165186
454 4.87531028509047
455 3.7354990985858145
456 7.08184630217672
457 4.29678777633978
458 3.8900041313808034
459 3.7683832797598655
460 5.776555839595924
461 3.8476275185383817
462 5.9973376751255465
463 3.768279677768712
464 4.970111570026923
465 6.467083665002552
466 5.752778723108551
467 5.665612550613114
468 7.664126746423561
469 6.9795972409492375
470 5.998432949030902
471 3.8125412523862496
472 3.7895348166045584
473 3.897647373258322
474 3.348156914931227
475 3.7247007992394345
476 3.7188731921483256
477 6.410138605309409
478 8.78391347497006
479 9.21579697635929
480 8.875443228256495
481 8.041865824125205
482 7.842947270467076
483 7.519377635609649
484 6.955485620484226
485 7.501294437971951
486 7.900908442769629
487 7.489321055468495
488 5.985445596053152
489 4.009352195195431
490 6.120025430445949
491 6.879592478194792
492 8.078262672215786
493 8.326524129581491
494 7.4581278258663835
495 9.555869396599014
496 7.635832760056152
497 8.351111152601554
498 4.42178672614475
499 3.7781212972393505
