0 6.119071867281661
1 5.448174953239483
2 6.004782046355729
3 5.238903746813708
4 5.6935870515248155
5 6.619909390565619
6 5.5322081318369065
7 6.402124911259821
8 5.746281680928349
9 6.492677674263999
10 5.639199202350029
11 5.835509937313882
12 5.696281797241541
13 6.473049299479025
14 5.982444347306921
15 6.711426031115084
16 8.004182177524083
17 7.019198841291119
18 8.19396791586067
19 7.717932127585932
20 7.107671213100127
21 8.08115139261018
22 8.30826137538888
23 7.1295785409888985
24 7.185152119240447
25 5.881341766718431
26 7.990861617347091
27 5.905214044467857
28 5.448069506479994
29 4.454348257222193
30 5.585722049425829
31 6.074178580170891
32 6.382819158905058
33 4.931965240278721
34 6.6203007714734055
35 5.473546247581549
36 7.214045817669279
37 6.933891689210959
38 7.055743814577186
39 5.7940926184407315
40 6.032475294437561
41 5.51275684298509
42 5.6160423415740865
43 6.3851336308743045
44 5.313429441523449
45 6.750874262065282
46 7.021604757800932
47 6.190439597261217
48 4.710748819322449
49 6.321612866350574
50 6.109031297888638
51 5.983160192271495
52 6.567460247512195
53 8.936173949332133
54 8.41622062340902
55 6.147928955733711
56 6.455807754683878
57 6.688771068981434
58 6.815443098897139
59 5.391706805225602
60 7.243813659828586
61 6.332364395681235
62 6.051848844905844
63 5.100773025631013
64 4.370916931289869
65 6.941567587592376
66 6.348300409702996
67 6.935805972187322
68 5.676607376657099
69 5.938489890441822
70 6.051713681985014
71 5.810331060874677
72 5.464146638275476
73 6.065183831409545
74 4.88205378682277
75 7.236274682103189
76 5.269801326889667
77 5.273403095252085
78 5.062355601041846
79 4.670464305905871
80 4.164900938820259
81 5.31735256107033
82 4.979372473913204
83 6.53515988244379
84 5.4163223753178205
85 5.456800515447614
86 6.499632306770615
87 6.6252579693347355
88 6.052502614819116
89 5.7166767724700405
90 6.132891531209638
91 6.829928311625753
92 5.990067467531781
93 7.209654927491088
94 6.483039953500724
95 6.64150904537287
96 6.0766317824079925
97 7.8617543967620405
98 6.245398025752814
99 5.178793696643542
100 5.744506837711489
101 5.499790490569555
102 5.148871835707078
103 6.002186344695116
104 5.920137356273453
105 7.788328667676376
106 6.794123138284829
107 6.474082673992426
108 4.950760361934545
109 6.472157753296201
110 7.80196382233926
111 6.917805366917411
112 4.6755720089925745
113 10.797635963488304
114 11.90861950213502
115 9.549476975709704
116 10.522110393824466
117 9.469712343876292
118 12.461323173833419
119 12.539245786038174
120 9.783563284812638
121 10.074122628276509
122 9.115853478025226
123 8.705339151620953
124 9.367893645525147
125 10.292341824281282
126 9.010431407334579
127 11.050186039367432
128 8.645528232336233
129 10.351268543113738
130 14.597082654782223
131 14.63600792488548
132 10.898801879650847
133 8.323988995286888
134 8.178225908733179
135 8.579693445316224
136 9.741962137340796
137 9.715819959448384
138 9.34802157715211
139 9.08700847053203
140 12.761835076103157
141 9.637888513048168
142 9.965411761315329
143 10.953555740351248
144 10.999237808173351
145 10.859332078197399
146 12.794261471417661
147 9.28329270239461
148 9.30438066710962
149 12.54442656295808
150 13.463215136045003
151 11.31056860182077
152 12.75737335597856
153 12.464563530039582
154 12.860745004677247
155 10.053316096394282
156 9.841112787219442
157 9.447809000834132
158 12.884007243782666
159 13.231041283394685
160 10.111509191694195
161 11.034453217676475
162 11.699493265727641
163 11.404922439708892
164 10.528095651244373
165 14.308895780999705
166 10.43201476828539
167 13.051795089523155
168 14.072753192905589
169 11.037219246256639
170 10.26992873100075
171 11.085629985660745
172 8.368542567220375
173 9.438743250368269
174 11.13593258676545
175 11.655741181619044
176 9.98496043247139
177 8.734206222718523
178 10.315979868442628
179 9.116395283034066
180 9.776692704210708
181 10.981973367420316
182 9.439532974837254
183 7.457632587004126
184 11.240459945181508
185 9.634174451472958
186 8.993068800620469
187 9.69247673924732
188 7.034014169748141
189 10.299833818287862
190 11.995773762033187
191 9.862288353046143
192 8.35223865455171
193 10.81258213803733
194 11.381542578990956
195 10.670292001355271
196 11.02635191580799
197 10.696495416114164
198 10.99869899867317
199 9.317584062491747
200 11.023456797218193
201 10.273058587408343
202 8.888016070729316
203 10.953782226176685
204 9.483545919997047
205 12.046270813096314
206 9.432522719044353
207 9.586656157174957
208 14.647493956821622
209 9.54167009201942
210 10.247607370612164
211 12.906199998634806
212 11.294959975808299
213 11.511646819075281
214 13.03131114031692
215 13.374701785490902
216 9.092540708118072
217 5.1036740520530515
218 6.5874778193983765
219 6.359953045098374
220 7.059872415793587
221 6.6852649764102
222 5.083235660483732
223 6.588011967263095
224 5.257682019566643
225 5.760963306388518
226 4.9366173045255755
227 5.5855352078922476
228 6.4009714947147085
229 7.160218113783428
230 5.326221633959566
231 6.12499000040192
232 5.381775257701176
233 6.054636481422956
234 6.585560067440781
235 5.658342927230481
236 7.327618778890966
237 7.551099971280316
238 5.511335543425131
239 6.233889126123923
240 7.051761159063023
241 7.313107134669247
242 7.338201336600086
243 6.809727878312771
244 6.857014006390601
245 6.205550295080636
246 7.7297134405211425
247 5.437192972459084
248 7.214322703197299
249 6.057401935686467
250 6.139813237109886
251 5.852820607827599
252 6.093525684806066
253 6.310084194194312
254 7.437018393680757
255 5.854962556990488
256 4.973802217632365
257 6.329484258498891
258 6.9034531636274865
259 5.4489943136772165
260 6.615711031888389
261 5.30359420070612
262 5.897118199278778
263 6.990095786928717
264 7.480009111263843
265 5.807056958595051
266 6.9804629299449745
267 6.307387583159454
268 7.5364170737288205
269 6.8599796657673355
270 5.136299982895388
271 6.6429076316652464
272 6.43771746896007
273 5.197966761808898
274 9.044282266129361
275 6.96222148567509
276 5.628142529771768
277 5.550382013434696
278 7.543373022905137
279 8.064624823373062
280 6.633288639621382
281 6.239996890329145
282 5.668879255668654
283 6.337195719681968
284 6.203772117662
285 6.017500239351136
286 6.871533978836288
287 6.250883357230875
288 6.721792122537787
289 6.234797802405831
290 6.77131717894518
291 6.351408185033754
292 6.062321734147283
293 5.397844970949775
294 8.45905783104239
295 4.2351720116284355
296 6.011420351922564
297 5.713173086389799
298 4.800599535440859
299 6.6006651536790795
300 6.100312613227181
301 6.625257328771554
302 6.061182671558019
303 7.833667530999459
304 6.75382675903831
305 5.997468081378252
306 6.775075943107846
307 6.325322350727496
308 6.856820597856275
309 4.327363701207927
310 6.676753460615507
311 5.874531365906617
312 4.296076329915877
313 7.385337144097528
314 5.740435508928348
315 6.080425679350543
316 6.949802813739242
317 6.483924818015729
318 6.216263232340427
319 5.799382913434626
320 6.651110679849529
321 8.18049677725869
322 7.445417547603544
323 9.846723890030853
324 7.5869042436368375
325 5.0809166042659015
326 8.579440773404206
327 8.413787362388119
328 9.690977290635269
329 10.15024974684981
330 6.767345796903946
331 7.786516882015677
332 8.120676957501898
333 8.920073492652694
334 7.571926061559792
335 9.614989033770868
336 8.74200215055377
337 7.528408441764751
338 8.035605681891681
339 8.48161924908115
340 7.748029914272222
341 5.600807085084477
342 6.6224592829531375
343 5.654988752353372
344 7.81952073465222
345 6.612434984462043
346 6.647248435970987
347 8.413696314220992
348 7.57312592054139
349 5.368109700520824
350 7.388633420341208
351 7.858348371414042
352 6.212243665722409
353 7.686685403422067
354 6.9019531023664795
355 6.838340853658024
356 7.3193027658440455
357 7.723674820174169
358 5.1007792664895435
359 5.210718165905622
360 7.217793694378762
361 5.925409049899205
362 6.681018169071803
363 8.614956523426505
364 5.929352461866258
365 6.403185367886112
366 5.472619186182551
367 5.767508162252026
368 7.0609496459381225
369 6.7938714188604195
370 8.07680190926231
371 7.299965421406169
372 7.696610612900677
373 8.241424457898356
374 6.5995184745240225
375 7.239310692023366
376 5.8304554207545936
377 5.877202428163315
378 6.6644306045376185
379 5.205314118536902
380 7.215128816904517
381 5.339695759616684
382 5.529613629738091
383 5.495921641626032
384 4.742327389801149
385 6.550780906896495
386 5.683596380626277
387 6.7602418665913495
388 6.003604080426507
389 7.178811528221098
390 6.3443357959712285
391 6.319098673516789
392 6.35636380313835
393 5.8770208185527375
394 6.652083659301051
395 7.484065586081631
396 4.2770197434485935
397 5.400353477535614
398 5.305109136334284
399 5.630725834972181
400 6.531372420649568
401 6.022715636468019
402 5.7222022627186115
403 6.359342236937343
404 5.062520329430975
405 5.133744624299742
406 6.140602268078359
407 6.676547414113027
408 5.224939176104096
409 5.670462782680307
410 6.45061567122232
411 5.609874071783908
412 5.5758726955191324
413 5.231932749485136
414 6.333155254485039
415 4.980670899619265
416 7.154225703411021
417 6.4829247350742785
418 7.169355625853438
419 6.5825609012674136
420 5.568708318818639
421 5.358264187261217
422 5.89506161313798
423 5.859748061066489
424 5.24267966389085
425 5.903938098774217
426 5.986548091223782
427 9.56112931745532
428 6.911425220413384
429 5.488084154010933
430 6.6150207952305395
431 5.882480676370043
432 5.74973498916999
433 6.920855433439935
434 6.514933804966737
435 5.421529664120045
436 5.762048096079557
437 5.074395165746674
438 6.6759625966675005
439 6.058973203051069
440 6.323906570562685
441 6.052374256101772
442 3.8358173982009336
443 6.160779967539145
444 7.1963062682089225
445 7.062274815732892
446 3.926258979150173
447 3.6413499259013373
448 3.8950897693089375
449 7.790025312224042
450 3.8972707169818963
451 3.6287186716430004
452 6.679249079442897
453 3.8833516125238443
454 5.711457253164185
455 3.435291658175079
456 2.709884991449278
457 4.226982059600919
458 2.893214986700703
459 3.7008196235265114
460 5.446639984456711
461 7.85822933816471
462 7.19342752808046
463 7.148685224920067
464 8.45191085103509
465 8.41586759611357
466 7.8338464672381525
467 8.32196368674751
468 10.559040311372833
469 8.091360708134557
470 8.657631859483981
471 7.9745485229949145
472 8.546193785493744
473 9.062692258765823
474 9.156169119714624
475 9.138707697905282
476 9.72809507367401
477 6.723102969657898
478 7.263479498756221
479 7.187057441809271
480 8.792816390716474
481 7.242659024289189
482 8.200919147886978
483 7.506361901595191
484 8.688224392568149
485 6.131117543368661
486 10.201843491681725
487 7.6044773565729455
488 7.41653408306001
489 6.80205483476638
490 7.932929316933974
491 7.506131487684356
492 9.181135963170432
493 8.483871816596865
494 8.87483735469079
495 8.459893786562416
496 9.604357800220315
497 7.946572827828486
498 8.859667776475348
499 7.715576666971228
