0 7.2211195958910865
1 9.555976699900976
2 6.922000033975944
3 8.111507678131215
4 7.39308966070675
5 9.426966612828668
6 7.712261513405882
7 8.095042505733707
8 7.395448088433221
9 9.093749780955134
10 8.14325469879151
11 9.8672211079871
12 9.251660621126442
13 8.703966303276674
14 8.239229619695
15 8.375386967352025
16 10.266805469957223
17 8.858395697470867
18 7.966363127620648
19 7.920769845094545
20 8.337641260306667
21 5.961519154151036
22 9.280363243943375
23 7.654793565704817
24 7.815500746067024
25 8.268124559635906
26 8.238440515656666
27 6.70445050332546
28 7.918073839902851
29 5.976594099202344
30 6.100989643312638
31 8.32378067944674
32 7.887392478066367
33 8.013519166412566
34 8.346569362403846
35 7.875427744639689
36 7.282578844979364
37 5.048303344938744
38 7.875249837441309
39 7.975308213228717
40 7.636174344510902
41 8.663785524303782
42 6.913489320943359
43 7.069430436436762
44 7.417882363312147
45 5.759371520229562
46 7.985872355122164
47 6.466103351187418
48 8.296781564512814
49 9.543938683380027
50 9.609199199302974
51 9.05004969702939
52 8.921180147787984
53 7.95236644942669
54 9.991582277834027
55 8.991781529341882
56 9.02645937832433
57 7.163874196590869
58 8.67542631987973
59 6.159997236563734
60 8.56941018678444
61 5.207522996321593
62 7.908142216517251
63 6.7314601855789595
64 10.311052116749504
65 11.919451603905678
66 10.689481755491578
67 11.546222858900052
68 10.872621654776234
69 8.920985738161988
70 8.60890562667105
71 6.8213068807016235
72 8.019316283560697
73 6.4992429100107
74 6.984651383049268
75 7.276320131730986
76 6.992692638067093
77 6.692951011452861
78 8.693880627979164
79 8.239666676301564
80 7.768570758612558
81 5.868074811050537
82 8.942252883076044
83 6.816989903766453
84 6.295769739047129
85 6.651277511154663
86 6.8075131728981955
87 7.1592313552873135
88 7.073464859823422
89 7.480827442627298
90 5.109098366730376
91 8.027202759998886
92 8.922165238506135
93 7.346871547092457
94 8.034444283522937
95 6.749434489932065
96 7.255253994337223
97 8.243675097657045
98 6.579501061991495
99 9.47048678250034
100 10.39587796749897
101 7.265892349084282
102 6.793278630080082
103 7.046178262391631
104 7.358283564821856
105 7.041629804258203
106 7.347084969477417
107 6.5799524279141455
108 7.2636543773092725
109 5.7552089723875275
110 5.506694380590706
111 8.2192514900323
112 6.876863883041214
113 7.865904477710488
114 6.895651934370264
115 10.046322088068234
116 7.898290179068744
117 6.790146426091046
118 7.893690963154932
119 6.724033811083684
120 7.736963507998518
121 7.374459762251273
122 8.071105411188594
123 8.526937476417576
124 5.997195620410647
125 10.536284397972192
126 12.588869379293737
127 10.489206028115133
128 9.733958574597532
129 10.462169371174165
130 10.342964023825312
131 11.218949817324194
132 9.58237872904598
133 10.994045696817004
134 10.97551861920389
135 10.914550471033843
136 11.405384120394734
137 10.287069444401903
138 11.629528950755299
139 11.870957100995156
140 12.65078276336289
141 11.728669214096355
142 10.858357206551869
143 12.47273711829568
144 10.95572955010059
145 8.91160188201059
146 10.06113953483841
147 11.638744874126274
148 10.25006373438524
149 10.340818562308781
150 10.480267383259973
151 10.506972999871207
152 11.847930995777737
153 9.46199298047167
154 10.644473347310402
155 8.827464826840313
156 10.056589015199515
157 9.995175347384663
158 9.814082913646137
159 11.339793660288175
160 12.209428644989577
161 10.481357727755027
162 9.245161131528096
163 9.11079580468669
164 8.620289364436909
165 10.29106740862291
166 6.329150417034277
167 9.755222443527744
168 9.315198062942281
169 10.203008438300008
170 7.755846272589357
171 9.071976911373312
172 8.59032456635129
173 8.726201302447723
174 8.308632284659302
175 7.494834717164024
176 7.223815064716479
177 7.909333274699555
178 7.487065601257403
179 9.655756491204373
180 7.778703930856555
181 7.863826270339002
182 7.046656135274786
183 4.82641800690798
184 9.3711308997306
185 5.8013826820951
186 6.558691546399429
187 7.340812398646845
188 7.928994545585073
189 6.637422735795086
190 8.622532139598444
191 6.730951135970066
192 6.28435973377872
193 7.954303472975678
194 11.243999817304026
195 11.278126696716528
196 12.134730193077543
197 10.260244918919042
198 10.533862642741235
199 11.540253991519695
200 9.306155954466067
201 10.71610671956165
202 9.559273962560747
203 10.286813841343651
204 11.276937078507956
205 12.173125945263054
206 10.844208415770693
207 9.685340822769021
208 11.031522265476644
209 11.92489038642737
210 10.853891542333466
211 10.918638813258443
212 10.473062039510914
213 8.682678279908304
214 10.095331704566133
215 10.032280640584526
216 11.821237239860391
217 11.235712145787168
218 8.993134098177597
219 9.102342695742974
220 10.071354885011962
221 8.601472478530646
222 9.858581034563006
223 8.54925734466068
224 9.755301302757717
225 7.421889028146685
226 9.828585340826193
227 6.259671947177934
228 9.209581364699973
229 8.6659553066537
230 8.520958105271973
231 7.2498886492346335
232 7.350216884294712
233 7.398601494299928
234 8.900599828267366
235 9.350609160228002
236 7.78774591483144
237 9.314870044017077
238 8.341122450188738
239 6.226572914863206
240 7.12821581342874
241 7.579660155224321
242 7.3777427289844075
243 6.936330191759966
244 5.928927924316621
245 6.775788046589823
246 7.6578666013479975
247 6.807277239077013
248 6.036614159216401
249 8.543663369577912
250 6.66909519083641
251 4.7962348676395266
252 5.344914067412478
253 8.106273227385628
254 8.34965180891423
255 8.172474693726421
256 8.64052829699266
257 10.044728428050364
258 5.57721850934398
259 7.875018418028198
260 8.836419673142151
261 6.416031922088013
262 7.395525357904011
263 6.576690687642539
264 6.835215279596871
265 6.984051643197637
266 7.969476677027659
267 7.403229287593045
268 5.852624246346967
269 6.603013748392437
270 7.718962357796368
271 7.88960472195931
272 5.785746565579481
273 6.4694754858339305
274 5.78728408856648
275 9.180817345714807
276 5.638036025959033
277 6.325523033898031
278 7.483876326012911
279 6.777862453505045
280 6.114926071666431
281 5.960490010963834
282 7.952223424874747
283 7.570894813974875
284 5.9042830200315475
285 10.096957387246833
286 9.560190268942089
287 10.612794954148374
288 8.865816811553636
289 8.958016417547666
290 8.769363079925952
291 10.748137652455728
292 10.91930896269137
293 8.354854178584828
294 10.612177154414368
295 8.585064571830745
296 9.707216813655126
297 9.07065861061243
298 8.084186238206607
299 6.2678435763158875
300 6.577065167001989
301 5.825970215612295
302 7.005929127694913
303 6.495581608683142
304 5.999655167824053
305 6.095567635326994
306 8.673046548995691
307 8.325263214350114
308 8.140254563057391
309 8.014054693058746
310 7.919502924235155
311 6.543417613887255
312 6.563951602205666
313 7.213292910877737
314 5.507366626910206
315 5.373968995539052
316 6.877559637061949
317 7.153258388638109
318 6.6705616327786785
319 5.805244892073627
320 6.186224416879005
321 4.201254358314323
322 5.634726099310115
323 6.6752306818553535
324 5.603916134259293
325 3.4162857489079794
326 3.679269827719173
327 3.929350053936414
328 6.593930213116125
329 6.451861618227769
330 8.363078510529911
331 3.802651786542171
332 3.476443163855646
333 5.914129272181417
334 6.59240293448451
335 3.6698142479250864
336 3.55562721157383
337 6.23107920832248
338 3.5971311011316085
339 3.166490598957893
340 3.9876078426930706
341 3.8654725991717656
342 8.17765653809922
343 6.447473187049785
344 8.335744718003552
345 7.1850402321276325
346 6.8938213441667155
347 3.8715370706772108
348 5.46320388517531
349 6.639123548874901
350 6.804569261250979
351 9.65524417080798
352 8.48169438164848
353 8.1019622147326
354 7.513292578582264
355 10.13291924578035
356 8.111695683196759
357 6.5947580417989204
358 9.909325635004656
359 10.955786203919418
360 11.688739997729611
361 11.18322623951838
362 10.60102165768035
363 9.058796967327426
364 7.816821134323834
365 6.871128824229177
366 6.811805877375553
367 7.231216110706642
368 6.904563073538077
369 6.646441024235139
370 6.9259258081654
371 7.465995205424725
372 3.8752405772126863
373 6.954555572244132
374 5.111340610979576
375 6.402875251706154
376 4.929054688525505
377 6.346033072489759
378 4.725662726372911
379 4.090641942619054
380 3.6507194877018994
381 5.311310973128002
382 4.479854966711964
383 5.878950391347212
384 3.9881327277952288
385 3.305439582253039
386 4.223177015798416
387 3.710760235176207
388 4.970206734826607
389 4.274010597798021
390 5.360209384233392
391 7.672004618253266
392 6.248429424387879
393 7.916408736385573
394 6.174415275341571
395 7.593046675040664
396 4.549844830354323
397 5.597403088096804
398 7.102117334713673
399 5.797291924160035
400 7.055404420684773
401 5.789981854108607
402 5.4417422430856135
403 5.905020028639989
404 5.986390127856872
405 6.716775700271716
406 9.39096213354577
407 10.671690702379738
408 8.758392731137254
409 9.29687299544569
410 9.552393017232248
411 9.72177167651635
412 10.117385349303742
413 9.845175580863037
414 9.94459862007539
415 9.151537120349483
416 10.900783026926412
417 11.153670222530904
418 3.6634370697279177
419 6.348759348778894
420 4.996952629543114
421 6.364941168730318
422 5.954493223479388
423 5.872628198194366
424 7.453351965923733
425 6.282192012091123
426 8.292252937632261
427 12.463081025915365
428 10.997654507676431
429 9.89616912357176
430 9.655776439172177
431 6.929719491224953
432 8.232126276227335
433 6.657653078196943
434 8.251189295095209
435 6.467101094814124
436 5.368665027413095
437 8.122340432971617
438 7.429523880142245
439 5.558198717113307
440 6.378716874425852
441 6.399037445302226
442 7.417703099680473
443 3.728388866882695
444 8.380930925215708
445 6.758945222136199
446 6.755641601812631
447 6.628369493868576
448 6.255921224434175
449 6.507178383100929
450 6.597330253158533
451 7.9309430795357665
452 4.429934042967388
453 5.108165650068216
454 7.155098970428214
455 5.8175928387493805
456 7.1114705941261
457 5.060310436942159
458 5.010492635101221
459 6.162886085087617
460 5.9361466993246665
461 5.563743865238735
462 5.669541194677977
463 4.967250595673139
464 4.004224621568034
465 5.629194005298557
466 10.762312899244963
467 11.356723949830702
468 9.071412518928032
469 9.882517526801665
470 9.96559721251522
471 9.543775317379312
472 9.825467904967239
473 9.250125721529088
474 9.353328369096383
475 7.450774504569423
476 12.699275874065284
477 7.501357592831298
478 9.21589933477292
479 8.45549442411681
480 7.751215199385243
481 8.388479174919112
482 10.169552590016306
483 9.447482727115595
484 10.008729330864357
485 10.89767238475855
486 10.059372397229668
487 10.404907642966982
488 8.189099266136873
489 8.012929582553564
490 4.888406434549585
491 5.4071300537896665
492 4.491540633822889
493 6.0129673073079255
494 5.1937095112801055
495 5.587361226315049
496 6.270588597680734
497 5.896626578065524
498 8.297469625736378
499 8.372284455104055
