0 11.233419167365073
1 9.422318112406819
2 8.84051781455156
3 7.618298186262936
4 9.22374175938449
5 10.430231397581938
6 10.776542146337032
7 8.648786491434715
8 8.3247027742737
9 10.057802666391275
10 8.140253109787574
11 7.081451114005068
12 8.522166531190166
13 9.703847309223361
14 11.856385680916363
15 9.589597786131547
16 10.027974495455833
17 8.755208416800501
18 8.005700710510151
19 8.14546468246815
20 7.493438724943856
21 8.94555134432368
22 8.708515161923016
23 7.528811174825819
24 11.156885560663158
25 10.077237848295676
26 9.443128936305744
27 9.005892684946149
28 8.643998870544701
29 7.91184793418492
30 8.053264579518556
31 7.591136708251121
32 9.374444123336604
33 7.545113215670847
34 7.7623157035200405
35 7.910419866098563
36 7.782177078660803
37 7.757660394977773
38 7.525393460925063
39 7.130653327630047
40 7.894108701117005
41 7.83377931423525
42 8.221541517228973
43 8.560834026888292
44 7.990228967164969
45 8.981919520267127
46 8.208842510690427
47 7.469351978842546
48 6.694793767205064
49 6.514078127241808
50 8.173617317180165
51 7.929827787995709
52 7.540868005766188
53 7.622148971310099
54 8.300901802864093
55 8.292585866323122
56 7.582199542559672
57 7.578770653401402
58 7.974605082069811
59 7.215726250753798
60 6.891352368397559
61 7.731218865590434
62 7.913834424234163
63 8.136133380519869
64 8.155826004573079
65 8.490324719160773
66 7.790049685284078
67 8.055452647818983
68 7.625068181421161
69 7.7818798730738505
70 8.119089370558006
71 10.010827922196164
72 7.30013885310411
73 8.228576226515196
74 6.624932019346678
75 7.986799360908956
76 7.142112104420351
77 7.565688740062304
78 6.665241777214934
79 6.731539683069358
80 7.542204765301348
81 7.402470969638322
82 9.280773850152814
83 10.270516724713973
84 9.587543922886512
85 12.262193591362028
86 10.140018110454102
87 9.360185219001366
88 10.353646048741586
89 8.799079010134182
90 9.756918596124093
91 9.80634203693057
92 9.816395376477086
93 10.548771809672742
94 10.736271491243532
95 8.856572907429499
96 8.155026891104379
97 8.018486044209258
98 9.650672949648696
99 9.43965810298061
100 8.613221985313764
101 7.938921391224199
102 10.078748354728734
103 10.71841861671954
104 9.674616977642673
105 10.69541462970853
106 7.9639965197490294
107 10.338579432657802
108 8.225445543450654
109 8.334147165643312
110 8.364258895026143
111 8.66341754448481
112 8.552526264306469
113 7.96908203186377
114 8.333005429130782
115 9.466136753542946
116 8.010171918974883
117 10.171287378344076
118 7.659582388090514
119 8.974038800198215
120 8.166079845602333
121 8.832308757776135
122 9.183754709071746
123 9.208708440405173
124 9.258399110984017
125 10.25538035002764
126 10.405721647193124
127 8.893128861800568
128 9.357115763110992
129 8.131410145242475
130 7.811707562652745
131 8.536724254574791
132 8.032276446648302
133 7.5918164742811465
134 7.979091734326691
135 10.118003210589702
136 8.709090303489978
137 8.809253859626546
138 7.606239272798912
139 7.955046509633184
140 7.6628620906986535
141 8.749378078548824
142 8.01327809381876
143 7.549905636218821
144 9.587663969617607
145 8.90964694491103
146 9.116991439233832
147 10.143367178859922
148 11.905101928225417
149 11.038165753546554
150 10.09906909455277
151 7.436871608133431
152 7.653364269039476
153 10.435797118827688
154 10.27950118417092
155 10.517016452229704
156 8.873138916049735
157 9.06372617960269
158 10.627325640288882
159 9.938498163920901
160 9.638834093892768
161 9.584615859770938
162 8.529552840862385
163 10.66268145094677
164 10.24517702453409
165 10.901420605857176
166 10.219644727648397
167 10.797208731712695
168 10.251301980157107
169 7.946893830142449
170 11.16732865985107
171 10.245514451435474
172 8.340401612488478
173 10.151453872445073
174 9.740091182027218
175 9.438984222211456
176 10.05900103123878
177 10.811974974438764
178 9.148172736482813
179 9.68760845658462
180 8.201304951636985
181 8.320222284679554
182 8.12096805667259
183 9.778145691669524
184 7.730245805931397
185 9.692772107915122
186 9.840058553997512
187 7.650833663377657
188 10.532473757678764
189 10.519092099352314
190 11.155411211317286
191 9.57786404513166
192 11.18298613595445
193 9.266166981929363
194 10.982809502421071
195 13.146426915539864
196 8.867379399899633
197 8.775216300425742
198 9.478090032519953
199 11.024708818215592
200 9.999910981186002
201 11.849216625317128
202 8.459438903806902
203 8.874705002938505
204 7.846476925512217
205 8.733301706370364
206 9.90248367901108
207 9.133767547968667
208 10.105791668747361
209 11.952108536900669
210 9.607180737395234
211 9.819409891317722
212 8.571358228096612
213 6.9229842931400025
214 7.5728742806646085
215 10.16637383391696
216 11.752969675716827
217 11.118340702949613
218 11.168959721710264
219 10.092383207750721
220 8.686486201461733
221 8.085663407247452
222 11.983525244487112
223 7.005283243407791
224 8.895263525531576
225 7.801301394029013
226 9.400284406368907
227 9.218672746923477
228 7.5814688299662745
229 10.473507876244833
230 8.892348312264811
231 7.456823886618773
232 8.44457922441134
233 11.331882802816075
234 11.2288919722676
235 10.274589358348166
236 9.216749059766435
237 10.617893881854059
238 10.052909955015016
239 8.04487637429884
240 8.184886032817168
241 7.40454367603543
242 8.859414845222554
243 8.963515459121124
244 7.878176471464354
245 7.542579653657975
246 8.735814610754689
247 8.125448111129144
248 8.466478435173627
249 8.425533602413948
250 8.217206659172613
251 8.880061867455673
252 7.697840572177102
253 7.489588582995099
254 8.938027597196815
255 7.48660079015585
256 7.934294444475485
257 8.332135344492794
258 9.192334426049438
259 7.917398295096682
260 7.668072694882091
261 8.09108992240811
262 7.220744294408565
263 11.188315868446992
264 7.92019752547118
265 8.155616780884328
266 7.857327120208871
267 8.388075096665668
268 7.370462198459948
269 8.437899659997054
270 8.07957142858957
271 7.711212716216126
272 8.076602167135002
273 7.848468637500505
274 10.712425139179686
275 10.143475578054193
276 6.935260120449652
277 8.371510999150935
278 8.116065767107076
279 7.75513756259709
280 11.057895813221046
281 12.892876562187102
282 11.48900808628185
283 9.14679797109798
284 9.921283872732896
285 8.734419028113821
286 9.015108407426409
287 9.917532828096727
288 10.055692533583299
289 10.221410314537204
290 12.577151116844778
291 11.91978126791509
292 8.618747329858806
293 7.574718359793732
294 8.87876763634778
295 8.11970305473742
296 8.855694602778184
297 8.091643139531659
298 8.52695094667222
299 9.078467403304172
300 8.234045410302475
301 9.49702291677102
302 7.54054814421411
303 6.767631895594357
304 7.945268495372107
305 7.5753477407087635
306 7.534712205275379
307 8.989034109751998
308 8.290171447046678
309 7.129750959693199
310 7.864932284890797
311 9.063812171270314
312 7.8308107899160895
313 8.054892662939576
314 7.286093863604994
315 8.344218196085167
316 9.79015838361214
317 8.430073615994937
318 7.929157594991747
319 8.305398337255369
320 8.011927439846513
321 7.59160545912847
322 6.8317380246727994
323 7.764701939223479
324 7.368515668055115
325 8.744857262900249
326 7.860747133573531
327 8.19199440327697
328 8.327742884600822
329 8.680595665567354
330 7.716552022635382
331 8.588096127448521
332 9.76667812520376
333 8.98176633309141
334 8.047540687354338
335 8.447107715253187
336 8.01910696476113
337 8.094364507898336
338 9.585650426046426
339 9.632394737056606
340 10.096400785133344
341 11.801940763802442
342 11.946997970802672
343 10.83671606975948
344 9.328647549069654
345 7.685001573601643
346 10.849110204348293
347 9.665232236866112
348 10.564436763397774
349 10.523720682337881
350 10.447945028890121
351 11.516190612940306
352 10.471490768528303
353 11.133492622917315
354 9.545542603799468
355 13.3442326636409
356 10.386086893990756
357 10.36757247151715
358 11.199974890408875
359 9.999169472435796
360 9.953279598136218
361 10.657806788310655
362 8.459866419842125
363 6.850436347330919
364 7.8756118227458325
365 7.486369698480199
366 8.090978732928328
367 7.560782572273322
368 7.753526535808532
369 7.788575847962271
370 8.678988810251818
371 10.501839351198987
372 8.39759338309537
373 10.257387682577939
374 9.85348309173435
375 10.477029213588528
376 9.50560929101114
377 9.902619199762334
378 9.922543796707545
379 10.996990331488918
380 9.346475249241218
381 8.865844404549417
382 8.71434346904707
383 7.9645407128324575
384 8.796287128984998
385 8.464760073367136
386 8.031765257276058
387 8.261720774677606
388 8.799052930310786
389 8.040487299098947
390 7.631163920188656
391 7.298971301645689
392 7.9177386990858905
393 7.878497105205556
394 9.037549914293386
395 9.65897784003925
396 9.452463470959238
397 8.512407656036666
398 10.499136682112361
399 9.399119847878488
400 7.457827390366743
401 8.529701028276024
402 9.955961126280032
403 10.604145022722843
404 9.558298103845289
405 8.304671169193178
406 8.255326397176534
407 9.525923736711517
408 9.089427512409225
409 8.412153845040958
410 9.142376470930232
411 9.553052164379817
412 9.158989578809042
413 10.42320264154617
414 10.616548309591808
415 8.390735419825276
416 10.033302344563134
417 9.905860269850612
418 10.094674192525964
419 8.53574917095876
420 8.481830420121357
421 9.227818850446019
422 10.570377952893079
423 8.98414666558616
424 9.940111719580354
425 10.313563464346897
426 9.877747685476415
427 8.45757797172309
428 8.840150867616888
429 10.20750249087649
430 10.243414012412437
431 9.356566511468202
432 11.018351155537069
433 7.8746600809459855
434 8.5452403950737
435 7.819003598532198
436 3.8980777015576917
437 6.990489924854672
438 6.745694368268109
439 6.749052748264284
440 6.2678650720234925
441 7.386195921754582
442 7.977188328292048
443 7.766253611046625
444 7.853122517396422
445 7.6974005485845005
446 9.649126458227512
447 8.703691788672662
448 7.701618694568697
449 8.560972526533131
450 8.498977135797535
451 7.975819096045499
452 7.759916967135778
453 7.895144085550336
454 7.251882133245909
455 7.590227571049294
456 6.969483440163889
457 7.213169579289751
458 6.550361439624878
459 6.773047601095258
460 7.846650356314688
461 7.86741895890432
462 9.767324662504137
463 9.57627553197517
464 7.768052523076346
465 8.667439769484577
466 7.48569097050445
467 7.487569338532379
468 8.782793037360907
469 8.048799094820806
470 7.406502848546474
471 7.29065678898912
472 7.349611074652366
473 8.106165077979696
474 7.755533552166998
475 7.808558930210159
476 8.114696441674884
477 7.902585897229074
478 8.441454663623778
479 11.105172999378834
480 7.979877547065057
481 7.049275137083095
482 6.754895047120083
483 8.539577192502682
484 7.425567008351826
485 7.713900719281537
486 6.337095905278815
487 7.876964711986493
488 8.531255857571399
489 9.241220563626035
490 7.370209055489504
491 8.867747798006356
492 9.66679644590161
493 9.895013999337642
494 8.305107441418642
495 7.4790259921771804
496 7.668111657036336
497 7.833752573641944
498 7.690099805093586
499 8.3211671536422
