0 5.598960567011876
1 6.422981186717344
2 6.239689322302409
3 7.113322689179038
4 5.213251430909341
5 7.848098113584802
6 7.092653120898113
7 6.893847761942499
8 6.259552560877108
9 7.617210046294855
10 6.325331189543997
11 6.0513184972100165
12 6.357859487696732
13 6.075679150742587
14 6.980802570158818
15 6.844444498029072
16 6.768938580999701
17 6.003689718593013
18 6.501411781345394
19 7.550055713918731
20 6.876297120725897
21 5.792152203495599
22 6.815665774789677
23 6.053303929438281
24 5.311739639152839
25 6.669082161936215
26 6.466982033527271
27 7.777511998563372
28 6.823523964498514
29 6.146730195625499
30 6.885940594390161
31 5.701740315549841
32 7.723721442724574
33 5.8863863645165155
34 7.3144077150446565
35 7.074930394948877
36 5.578403745915895
37 6.078665354832149
38 7.502829685099156
39 6.944670240015565
40 5.378378719902781
41 6.760469200004636
42 5.22624529993174
43 6.603871460610651
44 5.961648839501769
45 6.699580012827033
46 6.423870484336562
47 6.885016198247419
48 6.1305719910711485
49 7.74433216922791
50 6.570193327053907
51 7.469036969013066
52 3.383141560242774
53 6.002956993715412
54 6.478969076102564
55 6.960451429469799
56 6.861824030020372
57 6.902064337323262
58 6.123521163726883
59 7.421614587642448
60 7.079607493433648
61 6.732644258590496
62 6.514068659727747
63 6.966098096142505
64 6.651271659951229
65 6.6126686563333825
66 7.106419125984118
67 6.7031957480993425
68 5.621064415431462
69 7.512131544829807
70 6.051506126375915
71 6.278269717016359
72 6.353364908941614
73 6.599212439839049
74 7.171643026957691
75 6.790999136308514
76 5.309189440289783
77 6.275153042056814
78 6.669578182172369
79 6.35617214118997
80 7.053146796089885
81 7.5785857248673265
82 6.661351917968932
83 7.494176449658616
84 3.8972971760342663
85 6.371742154604248
86 6.4256266510828315
87 6.995820498334457
88 7.292148944504656
89 6.332231627624068
90 6.90497973253159
91 7.4091247393565975
92 6.428777107931547
93 6.557090292293225
94 6.378901285854278
95 6.613742815336456
96 6.545166190301012
97 7.509248973849319
98 6.500747837777041
99 6.696612277570585
100 6.183768956718438
101 6.906188501045315
102 5.891882040764768
103 5.841994666007607
104 6.75626518103678
105 5.1208068230393655
106 7.978712972295288
107 6.07055394730815
108 8.396261968782136
109 4.562663084643753
110 5.591083050129187
111 5.897446304654437
112 7.132209880987122
113 6.605037310949471
114 5.813488749926437
115 5.911030902214303
116 5.845812284714128
117 6.271009996961657
118 5.817075544508933
119 6.278933142821064
120 6.807463278486063
121 7.330826912374487
122 5.536268944105868
123 6.904213814653076
124 7.517046707897646
125 4.102403475818722
126 6.922104596305904
127 5.609646321916902
128 5.732625512024769
129 6.547144776857466
130 6.657516536579078
131 7.638337347205098
132 5.579718833187581
133 5.778797320296182
134 6.085724834573132
135 6.370154688232475
136 6.119652039240167
137 6.093173092114608
138 5.30103027762102
139 5.888637825130047
140 7.936353304857317
141 5.944140436305874
142 4.939924763948366
143 4.236127739727715
144 4.335253124447405
145 3.402127643561159
146 4.498025428545276
147 4.014264725740346
148 3.988880791811211
149 4.230858659365073
150 4.18206209162103
151 4.57272376670393
152 4.696008455789094
153 4.667078259727573
154 3.8591124651842725
155 4.987287864533237
156 4.584509553383434
157 4.2466746171843575
158 5.185663656450352
159 4.231539157524152
160 6.307472122678541
161 7.038047625442789
162 7.624191049072563
163 6.764511939955987
164 6.087157609864965
165 7.476664385856888
166 8.804127415205034
167 7.734372265818973
168 7.834360480610777
169 5.781566769136963
170 5.600750018817792
171 6.445363470425868
172 7.506003502474727
173 8.047878856999429
174 6.610295858065786
175 7.933678209360911
176 8.427774584103016
177 7.5158926905530965
178 7.900670414162005
179 7.77043651529438
180 8.725296611721474
181 7.776694222220677
182 7.392538855081463
183 8.849532169549617
184 8.294690635857743
185 8.864582844698347
186 7.027572789699329
187 8.321893000445169
188 7.941849918689739
189 7.798858279944705
190 8.802434658699621
191 8.255599414460345
192 8.491650435456807
193 7.540144961398231
194 7.726673754470737
195 8.275734140563827
196 8.104581174084265
197 7.771804692333872
198 7.974037666636212
199 8.144219660997495
200 7.075522047269072
201 8.263487807175295
202 6.308504552441105
203 7.346204464971768
204 8.02840860430232
205 8.21285032762877
206 8.113278454918879
207 7.822590928781358
208 8.581296357089382
209 8.233508887743827
210 8.753984675896225
211 7.5738004101610645
212 8.214982169165621
213 7.683915207987467
214 7.799122057452455
215 8.879000383734573
216 7.965015015729169
217 8.559066056303566
218 8.511575088594617
219 7.604474849767691
220 5.16148308586075
221 6.964874656837192
222 8.85160203440047
223 7.882591504519935
224 7.672579804634615
225 9.09408402051499
226 7.863558011584066
227 6.560667379816618
228 7.171860171779017
229 7.224283989113688
230 8.3268132634694
231 7.719766470486464
232 6.96297389571134
233 7.810210084018453
234 7.604331078852136
235 6.9297361850371075
236 7.801059092985819
237 8.123308488815267
238 7.141424044031132
239 7.773950804719095
240 6.763065825479105
241 8.711692591904491
242 7.3110953778264
243 7.214220502848157
244 8.027064360287044
245 6.495557617855648
246 8.364147327769079
247 7.462350944231254
248 7.291616804320095
249 6.412080376781137
250 7.901579521074812
251 7.053918074665884
252 7.05324689000391
253 8.21437134482265
254 6.991187759478508
255 7.143443963270831
256 8.280855431618212
257 7.0025537159363465
258 8.395845451279406
259 7.002295957215015
260 6.400159867202389
261 8.457497904355451
262 7.895904824667704
263 7.748163107242877
264 7.337714582220243
265 7.795845688127454
266 6.438808859488094
267 6.571747795380337
268 7.0024695975873925
269 6.793420900125428
270 7.048616842990402
271 7.846976379204856
272 8.758442355667908
273 6.349890648543813
274 7.919579601817006
275 8.423602298024015
276 7.0613731218445075
277 7.523342166218484
278 8.500740326861793
279 8.947366276896341
280 8.445113358479778
281 8.074228164188447
282 8.871083984656963
283 7.153629319966815
284 7.064095391239256
285 8.182141332385283
286 9.316380698569127
287 7.777689391899906
288 7.67101725200507
289 7.5975631231994365
290 7.529908940436134
291 7.9572910966332335
292 7.827963227371614
293 7.074162719722715
294 7.531901158451836
295 7.853441285401727
296 6.954711874013326
297 6.748315358565211
298 7.795869890688877
299 8.195983930782749
300 7.496921541439405
301 7.419309765629925
302 7.404080079857897
303 6.935721000229473
304 7.412229266627589
305 6.854828629351308
306 7.951099082965871
307 7.399498923057429
308 7.100539251886353
309 7.185589804649478
310 7.969147301544044
311 7.739374183101462
312 7.046757155203932
313 7.8507119577381665
314 8.866024936091941
315 7.662107459417282
316 8.527192559868968
317 6.914768220873119
318 7.9312376238869735
319 7.62446191445914
320 7.644528613830709
321 8.035978655365788
322 7.746676844933965
323 8.093582841785818
324 7.755434341084731
325 6.403096622973769
326 7.065747795126292
327 6.839719873501779
328 7.21733297949867
329 6.952425164594871
330 8.413501751311362
331 7.5024981248097
332 8.394631906183129
333 6.567728630099805
334 7.236261958750467
335 8.91857030952421
336 7.281168945163784
337 7.990078591675743
338 6.765058271412871
339 7.574168784803934
340 7.977048535088845
341 6.544272838941046
342 7.183937614467756
343 6.710007852805974
344 7.605404656171377
345 8.649859211145827
346 7.468888580606041
347 6.812515381173662
348 8.018905396138324
349 7.4062981530600585
350 7.312249341331438
351 7.42088875741155
352 8.033893957561464
353 7.968110095305836
354 6.288174365559767
355 7.150325019414032
356 8.285252378114093
357 7.610226937114325
358 6.4851552187333015
359 8.001478990461537
360 6.919203090907623
361 8.413952685268102
362 7.282382333041046
363 7.022132634505904
364 6.809634085632958
365 7.255062158234997
366 7.2870777692031625
367 7.550927855362129
368 6.7919863280835076
369 7.408090594825778
370 8.496592294403309
371 7.266472033868681
372 8.2245149505579
373 7.553062283520181
374 7.1525692580462685
375 7.73011672065622
376 7.554913235786078
377 6.948663136890375
378 7.994844063671752
379 7.493698749213067
380 7.18677243095364
381 7.11348812431504
382 8.648189727670497
383 8.107999741737085
384 6.544660277983211
385 8.220623774787413
386 6.757196304609585
387 7.989522993752036
388 5.986254996691746
389 7.031866497498594
390 6.714467557570511
391 6.994163210818074
392 6.189756010456869
393 8.450556363951714
394 7.966260940831313
395 7.507054802796703
396 8.192220764910287
397 6.743993407896112
398 7.2064030375888875
399 6.192884211419757
400 7.2365930285572295
401 7.324166890779524
402 7.491458043154122
403 7.686916499701172
404 7.79178088767825
405 6.201493238945415
406 3.9179485459149856
407 3.648925821729358
408 4.158986189205813
409 3.781529937881577
410 3.8791972303146274
411 3.4583213473418786
412 3.3908002829330024
413 3.551060983610871
414 4.06330065654493
415 3.631634050560625
416 4.422940602457213
417 5.312868736075992
418 3.6020607770545676
419 3.916802396193211
420 3.7044270951802276
421 3.8853580446778317
422 3.4706973201707165
423 3.883401728381498
424 3.6817781211457947
425 3.7937519273785396
426 3.6320180671146103
427 4.0544268219292725
428 3.7789423937957682
429 3.7679488975785564
430 3.9548178087983197
431 4.298225301306015
432 3.834655211641838
433 3.77616350800953
434 3.796590145403786
435 3.6415822306159544
436 3.863936201061282
437 6.1710237484353705
438 7.231902380738549
439 3.582788987489631
440 3.9678815271811665
441 3.670046067690627
442 3.890244352933778
443 4.071081933211972
444 4.408476183249236
445 3.725365074278686
446 4.14535111535437
447 3.5039241585550194
448 4.025349022496265
449 3.8649612742351684
450 3.9423123144188397
451 6.953603756013041
452 4.16235194145256
453 3.7502302793150166
454 3.6088389016857856
455 3.720062387623622
456 4.080624523635841
457 6.054034906689168
458 3.547058596180834
459 4.085055888634213
460 3.8451911620580037
461 3.648960754100685
462 3.3400434309188562
463 3.5138810050650227
464 3.885499442126287
465 3.8592103047244724
466 4.331006025311391
467 3.446807730203454
468 4.1400773768647605
469 3.56220394136211
470 4.123133899656668
471 3.970755458024423
472 3.7240154481337258
473 4.052842621158864
474 3.386867771709424
475 3.7019312728757865
476 3.6095766751113754
477 4.03160788532556
478 3.450923704467003
479 4.037981552460134
480 3.9630527696897966
481 3.9159170774651564
482 5.1603087306837265
483 3.75860149154896
484 4.595490746261423
485 3.7811408813412077
486 4.136375329021495
487 3.7465487026408457
488 3.9828356155777733
489 3.8570130983585056
490 3.590627410014002
491 3.6902605555120593
492 3.5412338959389094
493 3.973968881993789
494 3.6246231140737493
495 3.7099014442276497
496 6.428084179872403
497 6.539899401593513
498 3.6476380991059116
499 3.5816260687571386
