0 4.322613194167292
1 5.152008696377311
2 3.6676888036798942
3 3.878364601374941
4 4.563155713038082
5 4.775327008147692
6 4.210098923883823
7 3.55163240861052
8 4.225298820049717
9 5.177505438978437
10 4.037268935961678
11 3.6300781122102443
12 4.836457477786726
13 4.948655564634232
14 4.082398865086314
15 3.9042053912434658
16 4.784865267193159
17 4.681528458849151
18 5.417413517713938
19 2.7076709711257005
20 3.925288281319472
21 3.779786113335716
22 4.838344473764002
23 3.7769459564748296
24 4.441695911015999
