0 3.613558033995745
1 3.823786606592806
2 3.950619337473392
3 3.455690078853396
4 3.8540224390565068
5 7.600402476610546
6 4.494434624279527
7 3.545809556194855
8 3.82422207837411
9 4.231601006879327
10 4.175017441824218
11 4.042213273098944
12 3.5014327424149814
13 3.4094415785842327
14 3.585181613413189
15 4.234147128128177
16 3.507754422439583
17 3.4212521123759188
18 3.465270148005195
19 3.727895680022317
20 3.6852692835053533
21 3.57261092534063
22 3.6598231374164314
23 3.7987972388342808
24 3.630796219882989
25 5.023267864188513
26 3.7470997312469456
27 3.532696154693971
28 3.999714610618529
29 3.6293752304312816
30 3.8473722545351983
31 3.3414100391552712
32 3.607444865184969
33 4.358552499489737
34 3.580275227674925
35 3.8695058169971728
36 3.93440325635659
37 3.5890709947929413
38 4.3157469737977605
39 3.9405714959044356
40 4.129554340053791
41 3.573388872419594
42 3.3949179949134964
43 3.996732490459689
44 3.6861013310491786
45 4.031919147673594
46 3.886814721289742
47 3.5005649424106533
48 3.499692021229155
49 4.189336131431447
50 4.135621514409022
51 3.491320476737281
52 3.572066446343061
53 7.614560748995309
54 7.725464493350123
55 5.746415275379291
56 6.446012164165926
57 6.459886971272133
58 6.9379718758256415
59 7.214316894480682
60 8.591248987594101
61 4.442854084026749
62 4.118547592225102
63 3.3755702571029307
64 4.349780579034523
65 3.5460585471850057
66 3.786278688497867
67 3.282414769958015
68 3.726204391739621
69 3.687657048421103
70 3.555605452471808
71 3.9076851398286996
72 3.5478500211238995
73 3.6264976250345144
74 3.453353264099465
75 3.4535835456505355
76 3.752410223392848
77 4.00554998753906
78 3.5887632805581915
79 4.351966042818808
80 3.550650853892988
81 3.667092933623492
82 3.4794444869996406
83 3.351063260928994
84 3.875322105529075
85 4.624475035028942
86 3.8269672074166525
87 3.490820874664348
88 3.529443756568129
89 3.3738980021819778
90 3.501274170586896
91 3.5573160618935087
92 3.784636559621389
93 3.948965523117485
94 4.1402974076291805
95 3.5803157250490214
96 3.469753334429718
97 4.105227103252007
98 3.693936864809133
99 3.393511775345917
100 3.4074147336935994
101 3.444452885769598
102 3.572389115411578
103 4.505116760459293
104 3.442661507300263
105 3.674164042167991
106 3.798861080382291
107 4.827805322106444
108 3.69447656505196
109 3.4854251245630827
110 3.615796717744364
111 4.136636821415542
112 4.161489103423672
113 4.2458833708729005
114 4.30561210446914
115 3.7706772458742215
116 3.515684242502144
117 3.785595889497566
118 3.999534745725969
119 3.5214814773959513
120 3.560786252144608
121 3.4073487490350023
122 3.7549865021889732
123 3.479590182218067
124 3.7211520545863395
125 3.6060435008185703
126 3.461002594913753
127 4.333587472484197
128 3.9233440911425634
129 3.4910586832127852
130 3.5527440285494403
131 3.6456682233305817
132 3.8134849596081124
133 3.536989469082494
134 3.439792625345333
135 3.5717618169627356
136 3.45161924633304
137 4.27585977861517
138 3.5768471255940235
139 4.372337871773692
140 4.001128186549675
141 3.322360176028712
142 3.848947071548236
143 3.471067026975619
144 3.481140455901066
145 3.6831025438394898
146 3.9217059193686516
147 3.481151508445591
148 3.9658202441769355
149 4.231443999029245
150 3.769791511722323
151 3.7136187214924625
152 3.5105136940042496
153 4.025460677269836
154 3.835841127987927
155 3.4804897102421486
156 3.532154553702328
157 3.463905550460767
158 3.7946008846053196
159 4.749465889939628
160 3.561084354102727
161 3.6127363001633452
162 3.294096061212978
163 3.6609963269723926
164 3.800420647869406
165 3.7647197286282283
166 3.8473121365664644
167 4.2201680782380535
168 3.5397076770352776
169 3.605582087968164
170 3.625233352064583
171 3.934163342664708
172 3.7508471701811406
173 3.530198531622691
174 3.8264499271111836
175 5.210105747509108
176 3.3063503264880345
177 4.53943621955748
178 4.450815393283462
179 3.7315098415419787
180 3.7126328610320063
181 3.558110174466035
182 3.7546280387766426
183 3.5209751127064313
184 4.177026668194786
185 3.6282492052619126
186 3.5722750635024187
187 3.9178997252289363
188 3.6885786919561885
189 3.79407123647734
190 3.510500833734648
191 3.373100349142065
192 4.32550621716975
193 4.64243875306921
194 3.8815672898223808
195 3.8164988190063927
196 3.681138875862887
197 4.173288509620898
198 3.737263189931361
199 3.5487846413807853
200 3.9551202097654636
201 3.6418944253857664
202 3.9241773385837604
203 3.7032100896151054
204 3.455443723964599
205 3.9059408685099815
206 3.502928009508833
207 4.444665419475177
208 3.470913654632242
209 3.760850519180782
210 3.763658843597739
211 3.619440114481384
212 3.369849660719605
213 3.914008566751555
214 3.506111691595541
215 3.752779802217949
216 3.5839705480567923
217 3.739455933772272
218 3.8954436885191
219 4.095134488907082
220 3.5893024922928443
221 3.4006089653767337
222 4.128876993925497
223 3.673362990299133
224 3.9953494773470166
225 3.4677927376245683
226 3.556921421613077
227 4.062012022940859
228 3.6780595346287455
229 3.9890209006848414
230 3.4703945237800347
231 3.4781586220177223
232 3.58561998311426
233 3.659330832856324
234 3.442819889957341
235 3.4750599913172127
236 4.049023157860031
237 3.3839028630628434
238 4.096552465096482
239 3.9992478233134676
240 3.4878366096525375
241 3.554835434806035
242 3.9284692286176326
243 3.84508516888266
244 3.4645852543649047
245 3.5623667640779693
246 3.784557381340785
247 3.854700431413602
248 3.714538719237267
249 3.6023761259813183
250 3.4950505670908147
251 3.598372335041316
252 4.147709615252287
253 4.013491230157459
254 4.579425880315639
255 3.6810044457392013
256 3.859865213623195
257 4.033489562273295
258 4.683907640444991
259 3.499884639991936
260 3.9128889323120593
261 3.5062158637821432
262 3.75014477362113
263 3.8045628928262643
264 4.2685196406897505
265 3.502961908076459
266 3.5633995374680385
267 3.541280862205751
268 3.957283908299878
269 3.608872601732669
270 4.018389917491195
271 3.9784206628618874
272 3.4249970800914293
273 3.2976240295300583
274 3.5938840099664855
275 3.443152647578551
276 3.620840350188442
277 3.525117970843813
278 3.7996437614123892
279 4.026863418700953
280 3.5154066218295643
281 3.9925451179105953
282 3.882687012238091
283 3.884138269532938
284 3.6154895745881017
285 3.5853627949199542
286 3.8939035039464316
287 4.299311373595431
288 3.608005485312549
289 4.005189975855582
290 4.738821890989479
291 3.546389483254618
292 3.489649896553906
293 3.715267412248349
294 4.540178235579815
295 3.3599815865023306
296 4.036124485227367
297 4.598209066883858
298 4.225189817741206
299 3.7093788101096337
300 3.8977269765372355
301 3.475548735215775
302 3.6942831756576426
303 5.257832236123684
304 3.5021160738478603
305 3.5237156776522855
306 3.6427228238608302
307 3.3688007064221153
308 4.692509089158211
309 4.476516443057722
310 4.607824147022711
311 3.4469449438396356
312 3.3577501713961704
313 3.7251442705029705
314 3.768612164554186
315 7.8215001957153385
316 8.814818716487412
317 6.127213582662189
318 7.669115784942578
319 7.7147701369884505
320 8.431448912964951
321 7.354359662949519
322 8.256273568440383
323 7.387533379294186
324 7.507224771551991
325 6.911767747149653
326 5.092039970540062
327 4.9661661621221915
328 3.6205790732271628
329 3.6495419331499597
330 4.4902052595560065
331 3.9102520599867803
332 4.062709411603024
333 3.415661894225681
334 3.436076245330357
335 4.2604606879161615
336 3.7255417290114603
337 3.570803484182339
338 3.955328786280157
339 3.7427302968925775
340 3.5377911483976168
341 3.4382725008580706
342 3.649520822790139
343 3.882436777319874
344 3.5002764439217127
345 3.9655319417610753
346 3.489657289532806
347 3.4168194663337137
348 3.531918674038929
349 3.779428674657899
350 3.7486144643866908
351 3.3515460871751417
352 3.4494810808484
353 4.163600383999435
354 3.394824664642169
355 3.5933641708573942
356 3.566330518691761
357 3.6708088832965697
358 3.6039981468762523
359 3.530391192915637
360 3.48876120789344
361 4.250325084503101
362 3.5303890118118657
363 3.908526307865836
364 3.7592972208838598
365 3.3888921868967605
366 3.8045503025648006
367 3.770967703457861
368 4.261209792758013
369 4.310337402463402
370 3.6077914910044426
371 4.810201565207438
372 3.539594892027733
373 4.3959865670658305
374 3.6937871356499445
375 3.8158204663108197
376 3.491937296710269
377 3.9703953727639485
378 3.5082019961441318
379 3.590918013490571
380 4.047513483681609
381 3.687595962432981
382 3.4085588276049794
383 3.6994803678690746
384 3.481947663845518
385 3.491283699359957
386 3.438911138490292
387 3.7636247974563024
388 3.7486002705866945
389 3.478156316573235
390 4.409818085490355
391 3.6158128888940646
392 3.8725342988743883
393 3.4594089253388804
394 4.580513044627495
395 3.9440628946368634
396 3.382417828363253
397 3.7111515027985367
398 3.653339840980218
399 4.553546480726739
400 3.8977049737051583
401 3.866464369068201
402 3.5401031216045635
403 3.6962103946348934
404 3.5852352880343603
405 4.292638217137463
406 5.713433034898776
407 4.261857898881797
408 3.7195983408457494
409 3.4277845426209543
410 3.496175450196428
411 3.5878201679271737
412 3.6214051916652714
413 4.090524275019239
414 3.4425260457727505
415 3.4737990184728544
416 3.4783226965681284
417 3.943120777059374
418 3.670617769466351
419 3.4411835871786263
420 3.9461046119426832
421 3.8417756099195475
422 4.002669759352963
423 3.8124460685490043
424 4.3996006267373104
425 4.357170910866947
426 4.054715339804852
427 3.7947772404595823
428 3.524402023606416
429 3.469792786294056
430 3.6738610521273616
431 4.153649614409806
432 3.358414277144709
433 3.85294533618348
434 3.445138823870563
435 5.72966105230064
436 6.360892524618974
437 7.962414821795799
438 4.507712830716425
439 4.321410265398808
440 7.871348085317756
441 7.5390542015610675
442 8.356476306391862
443 7.924801268153612
444 6.2432576940974185
445 5.646495356262785
446 7.616070715744301
447 8.708285909912508
448 3.6076304823181395
449 3.6299112355812277
450 4.125378957900648
451 3.4829941797866346
452 3.5650973587951276
453 3.598469553859986
454 3.335156361615705
455 3.55812263255813
456 3.5484603554013905
457 3.825771270667547
458 3.6327282427945655
459 3.565149893117826
460 3.934897256145676
461 3.561689321105258
462 4.483366691245751
463 3.4331224382003342
464 3.763778668759821
465 3.5174594293418844
466 3.959078211269791
467 3.5100143604700555
468 3.586566797502982
469 3.881479553228819
470 3.3936712815052856
471 3.8125664690017915
472 4.094002906715264
473 4.208363688544636
474 4.20874176380091
475 7.1438399023001296
476 9.077884423577553
477 8.091456645729682
478 6.216898339318107
479 8.404743306212216
480 4.737549471432414
481 3.4026747311486547
482 3.5640900761597702
483 3.727202205771109
484 3.5210803783430626
485 3.7073398302639644
486 3.8415926472849438
487 4.318686163443938
488 3.6420392858434667
489 3.506251700651194
490 3.6308005504816414
491 3.645503542211795
492 3.658220154343378
493 3.543192090214477
494 3.4575026568736855
495 4.123638631764129
496 3.4137945514568595
497 3.518963265723524
498 3.7622596295830113
499 4.7128374481801885
