0 11.280591453902153
1 11.024958360837372
2 10.095606373826204
3 11.056964630172914
4 12.060866415232077
5 12.840117014441972
6 12.092525815763628
7 11.379943841065378
8 11.926221819473861
9 11.631998521414166
10 10.556477835711707
11 10.037374437927573
12 10.549872661616728
13 11.061303021793286
14 10.899849395360398
15 9.912355238949504
16 10.35938215665548
17 10.26640903286078
18 9.135319837435569
19 9.193304348967894
20 9.142912506826022
21 9.90057751308482
22 10.192898115248399
23 11.960129394565298
24 9.98329222498932
25 10.781494381181734
26 10.494811503475807
27 9.594051267812503
28 11.465937290694837
29 9.677310144775978
30 11.005490508725082
31 9.084461884973463
32 9.85443446396667
33 10.504096325471231
34 10.851721142616297
35 9.467293418852497
36 10.74933759968354
37 9.684020951804373
38 10.293711260011342
39 10.447977844694242
40 9.09053686489134
41 9.56029661926067
42 9.694819168432069
43 10.703577180242782
44 10.784400621279936
45 10.464012005206758
46 10.813269452578824
47 10.985325937664426
48 10.046452128334693
49 11.00789337324175
50 9.422137985029554
51 10.703323314213737
52 8.882666883780832
53 6.72513149113255
54 7.865835403702753
55 5.446642747841477
56 4.831806468587338
57 3.823625413036558
58 4.471595738330781
59 4.747219163249852
60 5.818220910409312
61 4.231451597416781
62 5.531174986738579
63 8.989331348779961
64 7.122257198570458
65 9.844519303881482
66 7.234119235456977
67 7.7361742903960895
68 9.66295401025779
69 6.091729737842507
70 5.082088312397299
71 4.189285835710403
72 7.318059027836367
73 4.754657876209088
74 6.014895991385696
75 5.421108635284921
76 4.658835555099907
77 4.7163443789864
78 4.584044554363819
79 4.4027884084552795
80 5.874224285109191
81 6.109730738424011
82 6.6096157886605065
83 4.418409095153735
84 8.187256619446217
85 7.292434449988569
86 8.695757799334908
87 8.611987333035712
88 6.940843798810331
89 7.49954112715449
90 4.992809968521804
91 8.94247913751753
92 7.218722933087089
93 7.6715357642226865
94 8.53784784346722
95 7.432492049633692
96 8.158109634384727
97 7.440313539595014
98 8.93461101276802
99 7.963028641595597
100 8.21044065746579
101 8.050108744032272
102 8.057304578990983
103 8.41168306273921
104 8.096236087903579
105 7.63517809489635
106 6.973013257061668
107 7.000213933905026
108 8.91814776230406
109 7.753563320842367
110 9.058786281446421
111 7.856527436984472
112 7.757440693664503
113 6.043791694497551
114 8.638260033221943
115 7.886188129383205
116 8.024611441052603
117 8.317161602304811
118 6.9554952325037505
119 8.003364458540707
120 6.231053907948749
121 6.438311474457538
122 7.958763523671126
123 8.863971035684068
124 7.427600582371195
125 6.880945350686167
126 7.700884226181288
127 7.960164095685256
128 5.8837743604241615
129 8.106028631334432
130 6.842133460652105
131 7.662884452736851
132 6.246590905194093
133 5.998151724817969
134 6.928333531942563
135 8.693015289083172
136 7.776217485868065
137 6.4476052722386035
138 4.997877750564263
139 4.598531139949685
140 4.532939961108397
141 5.673631617233236
142 4.5377943977940225
143 5.2734740138825735
144 4.385726256671695
145 4.5804252643747585
146 4.381959383166278
147 4.315410434871246
148 4.472557199907524
149 4.31777135046025
150 4.221473219075429
151 4.415865283416838
152 4.5142430381171454
153 4.866420624882039
154 4.952387458943871
155 4.562077527870272
156 4.528453243950798
157 4.785215851048751
158 4.636437112424926
159 6.253028008037298
160 4.833422820384201
161 4.628353311586594
162 4.326867497544796
163 4.077625076595102
164 7.267863684706433
165 4.305565923266099
166 4.883666941584561
167 6.507967497587674
168 7.8137890423426475
169 6.093590528899691
170 6.40413326547655
171 6.690492714271828
172 7.996569972960001
173 6.59271687590369
174 6.378211875220831
175 8.125833003275678
176 6.346919222892293
177 4.125384317837571
178 4.554752541545208
179 4.466635564763172
180 4.588401343376809
181 4.3533219118581385
182 4.255796545696426
183 4.323072354426805
184 4.468497655812546
185 4.352639121564723
186 4.528947006641976
187 4.543930851368514
188 4.397899644845775
189 4.708936507323507
190 6.618500363710486
191 4.367578766578263
192 4.850825709609143
193 5.6589903664174965
194 6.493575657370764
195 9.28027168463894
196 5.706336972329806
197 6.251680993676517
198 4.330535503565009
199 5.211160751716244
200 4.520467829893623
201 4.358017054728686
202 4.605604180298812
203 4.4009499277209505
204 4.473905743646103
205 4.680237001143961
206 5.207982835230036
207 4.341569812523202
208 4.246754480710448
209 4.346105304900316
210 4.655815178570906
211 6.261663321512475
212 4.456442358716478
213 4.123631711413958
214 5.77438348248238
215 4.471318614890346
216 4.365524282365312
217 4.625342643766371
218 4.397051439962235
219 4.7467399148157465
220 4.421014502269855
221 4.1970962032728965
222 4.6413947870173855
223 4.620583998421239
224 4.171890797030929
225 4.582581530873343
226 4.09890137518977
227 3.9407013292562714
228 4.387564012309212
229 4.282751851782081
230 4.452014209990478
231 4.324460759418137
232 4.2682299301341065
233 4.162474696385088
234 4.543253843270145
235 4.425380504648488
236 3.961813419699107
237 4.389541567402535
238 4.455052664123005
239 4.785045105345105
240 4.36876793083055
241 4.481223461897221
242 4.120673580811414
243 4.433330469762484
244 4.783191189353502
245 4.365582941723664
246 4.569109558805884
247 4.7058026416950876
248 4.372253155399513
249 4.05483129185614
250 4.381839276806463
251 4.1916333547036455
252 4.499276916806611
253 4.517643977121713
254 4.476884897682542
255 4.271764898317095
256 4.6183807803692964
257 4.090374626505006
258 4.39722471295153
259 4.486581357618239
260 3.893003251533997
261 4.03762351411517
262 4.136667334381561
263 4.28401811712545
264 4.478644039994436
265 4.427495611483715
266 4.287785157809156
267 4.0397080153755285
268 4.36735294351817
269 4.331495734902452
270 4.580942923610788
271 4.620053866230958
272 4.397891460467998
273 4.33536690231288
274 3.8008834227576314
275 4.383684481421558
276 4.3804480166616715
277 4.096623240669247
278 4.192847870552205
279 4.490899732442019
280 4.129712312699767
281 4.242860961777124
282 3.93217954357103
283 4.212451838748808
284 4.162406169388145
285 5.311767955774177
286 4.238937383943787
287 4.162498388692695
288 4.83682021612124
289 4.457462534683872
290 4.768097004394713
291 4.440546400690518
292 4.639090534344574
293 4.2869308485279
294 4.306442529002283
295 4.258954538477989
296 5.027830996140724
297 4.583972436347001
298 4.576092767396054
299 4.513199737090408
300 4.532724288098795
301 4.564655057036234
302 4.603884871702085
303 4.306599772689457
304 4.454471435030686
305 4.268452105330234
306 4.424991193697034
307 4.456330641592204
308 4.584820005472884
309 4.647369299414486
310 4.733263705566783
311 4.366161308939154
312 5.1006330315692905
313 4.159413954534959
314 4.312176028818726
315 4.630068937738103
316 4.360936307149146
317 4.1415474295705765
318 4.290649837462325
319 4.840992762156286
320 5.255538158728316
321 4.236361369088307
322 4.530811610006269
323 4.277697194192857
324 7.416950986018486
325 4.565233024756482
326 3.959254182063773
327 4.560356541713965
328 4.326364332847787
329 4.630915758764023
330 4.754377815685801
331 4.17461814416445
332 3.969601028518003
333 4.343883349378425
334 4.318616504889748
335 4.418902420853784
336 4.499532461138892
337 4.259989653444756
338 3.772576680433874
339 4.320818030482751
340 4.445558255911726
341 4.5242554599372236
342 4.116322438751986
343 4.241530726303165
344 4.519601570755188
345 4.205323809746299
346 4.252044608281758
347 4.3743828083920695
348 4.408825543917002
349 4.593130317674393
350 4.085941854441897
351 4.358050349937795
352 4.253824117056812
353 4.3967391972210015
354 4.382188651044608
355 4.601622542338756
356 5.428212294715932
357 4.927208037182506
358 4.294481660192245
359 4.511534006301924
360 4.133727932922907
361 4.427808636879732
362 4.146931751496902
363 4.298259550486945
364 4.973847221068603
365 4.462306372063772
366 6.281679912982825
367 4.362887529362613
368 4.4658260335511635
369 4.5032567905993295
370 4.218070903125061
371 4.818795529253122
372 4.217254278431939
373 4.254272982598497
374 4.398354553256524
375 4.083833507073225
376 4.369629923428405
377 5.489414565430834
378 4.180143164528371
379 4.450427331394201
380 4.319261773257303
381 4.422570284013338
382 4.355847131807551
383 4.718388225001713
384 4.330085506259983
385 4.960821768464592
386 4.329236747444649
387 4.643254815478361
388 4.586063699124731
389 4.126266793701861
390 4.470032747195393
391 4.833438545410702
392 4.529379101230383
393 5.20351806342321
394 4.157936453412846
395 4.200081319034127
396 4.285252521323236
397 4.7841309475218035
398 4.3382021740933805
399 3.979761307313514
400 5.060411874371765
401 6.26598887800457
402 4.388928811115119
403 4.3595973774671055
404 4.264508507801198
405 4.278395669919407
406 4.36198893388062
407 4.35405944098082
408 5.18241383449706
409 4.435549501503685
410 4.747585031047677
411 4.823914940135449
412 5.7228179188399535
413 6.23963798453553
414 5.9453891756011945
415 4.3721039599792
416 4.275679698440518
417 5.055484479074161
418 4.327116898692893
419 4.646096850700629
420 4.875097131909457
421 4.5080932315498625
422 5.158958941469528
423 5.951505681145991
424 5.145793831625052
425 4.7208171249148645
426 4.38868258636556
427 4.4783292624068025
428 4.641102816456147
429 4.290658464698039
430 4.554936307561072
431 4.492769750442258
432 5.296045020328481
433 4.4488437332918975
434 4.346975848926913
435 5.122008237149961
436 4.31549812297362
437 4.509119690142464
438 4.258697628500593
439 4.464545679937371
440 4.6693212200016285
441 4.456511523100896
442 4.430320744119077
443 4.652438900584564
444 4.397648213213348
445 4.409273600584463
446 5.498027550269507
447 4.200574444359333
448 4.389375488638708
449 4.488811969225118
450 4.330419340266623
451 5.1194634059865605
452 4.311748110557289
453 4.38406690433163
454 4.434606679712428
455 4.233582697701171
456 4.662436838717777
457 4.527193791290518
458 4.219896172367953
459 4.2983118292359555
460 4.491585709196462
461 4.576744548697629
462 4.4843957994308195
463 4.381719887194083
464 5.620865700263492
465 4.389842053814159
466 4.338850882119317
467 4.418833650136599
468 4.654377473017591
469 4.283882645949908
470 4.381415942997671
471 4.286655783596171
472 4.326233842183408
473 4.386775631239437
474 4.405010300243505
475 4.499871124812915
476 4.576389316907269
477 4.355534005485553
478 4.529697409806429
479 4.486694857868555
480 4.358911923544562
481 4.3747825896734716
482 4.207621547729364
483 4.493955556996656
484 4.186897513111743
485 4.061971982510183
486 4.665012176959088
487 3.857261133192808
488 4.428787916477097
489 4.206480694954949
490 4.709379399167304
491 4.198471630065181
492 4.368425710734798
493 4.271779663388118
494 4.261001537552621
495 4.434552874336501
496 4.525133133187513
497 4.37954710188502
498 4.78229825045701
499 4.2903466436023665
