#Frame    total[bond] total[angle]   total[dih] total[vdw14] total[elec14]   total[vdw]  total[elec] total[total]
       1     280.1594     810.0947    1188.2446     323.9921     4974.0318    -651.5781   -7395.5966    -470.6521
       2     306.5341     811.3416    1203.4720     302.0794     4997.5693    -653.0208   -7322.0059    -354.0303
       3     290.3151     793.6604    1204.2681     316.7203     5029.3912    -669.0397   -7257.5578    -292.2425
       4     268.7314     757.4692    1201.1485     316.8533     5016.2106    -640.0127   -7342.6526    -422.2523
       5     269.0201     797.6461    1188.9955     318.7886     4987.4523    -647.8538   -7309.1814    -395.1325
       6     269.7436     784.8518    1189.9382     334.8028     5014.7232    -657.6679   -7306.6481    -370.2565
       7     286.9949     797.7226    1219.2445     320.3297     5040.7117    -654.2996   -7266.1511    -255.4473
       8     284.7744     787.3267    1196.9538     316.3146     4990.5420    -648.7079   -7306.6767    -379.4731
       9     273.3852     785.5782    1195.6019     333.1965     5002.1665    -626.4155   -7219.8702    -256.3574
      10     285.7447     772.2510    1201.9373     320.0168     5019.5716    -651.6146   -7356.2000    -408.2933
      11     275.0832     798.1792    1202.8748     311.6149     5036.2310    -650.2123   -7346.0622    -372.2913
      12     272.2423     753.1472    1175.1846     340.7450     4990.5172    -666.5064   -7255.5315    -390.2015
      13     280.5696     769.4543    1189.9803     325.6534     5014.9121    -661.2709   -7309.9081    -390.6093
      14     271.5291     805.6666    1185.9400     313.9646     5001.1574    -660.3208   -7099.0062    -181.0694
      15     256.2779     807.8972    1210.7203     326.7756     5019.6425    -628.4250   -7215.4380    -222.5496
      16     276.0182     775.2348    1189.6987     329.7732     5041.4514    -649.5364   -7100.9219    -138.2820
      17     308.7911     775.9584    1204.6702     325.9492     4988.3654    -660.6355   -7146.3870    -203.2881
      18     305.0441     766.8639    1193.3698     319.8132     5016.1792    -649.2519   -7160.2081    -208.1898
      19     270.7235     758.4523    1206.2409     329.9061     5033.3712    -672.3803   -7167.4973    -241.1836
      20     280.2768     772.4205    1184.4211     324.1947     5007.2734    -641.4245   -7192.5266    -265.3646
      21     286.6278     789.6387    1202.8180     309.2296     5008.4255    -653.0610   -7265.2467    -321.5681
      22     290.4160     742.8739    1195.8670     324.2623     5001.3800    -662.2148   -7156.3405    -263.7562
      23     293.5105     764.6064    1196.8457     320.9840     4991.0690    -650.7237   -7158.5938    -242.3019
      24     272.2457     754.6318    1198.9444     327.2660     5051.9653    -646.6135   -7303.1840    -344.7443
      25     287.1824     785.9770    1187.2463     319.4876     4997.2544    -644.4303   -7175.5191    -242.8017
      26     309.2710     772.6628    1201.8660     326.5368     4980.8501    -665.8330   -7170.7555    -245.4019
      27     310.1623     793.9765    1211.8587     312.4116     5067.8257    -660.2932   -7372.2197    -336.2781
      28     285.6666     803.4311    1218.4609     316.1098     5018.3045    -657.9444   -7352.3256    -368.2971
      29     288.2785     766.6644    1222.2074     324.0062     5052.3581    -650.9254   -7296.8840    -294.2947
      30     290.8901     773.0916    1194.7308     321.5520     5028.1997    -652.4438   -7287.8530    -331.8326
      31     268.0206     753.4575    1213.0603     331.2333     5035.9684    -657.9832   -7290.3551    -346.5980
      32     292.1008     800.4791    1217.5457     311.7907     5053.0839    -651.6743   -7251.3687    -228.0427
      33     277.7209     778.2611    1191.2359     314.3143     4999.5617    -657.9602   -7321.1050    -417.9713
      34     299.7300     748.0909    1225.8970     319.8614     5029.5729    -660.0224   -7256.9615    -293.8317
      35     297.0363     785.9663    1200.8747     322.3200     5022.2783    -645.5721   -7314.9008    -331.9972
      36     301.1757     808.1586    1192.3567     320.1915     5023.2270    -663.5875   -7366.9448    -385.4228
      37     265.1219     807.7058    1213.2327     326.7426     5054.8062    -649.1586   -7285.0795    -266.6288
      38     307.1154     743.0457    1201.7487     317.8297     5010.3273    -647.5546   -7312.1897    -379.6774
      39     266.9633     818.1303    1200.5260     317.6598     5047.0988    -631.6518   -7281.0549    -262.3284
      40     295.3343     783.4417    1217.4611     313.7571     5043.7257    -636.9923   -7299.3404    -282.6128
      41     309.3185     783.7271    1230.3751     320.5515     5004.2475    -656.0652   -7217.4599    -225.3053
      42     268.5739     802.7825    1192.8300     318.5835     5031.4062    -636.1199   -7329.0653    -351.0089
      43     286.6093     780.7040    1202.7919     322.1490     5022.0538    -664.6361   -7263.0029    -313.3310
      44     279.9913     800.4619    1209.9513     333.4698     5053.8518    -644.1690   -7236.5343    -202.9773
      45     276.7899     825.1857    1189.9891     334.7358     4991.5918    -630.0147   -7248.7986    -260.5210
      46     281.4031     765.6973    1180.4884     329.9232     5009.0344    -646.1605   -7210.1361    -289.7502
      47     299.9040     784.5947    1191.3274     320.3149     5017.7601    -655.6187   -7204.7803    -246.4979
      48     267.1673     774.0815    1213.0154     323.3591     5018.0582    -645.4305   -7173.7152    -223.4643
      49     276.3738     831.9836    1178.1409     322.2135     5026.5932    -631.9965   -7264.1319    -260.8232
      50     293.7067     804.9236    1179.9715     315.7077     4985.5803    -641.8492   -7151.4454    -213.4048
      51     309.0621     786.9531    1212.1514     322.0428     5033.4645    -651.5995   -7210.0753    -198.0009
      52     272.0753     763.8296    1201.6494     337.8974     5040.1667    -641.5603   -7236.3833    -262.3253
      53     290.7450     774.3180    1199.2036     314.2275     4983.0503    -646.6696   -7184.4667    -269.5918
      54     291.5558     770.8402    1221.9562     311.7331     4988.6581    -660.2615   -7293.3052    -368.8233
      55     263.8027     810.4766    1211.6265     326.4161     5001.3638    -648.1362   -7392.4936    -426.9442
      56     271.9344     795.7214    1214.8132     313.3275     4997.6266    -649.8775   -7382.0410    -438.4954
      57     296.7705     779.9816    1227.5653     320.6045     5021.0964    -652.8219   -7427.8816    -434.6852
      58     271.4218     788.2604    1200.3164     329.9596     5027.0705    -667.1268   -7327.2621    -377.3603
      59     272.7199     811.5855    1199.9897     326.8459     5021.7155    -670.1405   -7213.9069    -251.1910
      60     275.3644     740.8106    1227.8731     329.8652     5063.8267    -672.0763   -7228.7770    -263.1133
      61     285.8319     761.6827    1197.8117     342.2530     5073.3159    -654.2750   -7294.3580    -287.7378
      62     276.9611     760.8370    1207.7700     330.4516     4998.5886    -646.6506   -7308.6566    -380.6989
      63     276.8486     773.7535    1198.1863     317.0815     4993.9410    -654.1349   -7267.4364    -361.7606
      64     284.7253     768.4896    1199.8499     312.5398     4999.5638    -664.3490   -7196.0630    -295.2437
      65     298.1237     761.6869    1204.9365     320.8126     4990.6257    -656.4508   -7202.5359    -282.8013
      66     289.8821     779.1943    1203.1879     318.7879     5010.1258    -645.0865   -7290.5107    -334.4193
      67     257.7400     776.6420    1209.9210     334.5048     5013.4216    -662.3575   -7384.3970    -454.5252
      68     292.3556     780.1760    1194.5707     318.3959     5029.3140    -659.7453   -7252.4864    -297.4195
      69     288.4455     761.6672    1200.2768     318.7682     5019.5240    -652.9262   -7305.8327    -370.0771
      70     300.8866     814.6736    1194.3017     305.5408     5008.2606    -648.0082   -7290.5482    -314.8932
      71     288.8515     811.6166    1227.5999     323.3574     5051.8285    -653.3613   -7389.3107    -339.4183
      72     272.6687     798.9690    1197.3331     309.6416     5018.3691    -646.2744   -7418.3555    -467.6484
      73     292.1536     791.5910    1213.7723     315.4154     5068.2850    -650.2479   -7408.8931    -377.9237
      74     274.8751     780.7484    1218.6986     324.1935     5099.9091    -646.4976   -7409.4673    -357.5402
      75     271.3932     800.6807    1200.1108     313.8860     5057.0417    -656.0487   -7437.4662    -450.4026
      76     283.1837     746.8366    1211.1219     320.8225     5029.9528    -649.9753   -7436.2852    -494.3429
      77     286.5698     778.2381    1200.6012     315.3068     5015.7488    -647.1509   -7327.8266    -378.5127
      78     312.1717     796.2487    1218.0342     318.9467     5002.0770    -653.1321   -7314.5003    -320.1541
      79     273.4328     778.1993    1207.8595     328.3716     5007.7904    -629.8708   -7296.1640    -330.3810
      80     286.9803     772.4081    1213.5711     325.4942     5017.6435    -659.7676   -7360.0356    -403.7061
      81     269.3957     759.9732    1193.5904     323.1802     4997.6662    -659.8049   -7193.4680    -309.4672
      82     271.2949     795.2456    1193.8005     326.7043     4986.9690    -631.9260   -7244.9613    -302.8731
      83     263.7220     745.5901    1199.4265     329.4908     5010.7688    -642.7543   -7253.2147    -346.9709
      84     261.3678     760.0494    1213.8798     315.3336     5001.5035    -660.9146   -7278.9723    -387.7528
      85     284.7834     853.5605    1202.9450     313.3909     4969.4873    -633.0536   -7305.3386    -314.2252
      86     285.5774     798.1288    1198.7632     327.9709     4980.6234    -647.2358   -7260.5212    -316.6933
      87     290.2776     772.7774    1175.4163     321.6627     5030.7379    -665.9175   -7452.1100    -527.1556
      88     274.2757     789.1606    1207.2035     319.7122     4981.5276    -642.2988   -7250.6575    -321.0768
      89     279.5232     803.6259    1203.6213     321.5687     5022.9848    -643.4640   -7394.5494    -406.6895
      90     294.3221     765.1961    1204.2985     328.8905     5039.0816    -657.5059   -7394.1670    -419.8841
      91     305.0109     814.2436    1181.0579     322.1483     4969.9042    -657.1064   -7284.8686    -349.6102
      92     263.3048     803.7880    1195.7472     315.1313     5029.6148    -651.4609   -7343.9760    -387.8507
      93     281.8885     776.8729    1206.0481     318.1238     5009.2403    -636.9807   -7379.4212    -424.2282
      94     274.8199     804.4944    1169.9159     319.2179     5015.3923    -661.1542   -7274.1791    -351.4930
      95     284.8008     775.5706    1170.4168     334.9476     5005.6777    -644.6043   -7375.6823    -448.8731
      96     272.8914     750.2645    1193.7106     330.7150     5025.4174    -658.4851   -7402.0159    -487.5020
      97     277.4049     792.9008    1200.6661     316.0292     5005.0619    -652.8480   -7354.1006    -414.8858
      98     311.1650     777.0103    1179.5919     322.3461     4972.0538    -669.4176   -7331.9733    -439.2238
      99     301.0106     774.8789    1219.1797     328.6714     5000.2892    -648.4011   -7382.2357    -406.6071
     100     287.1931     764.9243    1167.8473     321.1455     5038.6699    -650.7035   -7354.7060    -425.6293
     101     282.2540     760.2439    1223.5058     309.3882     4994.2884    -657.9713   -7417.1679    -505.4589
     102     290.1321     760.8041    1202.5080     319.5183     5024.6820    -651.4941   -7431.0880    -484.9377
     103     303.4007     774.1134    1190.0226     310.5814     5059.9874    -655.4943   -7416.3458    -433.7346
     104     280.5959     745.6370    1207.7247     329.8640     5054.1607    -643.9383   -7433.9350    -459.8910
     105     299.2261     754.4897    1208.8533     317.9997     5007.0991    -665.6868   -7449.3068    -527.3258
     106     260.5217     793.8138    1203.0741     331.0354     5057.1417    -662.4769   -7517.0558    -533.9460
     107     294.1061     752.6613    1198.0180     309.6287     5024.9831    -665.8774   -7279.7514    -366.2314
     108     304.0907     786.5337    1206.9938     312.4819     5016.9153    -649.5995   -7341.0950    -363.6791
     109     275.2066     759.4234    1207.6648     324.0565     5017.4844    -661.7375   -7322.9360    -400.8378
     110     301.0763     794.7430    1197.7385     325.0365     5005.6633    -662.6422   -7481.9796    -520.3643
     111     290.8373     784.6933    1208.9746     318.0180     5035.7980    -654.9013   -7361.2399    -377.8199
     112     296.7222     779.7501    1189.6547     323.3353     5048.1025    -652.0705   -7367.6680    -382.1737
     113     274.8554     769.2874    1197.5360     316.0870     5035.7323    -648.2742   -7398.9121    -453.6881
     114     288.8976     743.0156    1199.4011     317.1420     5026.6224    -652.2915   -7395.4239    -472.6367
     115     277.5477     800.2320    1215.4928     313.0802     5011.9985    -657.5007   -7375.4705    -414.6199
     116     307.1917     783.1459    1221.2894     335.2650     5037.5090    -638.1115   -7499.0328    -452.7433
     117     267.2072     769.9743    1218.4813     309.4478     5047.0093    -674.5538   -7482.5346    -544.9685
     118     271.7200     762.2020    1203.5773     311.0203     5038.7045    -663.3112   -7444.8033    -520.8904
     119     296.1331     784.6442    1188.4939     324.1933     5021.3947    -656.2170   -7406.9570    -448.3149
     120     277.3373     780.8772    1212.6188     325.3848     5026.2101    -672.1448   -7399.4306    -449.1472
     121     298.4073     757.7398    1198.9811     327.9206     5078.6622    -651.0828   -7445.4945    -434.8664
     122     293.6603     792.4930    1205.5051     327.6464     5054.2555    -644.7278   -7493.3495    -464.5170
     123     285.6390     778.9442    1220.5796     330.9269     5075.8298    -655.7648   -7400.2522    -364.0976
     124     288.7719     729.2873    1216.6585     317.3231     5057.1415    -647.0532   -7502.8007    -540.6714
     125     281.7832     772.6708    1205.0980     335.3213     5031.6131    -643.1644   -7430.6213    -447.2994
     126     299.5083     798.0566    1190.4322     306.0924     5027.4091    -646.3253   -7128.6896    -153.5164
     127     267.0524     770.3117    1209.9936     329.1473     5074.0466    -640.9166   -7279.5403    -269.9053
     128     283.7102     792.0946    1185.8329     321.8682     5003.8149    -641.1829   -7233.1287    -286.9906
     129     308.3060     781.1739    1227.9140     310.5289     5014.1445    -669.4450   -7256.9605    -284.3381
     130     306.6777     787.9824    1203.9016     313.2830     4986.3471    -640.9857   -7282.0968    -324.8907
     131     269.4571     767.0553    1217.0721     319.2917     5028.8072    -651.8612   -7321.7740    -371.9518
     132     286.5169     774.4256    1179.9070     323.1620     5026.9078    -661.8477   -7215.3939    -286.3224
     133     286.8745     729.5758    1190.5097     312.4473     4990.8903    -655.6392   -7290.9181    -436.2596
     134     306.4160     794.8321    1204.2598     322.7099     5017.4094    -649.3901   -7276.5237    -280.2866
     135     304.2069     760.8631    1192.8305     330.2230     4966.3891    -641.7921   -7130.7023    -217.9816
     136     298.3278     781.8073    1185.9577     308.5245     4911.3563    -664.1289   -7078.9410    -257.0963
     137     273.8632     780.1248    1187.6554     317.5555     4925.9985    -651.9862   -7132.4244    -299.2131
     138     283.2388     770.0849    1179.4622     319.4627     4936.7496    -646.6810   -7112.9023    -270.5851
     139     299.2852     770.5894    1183.4338     314.4229     4937.4142    -662.6660   -7186.6190    -344.1397
     140     291.1012     789.2632    1198.9007     325.9993     4936.3830    -657.3961   -7148.6952    -264.4440
     141     309.1083     762.2325    1155.9983     309.4206     4945.5382    -652.1970   -7132.1000    -301.9991
     142     302.5910     747.7775    1188.2979     312.4640     4932.5041    -651.1414   -7300.9815    -468.4884
     143     304.2677     762.1026    1180.1415     315.3198     4958.6016    -643.5655   -7138.2641    -261.3964
     144     285.2207     771.4150    1185.8181     317.7086     4930.9863    -644.1456   -7106.8041    -259.8008
     145     309.6338     757.1150    1200.9720     323.4310     4900.4953    -651.4232   -7119.8215    -279.5977
     146     287.5829     788.5304    1195.6002     320.5053     4921.7173    -652.7842   -7159.4930    -298.3411
     147     292.1766     822.6173    1181.0899     305.4055     4957.9999    -647.7045   -7187.0243    -275.4396
     148     287.0031     791.0042    1194.1424     328.6354     4948.0487    -648.5793   -7123.7408    -223.4862
     149     265.7278     775.6789    1200.0087     320.1389     4944.9208    -656.0466   -7153.5079    -303.0795
     150     263.9714     785.2479    1188.1529     315.3867     4956.2259    -662.3302   -7202.6372    -355.9825
     151     317.4892     760.7751    1203.9427     317.4607     4939.7056    -653.9693   -7304.1917    -418.7878
     152     313.3013     762.2240    1213.4113     303.5016     4916.2713    -636.6193   -7207.6533    -335.5630
     153     284.4809     785.5791    1198.4776     301.8284     4947.2387    -656.2940   -7223.2513    -361.9406
     154     277.1847     744.2951    1190.2604     325.8126     4988.4078    -646.1184   -7187.1432    -307.3009
     155     275.6573     777.0157    1199.1356     325.9392     4962.7944    -659.6532   -7272.6988    -391.8097
     156     266.9353     814.8530    1203.4334     331.3300     4995.4115    -661.1290   -7343.7406    -392.9064
     157     302.7536     778.5735    1182.6291     325.1283     4970.1553    -647.3130   -7341.1198    -429.1931
     158     284.6178     760.7066    1192.5276     325.1038     5001.0883    -658.5614   -7390.5303    -485.0476
     159     262.0420     807.8853    1190.0198     326.8321     5024.6577    -649.1200   -7285.2562    -322.9394
     160     318.8085     816.7974    1181.2515     303.5589     4958.2436    -659.5887   -7268.4513    -349.3801
     161     279.6218     765.6768    1207.9678     330.1772     5028.8158    -647.3765   -7355.0460    -390.1631
     162     300.0947     762.3539    1202.4453     309.0376     4978.4660    -650.6408   -7322.7615    -421.0047
     163     283.3408     817.0945    1193.9803     316.5461     4992.8017    -654.0718   -7245.3369    -295.6451
     164     276.2264     768.3313    1203.5739     320.6365     4996.5216    -659.3465   -7269.5653    -363.6222
     165     289.6650     782.7708    1220.5458     321.2290     5006.4871    -660.9101   -7319.0123    -359.2246
     166     277.7861     765.0263    1184.2754     305.0869     4987.2278    -657.3218   -7264.5266    -402.4458
     167     310.8434     799.6934    1197.6547     315.3896     4990.9639    -652.1317   -7318.4745    -356.0610
     168     304.4661     775.3391    1200.9617     306.3536     5002.8962    -649.2497   -7282.8353    -342.0683
     169     266.1047     773.7413    1211.1548     320.7563     4996.5027    -638.5296   -7315.4270    -385.6968
     170     286.2099     761.8551    1215.4383     329.1462     5007.6628    -656.4986   -7160.2034    -216.3897
     171     264.9897     810.4245    1235.0563     319.2712     4961.9400    -647.3799   -7258.8669    -314.5651
     172     256.8754     777.3451    1188.9106     335.3319     5008.7398    -653.8450   -7202.1730    -288.8152
     173     290.8651     768.5873    1217.6909     326.9401     5005.0352    -661.3772   -7201.4183    -253.6769
     174     295.8294     771.3606    1214.3574     313.0542     4966.5693    -659.3056   -7087.7201    -185.8549
     175     285.1372     786.7560    1200.2844     305.3450     4974.7393    -648.8124   -7158.2877    -254.8382
     176     277.9260     760.6833    1193.4228     320.1921     4984.6557    -656.6548   -7187.2261    -307.0009
     177     280.3890     772.1534    1194.6949     311.1443     5003.6087    -658.2295   -7260.1031    -356.3423
     178     296.0582     753.2720    1202.2495     305.7574     4958.7116    -653.5833   -7249.5595    -387.0942
     179     282.3000     800.6650    1178.1329     332.7460     4961.8266    -650.1599   -7213.8040    -308.2935
     180     276.2799     788.7480    1209.9442     326.5961     4985.0726    -645.3265   -7229.3907    -288.0764
     181     294.0865     788.9798    1212.1609     313.9528     4976.0266    -654.9532   -7252.4939    -322.2406
     182     289.6065     796.1401    1190.4813     333.1769     4995.4909    -671.3243   -7274.5724    -341.0011
     183     287.2689     789.9902    1202.9323     322.5759     4954.1719    -645.2688   -7139.8424    -228.1720
     184     281.1524     759.1891    1184.3676     324.8499     4976.6247    -652.7316   -7055.1032    -181.6511
     185     261.9994     784.5884    1172.7129     316.2467     4997.7670    -659.8034   -7179.3247    -305.8137
     186     284.6688     776.5215    1191.5050     319.7546     4970.8909    -647.9302   -7099.9822    -204.5715
     187     272.8269     814.2291    1191.7274     319.4528     4929.7576    -652.0856   -7042.3311    -166.4229
     188     277.4545     817.4973    1187.6796     324.1975     4975.2805    -660.7847   -7064.7269    -143.4023
     189     313.9827     777.7576    1173.9031     315.3830     4958.4200    -663.8406   -7079.2455    -203.6398
     190     273.2109     808.6351    1196.5586     323.2402     4976.1454    -656.2902   -7152.5307    -231.0306
     191     272.8366     766.0038    1219.8584     323.0696     4991.1204    -663.2729   -7185.7192    -276.1034
     192     301.7013     807.7838    1179.5189     320.9728     4981.0364    -663.2018   -7153.3683    -225.5570
     193     284.9788     761.0036    1193.4100     325.3622     5012.0485    -648.9971   -7225.8937    -298.0877
     194     274.4999     802.1201    1192.0396     313.6517     4964.4438    -636.2657   -7158.7104    -248.2210
     195     272.6076     775.7864    1197.7003     317.1884     4967.1919    -639.8248   -7132.4422    -241.7924
     196     297.4800     798.1121    1194.8959     330.9887     4962.3229    -673.7763   -7224.8244    -314.8011
     197     287.1423     798.2366    1196.5134     329.6251     4966.2015    -660.7557   -7249.4064    -332.4433
     198     290.8001     741.3138    1202.0563     325.4163     4996.5671    -644.9871   -7219.6759    -308.5094
     199     271.1540     749.1056    1209.0905     327.5451     5051.4150    -654.1122   -7342.8533    -388.6552
     200     298.2595     757.3335    1215.2360     324.4845     5014.6814    -671.5577   -7367.4578    -429.0207
     201     271.4674     757.9845    1190.0986     321.6320     5026.8110    -654.3519   -7418.0311    -504.3896
     202     299.0787     786.0725    1201.1846     314.9765     4969.6392    -632.5383   -7301.9005    -363.4873
     203     291.0975     769.9752    1215.0712     327.0083     4998.4575    -653.6634   -7351.2729    -403.3265
     204     253.0243     786.8760    1217.4388     330.8660     5033.6441    -669.5396   -7402.5647    -450.2551
     205     277.0007     801.2627    1219.3419     320.2308     5004.1207    -655.4762   -7402.4430    -435.9623
     206     280.8828     819.7628    1196.8057     339.9403     4989.7238    -627.1513   -7297.7753    -297.8113
     207     284.3044     773.3351    1201.1148     332.1561     5026.6713    -668.0155   -7394.8503    -445.2840
     208     266.7997     811.4659    1232.6119     322.5590     5028.8907    -639.7610   -7334.6715    -312.1052
     209     274.3622     785.9970    1209.0292     312.5850     5030.1580    -667.4482   -7248.5491    -303.8658
     210     284.5189     794.9136    1207.3406     310.7990     5029.0432    -650.6762   -7322.4142    -346.4752
     211     304.8197     779.8166    1201.6893     334.2841     5016.6595    -652.1928   -7365.8246    -380.7482
     212     270.4427     798.0926    1200.3727     327.5177     5037.8917    -666.4602   -7322.5900    -354.7329
     213     282.0663     769.4665    1209.3391     307.3331     4998.5056    -651.4020   -7231.7894    -316.4809
     214     288.6467     768.0474    1207.2589     318.7015     5040.6659    -656.5619   -7207.9289    -241.1705
     215     298.9485     762.7282    1183.8145     311.7631     5019.5092    -663.3804   -7281.4710    -368.0879
     216     305.6649     772.9725    1211.3970     305.3872     5027.7243    -650.2180   -7351.5851    -378.6572
     217     283.7640     737.3311    1208.3282     317.6087     5066.4562    -628.5234   -7475.8406    -490.8758
     218     281.4981     766.6537    1194.3204     328.2281     5054.8366    -644.3534   -7390.2704    -409.0869
     219     287.0167     744.0858    1197.1437     314.3046     5052.5857    -662.2362   -7430.8729    -497.9727
     220     266.8262     783.2987    1195.4353     329.1565     5020.9661    -656.2657   -7419.2241    -479.8069
     221     286.6738     753.9986    1203.5697     320.5681     5037.3001    -632.4804   -7362.3553    -392.7254
     222     278.0525     767.4243    1205.4885     326.3164     5054.8363    -661.2375   -7420.9149    -450.0342
     223     324.8127     790.0396    1212.2844     327.7372     5010.6751    -653.3009   -7466.4497    -454.2016
     224     292.9394     751.3742    1210.5584     321.2450     5005.2747    -643.3562   -7506.3323    -568.2966
     225     280.1361     779.4075    1177.6338     330.9135     5037.0150    -634.9342   -7508.7789    -538.6072
     226     295.8724     733.0703    1195.8598     319.6656     5018.7686    -629.9593   -7383.1985    -449.9211
     227     277.1383     784.6361    1206.5658     325.0814     5040.5599    -638.9079   -7372.5694    -377.4957
     228     284.9371     770.0408    1204.8636     310.0383     5040.1101    -651.3647   -7443.5335    -484.9084
     229     274.8107     753.8249    1234.9100     323.8266     5050.5557    -662.7129   -7322.2176    -347.0026
     230     289.4419     758.0452    1213.3668     330.2276     5041.5863    -664.7223   -7413.9203    -445.9749
     231     269.0577     744.3087    1187.4178     328.1936     5057.3631    -664.4038   -7422.6030    -500.6659
     232     293.1342     717.9752    1208.7574     322.6594     5057.2751    -651.5733   -7200.8440    -252.6158
     233     276.9505     797.1395    1221.4536     313.1925     5008.7765    -649.1401   -7421.9059    -453.5333
     234     293.3384     817.7927    1189.6369     331.6474     5062.0045    -648.2649   -7491.6672    -445.5121
     235     290.7732     787.0745    1217.3632     321.0703     5015.2320    -648.1714   -7392.8298    -409.4879
     236     263.9375     763.9797    1217.5566     321.8801     5068.0297    -632.9188   -7373.9240    -371.4592
     237     292.5213     796.7068    1191.0857     318.0632     5066.6265    -659.9425   -7443.4805    -438.4194
     238     297.3933     765.0396    1203.1717     316.6654     5027.9410    -638.7389   -7404.0760    -432.6039
     239     286.0216     805.1592    1203.5869     311.2733     5031.8828    -651.8362   -7427.8328    -441.7452
     240     267.3121     777.2807    1209.0379     317.1629     5031.5436    -627.3969   -7424.4040    -449.4639
     241     284.8420     746.7325    1216.1341     325.6601     5062.0932    -654.9515   -7486.7947    -506.2843
     242     281.9831     764.5449    1187.1948     331.5279     5063.7045    -656.8852   -7444.9479    -472.8780
     243     298.6894     766.4482    1220.9283     322.4171     5041.7781    -675.7496   -7408.9701    -434.4587
     244     267.3980     800.8851    1224.6343     325.5539     5048.8603    -666.8349   -7538.1476    -537.6510
     245     292.9241     803.4436    1199.2469     309.0959     5041.9950    -636.4411   -7535.8669    -525.6025
     246     265.8261     802.6197    1212.7904     330.4490     5043.5906    -649.9249   -7481.2493    -475.8983
     247     285.5808     792.1802    1195.7652     319.9283     5012.6740    -648.8298   -7312.3947    -355.0960
     248     291.7636     817.6234    1215.2806     322.9324     5033.1298    -653.8700   -7413.8919    -387.0321
     249     270.8017     768.3075    1217.4363     324.6137     5041.6537    -664.5717   -7396.5974    -438.3561
     250     284.1354     818.3060    1205.5793     319.0022     5017.0281    -646.4062   -7380.3857    -382.7411
     251     284.9953     768.2869    1197.7731     311.9102     5030.9457    -656.1670   -7408.0676    -470.3235
     252     280.5487     801.2193    1196.6521     320.5263     5040.5844    -662.5996   -7419.5081    -442.5768
     253     265.7433     741.7304    1201.2646     312.0385     5044.9041    -664.0032   -7420.1984    -518.5206
     254     321.4818     795.9882    1214.1611     322.6965     5017.2360    -645.5049   -7313.6901    -287.6314
     255     278.3812     793.0555    1194.7154     336.0215     5051.4490    -647.0861   -7415.2365    -408.7001
     256     299.0714     794.8883    1222.9292     315.5908     5050.7195    -661.3597   -7311.7212    -289.8818
     257     283.6194     759.9323    1197.9036     326.0497     5056.9195    -661.6709   -7431.5814    -468.8280
     258     272.6102     799.1291    1215.3723     317.7125     5083.6804    -654.7699   -7466.4223    -432.6878
     259     294.6292     754.7719    1200.3440     309.1633     5054.8955    -657.3991   -7336.6205    -380.2156
     260     258.9844     761.2149    1201.3357     330.8998     5057.3484    -645.6223   -7443.1693    -479.0084
     261     274.7256     797.0212    1206.8271     315.8747     5062.5498    -656.9407   -7458.9442    -458.8865
     262     316.8954     789.6439    1227.8615     327.1313     5051.6249    -646.3805   -7388.7738    -321.9972
     263     296.5191     768.9772    1199.3812     322.1113     5073.1117    -635.1634   -7394.3913    -369.4541
     264     295.4600     802.0977    1204.3592     312.1172     5058.4944    -643.7970   -7385.4006    -356.6691
     265     275.8054     761.0286    1203.4113     330.7865     5060.6370    -644.8214   -7316.4231    -329.5758
     266     298.2224     795.3010    1199.3066     325.0748     5050.6239    -649.8318   -7326.0569    -307.3601
     267     284.1298     781.5185    1189.4835     311.7257     5035.3812    -652.8215   -7334.9649    -385.5476
     268     308.0032     790.5494    1174.1723     307.5461     5011.0605    -662.5375   -7287.9815    -359.1875
     269     293.2122     801.9152    1205.0923     318.5689     5007.3303    -653.8882   -7254.4393    -282.2086
     270     269.4321     770.5411    1217.9840     331.1712     5061.8889    -657.0726   -7315.5399    -321.5951
     271     290.0106     769.4957    1205.8968     324.8510     5015.5287    -665.2185   -7296.1056    -355.5413
     272     283.5292     805.1634    1207.0433     318.1998     5060.8582    -651.6966   -7282.4681    -259.3708
     273     297.2283     779.1097    1201.9409     324.7754     5066.8290    -651.5604   -7248.3662    -230.0433
     274     303.2721     780.4920    1208.5766     327.9138     5055.6488    -649.5201   -7311.1532    -284.7700
     275     282.7637     811.4939    1201.0897     327.8006     5029.9512    -674.5141   -7267.5045    -288.9195
     276     290.0066     790.7660    1189.4423     315.3034     5044.1914    -672.8937   -7294.0260    -337.2099
     277     319.5145     778.9003    1208.4363     314.4053     5010.6083    -641.7890   -7428.2764    -438.2006
     278     275.8968     808.3366    1189.6952     329.8624     5028.8265    -665.0610   -7314.9775    -347.4209
     279     275.0002     753.2286    1178.5116     320.7940     5002.6974    -637.0043   -7420.4086    -527.1812
     280     287.3244     775.4393    1196.3625     315.3707     4985.7939    -647.7315   -7316.1388    -403.5794
     281     293.9848     752.6146    1198.2688     313.0801     5021.9047    -638.5335   -7271.7705    -330.4509
     282     310.4851     759.4852    1208.8039     316.3514     5003.2229    -632.8912   -7304.7197    -339.2624
     283     308.2930     756.4423    1179.2518     322.4596     5005.0900    -647.0865   -7257.6305    -333.1803
     284     282.9375     769.2847    1189.5781     329.2199     5009.0622    -634.3707   -7375.9249    -430.2133
     285     304.2672     802.9736    1217.4154     316.3550     4993.0875    -647.9952   -7337.7925    -351.6890
     286     269.4543     795.2621    1188.7699     330.6036     5037.0886    -658.9349   -7305.8191    -343.5757
     287     309.3879     801.7042    1193.3752     320.7449     4971.6847    -645.0845   -7289.8346    -338.0222
     288     272.4375     788.7136    1202.3126     324.4775     5040.7147    -649.4714   -7405.2758    -426.0913
     289     254.8835     775.6580    1202.5139     314.5041     5038.0174    -652.2304   -7280.7058    -347.3593
     290     279.8388     775.4297    1195.7596     317.8396     5038.5741    -649.5582   -7376.9098    -419.0260
     291     282.2353     806.2386    1202.5579     327.8676     5014.6156    -661.5335   -7285.0087    -313.0273
     292     306.5982     792.0581    1208.7965     316.0627     4989.6680    -658.2769   -7315.5901    -360.6834
     293     285.9881     793.9903    1194.1115     309.9680     4966.1591    -644.5590   -7138.1135    -232.4555
     294     272.0116     817.8160    1191.4194     324.9932     5025.0628    -652.7603   -7322.7039    -344.1613
     295     298.7815     775.6154    1211.4337     321.5099     5037.9110    -654.8670   -7333.1161    -342.7315
     296     286.4612     808.4528    1198.9870     305.7017     5022.3119    -639.2769   -7382.6785    -400.0408
     297     301.3775     766.4249    1185.1283     318.0936     4999.2403    -668.7153   -7301.5280    -399.9786
     298     289.8070     755.6828    1206.1211     327.7169     4982.7430    -614.9622   -7367.9672    -420.8585
     299     281.3741     765.8709    1204.9459     333.2057     5040.8294    -647.9021   -7507.1979    -528.8740
     300     275.7184     781.9354    1204.3352     327.2835     5014.3953    -643.8633   -7399.0593    -439.2547
     301     276.5400     764.5465    1208.0687     324.0855     5016.0490    -671.4202   -7483.8873    -566.0178
     302     270.4588     771.1755    1214.0538     315.6301     5003.8575    -650.8484   -7340.7730    -416.4457
     303     274.7605     811.1852    1205.9429     327.5932     5006.0061    -663.4419   -7475.1659    -513.1198
     304     298.3244     787.7369    1207.7607     317.4400     4981.9217    -660.8853   -7316.1737    -383.8754
     305     284.1079     785.9603    1194.4336     322.5504     5014.9854    -649.5773   -7301.9360    -349.4756
     306     303.3139     803.3920    1195.5638     330.9758     4990.7835    -658.1015   -7207.4721    -241.5446
     307     267.7753     757.1503    1178.5508     326.8951     4987.1440    -651.0122   -7195.2824    -328.7792
     308     296.6535     811.4970    1182.6814     323.7438     4989.1915    -664.2571   -7369.1092    -429.5990
     309     285.0228     782.5390    1206.4120     320.3746     4997.3762    -656.2706   -7290.1956    -354.7414
     310     302.4185     773.8534    1212.9199     307.5373     5042.3120    -661.4091   -7338.9793    -361.3472
     311     256.7022     799.3885    1191.0334     318.5260     5037.9160    -642.1821   -7307.6056    -346.2215
     312     295.5389     789.4777    1200.5352     316.8280     4994.8206    -651.0198   -7255.3102    -309.1296
     313     279.3064     824.4095    1201.9376     320.9122     5023.4658    -658.1434   -7329.6886    -337.8005
     314     268.9554     802.4358    1204.2999     325.5302     4997.6710    -643.0407   -7275.0721    -319.2205
     315     329.8863     756.4458    1186.5163     322.7300     4952.8810    -641.1333   -7158.0396    -250.7135
     316     299.2002     764.9487    1179.7602     331.6419     4997.9734    -632.5025   -7281.4760    -340.4541
     317     263.8660     783.0726    1196.9302     322.1643     5007.4855    -638.2899   -7269.0480    -333.8193
     318     280.1239     774.8397    1189.0566     331.5244     4995.7786    -676.3351   -7230.3969    -335.4089
     319     295.8515     784.8844    1190.9601     310.4350     5000.0766    -650.8442   -7291.5787    -360.2152
     320     310.2713     809.0299    1201.9290     305.2577     4966.2372    -655.1967   -7121.1646    -183.6363
     321     291.5321     818.6564    1201.7934     311.3590     4986.6985    -645.8756   -7209.5256    -245.3618
     322     285.8725     808.4566    1186.5278     339.0103     4980.9282    -667.5163   -7259.5683    -326.2893
     323     264.8334     768.4298    1176.0595     322.0832     5018.6424    -658.2526   -7212.7865    -320.9908
     324     287.7244     780.6446    1205.7329     328.4326     4984.8424    -666.6049   -7228.3418    -307.5698
     325     271.5164     774.5275    1192.0395     319.9680     5011.9285    -644.2028   -7297.5068    -371.7296
     326     288.3638     783.8022    1218.5015     323.0261     5014.1095    -645.0859   -7322.4235    -339.7063
     327     267.1093     809.6060    1186.7780     322.8199     5017.5792    -652.3072   -7298.8837    -347.2985
     328     329.3597     754.2048    1220.9079     306.3131     4971.9188    -647.0699   -7183.9577    -248.3232
     329     271.2269     754.1054    1190.0187     316.1148     5024.7967    -654.3492   -7301.3172    -399.4038
     330     252.8641     731.8196    1224.7746     310.7406     5029.9341    -660.0798   -7272.1840    -382.1307
     331     285.3480     775.8598    1202.1894     321.9243     5060.0154    -665.8718   -7315.8510    -336.3859
     332     266.4346     771.7752    1219.2683     321.5886     5081.4725    -656.0297   -7295.7622    -291.2527
     333     271.9919     749.7030    1185.6623     325.0542     5060.1126    -650.5038   -7282.1976    -340.1774
     334     294.1000     765.9109    1205.0824     315.8402     5027.4643    -645.2932   -7243.4247    -280.3203
     335     255.4797     746.6633    1180.2591     320.6870     5005.5338    -660.0078   -7275.4292    -426.8142
     336     283.0017     791.7803    1204.6155     315.0838     4962.6394    -649.2596   -7225.1839    -317.3229
     337     283.1793     804.7617    1185.2090     319.3749     4992.7225    -659.3365   -7231.9190    -306.0082
     338     277.1029     769.7639    1208.7635     321.8520     4986.6299    -657.6603   -7298.1647    -391.7129
     339     275.5777     755.5900    1204.9572     321.1153     5029.8713    -662.4320   -7274.7428    -350.0633
     340     310.2863     774.8321    1185.0278     316.8407     5027.8716    -656.5914   -7329.6553    -371.3883
     341     295.0214     814.0544    1229.3406     338.8762     5026.1229    -673.3626   -7268.0647    -238.0117
     342     303.1358     759.2343    1189.2960     323.5292     5023.2157    -636.6789   -7277.2791    -315.5471
     343     275.6863     797.6497    1204.5200     340.3559     4971.5900    -654.1761   -7230.7139    -295.0882
     344     262.1402     767.1732    1200.5577     321.4121     4991.7575    -634.6910   -7246.8065    -338.4568
     345     286.5333     779.6923    1196.4285     317.1149     4983.5205    -664.2726   -7146.3358    -247.3189
     346     290.3234     741.0459    1182.9491     325.5361     5006.4771    -645.3425   -7194.4108    -293.4216
     347     276.3967     805.7013    1195.9337     323.2380     5003.8574    -660.1658   -7298.1242    -353.1629
     348     283.2880     759.7261    1178.9945     325.7480     4953.2731    -669.4429   -7179.9207    -348.3338
     349     310.6169     789.2860    1195.7283     326.9927     5001.0745    -645.9633   -7211.1922    -233.4571
     350     297.0031     795.3672    1202.5310     323.9076     5008.4378    -661.1112   -7244.3504    -278.2149
     351     294.9416     799.3142    1202.5064     329.2943     5046.7943    -655.9269   -7319.9886    -303.0646
     352     281.6721     799.2995    1196.9025     313.0666     5001.8816    -647.3748   -7184.3276    -238.8803
     353     270.5468     810.4429    1221.2426     320.8638     5021.8094    -652.2860   -7220.5872    -227.9677
     354     299.0273     793.1512    1178.8192     318.2119     4986.9891    -637.7606   -7302.1936    -363.7555
     355     277.5695     773.4580    1196.5199     327.3722     5005.5432    -652.1529   -7323.5530    -395.2430
     356     295.1674     800.3859    1195.1662     309.6927     4967.8188    -646.1253   -7118.5158    -196.4101
     357     311.1390     844.4978    1213.5664     322.0830     4968.1202    -653.6790   -7077.4152     -71.6878
     358     258.2710     749.9333    1181.4624     319.9659     5050.8294    -641.7485   -7140.5407    -221.8272
     359     288.2928     776.8542    1210.8947     320.5467     5002.0712    -645.1973   -7176.8461    -223.3837
     360     315.2504     807.7955    1215.1493     326.6348     5022.0794    -637.9501   -7281.6596    -232.7003
     361     257.4797     794.9697    1199.6951     313.4533     5056.8395    -642.4113   -7175.1823    -195.1562
     362     295.7011     739.6758    1191.3316     318.1775     5022.9249    -652.7169   -7164.0461    -248.9521
     363     281.6778     749.7831    1187.3426     334.4319     5009.6175    -644.8745   -7160.7657    -242.7873
     364     296.1507     753.1540    1201.7171     331.2279     4982.7410    -653.9530   -7116.3718    -205.3340
     365     283.2251     751.1218    1177.9733     330.0752     5018.6317    -636.9848   -7045.0332    -120.9910
     366     289.6317     801.4620    1185.4811     322.1514     4992.2969    -659.1338   -7131.2183    -199.3288
     367     264.0281     800.7818    1206.1323     317.7206     5032.1987    -649.2557   -7188.6824    -217.0766
     368     294.7793     773.6970    1212.8777     319.3100     4988.0120    -636.5571   -7150.6964    -198.5775
     369     327.8317     803.6650    1230.0524     316.4485     5003.3678    -632.6505   -7224.4527    -175.7376
     370     312.7213     745.8421    1195.8958     316.8576     4978.8653    -635.1129   -7155.5568    -240.4875
     371     265.8484     786.1235    1179.5397     341.8877     4989.5359    -650.6927   -7205.3562    -293.1136
     372     264.5198     779.6171    1187.1683     336.2669     5011.3697    -655.4944   -7098.4592    -175.0120
     373     280.2595     749.0237    1200.5508     331.6223     4974.7914    -649.8553   -7206.9576    -320.5653
     374     274.6279     751.1631    1199.2573     326.9736     4994.2957    -635.9720   -7143.8664    -233.5207
     375     291.9914     800.2392    1185.9687     318.5558     4980.6084    -645.5004   -7176.6164    -244.7533
     376     293.0385     802.4942    1189.6422     306.7277     4974.0967    -631.7306   -7014.5579     -80.2892
     377     267.4216     825.7924    1190.3375     306.8755     4978.1732    -630.1000   -7111.1307    -172.6304
     378     289.6048     782.5783    1182.4099     317.8373     4991.1870    -646.1994   -7172.4359    -255.0180
     379     299.7621     765.9973    1203.5555     322.5295     4999.7578    -650.6314   -7131.6765    -190.7057
     380     266.3851     833.6377    1204.1130     332.4251     5017.2121    -654.8345   -7167.7074    -168.7688
     381     296.1627     817.8508    1179.9404     314.2867     4972.3790    -626.8592   -7156.2738    -202.5132
     382     275.0170     789.1418    1197.2192     328.3606     5005.4320    -659.3499   -7121.6178    -185.7971
     383     278.5660     792.8530    1186.4634     321.8966     4969.2372    -658.4069   -7111.3825    -220.7733
     384     293.0419     767.6854    1191.7631     317.7585     4982.2468    -639.2430   -7106.8304    -193.5777
     385     302.0072     752.0971    1195.4305     311.0540     5011.9789    -667.6125   -7156.4459    -251.4907
     386     297.1784     786.0677    1181.5273     332.0945     5004.9533    -630.4752   -7215.6510    -244.3051
     387     286.8789     762.1014    1198.4331     323.4595     5008.7500    -641.0615   -7211.3857    -272.8243
     388     303.2582     778.0424    1200.8911     322.1105     4976.8545    -643.9454   -7258.9025    -321.6914
     389     263.2420     782.4650    1207.9985     323.4030     4993.0377    -663.9841   -7206.5225    -300.3604
     390     315.0236     756.9886    1193.6270     317.3312     4995.7194    -638.6213   -7229.6218    -289.5533
     391     269.4828     808.8131    1182.2807     328.3511     5014.8904    -653.6406   -7234.3221    -284.1446
     392     289.3857     774.5110    1198.3296     320.3416     5008.8815    -676.4460   -7230.0176    -315.0142
     393     268.0706     772.1823    1202.9244     326.1717     5007.0462    -662.2089   -7320.8906    -406.7043
     394     288.5376     781.4528    1192.8371     314.2182     4985.0542    -658.0029   -7263.2333    -359.1363
     395     276.2751     804.0028    1187.0380     319.3050     4983.0917    -652.3512   -7245.2785    -327.9170
     396     306.0049     801.2070    1192.3537     316.9206     4988.3536    -634.2827   -7287.7644    -317.2073
     397     263.8137     779.9985    1185.8383     318.5771     4991.3637    -644.2200   -7234.5682    -339.1969
     398     297.5834     753.1823    1201.4875     309.7375     4987.2538    -642.5791   -7308.7503    -402.0850
     399     286.6230     830.8371    1196.1326     320.3307     5044.1917    -650.7690   -7288.5532    -261.2071
     400     281.7291     781.4051    1204.9380     307.1685     4989.4647    -633.5715   -7262.8954    -331.7615
     401     284.6265     786.6472    1192.9978     320.5532     5022.1498    -644.2491   -7249.2456    -286.5202
     402     283.9369     795.3742    1199.3834     328.6665     4974.1130    -659.5734   -7120.7745    -198.8740
     403     294.8232     808.6723    1205.1690     311.5543     4980.2998    -649.2227   -7174.6891    -223.3932
     404     271.9545     792.5547    1187.7183     319.4571     5000.7508    -635.8114   -7204.5141    -267.8901
     405     290.7338     749.9671    1200.3682     324.5883     4988.0669    -640.1210   -7237.2060    -323.6027
     406     297.5542     792.7624    1207.0326     320.4156     4993.0910    -659.1743   -7183.3163    -231.6346
     407     289.5761     803.6109    1190.7265     318.8572     5025.9950    -663.3138   -7269.4904    -304.0386
     408     312.0585     775.2660    1181.3731     317.9670     4960.3351    -666.0084   -7203.6348    -322.6435
     409     275.3488     766.2689    1205.0301     319.7879     5002.1293    -659.9566   -7203.1905    -294.5820
     410     303.6697     764.5116    1208.3734     316.4603     4982.3991    -639.8160   -7232.0664    -296.4683
     411     292.4420     798.6965    1182.4944     318.4428     4948.7968    -660.0987   -7174.9111    -294.1372
     412     284.5305     775.2481    1178.3649     329.4066     5016.3380    -632.4222   -7334.1322    -382.6664
     413     272.6337     783.8001    1191.0089     333.4782     4989.6446    -640.6601   -7241.1012    -311.1957
     414     291.4929     750.3503    1208.4909     335.3894     4952.4840    -650.9437   -7173.2560    -285.9922
     415     286.2780     803.5390    1214.0843     323.5902     4964.2192    -655.0778   -7229.6249    -292.9921
     416     299.4351     775.3084    1184.7797     312.1082     4972.8506    -664.8980   -7210.9839    -331.3999
     417     294.8945     811.6486    1203.4313     319.8084     4955.2038    -647.6269   -7271.4875    -334.1278
     418     299.5911     778.8261    1191.1543     323.7213     5020.1821    -662.3218   -7327.7944    -376.6412
     419     282.0085     720.0927    1208.0999     331.5932     5019.0069    -644.6915   -7322.1436    -406.0340
     420     271.8175     811.1401    1200.0011     309.1923     4949.5062    -657.0340   -7212.9605    -328.3374
     421     283.5605     745.7153    1184.2552     324.5905     4994.1078    -667.3040   -7235.0580    -370.1327
     422     302.2163     793.9965    1179.1191     334.6353     4986.3587    -638.2344   -7318.4692    -360.3778
     423     295.8891     811.8305    1169.7728     323.0441     4991.2984    -649.6736   -7232.6909    -290.5296
     424     266.7042     804.3027    1181.3906     313.5501     5004.7771    -665.5047   -7315.6698    -410.4498
     425     299.1483     764.4819    1187.5101     315.0247     4990.8522    -655.9475   -7197.7881    -296.7184
     426     280.5251     839.9677    1197.0282     336.6109     4982.3353    -660.6079   -7295.3205    -319.4613
     427     276.6806     812.3673    1193.0524     321.8777     4974.6947    -664.1928   -7360.0354    -445.5554
     428     263.7369     787.3059    1184.5142     315.8008     5033.8314    -654.6776   -7355.7378    -425.2262
     429     305.3338     802.0361    1194.9062     311.9294     4976.2784    -654.3603   -7309.4726    -373.3491
     430     281.3831     763.8828    1175.3690     329.7999     5015.5686    -665.5822   -7337.5004    -437.0791
     431     277.5492     782.8702    1190.0627     331.4244     5031.9321    -674.8788   -7361.2217    -422.2618
     432     285.0196     772.2573    1183.1000     322.4398     4990.9555    -652.1729   -7335.0219    -433.4226
     433     294.7041     751.6855    1199.5386     327.2394     4959.7775    -661.7735   -7308.1026    -436.9310
     434     270.6528     786.8893    1210.9900     328.4040     5039.8354    -649.5585   -7448.4536    -461.2406
     435     277.2241     789.0918    1194.5532     326.9947     4957.7786    -682.7773   -7308.8921    -446.0270
     436     297.4705     782.5924    1200.9400     321.3403     4981.9710    -646.4906   -7353.0431    -415.2195
     437     262.8606     768.4649    1166.1424     313.4742     4979.8725    -660.4145   -7252.5465    -422.1464
     438     268.8855     785.9647    1187.1523     314.0880     4979.9660    -668.8155   -7339.9996    -472.7586
     439     294.5261     769.0844    1168.2201     326.4241     4987.3904    -664.2409   -7325.8932    -444.4890
     440     300.0128     762.2837    1185.3416     326.4655     4964.9628    -660.6479   -7247.1716    -368.7531
     441     299.4771     754.5779    1186.6554     316.4312     5021.4160    -662.2634   -7453.6229    -537.3286
     442     298.9002     795.5975    1194.6137     316.3049     4988.6767    -651.5558   -7301.4344    -358.8972
     443     267.9651     784.9734    1193.5741     323.0747     5020.5880    -669.4941   -7346.9994    -426.3182
     444     305.0093     784.2208    1181.9765     311.7084     4990.3535    -665.1770   -7439.3449    -531.2534
     445     304.8470     771.3729    1199.5258     311.9682     4994.3086    -662.6842   -7335.6896    -416.3513
     446     269.0002     811.3151    1192.5175     334.3568     4983.7843    -665.6011   -7383.4393    -458.0665
     447     283.8427     804.6988    1208.1428     315.0123     4949.0804    -650.2725   -7286.4242    -375.9196
     448     270.3073     787.5052    1193.1332     324.3405     4981.5793    -649.0503   -7307.3466    -399.5313
     449     292.8106     794.5143    1170.5412     328.7655     4993.3815    -654.3882   -7356.0449    -430.4200
     450     306.3432     783.8942    1197.1635     318.3872     4986.4594    -659.5633   -7368.9279    -436.2438
     451     295.9185     764.4635    1177.3249     323.1681     4951.8252    -654.7593   -7359.4956    -501.5547
     452     290.3859     812.0804    1185.8463     312.9555     4962.8674    -668.7584   -7342.5411    -447.1638
     453     269.2660     802.9683    1180.4637     325.0432     4948.7381    -650.3320   -7376.8856    -500.7383
     454     291.8245     803.2402    1189.2591     332.9076     4997.0450    -643.6022   -7473.0269    -502.3528
     455     288.6784     771.7845    1196.9629     335.5388     4997.6939    -648.9754   -7386.1692    -444.4862
     456     271.9491     751.9269    1195.0968     317.8496     4999.6459    -650.1099   -7477.0122    -590.6538
     457     296.4100     767.5421    1191.8405     326.9587     4979.7530    -654.6330   -7416.1549    -508.2836
     458     265.6212     776.1159    1179.2426     324.1405     4958.4683    -664.5725   -7358.3419    -519.3260
     459     271.4860     801.0157    1188.0193     310.0247     4958.0555    -669.7374   -7378.6890    -519.8253
     460     299.6787     791.7457    1179.9402     315.1295     4970.0543    -646.6128   -7452.6178    -542.6822
     461     275.8520     814.4475    1168.8660     321.7599     4964.3270    -654.7521   -7429.9028    -539.4024
     462     288.1246     852.0741    1184.9473     313.5370     4943.6111    -662.9508   -7348.2902    -428.9470
     463     283.9772     785.3049    1200.0167     315.4622     4944.2858    -647.5729   -7354.7745    -473.3006
     464     287.7313     799.5293    1191.6492     321.6363     4949.5392    -665.5577   -7286.3237    -401.7960
     465     286.7330     783.9368    1173.5760     331.6780     4959.3441    -652.6013   -7435.7202    -553.0535
     466     278.0998     770.0930    1171.8338     329.9720     4958.0366    -642.0012   -7305.0607    -439.0267
     467     285.9040     742.8461    1176.4132     321.1379     4984.6887    -646.6841   -7370.9958    -506.6900
     468     285.3909     771.9622    1183.6913     319.1603     5003.8079    -664.5435   -7451.1434    -551.6743
     469     276.6377     774.1488    1175.8073     324.4539     4997.2408    -674.1568   -7408.5542    -534.4225
     470     282.6228     802.2078    1190.6434     326.4302     4969.0207    -674.9668   -7257.6164    -361.6583
     471     283.1126     783.5214    1189.6148     334.2918     5002.8663    -652.1779   -7378.6422    -437.4133
     472     260.8807     766.0315    1186.9007     336.1850     4990.9746    -661.7804   -7377.6746    -498.4826
     473     271.4146     796.2450    1195.3186     313.2630     4963.6223    -657.6911   -7373.0010    -490.8286
     474     294.7168     787.8476    1189.4613     319.2042     5000.2126    -661.6720   -7377.4492    -447.6786
     475     276.9807     798.6181    1190.3931     322.6044     5003.9522    -649.4481   -7280.1471    -337.0467
     476     282.2766     773.7658    1174.1188     319.3410     4977.1766    -656.3578   -7280.3478    -410.0269
     477     276.3873     781.7329    1187.0957     308.9285     5000.1933    -664.7320   -7267.9383    -378.3327
     478     278.8560     797.8416    1170.2235     326.1763     4962.8605    -651.0551   -7285.7989    -400.8962
     479     284.5384     766.0232    1172.5418     322.4709     4914.3154    -664.6980   -7206.6330    -411.4414
     480     274.7686     792.8900    1194.9339     314.4322     4951.3847    -652.7448   -7241.8677    -366.2031
     481     322.6111     759.2542    1213.8830     309.5673     4997.8802    -631.3763   -7355.5028    -383.6833
     482     286.6283     809.1168    1199.3051     334.2826     5007.2833    -651.7770   -7323.8976    -339.0584
     483     300.5566     787.7453    1179.9088     326.6273     5022.9975    -643.8622   -7353.9923    -380.0189
     484     274.0812     806.9418    1190.1872     326.7805     4965.4338    -650.3955   -7281.5945    -368.5655
     485     275.5421     819.5124    1188.2308     315.4638     4977.7708    -667.4492   -7291.5975    -382.5268
     486     285.3796     778.7072    1169.0739     334.7905     4979.2571    -671.4838   -7350.2718    -474.5473
     487     268.8302     761.5126    1193.8757     322.4673     4993.7421    -644.3443   -7405.1313    -509.0478
     488     271.0319     750.1693    1172.3499     337.3473     4974.6264    -639.0548   -7362.8639    -496.3939
     489     299.4103     794.1091    1200.3171     327.3465     4978.6929    -646.1969   -7361.9533    -408.2744
     490     278.8950     768.7488    1190.3115     333.9026     5011.6059    -645.7652   -7307.7776    -370.0790
     491     279.0338     814.8382    1181.3051     326.5937     4978.8547    -646.5708   -7282.7086    -348.6539
     492     283.3729     762.1562    1196.4950     323.3551     4970.2707    -641.6020   -7260.4100    -366.3621
     493     294.7138     757.6624    1184.0316     334.3460     5015.8130    -633.9305   -7225.2940    -272.6577
     494     294.2290     768.2256    1203.9008     313.3923     4994.0400    -655.2769   -7334.6442    -416.1334
     495     290.1172     784.9284    1200.3183     317.4470     5002.3863    -644.4221   -7392.2082    -441.4330
     496     293.3431     778.1464    1217.3953     322.0676     5028.2431    -680.4697   -7359.2339    -400.5082
     497     285.3781     768.9294    1186.6083     312.1308     5014.1218    -667.2893   -7283.1042    -383.2250
     498     281.3526     758.0726    1191.4230     319.7970     4993.9023    -652.6215   -7296.0044    -404.0785
     499     284.9418     799.5577    1185.8363     324.5821     4985.4791    -630.2536   -7346.2645    -396.1211
     500     280.3520     749.2349    1181.4772     311.6623     5016.8409    -649.8839   -7338.1964    -448.5130
