1 1.2882263660430908
2 0.8445950746536255
3 0.7368744015693665
4 0.8740643262863159
5 0.9199143052101135
6 0.6816550493240356
7 0.838121235370636
8 0.7496336102485657
9 0.7668395638465881
10 0.7932980060577393
11 0.5871744751930237
12 0.5125026106834412
13 0.4378320276737213
14 0.38133350014686584
15 0.3467303514480591
16 0.3287122845649719
17 0.2909727394580841
18 0.3627476096153259
19 0.449613481760025
20 0.5619701147079468
21 0.4813890755176544
22 0.33337080478668213
23 0.3166653513908386
24 0.39147937297821045
25 0.41231635212898254
26 0.6445217728614807
27 0.6380504369735718
28 0.5838475823402405
29 0.5031023621559143
30 0.3341440260410309
31 0.358654648065567
32 0.33283311128616333
33 0.35047024488449097
34 0.4426025450229645
35 0.4277122914791107
36 0.523216724395752
37 0.5424869060516357
38 0.7421236634254456
39 0.939937174320221
40 0.9158965945243835
41 0.6210981607437134
42 0.420101523399353
43 0.40326085686683655
44 0.3842586278915405
45 0.35277530550956726
46 0.3256015181541443
47 0.320828914642334
48 0.3050462603569031
49 0.453208327293396
50 0.5562905669212341
51 0.5528093576431274
52 0.6423500776290894
53 0.7269211411476135
54 0.6181855797767639
55 0.6306968927383423
56 0.5579172372817993
57 0.6830630898475647
58 0.4971333146095276
59 0.6239665150642395
60 0.6492151618003845
61 0.5497204065322876
62 0.6054086685180664
63 0.6416354179382324
64 0.6617565155029297
65 0.7345616817474365
66 0.611030101776123
67 0.4174010157585144
68 0.3482592701911926
69 0.3436104357242584
70 0.3733445405960083
71 0.335067480802536
72 0.3644039034843445
73 0.36392897367477417
74 0.42435190081596375
75 0.5230563282966614
76 0.5681253671646118
77 0.4909299910068512
78 0.3523770570755005
79 0.3255560100078583
80 0.33296868205070496
81 0.3453197181224823
82 0.436659574508667
83 0.49056529998779297
84 0.5137573480606079
85 0.4176277220249176
86 0.37021225690841675
87 0.35325706005096436
88 0.34239503741264343
89 0.3266459107398987
90 0.3811635375022888
91 0.42378199100494385
92 0.4104464650154114
93 0.43494564294815063
94 0.4086788296699524
95 0.5643764734268188
96 0.7302274107933044
97 0.6433067321777344
98 0.4393462836742401
99 0.3535095453262329
100 0.3268514573574066
101 0.3286547362804413
102 0.3243759572505951
103 0.3447638750076294
104 0.3429044187068939
105 0.36305710673332214
106 0.5398046374320984
107 0.6707327961921692
108 0.713537871837616
109 0.832533061504364
110 0.8332484364509583
111 0.8427128791809082
112 0.9376296997070312
113 0.9993735551834106
114 1.0364331007003784
115 1.2108054161071777
