0 7.147384178473488
1 7.490131759979123
2 7.203176082151479
3 6.624580042039285
4 5.210171063025967
5 6.544367352289558
6 6.553134307167947
7 7.298637469754734
8 9.451688996876303
9 5.590999672975348
10 5.069911862513027
11 6.3753064674155535
12 6.243856283498287
13 6.8893253152499785
14 6.307394823583024
15 6.483917335191492
16 6.712076057411558
17 6.336622433094317
18 6.241917132098667
19 7.352489096134072
20 7.105171102866065
21 8.900871824843092
22 6.200071593545173
23 10.046028050631861
24 7.504135089727381
25 8.149939579795312
26 10.785766911744139
27 9.942328984261888
28 7.484362699822719
29 7.874162736702878
30 6.023597665909959
31 7.182249234803528
32 6.370177874653759
33 5.640259222046719
34 6.076827803965251
35 6.770003058638976
36 5.646358441977186
37 5.692326755369923
38 6.910814151359794
39 5.930130583376581
40 6.3018436580031345
41 5.4857022699635625
42 6.641376611952657
43 6.292469578955896
44 5.130829432063998
45 6.237002878889213
46 5.478626043113683
47 6.130354987086054
48 5.382834086723542
49 6.446458045822582
50 7.154822605440643
51 5.624048339360122
52 5.196063017095513
53 5.7010063564313604
54 7.276712347063372
55 8.866498750864185
56 8.727181580791946
57 8.058275763949355
58 8.171380150267924
59 9.797863181335323
60 7.04290363374782
61 5.103422991767909
62 7.15780922260247
63 6.661052034463268
64 6.138230489732589
65 6.745397312499783
66 8.611060768664073
67 7.4032620801153985
68 6.371656458058988
69 4.658761921886233
70 5.043821588221544
71 5.52666698413355
72 4.844844802177918
73 5.222043926438878
74 5.090339437174267
75 6.402800196985504
76 6.080338473525682
77 5.9017013659541195
78 6.906082259760702
79 5.70502099988481
80 5.478249778706939
81 6.282268854976187
82 6.172851236035286
83 6.139191646038744
84 9.487811801501765
85 7.054199202012854
86 7.114014487153633
87 6.107077343166153
88 6.249401392054635
89 5.633450722133354
90 6.183049134695988
91 5.6559602646694636
92 5.529748129522889
93 6.162228822022012
94 5.397311029896385
95 5.364337816414349
96 6.588602228340953
97 6.858237873644427
98 8.019180167391172
99 8.284699238623526
100 9.075428005089217
101 9.710043210866255
102 9.25738398283439
103 7.806029737815663
104 8.570720421814915
105 5.812718725271556
106 4.799254248848815
107 5.272795081883381
108 6.037675790754606
109 5.080372347567876
110 5.742596218438201
111 5.871798741954529
112 4.715615924888068
113 6.5001562727740945
114 5.263902394549477
115 7.4453193818455246
116 6.5908685895860755
117 8.10805451346216
118 5.379306888558102
119 7.120575569977155
120 3.6523245491165506
121 5.61288409642141
122 4.484725962876067
123 3.5394776841605924
124 6.462121913761514
125 8.866079578290144
126 7.349149124877423
127 7.5339091898395925
128 5.658788361594937
129 6.7352045481467995
130 7.2357996654527685
131 5.723760856651902
132 8.14984099944424
133 8.20283023519698
134 7.974621682282384
135 7.258608789678227
136 7.319842422359589
137 8.179975043052623
138 4.946123719631898
139 8.803627534995636
140 8.631440354732181
141 10.066350804699765
142 7.361627482317643
143 5.915764313201146
144 7.411467039904998
145 5.955244712613216
146 7.494829606906792
147 7.098037713620516
148 9.30701252657341
149 8.754738109973294
150 7.177058623282115
151 7.633361860242282
152 8.273835728971589
153 8.001529350683102
154 5.271115112666336
155 5.827337170855945
156 7.206222019171205
157 5.35173030622062
158 6.684282668758165
159 5.93200405091818
160 6.539975135721477
161 6.011781192562399
162 6.264451876763575
163 6.388708633783061
164 7.120592733296381
165 6.3822230768610995
166 5.0481365220419905
167 10.059631933435432
168 5.451561835783274
169 6.422177577250026
170 5.213911287670292
171 6.184903750487391
172 6.529973752101075
173 5.101544848648234
174 5.290677859468754
175 8.923459864703368
176 7.992811852457085
177 8.580719209601419
178 7.568095353709118
179 7.311506205412474
180 6.168222056276187
181 9.346992982975229
182 8.434589280837718
183 7.851592255221286
184 8.445805033749089
185 8.030757534649318
186 7.405616442934415
187 7.791133495283594
188 8.998579643158752
189 8.876133770266362
190 7.889412480877427
191 8.767807142083566
192 9.044967025742459
193 8.039862357587877
194 6.930212106771677
195 7.054579029659791
196 6.872043105140713
197 10.89159755122542
198 6.100235806927013
199 6.611428773980291
200 7.610251797187804
201 7.745308391225816
202 7.048694821682613
203 8.336528736327605
204 7.2709454616230325
205 6.701024053094332
206 9.65365833085125
207 9.346566319527343
208 8.534662368876536
209 8.126492273321658
210 7.837868694366599
211 8.204213584631797
212 8.943652969641246
213 7.935027812823543
214 8.829569236033313
215 8.266599023593292
216 7.629872910243345
217 7.095208583765746
218 7.605825752206337
219 6.331525812668976
220 7.474957582942025
221 5.722184940840915
222 7.159423397507647
223 8.729192784524473
224 9.297897262301522
225 6.885995672130784
226 8.19135087045691
227 7.904433394032606
228 7.185410523442244
229 7.191630852783047
230 5.613895818185775
231 8.329272944798443
232 8.341189149002565
233 7.694241690165291
234 7.493941880361812
235 6.834742864125609
236 7.621464132541808
237 5.504664042418538
238 6.847906881384149
239 7.52902997834071
240 7.118138398712621
241 7.054626356986598
242 7.729593103052358
243 7.498528798260371
244 7.136579446030277
245 8.032042402395179
246 8.01610727466491
247 7.021272194671953
248 7.781667740444957
249 6.72322115865604
250 7.127876609273569
251 7.711446712163191
252 7.21666448383761
253 8.237969840312996
254 6.627694919978859
255 7.142416107921292
256 8.340531725119945
257 8.230946875210009
258 7.609624844084971
259 7.662716696209009
260 7.329615969255832
261 7.8730600666616954
262 9.021731610433907
263 8.085581284387738
264 7.757057378117257
265 8.348785546715513
266 7.7696180840534295
267 9.681557166251395
268 7.48903069538311
269 7.317304377675507
270 7.934268929731668
271 6.990599270015788
272 10.042406600901463
273 8.548338406799168
274 8.219994080237992
275 7.020948709275933
276 7.769631698343211
277 8.161255790198027
278 9.220989842640298
279 9.32439933281325
280 7.408214663448487
281 4.56262814610925
282 9.17693072748091
283 10.89205895815171
284 5.942376733655728
285 7.983776923323804
286 7.3975147920449595
287 6.345624735860328
288 5.490278833731056
289 5.790495709187544
290 5.772247944807839
291 6.300019829018853
292 7.148994119727094
293 6.4556148455185145
294 6.0608668231167595
295 5.765086577138748
296 7.028632313779863
297 5.115511331599986
298 7.4938387250333784
299 6.024972034507071
300 5.501443568332308
301 9.759499634856962
302 8.387072375797958
303 5.6292202840753
304 5.232412342960655
305 5.618895982753785
306 5.448478187106919
307 6.594699607004985
308 7.315505395773715
309 7.8508545383888855
310 8.072257705005809
311 8.541942162561195
312 6.795743984700697
313 6.097947727661405
314 8.684326241741205
315 7.371587128354053
316 7.349971743961345
317 7.741734532125975
318 7.589553703977154
319 5.849412544936623
320 9.206085158992481
321 8.571104256622405
322 9.908356694953271
323 5.7910838063728765
324 9.28075278684667
325 5.592619470272565
326 6.590837137063917
327 6.551619284485879
328 9.515810689104722
329 6.8677010978286885
330 7.61637240840485
331 9.952367511745368
332 6.374008666008577
333 6.995387348797173
334 7.182730593927149
335 7.921934698480323
336 7.9238628220393075
337 5.4322755042159185
338 6.350739798819498
339 7.590790949090996
340 7.439441274489916
341 7.692332514643221
342 6.967672252223257
343 5.748495907203085
344 10.465037100689562
345 7.542744394626412
346 10.42925169818966
347 9.765257863955577
348 7.211935414872558
349 7.824929529289961
350 8.024266264140735
351 8.208319395394444
352 7.067448345094821
353 8.863474658894726
354 7.846887229224546
355 8.632604935313259
356 7.0699706285378925
357 7.6745167222798525
358 8.584809768154134
359 8.647059285760712
360 7.318446296498057
361 7.717680577441387
362 8.51558200072909
363 9.469554313155234
364 9.565564657631976
365 8.168525943346568
366 9.437098569090974
367 9.85924737732839
368 8.70872824495158
369 9.683823934920671
370 8.26559171749458
371 7.968628953244465
372 7.059129528753454
373 5.205667952471724
374 6.801989725566063
375 7.679880393011538
376 6.902149075755984
377 6.794333275447361
378 5.961348252577709
379 7.232778945292102
380 9.217451805491365
381 6.6016877778629395
382 6.587025483637378
383 6.305673250571089
384 5.9458545661020965
385 6.705259319237307
386 5.884850999418881
387 7.490892183921282
388 6.145153285552817
389 8.906677531617678
390 8.091278291338043
391 7.769948775885628
392 6.771635092555391
393 7.233621519302801
394 6.075617256229487
395 8.573678979950538
396 6.383481899941893
397 5.776786891572465
398 6.967765327639722
399 5.3625253396191965
400 6.351608224110974
401 6.382578544876332
402 5.616131107936113
403 7.181924447102609
404 7.713357502020352
405 7.180971796642992
406 6.416393802177895
407 6.08539303600488
408 5.177034156389459
409 5.0587198763704775
410 6.784373354192212
411 6.976897990964061
412 8.647934292084274
413 10.298240839084045
414 8.22544306787924
415 7.90272721620739
416 5.919388019428988
417 6.14281560677822
418 7.568493014754232
419 6.978781705226447
420 7.300630907501612
421 6.005645907651641
422 6.5811827291733325
423 6.992485868474927
424 7.675933480325934
425 6.254912348133581
426 7.081924371640342
427 7.503750987498308
428 7.014122205675312
429 6.058974962410748
430 7.064027741251041
431 6.533981808132725
432 7.316590730267357
433 7.730782752511535
434 7.273324523160091
435 7.905606653730632
436 6.418288171508194
437 6.738979319517352
438 8.10426840541662
439 6.009919923709943
440 8.66842291257831
441 6.372246316998086
442 5.727675382120086
443 5.850383593444649
444 8.643473542564204
445 6.009233209186806
446 5.992136901677254
447 5.1393429291256165
448 8.186526984860425
449 8.296133191936509
450 4.017405767304536
451 7.309700882720014
452 7.074264172049879
453 7.599533780873045
454 7.10563038836479
455 7.599841041355829
456 5.980025651417744
457 6.31307398220675
458 7.9913199563498845
459 6.8113161213515125
460 7.9742339021004405
461 6.907478957503119
462 7.587833628792658
463 9.16011047669656
464 6.874469691806831
465 6.5434954219294665
466 9.203694220493867
467 5.527344844459335
468 5.265419469317534
469 6.140746976557377
470 5.901498627950659
471 6.272893878972067
472 7.978729014367779
473 7.845858576710794
474 5.7470319686805835
475 5.838798887481395
476 6.388979339634902
477 7.394533814562671
478 5.438510931923455
479 5.399981863275297
480 6.75512073125703
481 6.248131267972764
482 9.10471272596849
483 8.305095222327878
484 8.889724999178995
485 7.59135364178698
486 7.671731455262631
487 7.414022786834067
488 7.2324360034879716
489 7.3011435192806
490 7.787494030446737
491 8.559356265278163
492 8.803876057455978
493 8.905254777631743
494 9.407280327643656
495 8.90961045350804
496 8.578119901151931
497 7.785085514260692
498 8.033327076334103
499 7.390464364651211
