0 8.097308117245513
1 7.750086343807717
2 7.583583598820158
3 7.959965614064951
4 7.799976132756334
5 6.199930097019231
6 5.024599787338902
7 3.889048762931543
8 5.155175314215326
9 3.6418850393713833
10 3.8471363226466053
11 3.8754592581574587
12 4.820179121598602
13 5.42824888663352
14 3.959974757992832
15 3.8977323638658996
16 3.988752261048158
17 3.9317073371663183
18 6.850702358530401
19 7.372265862733454
20 6.783981248857542
21 7.26295491392808
22 7.117479164528942
23 6.599732356426458
24 7.842450903236655
25 7.35893594552721
26 9.128193496428999
27 6.600715534531527
28 6.32165663521824
29 8.443931682938102
30 9.242090438426347
31 6.79479888737792
32 7.350974264124982
33 10.905057296978136
34 4.677483016766184
35 4.795244782438762
36 5.410027323267826
37 4.503593231836627
38 4.05225619093949
39 3.698242675813027
40 3.6759770851929883
41 3.8089518345901494
42 3.31684467415865
43 6.587923786512273
44 3.770853372294299
45 3.6995791783054814
46 3.7536901717144953
47 4.104119584290005
48 4.615881277105768
49 3.6871017659718452
50 4.34447213388718
51 3.802628894343535
52 3.0157756002996527
53 3.7062121530394965
54 3.9685689184870663
55 3.8357536469056934
56 4.250936793110467
57 3.8604336747845727
58 5.185568287610478
59 4.170093938916803
60 4.373062871735403
61 4.276335201272652
62 5.191401663418596
63 4.9683766692879985
64 3.7616674769289533
65 3.5239538175338887
66 4.395963718957586
67 4.327784634731452
68 7.527882385752261
69 8.126005087643104
70 8.358980997442377
71 8.485158285303724
72 7.9297714549358895
73 7.352915982103984
74 9.322121282798085
75 6.475505660112209
76 9.406539544038571
77 9.792840961951672
78 6.540632841443137
79 9.414412632973113
80 9.969505027174003
81 9.15435932966449
82 8.312083750709744
83 9.776568144457976
84 7.647186936758321
85 10.026310789155415
86 9.106523862747373
87 9.1148329206667
88 9.37650911951255
89 8.375702573806066
90 9.428095610949061
91 8.79259556007816
92 10.77101747482346
93 9.793042593960134
94 9.19886200269203
95 8.715167348680287
96 10.012820802003207
97 7.1834145334120585
98 9.62197007572152
99 8.362794556454132
100 6.988498953675569
101 6.662740500909418
102 4.958047483391695
103 4.971935360936123
104 4.871615027188572
105 6.202896010121085
106 3.9816843081784996
107 5.058501317119221
108 4.028220427328226
109 4.205141913311254
110 4.032853591363242
111 3.4255019888567246
112 3.5865507774168086
113 4.484615623928893
114 4.791619122236415
115 9.130098645720306
116 4.98054308491051
117 3.4593895529318086
118 4.0272384809991895
119 4.228501582150334
120 6.330398837506169
121 6.7670526100156145
122 7.900352667923205
123 8.07381305755615
124 9.165585723531224
125 8.458224810500205
126 8.068121499377694
127 7.635058071723289
128 10.100366273893206
129 8.927407257296874
130 8.998975999952178
131 10.749414521639897
132 10.242132482270922
133 10.569811649272832
134 9.680232592370297
135 8.88738447785457
136 8.617205864221347
137 8.331019872443367
138 9.741969131601252
139 9.675437261029572
140 9.430480836050705
141 8.743957348730143
142 8.274015776645886
143 8.15742972979535
144 10.224529998600785
145 8.674281766573504
146 10.36505704389426
147 8.74983174408266
148 9.699283364644938
149 8.297107728406868
150 9.350791304001554
151 8.494052715203946
152 8.165206520080638
153 9.239321355942346
154 12.035014181866847
155 10.806701354641076
156 9.358458479257632
157 10.015713159776514
158 11.499437693715237
159 10.959442058053348
160 8.280251238888454
161 8.627895115030762
162 7.95743210834547
163 9.297501254511845
164 10.06087994282067
165 8.237820833400006
166 9.730732964442058
167 8.283107702629357
168 7.816211898776534
169 9.512761434843842
170 8.508472335036325
171 9.104944604099197
172 9.322626954502462
173 9.393261135934486
174 10.756939974225963
175 9.819332711986597
176 9.261448230460887
177 9.370094075548598
178 10.784585323363093
179 9.703427882793132
180 8.710434090087169
181 9.251068994764584
182 9.657133666595406
183 10.511894538558177
184 9.880018346993978
185 10.613492586077715
186 8.875338222137005
187 4.570414241519416
188 5.911098152905819
189 4.385061727857287
190 4.020971299368164
191 5.146724738300477
192 8.90699146218288
193 9.472016207183287
194 8.737251892502234
195 8.735857060576198
196 9.656478173555698
197 10.62140926837232
198 8.809607981716658
199 8.78520243809181
200 8.046842071571993
201 9.01276412722477
202 9.591140315319182
203 9.241005282193473
204 8.35248308657255
205 9.960095746138695
206 11.031115151580591
207 8.071209694135357
208 9.237330077211658
209 9.805984047023676
210 9.154807628815695
211 9.213147478229343
212 10.460939875981675
213 7.671553345486664
214 9.322545112457876
215 8.81836286177635
216 8.887686521219875
217 9.911978961937129
218 8.263473108438369
219 8.32204907625955
220 9.599122384547936
221 5.29887672207888
222 8.729021915907415
223 3.4275750723560416
224 9.393379394260045
225 8.846444782789597
226 9.919831914677866
227 9.248072660595241
228 8.694139019179767
229 9.309923332599332
230 9.4829637007557
231 9.15677894100706
232 8.469843150701548
233 8.534304409410986
234 5.709515208990694
235 4.371125166443691
236 4.456021504110637
237 6.627810377919941
238 3.2922021727956947
239 5.068175661485883
240 3.8234577301887485
241 3.7184992313079395
242 3.9034902471853887
243 5.247974888585389
244 4.311358652589135
245 3.9719317408269723
246 3.812829872874233
247 3.87108773280005
248 4.64431460852139
249 3.6357847850634775
250 4.4387929808397875
251 4.3287416020351746
252 3.854626137226221
253 5.4903010346271675
254 5.415495051711533
255 3.744424322126297
256 3.958305254341956
257 5.709827919870012
258 4.484922363828687
259 3.8878211676616212
260 4.866981900898294
261 3.9420915386791275
262 4.998257726833899
263 3.8437829012766973
264 4.134633411214295
265 4.259531559813502
266 6.552253856653238
267 5.707305247220573
268 10.67828410901675
269 9.555862176610995
270 8.878559212701264
271 9.993182105259065
272 10.26221169603292
273 10.743450896307161
274 10.151567802831066
275 10.357148263067922
276 9.269339001337148
277 9.057078148123896
278 8.642219476074889
279 9.832721837630992
280 11.956429277571543
281 8.262919590282745
282 10.020253465812063
283 9.537489580089641
284 8.235917862630796
285 10.055671918172369
286 7.966520675005149
287 10.40855329410764
288 7.317957934627252
289 7.5252314283473645
290 8.696536880377613
291 6.679496911030658
292 6.676677721835146
293 7.172887396035186
294 9.941511365649763
295 4.0334016689509316
296 8.167771924473067
297 8.617818519874026
298 7.922822444560906
299 9.925209452664776
300 8.384873326411492
301 7.60942352069988
302 9.546638733073419
303 8.543588522653543
304 9.163876102020435
305 8.581011104259558
306 7.585388836579898
307 7.201086162883409
308 7.520108350216951
309 7.9175469493348425
310 7.758941147085655
311 7.914466088065625
312 8.215129619929392
313 8.949337312119154
314 8.780468537373899
315 7.827755109764744
316 6.988089288311307
317 9.17751655079242
318 6.1179441989923244
319 7.319367581815847
320 7.494157744765122
321 11.04074238382228
322 9.45647697725686
323 9.832108007474677
324 9.720862242497525
325 9.602376993382233
326 10.262555653468032
327 8.73938188182283
328 8.846331356582613
329 8.647177795879914
330 9.214063108033088
331 9.025919222893235
332 8.694962024164242
333 7.5078929422492235
334 7.460248928169885
335 8.680376655857978
336 6.884021339930267
337 7.534848872710582
338 6.639196958932513
339 9.185077605229216
340 9.24523344541302
341 8.32892800175978
342 8.723831222550569
343 8.67528510017451
344 10.295305793101857
345 9.378001207841907
346 9.566098024409559
347 5.335938822226994
348 4.16279945432235
349 5.180927181064768
350 4.389103108190611
351 5.513704199151847
352 4.180355187837318
353 4.483567633030152
354 4.050043660747255
355 4.171064361515322
356 4.1422827420113375
357 3.894232796994795
358 4.008623708321885
359 5.86973307564491
360 6.497631330611576
361 3.6855452607748
362 4.475822203882175
363 3.872741174390475
364 3.885166126225762
365 6.862191405708879
366 3.863295508878259
367 3.8341023916821353
368 4.5421999672832065
369 5.663620578670703
370 4.302989941008597
371 3.822627109076398
372 3.6926724705649296
373 3.9767499239914734
374 4.012155713117977
375 3.7361805578675455
376 3.748926616015546
377 5.0233388852213805
378 4.49478479400892
379 4.536015687038443
380 5.218019067884291
381 3.849495774357864
382 3.498745978451936
383 3.637466662640727
384 3.662851111724722
385 6.377916666256387
386 8.290458149246762
387 8.983154798500234
388 8.663768535542761
389 9.528521707544337
390 9.413854656007851
391 7.250518653401671
392 8.329685319802778
393 8.108568655973178
394 8.49880307094734
395 7.2436879409837305
396 8.540145786530264
397 9.361016999899276
398 9.465926849077782
399 8.690686566423983
400 11.179741020041156
401 7.586122659704758
402 9.505151923585714
403 8.055964954739924
404 10.148235873818631
405 9.63386947702488
406 9.104006239114598
407 10.361739636834868
408 9.550458684443146
409 8.244241861353316
410 9.02044634391677
411 9.733228730210554
412 8.77869331805771
413 9.219303827435276
414 9.978615445962062
415 9.610088738867775
416 9.225396878171882
417 8.312759179647172
418 9.122663758172507
419 11.618609165107742
420 8.525068703150719
421 8.878792175683053
422 8.84324676235687
423 8.94892934225652
424 9.35571522140803
425 9.54029978362964
426 9.019598027275652
427 9.498527794500735
428 10.475065244856786
429 8.605931939453084
430 7.887294196486662
431 7.550169202764139
432 7.062585905345591
433 8.995092164466605
434 9.76016140746766
435 9.78770407346528
436 8.593000836579366
437 7.7343873637112175
438 8.121642482007918
439 9.911225389346955
440 7.51573999923249
441 7.743629798789526
442 8.97684603981035
443 9.172073028421146
444 8.695344085220588
445 10.34582809512838
446 9.741239622273172
447 8.707465787852447
448 9.10866029503047
449 9.93792122185308
450 9.78449753673104
451 9.084361589468747
452 8.570835586100955
453 5.414781060045842
454 4.05843573531365
455 3.786452381519852
456 3.890819441328695
457 3.9143340279642636
458 4.267955526547848
459 6.246855252641412
460 6.588298323366634
461 4.083586656287945
462 4.494218497052645
463 5.585707795974375
464 7.881989297847878
465 9.00737464629833
466 8.444970554203584
467 8.361968242955657
468 6.97602231737235
469 9.342534301988039
470 3.798696893186943
471 3.1534038913040594
472 3.842271679155265
473 3.2853873370999205
474 4.049434476583156
475 4.297354743714673
476 4.326700145484625
477 4.741111527895731
478 4.624781082558722
479 3.8114746229042096
480 3.9509661337984867
481 3.8567756819217975
482 3.995932333236439
483 3.583104039375981
484 3.7373569867542047
485 3.6380262264208123
486 4.112231295385267
487 3.7749771900705076
488 3.899868898970351
489 4.647995450037199
490 3.735165529632375
491 6.6143438387895275
492 5.752740328077547
493 5.008518255771477
494 4.045533569941009
495 3.9641546130206944
496 4.285942091961347
497 5.1649314961744
498 3.705218597928409
499 3.952127692072503
