0 7.471705077265158
1 7.705747136989237
2 7.2164265330635455
3 7.9750463348731655
4 7.691022934638289
5 7.076449357046541
6 8.022724142421975
7 7.963032456774029
8 8.641500807377168
9 7.2248596705690895
10 6.35261802655989
11 7.1678036848046425
12 6.561015205256553
13 8.074859670182468
14 6.273478204811417
15 7.845955446243934
16 7.196406825909025
17 7.794871530692375
18 6.188809302875949
19 7.751772500203379
20 6.3794755159135415
21 8.02396866846389
22 9.397173699680625
23 6.4874148242038485
24 6.439421210486889
25 6.631521251020391
26 8.268878953928011
27 5.202895738629908
28 5.132385805971658
29 3.6963978186632453
30 5.27538451430148
31 4.111274944879208
32 3.8987767874853727
33 4.793694305307619
34 4.155091312593951
35 5.954399176786013
36 3.8312348581650446
37 4.8536745038064915
38 5.503897197347098
39 5.6712207541446045
40 4.224177615266346
41 6.794907862967578
42 6.010877153551534
43 5.01188859587227
44 4.43801518325542
45 9.245832707175952
46 8.659971529559455
47 8.37655145494358
48 8.492910907149163
49 8.224622039594767
50 8.589123110736914
51 6.32255183865759
52 11.268071255380093
53 11.487445284898108
54 7.607528795445761
55 10.02759405244899
56 8.080805415375405
57 8.626922208084483
58 12.457350973219972
59 9.988382648672044
60 10.593004612293507
61 9.931787569680703
62 11.594177430726038
63 12.581941990779745
64 10.674888148005206
65 12.92715049564851
66 12.169298058228826
67 11.2399509491935
68 10.237581759121053
69 10.240710170235271
70 10.568129007468146
71 11.007263888545781
72 10.211250422320209
73 10.586214634876525
74 6.103774542631698
75 5.807421238305782
76 9.060020258059826
77 6.388272003667537
78 8.102232813906914
79 8.801046368172942
80 8.127895310973452
81 7.393193059133524
82 8.653019862229876
83 8.20334767398902
84 8.238005206167344
85 7.379889687033247
86 9.501078779309772
87 8.814238169713425
88 8.194087546995508
89 8.362061945039382
90 8.069365643671178
91 9.621603497262637
92 8.089563388335575
93 7.096632916964665
94 7.576839957671611
95 7.54370267971886
96 7.652780078271176
97 9.274667728604932
98 7.922414358936001
99 7.34522144845766
100 7.534535517611956
101 7.048741600678815
102 8.232598696584269
103 6.9602192767717845
104 6.603343631275753
105 8.19426178214068
106 8.196886648947936
107 7.990313335903307
108 6.420272053501042
109 6.6061644110431015
110 6.628883452007927
111 7.567222041486219
112 6.532231732007114
113 6.8738168593173015
114 3.87849375359792
115 4.009570514196655
116 4.334672584375105
117 4.038509366952961
118 4.739972046628994
119 4.3678590184935455
120 3.698435790070032
121 5.0929862717359295
122 4.034096425578818
123 5.750136529023733
124 3.9172784143192794
125 4.92341544528156
126 5.851376201701568
127 5.270382269799221
128 5.706467258094676
129 5.845211886730759
130 4.588110604427481
131 5.967984487268734
132 5.922091513564749
133 5.076573634809244
134 5.597598094295688
135 4.51472836595792
136 5.820732537901974
137 6.446503019680112
138 7.129883962649994
139 6.272722206985826
140 6.214451579617477
141 7.045686661128561
142 6.136677373572475
143 5.176413906127735
144 6.255534416492463
145 6.243406904404439
146 6.109253390238377
147 4.785128225031142
148 6.19084242005082
149 5.780778106017311
150 5.192884649176429
151 4.21072463753877
152 5.164093220281888
153 6.4321916677976985
154 5.740558034039478
155 5.532415856440564
156 5.122292590728301
157 5.992368856954684
158 6.155947065665964
159 5.056196016935822
160 6.315433351913833
161 5.694708723846818
162 5.611376956606242
163 4.7597028160176595
164 5.600005481696365
165 5.723368116253523
166 4.8865226560546855
167 5.854212628760582
168 4.64395355304335
169 5.361310273928126
170 6.716840570527749
171 4.853903107678302
172 6.223070152502976
173 6.535767326118585
174 5.181083637278878
175 5.542002141569799
176 5.991700082620501
177 4.814726306290404
178 5.928412955397497
179 6.2948226900975985
180 5.61652000755744
181 5.665126833693991
182 7.099437484960784
183 5.1001387043131965
184 6.444662385124891
185 5.703411992086196
186 5.231732346369664
187 4.94621232695165
188 6.046841759410426
189 5.45884077509554
190 4.930650492783451
191 5.6197807813722935
192 5.310468666958234
193 5.039583518856568
194 5.256729616336922
195 4.870394391928866
196 5.970702110813393
197 6.7635348531131045
198 5.933829112930563
199 5.905717067746649
200 6.42354672444234
201 6.008456935420016
202 6.771071397329095
203 6.266639592615532
204 6.627276280806379
205 6.660402839954649
206 4.6899011714997805
207 5.510165767692731
208 6.197783416818328
209 6.862125762783759
210 6.166801869075394
211 5.993951685399924
212 5.605992741141856
213 5.990718548866298
214 7.451702501896537
215 5.533261008319699
216 5.513220658360157
217 5.635546841607706
218 6.644722675455794
219 6.552234999299467
220 6.2805223011570455
221 5.829274427629402
222 5.480161999443256
223 6.612973091730591
224 6.278086573110135
225 5.801550460712122
226 6.241208046699998
227 5.995124504367702
228 6.896722441729095
229 6.331287821083663
230 5.9655127315742815
231 6.23757976898057
232 5.6942038255190885
233 7.471970121050745
234 6.699397073771939
235 6.6016241093884345
236 5.16339925590645
237 3.5486515821010367
238 5.757616531818364
239 4.225238945208892
240 5.240884921715049
241 4.082157668228934
242 4.987333734263591
243 3.9829896581231314
244 5.2545404643950535
245 6.080771630387133
246 4.721429038673362
247 5.422501803536224
248 6.007070958819695
249 5.275470153928735
250 5.863770161310743
251 4.886323765943735
252 6.06822252523105
253 5.315666490005019
254 5.09048888349393
255 5.119360491862606
256 4.8238636921794225
257 4.643408964433281
258 5.9691102826417035
259 5.253307901840113
260 7.024540381203871
261 6.366660649647612
262 5.754713421996889
263 6.468868994741398
264 6.3768058804867565
265 5.870126500383696
266 6.55320397899958
267 6.614929932016402
268 6.214606172085863
269 6.223170061186407
270 6.519680024821602
271 5.769382987063796
272 6.66467540277771
273 5.892595387769925
274 6.975182915792109
275 6.005159099521431
276 5.790284893924336
277 7.3894316191534175
278 5.776398227604145
279 6.815591331454383
280 6.02486424865609
281 6.917144818607089
282 5.891876905087837
283 5.91125515960237
284 5.15171193516491
285 6.480341512586326
286 6.246224587588539
287 6.269323599512789
288 6.113054064599574
289 6.386004758573735
290 6.71880241121261
291 5.134433707362586
292 6.512655049130207
293 5.260579352549596
294 5.554558932875991
295 5.890308833986427
296 6.24237470759164
297 5.503786306366061
298 5.021707325838572
299 6.129328216463001
300 7.364008924922647
301 5.57227550091896
302 5.6626314732161545
303 5.88022264835366
304 6.690285441346628
305 5.442529344362704
306 6.3300972084980875
307 5.549904230654399
308 6.031039867376286
309 4.8063720054848
310 5.363441416479738
311 6.767883798887871
312 5.302367079836103
313 6.730043653866769
314 6.81133814004561
315 6.455445615458887
316 6.723624641612921
317 5.99810858030892
318 5.122119142111778
319 4.644431664317411
320 5.746787313782249
321 5.595717401118588
322 5.975796593183316
323 5.976920148997986
324 4.722976662856717
325 5.841693678311466
326 6.552235420952559
327 5.383685764725692
328 5.343035082847845
329 6.374411530826065
330 5.004407669210306
331 5.1344687443426995
332 5.163676816210809
333 5.5287511879546685
334 5.570706739893396
335 5.229399014193287
336 4.972392603268612
337 5.35855954490562
338 4.875725377148043
339 4.652876034025503
340 5.30545200817594
341 5.605673451671971
342 4.782592919413653
343 5.354521760370053
344 5.63177229841065
345 6.890942576370173
346 6.373211171579962
347 7.198303662389393
348 5.790439450664453
349 6.94979406343893
350 6.761090319280274
351 5.584039752386934
352 4.1292199304054575
353 7.645092907370797
354 6.800559165233193
355 6.2685715083850635
356 7.494695842196531
357 6.307001056446501
358 7.014970484405634
359 5.97282620001133
360 6.29897071019063
361 7.128919064962869
362 5.321207791768342
363 5.858056629975277
364 6.981377239951794
365 5.347735761039438
366 6.6708229443054305
367 5.515732796297764
368 6.002758980574624
369 7.4433738949848784
370 5.319887446812522
371 9.54679695762613
372 6.130118520291908
373 6.4881974453890585
374 4.298354809263727
375 6.336852471887489
376 4.153587972514156
377 5.837669427109243
378 5.529222701409623
379 6.531886390715698
380 5.586243531543679
381 5.5326920126128005
382 7.232039346262489
383 7.480222424910847
384 7.878110296947026
385 5.3164161068876234
386 7.359634132510074
387 4.918472183484551
388 6.0227173016074875
389 5.969586642762387
390 6.053939010658458
391 5.432622554779493
392 7.053334845499166
393 5.456955446152523
394 5.246311945232997
395 7.845011966586964
396 6.941158534258146
397 6.384142888038685
398 7.2185347648949705
399 7.9526202928302165
400 8.408179310089027
401 6.586975173134792
402 5.578992640188095
403 5.440464333059219
404 5.748610366434901
405 5.540606202860743
406 5.832802310368806
407 5.713753388763977
408 5.808855130825499
409 6.2973974777623045
410 5.838615459285399
411 9.165377761268756
412 5.782127039894095
413 5.916544308381666
414 5.304351825626268
415 6.022568807772905
416 5.09482626226135
417 6.443652726453047
418 4.598875317763997
419 5.001305655367379
420 4.924519362769909
421 6.074332332793991
422 6.196743032191753
423 5.111823632708837
424 5.969290358712615
425 6.509568660734932
426 8.62660051469852
427 8.2706660500314
428 8.26233390232579
429 7.819898176050531
430 7.924697864809263
431 7.250215139334186
432 8.922520409987227
433 8.367432809226301
434 7.93628225533459
435 6.7344784098195385
436 8.665850861973631
437 8.108772408659826
438 7.392879446921314
439 7.66610846009675
440 8.390715185845345
441 8.12024385881022
442 7.765291923193741
443 7.987675594198387
444 7.807813268807782
445 8.210091135956661
446 6.295464289626096
447 7.3586070426711645
448 8.10411759600833
449 7.810279204834971
450 8.093434334449164
451 7.623248076334437
452 7.6988054771484675
453 7.460426945490105
454 8.648496232233573
455 8.334443732935503
456 6.714112508157772
457 6.817503847118351
458 5.64767535316817
459 6.261566988893218
460 7.388242237392407
461 6.673490758643082
462 7.067374738866552
463 8.709811279074536
464 7.322075498391883
465 5.3923977667603
466 4.155933055373915
467 3.9494844664683106
468 5.608099357969366
469 5.562392242708749
470 7.752838472439791
471 9.087534017427165
472 7.70342550374626
473 7.79968806337496
474 6.8928479845898805
475 6.799081817921554
476 8.608763575072498
477 7.17069023480923
478 8.151960919539784
479 8.345237029439161
480 8.251500631968423
481 7.08342650174208
482 8.056839212396302
483 9.076528012215867
484 8.190904689274968
485 8.03827771277169
486 6.043513325573854
487 5.639705037426708
488 4.4364859757840565
489 7.226837278221627
490 5.78733297878526
491 6.285367767541871
492 6.004977485826955
493 6.961025486798748
494 7.596556462583157
495 8.043378503368638
496 6.339804635429798
497 4.502107888829523
498 5.455309326319205
499 6.260085343800517
