0 10.584854053978175
1 9.298842188894412
2 8.865026596320286
3 9.411089126415357
4 9.78519652385305
5 11.072937690404075
6 10.954774196619299
7 10.527400910110995
8 9.403225596212328
9 7.409402533164908
10 10.024152178731452
11 9.573373287286962
12 10.660644966040502
13 9.936921662485888
14 8.831790126382833
15 11.648645523328
16 13.942339335755848
17 10.410878167602622
18 11.831349266571415
19 11.486556585202521
20 8.392658717787308
21 9.530952774983987
22 9.630560479086242
23 9.596897362485661
24 7.091975126078479
25 7.487825971478176
26 5.867366943353765
27 8.049730102126817
28 4.296805553905176
29 4.272746461659096
30 4.056958279918049
31 8.847178131794086
32 10.411921800767463
33 8.937192521004729
34 8.636031512560718
35 9.785705972533275
36 7.760024076135987
37 9.819925962410267
38 12.046906569474027
39 9.845488374100208
40 10.211670052659585
41 7.769751106532558
42 7.98532431001551
43 8.082820490939403
44 7.864030153518422
45 9.102012910184445
46 5.570930032332419
47 6.663784140738949
48 8.158967499619328
49 6.174829624046111
50 7.926600988713813
51 8.341292284617474
52 10.630907101922297
53 10.20820608625348
54 9.3286598463546
55 11.432717132492245
56 12.563209186854847
57 11.384951972325027
58 11.733428458769216
59 12.316982080377516
60 8.660160498795936
61 9.095555118054452
62 6.834284744416707
63 8.415410192196617
64 13.222339554409302
65 11.046136865962271
66 9.994370717535732
67 7.749247047484497
68 8.714566779100556
69 7.029364377964145
70 9.829320702868452
71 8.162916219043895
72 4.2890593862509006
73 8.129395711347787
74 8.185743622516856
75 7.256098678102131
76 7.441091900857585
77 7.013158331982982
78 8.459085291117558
79 5.459461534901166
80 9.249379682713169
81 6.179606873291556
82 4.1856601315901605
83 4.347631730752944
84 4.520080861956669
85 4.474150528355951
86 6.552567092128824
87 4.738074444796452
88 6.795013430947398
89 5.85247287796768
90 8.610625145970506
91 6.961026512291089
92 4.178861095265745
93 4.63328201505613
94 7.01299462230923
95 6.6860892141761115
96 7.285870357842347
97 5.808561303482835
98 7.498305553293999
99 4.930469920972701
100 6.1149348329477755
101 4.214450315292519
102 4.31095237509777
103 6.983531627380717
104 7.328947419603995
105 7.041357306790602
106 6.845142957401217
107 5.334777140478382
108 8.272942277401409
109 4.504171868006267
110 4.54260909471378
111 4.841607698692958
112 4.741453421302018
113 5.1369015877892865
114 4.683376562013461
115 4.373541408944829
116 4.9897597761301435
117 4.6551093962853
118 4.265060432077237
119 4.635679241873982
120 4.284383989775975
121 4.475044676092616
122 4.499075913229545
123 4.2094844504785796
124 4.010205947945447
125 4.310788768121907
126 4.451174857426937
127 4.955250302035437
128 3.877150926446814
129 4.281914895512068
130 6.759915765823524
131 4.516900609553828
132 3.7492234616307205
133 4.355332350982956
134 4.977840002729048
135 4.473012120830669
136 4.207593923446324
137 4.201650841519511
138 4.290579595345108
139 8.554312599417935
140 8.74601582375576
141 9.453018044527608
142 10.31645042073356
143 7.213568212194905
144 9.63570677989132
145 9.268687022284206
146 9.147852401766642
147 8.23990401941056
148 9.20269572269995
149 9.218477815038861
150 9.30316460999078
151 8.433005652570811
152 4.578611065238684
153 8.105950720197479
154 10.387317029633241
155 9.105162057590213
156 11.3262234192258
157 9.604817589536202
158 8.126217882849827
159 4.162877840028425
160 5.503460957551062
161 9.01650472914466
162 6.092779674401978
163 5.386576599512693
164 7.093070091476581
165 7.844025536661075
166 7.433084951025001
167 4.528465148853943
168 4.660460391838783
169 4.4317559689955734
170 8.766301568333617
171 8.138019058205543
172 6.593433422225321
173 12.455943257116413
174 10.605377432036029
175 10.092854921379958
176 9.984384692566723
177 9.291069079624355
178 8.622461934497098
179 8.959944591607455
180 9.048777528503702
181 5.766049466696856
182 4.648299795698878
183 8.491280905046573
184 8.590066844853315
185 6.170407178144043
186 5.194015732413912
187 5.094320101699376
188 4.459358576110152
189 4.457227500682375
190 5.969828583426107
191 4.3624285551306174
192 4.472604190091015
193 4.536941539303374
194 4.353164077716937
195 4.1213532871600265
196 8.573562525671926
197 7.3687632891836286
198 7.226024895854745
199 7.385300207391004
200 9.600987757343843
201 6.2292507193816675
202 7.645414374088797
203 10.606530070731576
204 7.080014653138924
205 8.187954262614086
206 8.588155307281324
207 7.497463179943986
208 8.7662015689489
209 7.975870801518748
210 8.892128353087553
211 7.030414622878465
212 8.598253780808813
213 9.11804142304483
214 12.149747557358948
215 9.274009990885437
216 9.408193134030665
217 9.277834733592808
218 8.357335391806847
219 9.970475192843042
220 7.736991097759586
221 7.4831204715136455
222 8.095525900215414
223 4.173296244478856
224 7.762937490460004
225 4.50675358718556
226 4.169459141574953
227 4.458853396364716
228 6.264792392362152
229 7.041471989187513
230 7.469505878174682
231 13.081793719843269
232 10.588393885106916
233 8.937641389858442
234 10.446072201156392
235 12.282961901878837
236 11.543839285487996
237 9.192493924499793
238 12.5083612457785
239 8.445616100109774
240 10.04112937486038
241 8.200284595559518
242 7.708406649087827
243 8.530208486570722
244 7.509072374361674
245 8.40147019782381
246 9.145646795051855
247 6.484513164049176
248 9.706179714342959
249 7.078343790289077
250 6.958751006765537
251 9.507752764226503
252 10.273251461067987
253 8.39402525459111
254 8.733729301532476
255 10.94324855053217
256 4.172711211755114
257 4.309729872762301
258 9.09633677363895
259 10.326287790523635
260 10.623111947518902
261 13.089586632943021
262 7.665724671875282
263 9.08410256832474
264 10.819259420334495
265 9.859774551817999
266 11.743374047685446
267 11.88278766238792
268 9.3232174622241
269 7.635645785335056
270 6.343472704038567
271 9.76108512272478
272 9.404741694080426
273 11.547908145067439
274 9.055424276677195
275 4.173130516485293
276 8.262724505259667
277 6.392207050159577
278 7.376874935506215
279 4.469505467056888
280 4.379961788442041
281 4.135905762874725
282 4.837625911993812
283 5.483524667420531
284 6.690560954668701
285 4.089074811370104
286 4.441499719531213
287 7.767810210138576
288 4.505400175379823
289 5.706811845203155
290 10.066702458085528
291 8.276391955708746
292 7.3870844342203545
293 6.966785398584001
294 6.810100822445171
295 4.454484241609177
296 6.27735502147586
297 5.965056102583218
298 8.330286344907776
299 6.371611000913729
300 4.935263747949299
301 3.9459563132084368
302 8.115818664914762
303 8.885458426930866
304 4.655694718539103
305 6.55165516905306
306 7.647279645656549
307 6.504326382225926
308 7.87153413671939
309 9.086609807634687
310 5.59466913061944
311 3.9375552322449923
312 6.848831662656212
313 8.065405458372801
314 7.831369854747282
315 8.987922230563088
316 10.047152800120744
317 7.285382968385394
318 7.890552431343833
319 8.04510824386214
320 6.904812287327745
321 7.057646236431616
322 7.75545287033586
323 6.110748963044455
324 9.209479013778942
325 4.356565080121014
326 6.892258009804397
327 7.860931355279659
328 5.9320744249045685
329 6.594126401301623
330 6.579996686235485
331 7.356941124822525
332 9.69090543169832
333 6.978882647830886
334 7.443175041751436
335 8.457928552507616
336 6.744043721375069
337 7.1083617848403575
338 4.361109766462489
339 4.11180643899966
340 7.543612764929607
341 4.337058853668958
342 4.791799580439121
343 7.633927167394998
344 8.690936074522925
345 4.815668151928745
346 6.259712988883837
347 5.685860509779886
348 7.615998986272278
349 5.822723806926998
350 7.642654806294408
351 6.746537545816629
352 7.504340319282317
353 8.07656339781039
354 8.031873447428518
355 7.96982172295325
356 7.970294676451323
357 8.255427725819075
358 7.8992123316019205
359 7.9243463215723065
360 7.102288437685671
361 8.105888610709483
362 9.034562832926863
363 8.67865427580653
364 6.519660316276842
365 6.726803569916572
366 4.364671214559751
367 4.349215986608696
368 6.4986128701911205
369 6.687608499978479
370 11.8896978672425
371 10.893037959410627
372 10.110825868178186
373 7.8635440974957715
374 9.802608089694566
375 9.92775499067809
376 8.879669616136535
377 9.996313417713854
378 10.694399385501695
379 8.60402704747616
380 9.927672325455935
381 9.633418039310367
382 8.718591580996781
383 8.867657576421937
384 8.174722597279501
385 7.70394648083484
386 8.131123355277776
387 8.73921422480313
388 11.233684603444724
389 11.519675760605379
390 12.784341658772922
391 10.128109801063317
392 9.578546692733362
393 11.854853319696653
394 8.068057597819267
395 10.878931520635316
396 12.08525669149507
397 11.44679565182757
398 11.477384857752504
399 15.081042825463888
400 11.84181509217524
401 9.9311698739787
402 13.780641216212304
403 11.049165682498359
404 12.130492094317727
405 10.89941081766653
406 12.399505755186691
407 9.410334476942973
408 10.531921131293906
409 9.734671501933512
410 9.557069170719066
411 9.85170425610419
412 11.810977524471511
413 10.53700395447573
414 10.577408693045724
415 10.18459626374936
416 10.237602062018466
417 11.933244002017652
418 9.860256470323373
419 12.961600400583244
420 9.917785689500791
421 12.112369830698524
422 11.239856427765659
423 12.473554670723978
424 13.868960758455051
425 11.597428827132163
426 13.24223137200401
427 10.878635063935352
428 13.866258482379603
429 8.491922583267122
430 11.054038945997876
431 8.209583608174789
432 11.890551902272135
433 10.11405118210367
434 4.283026204994591
435 4.898488243126553
436 6.427993929557286
437 10.41176898113919
438 11.381887511801558
439 9.803541177033821
440 6.658396131190119
441 4.537755159544255
442 5.9885270495139755
443 5.424788274613242
444 4.926695092574359
445 4.275696770786897
446 7.006706290042889
447 9.627366382783626
448 4.728621400686843
449 9.50804927467241
450 9.784044915979937
451 7.120834374106968
452 10.944246205146184
453 6.651924627815845
454 7.078343270380773
455 4.16713032448598
456 8.101690936947868
457 8.513148552234407
458 11.24132639374341
459 9.629438733875173
460 10.595346734361023
461 10.930980821796666
462 11.57190073582445
463 10.123878312144551
464 11.780761413983651
465 10.829394141729397
466 12.139256067700646
467 11.302366391489661
468 13.587876313512623
469 11.73066984600361
470 11.304666225495822
471 10.492472591788093
472 13.034531947179769
473 11.302519160594631
474 11.118751111048566
475 11.249884983870711
476 9.894526350683158
477 15.764141409625442
478 11.036545833666889
479 12.480360654028024
480 10.397260717180975
481 13.719995821229002
482 12.139439167462934
483 12.346526367463861
484 12.02743073371851
485 11.22223655573337
486 11.639346953685635
487 13.096566733155454
488 13.190332956864232
489 15.678584671559394
490 12.232346099154428
491 11.728832119190796
492 11.287432540876567
493 13.357332656736194
494 14.296643588003837
495 12.541370250662359
496 13.865435807888476
497 13.720419529623808
498 15.171615393984007
499 14.06650115230772
