0 8.029572386602293
1 6.935306676331374
2 6.91160662292851
3 6.2245212535112655
4 6.7071680333544315
5 6.3607280999216
6 5.302374289851046
7 6.62052081913257
8 6.612974127253237
9 6.263897881544186
10 6.532069124253325
11 5.843211486832472
12 6.907855942816239
13 7.034917981221272
14 7.282733665012789
15 6.625903150593984
16 6.547439527891497
17 7.707038796625856
18 7.169754194649448
19 6.929527207828595
20 7.193254498723872
21 6.633967576162569
22 6.747474542091327
23 7.052465409077294
24 6.676007837699127
25 6.642256777616695
26 5.084089107474824
27 5.770941534728291
28 6.173005876866307
29 6.612088193937004
30 6.030691029452045
31 5.739922875816096
32 6.2606067267480565
33 5.998397024443814
34 5.248095112271033
35 6.641057320341818
36 5.580950439736986
37 5.3768472144108665
38 5.59158798426527
39 6.949030628450413
40 6.766585530838094
41 5.5785280849903875
42 5.635492586212951
43 5.483426408369145
44 5.603378335140006
45 7.1234967988155695
46 5.82611198430004
47 6.244135724721927
48 6.593139254359146
49 5.738518208853956
50 5.62025653650587
51 5.762266855509565
52 3.613047032247529
53 4.681286895487965
54 4.609453501630702
55 4.4556410109098925
56 5.235529359829579
57 6.926723154570746
58 5.68552717752158
59 5.021015620448864
60 6.516200037960592
61 5.773099838554378
62 3.62222075318166
63 4.671051468685668
64 5.327021555883827
65 6.830269677546679
66 5.2315009957979335
67 7.205885881310737
68 3.21977334295874
69 3.9409455848156023
70 7.923386187910159
71 5.78813322746751
72 7.298027942382545
73 6.608205777546403
74 7.898230560543729
75 7.831650909620679
76 6.626213607009984
77 7.275364095133506
78 7.446713920032749
79 7.1844533278653
80 7.441557872787429
81 5.1277659533303925
82 7.4627730061252775
83 6.974923823574569
84 5.146387212471577
85 6.183792794733877
86 5.6345390290288835
87 6.607852806955703
88 7.91841443210363
89 4.996726642212391
90 10.095711419361209
91 5.67344015715007
92 5.6721604537330235
93 6.902539752698693
94 6.623177849943571
95 6.457623274391349
96 8.019864251346311
97 7.760504455097576
98 8.950551042453744
99 6.867657051255519
100 6.570844494101673
101 8.259970341377501
102 8.405197982657661
103 7.855544947476096
104 6.556525852979347
105 6.207867462501353
106 6.845251699721195
107 6.801900358581507
108 8.180561331568098
109 6.6728426100233325
110 6.917778200637058
111 3.887225674773185
112 6.114097634854807
113 6.9708967317663415
114 6.878809011344289
115 6.434071872541853
116 6.764735491114343
117 5.6366104808841495
118 6.32255744696213
119 6.339138698147269
120 5.845010115784218
121 6.0994189108615355
122 6.2479607523060725
123 6.932035578362459
124 6.386843800702678
125 7.912522010001073
126 7.7392312255273055
127 7.426371889745581
128 9.208638793266694
129 9.145663778106767
130 7.997769280922559
131 7.9214885485166295
132 5.618769759239729
133 10.597553141849188
134 9.83846675108365
135 5.585658789382402
136 7.262045794529979
137 8.566924020247598
138 6.842676366307912
139 5.677524474269676
140 10.1639323553413
141 7.977888308614968
142 9.741945123488614
143 7.458774907371613
144 8.058251135814094
145 6.92713384951998
146 8.417172213665058
147 7.331188135221785
148 9.762204720042257
149 9.0972702953699
150 10.49836898897374
151 11.712235236221682
152 10.116254253580593
153 9.354754660562085
154 10.288166121788013
155 8.159582422054914
156 7.271639213213639
157 10.221386762299604
158 9.029006844482986
159 8.63733154624636
160 9.146745130187478
161 8.73610039795579
162 7.686472602612401
163 9.303768705161527
164 8.646715594245359
165 6.636817466592757
166 8.782531894022062
167 7.594312351888958
168 8.537536832877802
169 8.91315079159964
170 6.776390151374536
171 5.5398932544203925
172 5.976079594178032
173 6.4988481953003445
174 8.415070486937905
175 7.57810872630365
176 9.01168937061508
177 9.122171579338284
178 8.0496044107459
179 7.828559863274239
180 8.503757794329498
181 9.352753683302408
182 5.461059924114559
183 7.516185067295527
184 7.5986333906793
185 6.611822843656965
186 8.925959746724093
187 9.223749768408688
188 7.453046184773382
189 9.264736308008318
190 8.095907313447169
191 8.121213241315942
192 7.876019785913842
193 7.113755999376523
194 7.089323489935645
195 8.78114482505649
196 7.323248254070952
197 8.458744236563081
198 7.4627719377729065
199 7.168519537420975
200 7.649087298657789
201 9.007554246483517
202 9.31090071524587
203 8.497143190979692
204 8.208860973015076
205 7.6852176390967575
206 8.429428330517316
207 6.884477884418267
208 8.322652771697376
209 9.237532049264813
210 8.16039720796711
211 7.602130769387262
212 7.953261406885089
213 10.537770894632649
214 7.579992990667957
215 10.055221978486099
216 7.4305031892558855
217 9.307397375736086
218 7.206968385405726
219 8.483280708429142
220 7.870886335055059
221 8.755420571196183
222 7.511532916764523
223 9.079724456479122
224 10.498796782262565
225 7.196357690967526
226 8.52814629264869
227 8.550508509381023
228 8.140049761471591
229 8.926283541074213
230 10.513463358194457
231 7.586080902607074
232 7.3743717199673515
233 7.118541706232898
234 8.233123919746738
235 9.780639846021181
236 8.55813514003434
237 7.338200132827102
238 9.449694073971598
239 10.238304373687441
240 8.05679020292425
241 9.066893038680892
242 8.09623408202812
243 7.322717377289685
244 8.539998596194486
245 8.432675501188086
246 9.691870239444961
247 7.9324176857844035
248 9.097459997083458
249 7.351683136211741
250 7.580235340573745
251 8.26278619252558
252 8.83546885849177
253 7.636732869619156
254 7.553283132894927
255 7.9382479103452654
256 9.392455436979027
257 9.050636194348211
258 8.790753199152597
259 7.886678174378729
260 8.679004657352928
261 5.34575816762544
262 6.153819042334224
263 5.869744996321692
264 3.4856043979528013
265 7.1157846531394755
266 6.590015405181915
267 7.026067549014216
268 7.503706417275444
269 5.72302135770701
270 5.05782248226309
271 6.205166380808548
272 6.861265522210992
273 5.243597738849508
274 6.140467123455775
275 5.9148985347375955
276 7.484644188810769
277 6.012101346054542
278 3.880794224169695
279 5.786063340028794
280 6.403235309993749
281 4.879115403573041
282 5.330884723118122
283 4.77480998133748
284 6.407500983310216
285 7.791808709753577
286 7.23242535160873
287 8.693387054640802
288 7.883006267301446
289 7.012927351393472
290 7.508722233576775
291 7.128177741751145
292 5.5186575509183085
293 6.901341335218976
294 7.152542033417402
295 4.3645149317161955
296 8.153694694455476
297 7.910760003617134
298 7.0485144954234356
299 6.566337575679163
300 7.683644631936158
301 7.4062258117085555
302 7.89186063744766
303 7.2335070160939505
304 7.516730000032943
305 7.158563386457879
306 8.259859122542276
307 7.427733710796285
308 7.932474833463352
309 8.996601908288147
310 8.502122412382542
311 7.616761252793494
312 8.088863997607678
313 7.863071164729809
314 6.751327588850026
315 7.894661965165813
316 7.929592857553232
317 7.254140916797486
318 5.445118798831491
319 8.385039054485826
320 8.00275642808505
321 7.923603172358087
322 6.827971593516298
323 6.445548505947863
324 8.17050278749068
325 8.098237515685735
326 3.9815132490760305
327 6.091534205738583
328 3.181747193008902
329 3.557526213825497
330 6.170004571671983
331 6.076944895580524
332 7.967353302733489
333 5.0972156981224135
334 8.375877601163065
335 6.076657039435457
336 6.625505100633284
337 6.621966758317537
338 6.162372074807062
339 6.133771498211287
340 7.666339380424165
341 7.645680393404656
342 7.338630253051253
343 7.740319682097628
344 8.541901264771456
345 5.79767766517139
346 7.105226096574849
347 6.977696471968202
348 5.977786111626778
349 7.22159779259167
350 6.6850237205439305
351 6.256081575126671
352 6.076145265801742
353 7.016135271917613
354 7.895836125450007
355 5.330534564143509
356 5.473728887716195
357 6.004262137021479
358 5.360721280615336
359 5.717199387916053
360 7.066035742227699
361 5.838480574246711
362 6.889482103053966
363 6.484498100887285
364 6.273187512851155
365 5.275306377924114
366 5.656231136398096
367 3.505019707712261
368 4.674567603249788
369 6.935669931506734
370 6.18221049675409
371 6.485930392397696
372 7.274738774060534
373 6.399474058118791
374 6.111786536648803
375 4.716855283926268
376 7.491679925809689
377 8.017195140318096
378 5.218990071584946
379 6.0720965646374045
380 4.565158088306283
381 3.531029323599236
382 3.5398690341409824
383 6.365741525901306
384 3.601328519072076
385 4.058283089451497
386 4.662413799450476
387 3.643639584082087
388 4.517704900465341
389 4.608700817051129
390 4.179110722976719
391 5.490323766190177
392 5.060236019869389
393 5.7231104943388
394 5.976533717293608
395 5.785871944145791
396 5.559816959665883
397 5.703230318939403
398 6.458080634702495
399 5.693909112187016
400 4.267276973862986
401 5.102153499743255
402 6.326832815796818
403 5.2006490542465755
404 8.434933618151785
405 8.207226197745191
406 7.543264977548889
407 7.250714068658897
408 8.620171580471455
409 7.3694186767092456
410 6.984054632089242
411 6.288282813522472
412 7.301309124103938
413 7.858708985750924
414 8.106673279686765
415 8.488917787955788
416 6.434852256654192
417 7.437543508594739
418 6.378751781657183
419 3.922084142643161
420 4.186499305620018
421 4.878420188290953
422 5.901157693378741
423 7.6641274856328
424 6.275182449081993
425 5.921066343784255
426 5.822552027508833
427 6.000341248252461
428 6.945783076563149
429 7.040331216058545
430 9.292811227590349
431 6.974962194446228
432 7.0330886766204666
433 9.634818252089332
434 6.195849610183258
435 7.9163318680721915
436 7.22743771658717
437 6.516077170079905
438 5.571752227903401
439 6.849403403274695
440 7.393863383240518
441 7.163032790328932
442 7.461381369096277
443 5.687229861523829
444 4.880218543090334
445 6.180596692742071
446 5.4843762942368235
447 6.179025498273224
448 7.201227185783263
449 7.185069221338404
450 6.135320901014938
451 7.036995589738069
452 5.2629755497619
453 7.694759985623419
454 6.213682616666357
455 6.9534589286059285
456 7.771072253414427
457 6.673084913959491
458 7.758879943102848
459 7.734769740591947
460 7.6192689144325465
461 7.1163942575366494
462 7.4115582155696265
463 7.710315160238871
464 7.051261303866637
465 5.740353135703676
466 7.051842765894782
467 6.911753714556865
468 6.662614803053434
469 5.737894895290707
470 7.656418455940445
471 6.902564474002403
472 6.402771982178865
473 5.208932378750156
474 6.573369765501466
475 7.288139184843947
476 7.847814138025069
477 7.497277206195206
478 7.691364340293809
479 8.392884485575896
480 7.109780689067064
481 6.138556508975527
482 6.6922376132595485
483 6.8904127332757765
484 5.888980833364244
485 7.358397216622461
486 6.922861407028816
487 8.667114038388224
488 8.066309655606624
489 8.176636106258801
490 6.967851306268455
491 7.366543951192775
492 6.850756152404862
493 7.321520948219519
494 5.994104350841877
495 6.467197336007598
496 5.790333426160884
497 6.498464669301226
498 6.804774542833784
499 7.545937005726325
