0 3.9364578243548074
1 4.108447207735976
2 3.8501100249613645
3 3.358537003652196
4 4.14380490701742
5 3.4983548039224814
6 3.5186317899029254
7 3.916264621375936
8 4.000301724051745
9 3.500490247574505
10 3.713480505812679
11 4.541401102337165
12 3.358541991874763
13 3.4463664095010627
14 3.86667858769104
15 3.604403941248177
16 3.6250867916419143
17 4.190277412587565
18 4.424552544217332
19 4.41094098362106
20 4.165246617555055
21 3.490625726853102
22 3.7621728099558993
23 3.580936525849344
24 3.5710045970261057
25 3.614259335123681
26 3.709072743595003
27 3.2998832960243885
28 3.286873016296933
29 3.42688646140857
30 6.003314641924272
31 3.4227149691457632
32 4.298484604898145
33 4.050456628866109
34 3.624501039865367
35 4.25615968912562
36 3.9423122816001475
37 4.167877490807788
38 3.6130060805770006
39 3.5768387689987664
40 3.592086088446202
41 3.5098203370875467
42 3.5256467925021755
43 4.456196257995851
44 4.318925021791073
45 4.038463556212322
46 3.7753623979502913
47 3.868373889365904
48 3.647115588498738
49 3.7975525498235165
50 4.162361167526865
51 4.063444291868017
52 3.6233906000413434
53 3.6200420918725458
54 4.279339054476258
55 3.5861374735340594
56 3.501382144674596
57 3.6515452728488804
58 3.617311022251317
59 3.732239490521328
60 3.911597861196294
61 3.5141196742061336
62 3.5964022652286802
63 3.888624724048326
64 3.3994879454149527
65 3.529683156081155
66 3.5819890940201318
67 3.9374235717218036
68 3.871038134414649
69 4.38710481685966
70 4.162870164746162
71 3.832635444520774
72 3.4614959000633814
73 4.072076843720984
74 3.4415363766290406
75 3.4228354826292975
76 4.549610897138248
77 4.342501382409085
78 3.4176803722847255
79 4.217700766221508
80 3.3433864581062656
81 4.145659064957521
82 3.469031121487957
83 3.534951314275161
84 3.4425012016275742
85 3.700451796165298
86 4.158050775718848
87 4.098787938655448
88 3.406099196973081
89 4.137335778454391
90 4.036740578576524
91 4.30272948489513
92 3.708477846014444
93 3.742994473890275
94 3.888696639138354
95 3.4457451035704993
96 3.690405970518617
97 4.259037474716748
98 3.888529194108089
99 3.6025492604425167
100 4.232291801589634
101 3.9642726765454124
102 3.6462777864162197
103 3.5016527535276123
104 3.9104807741421674
105 4.082186925975682
106 3.5356093446478325
107 3.684446986163051
108 3.707933657302955
109 3.672609335242091
110 4.0498966929555085
111 4.014742768265949
112 3.615885313413626
113 3.516451296215444
114 3.368981112441216
115 3.37910372105562
116 3.5775866060228574
117 3.7066761929828753
118 3.819359460520285
119 4.051848656792847
120 3.621401038069068
121 3.514006544571175
122 3.5854172435273446
123 4.485562814031499
124 5.3487461498580755
125 4.819576707208866
126 3.4809778903885396
127 3.9452207624084474
128 3.721681506618674
129 3.370257736198622
130 3.9332361548174988
131 3.685025798627013
132 4.252384808400517
133 3.603463408473771
134 5.353651124495581
135 4.280559111715342
136 4.288994289132534
137 3.491186169550053
138 3.7910056738144977
139 3.7685858764186744
140 4.472014690839741
141 3.493789129713086
142 4.625257215051133
143 4.273706854897385
144 4.38897404346772
145 3.888153422697659
146 3.489321402220131
147 3.9139040620855448
148 3.5770830531968483
149 3.899209329677121
150 3.446145676298348
151 3.786009304819616
152 4.3145472277548835
153 3.3432383364096308
154 3.537219672046995
155 3.4863182145778886
156 4.5876311473298035
157 4.631493112716688
158 3.7531867604309865
159 7.347930258546998
160 9.213549250431889
161 8.3055268114428
162 4.528576190958466
163 6.183787847116732
164 7.2733049424686556
165 6.870750154924378
166 6.525582377314849
167 6.150846605584244
168 7.622662775326553
169 8.498900025170018
170 9.105571265554218
171 8.317272661265548
172 5.607691476066115
173 8.123374255479243
174 5.10238487071854
175 6.3620788727639965
176 7.480629368963959
177 8.420983817535063
178 6.4589950370989975
179 8.088035285480487
180 5.55045549824331
181 7.568969801154401
182 6.588790693289388
183 8.821994796125717
184 6.830185673548493
185 7.085292888894145
186 5.7988691351786725
187 9.29318228454876
188 7.989736353601711
189 7.013626997696507
190 6.831241738921041
191 9.91273294488918
192 6.854609675178478
193 7.244304162299324
194 5.428798665703004
195 7.188702448032136
196 7.589514285211291
197 6.263675586696009
198 5.828139154064069
199 7.228058459710441
200 5.599281487931182
201 8.106337297552777
202 5.6063718031377086
203 6.662059013960191
204 6.161400935071007
205 7.741163855149265
206 7.254480713673106
207 9.011235299225056
208 7.485118768714939
209 8.546051508116596
210 9.27833213164219
211 8.761284345176058
212 8.399785960166552
213 7.4191821280362475
214 7.598380963037528
215 4.405516272934126
216 5.24349488422386
217 3.7629422188517325
218 3.470588123707877
219 3.640424659221514
220 3.8560316810145494
221 3.529161920049479
222 4.150470904340199
223 3.5484859115309977
224 3.956529238819162
225 3.5106971255456187
226 3.429565813520679
227 3.3985422267577396
228 4.226776147531114
229 3.6011506731842347
230 4.582037247288275
231 3.745720451163147
232 3.453481761996737
233 3.5057890067100628
234 4.035429432743914
235 3.369486259564488
236 4.136496095565854
237 3.333429890689773
238 3.2720592383972904
239 3.6437723256246644
240 3.762510689807531
241 3.4059128690443465
242 3.9477605689639343
243 3.876894907529025
244 3.926064305664148
245 3.82494956442705
246 3.8434709139536696
247 4.226911904097785
248 8.171422946472587
249 8.899107413839538
250 8.492807955154086
251 9.563620512073443
252 8.388410004015048
253 9.822838733972377
254 10.385287686594967
255 9.302462618607187
256 11.070880254866191
257 10.626864243310472
258 8.178929111402764
259 7.91607397927018
260 8.514187935546198
261 9.945187411613883
262 9.902803311417099
263 8.993590777737463
264 8.509037291809857
265 8.405064738216383
266 8.835887773606283
267 8.948681579237153
268 8.643437190839014
269 8.903649501305647
270 8.421145613405049
271 7.854521594372144
272 8.164343308068775
273 10.017578457664936
274 8.604882633901182
275 8.271540371128934
276 8.488321236372931
277 8.450644337110587
278 8.686198138007255
279 6.912535308408121
280 7.873291077813943
281 8.5591625736425
282 8.235896888538957
283 5.869709003288403
284 5.205458014491755
285 7.0381581286254615
286 6.782250520138448
287 7.136698413127512
288 9.570981848704799
289 7.360845843236955
290 7.365924404880857
291 7.560351060712074
292 6.962918218493491
293 8.182007463579202
294 6.593608189589572
295 7.531974274203574
296 7.375611257735675
297 3.387947031071012
298 4.7070305529793
299 3.895623570895917
300 3.8128628624671657
301 6.30623305883276
302 5.313150240080325
303 4.415060641100889
304 5.1312003407487605
305 4.980244180241609
306 6.459991876492648
307 7.488183222215474
308 6.99177153493045
309 6.602491589859145
310 5.500157310385776
311 6.644384632053155
312 5.171381267175454
313 6.571528982005554
314 4.2618598335896785
315 4.792936103542225
316 3.7785047595555654
317 4.0782097567693585
318 5.09111487021668
319 4.604310845854517
320 4.617369657454434
321 5.426194987441217
322 6.518913580787477
323 5.0771909823997925
324 4.425733226954935
325 4.917839037282221
326 5.345130971005676
327 4.920084525866927
328 6.427250614466657
329 6.406200034365186
330 5.033056579795351
331 5.468897879437147
332 4.231259804261208
333 4.091688087264444
334 3.705960640926408
335 4.4714317993975365
336 5.08637307163443
337 4.108506321702698
338 3.542776899423186
339 3.530156191915045
340 3.5435949786296197
341 3.7162637264992875
342 3.6495981460881546
343 4.170239099936443
344 3.732341987148337
345 4.739617067827517
346 3.864389740010878
347 4.096988537561124
348 3.4938164332656134
349 4.095189894127055
350 3.3139946713303945
351 4.2281479568490425
352 3.544173351157407
353 3.772085001316011
354 3.820838388346116
355 3.4534438014617876
356 3.3132332922600662
357 4.529304046462349
358 3.5282929079513368
359 4.133914000178331
360 4.4919074302087
361 3.976664979177969
362 4.264621147418384
363 4.284904023693095
364 3.8480805393549193
365 3.4741700451365016
366 3.5054366725409536
367 4.47993764302593
368 3.9183379918337446
369 3.537507851672115
370 4.113455416545446
371 4.022079567352448
372 4.464621277033242
373 3.8970134244727244
374 3.552927414720542
375 3.411235891143471
376 3.3699575052001887
377 4.056780162722165
378 4.262347930186002
379 3.5755294780878333
380 3.5779123970237263
381 3.6565931011769957
382 3.366315170618787
383 3.4549529939508314
384 3.9652153944849116
385 7.520961001808301
386 3.6438137867270397
387 3.55855114476673
388 6.716155077937241
389 5.30385415498947
390 6.896151728628785
391 5.248155718934846
392 6.275859076666578
393 4.865077069978645
394 4.509875390750644
395 4.541244359260006
396 4.523935217332205
397 7.269004974755506
398 4.610888561810079
399 4.63862760284032
400 5.164206880975397
401 4.745523800408983
402 4.074029205581779
403 6.727966702229909
404 6.171313709313452
405 5.608410050885638
406 4.409753421623497
407 6.262512575281765
408 5.1168044410089335
409 3.496291396640989
410 5.321548757001804
411 5.232753451485843
412 5.719130851164452
413 5.022215998349494
414 4.118341535730338
415 4.654277407221931
416 5.161324571773568
417 5.482837269643301
418 7.494404642223098
419 7.5318963718252725
420 10.301896256918953
421 8.995606240839306
422 7.080618415951252
423 9.038028459899513
424 5.064943969069067
425 7.072803873675465
426 6.818068793125445
427 6.962828368596111
428 6.458106012138589
429 6.893960871695559
430 8.174256341332033
431 9.003868193014306
432 7.720127888158041
433 7.32530210441965
434 6.110628493213285
435 7.6510534598382565
436 6.496162804704494
437 6.891510515889253
438 6.351483007115434
439 7.017037409900671
440 7.205228520467294
441 6.945306930600169
442 8.531675141803849
443 7.728649179725383
444 9.28034198042456
445 7.270181500186359
446 7.672710119242476
447 8.014473821915644
448 7.129016615913569
449 7.996186856282897
450 5.806994321480044
451 8.666103944456154
452 6.709629228414839
453 5.138871878112684
454 4.377374500144753
455 8.010482865095119
456 5.615664329188674
457 6.775137195157226
458 6.263649622137151
459 6.179296552782817
460 4.528010809325052
461 4.970353774771492
462 5.428067658905136
463 7.295864728256096
464 8.065976237046431
465 4.6154772030251445
466 4.771774427583674
467 4.870174146880931
468 6.709984454031388
469 4.77409950485087
470 4.275176486231995
471 8.347244288730597
472 4.281845469052249
473 6.3099046671744095
474 8.311333197507107
475 4.387903967578414
476 4.947979439271905
477 5.80741785669296
478 5.254782204847492
479 6.470164903543885
480 5.614043022959768
481 6.313720370226176
482 6.53261386096037
483 7.167703784221317
484 8.064898909618023
485 5.99369784632
486 5.655974568549089
487 5.942350824075585
488 5.757773946089944
489 6.674532046810178
490 7.630352272148499
491 7.491769190585954
492 5.1534801570370234
493 4.492084070717809
494 4.19997152231006
495 4.126450757981597
496 4.201978277073541
497 5.3914758995572205
498 4.660049963199825
499 10.221339519441559
