0 5.728248719073366
1 5.660242363890757
2 3.815449465069761
3 5.4550132814538275
4 3.8740413185835925
5 8.909110426285642
6 8.66744511113512
7 8.510568302822579
8 6.709772550084913
9 7.127816040212731
10 8.39623057162186
11 9.317270316598535
12 7.565529523827405
13 6.53162658522145
14 8.000505388538977
15 8.852514096033797
16 7.784599946203073
17 4.859807873266993
18 3.7482435088935318
19 8.818434957511185
20 6.749287792198041
21 5.1299125780175805
22 8.316232552359006
23 3.93831715460095
24 4.769447106184149
25 8.07125771254195
26 3.7974124389650474
27 6.786263143424445
28 5.342171857360611
29 4.1070898090613746
30 3.743254306370397
31 5.806307885874398
32 4.281718819718712
33 5.965817105741015
34 5.582732404734735
35 6.926048895249168
36 3.709443604849073
37 4.040238319251508
38 4.0061416664490235
39 5.108651881379327
40 6.89710154224895
41 6.979035007171984
42 6.56891770316269
43 3.788856511733418
44 6.5855061253659395
45 6.816197509919788
46 8.029042315291196
47 4.517393445040375
48 6.309161479715249
49 3.640349811553118
50 3.7906299177026463
51 3.7010925494509506
52 8.139152954294815
53 6.119395732311278
54 9.661359995678016
55 8.146617627711628
56 7.222628423972175
57 4.459845729393619
58 3.9733277144811154
59 3.8387140967220725
60 4.614053472177114
61 7.830361627206616
62 8.332879772158234
63 8.601311663908806
64 5.817358949655352
65 3.313631218969942
66 3.9039504948415567
67 3.790495414598662
68 3.9578361983640375
69 6.449526979487946
70 7.918212776460639
71 5.911425691737639
72 6.766379970311646
73 7.023986371637955
74 7.27331306704071
75 3.889854602079795
76 3.928583848929574
77 3.9390253466584726
78 3.8121968446767265
79 3.750954393423472
80 3.338257665998743
81 6.171196710823913
82 3.531494933037553
83 7.8243106364118225
84 4.702509603961402
85 3.877333681434253
86 5.482266791497139
87 3.7952103108956896
88 4.035219391968884
89 3.943563023211279
90 4.878614559618071
91 3.739988333456685
92 4.65891281785967
93 3.991290720308458
94 3.706451107420984
95 5.0604297895180546
96 3.794429768848564
97 4.064654821236217
98 5.261363318969655
99 3.9128542548949996
100 3.4631001784102384
101 3.6566279898056653
102 3.990913508136863
103 3.8379205897290207
104 4.0212035836187985
105 3.90648140061487
106 3.7823718193450038
107 3.554361230334009
108 3.6843823803286986
109 3.6003547637805835
110 3.993796404887263
111 7.127002822360568
112 5.925080857914335
113 5.010355327627914
114 7.081529678590942
115 6.005991110072383
116 4.618749377802679
117 7.285300349508445
118 5.935704555737153
119 7.481131934942307
120 7.494834466069324
121 6.003309203357847
122 3.635456924759287
123 4.446278775955705
124 3.2850526662207433
125 3.595325999554372
126 3.8228355223938144
127 4.02693928962741
128 3.987676030199541
129 4.658736736043643
130 3.814241700917391
131 7.435811026175264
132 4.018145756759664
133 3.889387793518681
134 4.0639130622846595
135 8.262527436680749
136 5.644141848791251
137 6.927619083352738
138 6.881020684609284
139 6.861689608314237
140 5.434453083136198
141 6.64120145586667
142 5.616336547542811
143 6.209297967360576
144 5.723534501721422
145 6.854009608119582
146 6.562890902011492
147 5.030378188252326
148 3.9464716929351247
149 3.933251752067517
150 3.9951933892337306
151 6.04847976269901
152 5.909610927979374
153 4.070006077281221
154 4.284105468028839
155 3.825955305720867
156 7.340976699356531
157 8.636008527370013
158 6.8106282523125
159 6.094987742133137
160 7.304870611489139
161 3.2228116972372742
162 4.750428394383916
163 4.437494105389066
164 5.845055997761448
165 7.0074360455778475
166 6.335629739620836
167 9.138007465082737
168 5.983667403987536
169 7.291499516531351
170 9.73395045544068
171 7.4673245830119885
172 8.055837322360555
173 6.357877464551566
174 4.112634047518546
175 3.7170032854889334
176 3.844040736960254
177 8.778550498488713
178 3.672851882689727
179 3.3047996985408714
180 4.073611314697877
181 3.637698804200545
182 7.860289951229753
183 5.081575641898362
184 4.192270410587695
185 7.618855826176801
186 4.217968443991821
187 3.9099227054513377
188 3.742926740007429
189 4.112265902982864
190 3.807916820948556
191 3.7060056936217585
192 3.949558756418273
193 3.812243289351758
194 3.931291976352444
195 5.580621455958302
196 3.7518614933903494
197 3.6519582574808136
198 4.474257184603391
199 4.103145552297173
200 4.001703399046721
201 3.5375191345647368
202 3.8647795527689945
203 4.916878898116646
204 3.933712167681874
205 6.900966430648062
206 3.8443048220398617
207 7.786189858605476
208 3.7722798821514005
209 3.4120448706807727
210 5.829870008627518
211 4.434238321605735
212 4.034172877633489
213 5.198655511443735
214 9.183841400755172
215 4.979944814068349
216 7.246872235702556
217 3.9609108005661597
218 3.7256659543267645
219 3.956976557344016
220 4.512788912089557
221 3.7293903869132143
222 5.926422812711498
223 7.172517222478617
224 3.776391826054824
225 3.758399555784706
226 3.7337217758928776
227 3.2465044489153656
228 3.5408288229416027
229 3.7049920389199618
230 4.260295274364763
231 5.856801273481998
232 6.0484342737699155
233 6.680355549800202
234 7.548261054385732
235 5.47961286129743
236 6.658982044050272
237 6.539023710380388
238 6.96939603365093
239 5.2815913031706785
240 5.233733792908094
241 6.179988559693151
242 3.8930058513534522
243 6.018782631083545
244 5.57071930950568
245 5.894895488790425
246 7.124054806101358
247 5.822491870679135
248 6.449525526182601
249 7.455484406078455
250 8.435232772830956
251 4.097127714485969
252 4.008438728527149
253 3.9285972561077123
254 3.885985037623211
255 3.8494034879205694
256 3.960064424485
257 3.775425268543871
258 4.223987032924639
259 3.0596805379414045
260 4.1059584579305
261 4.281312652595152
262 3.849064641745208
263 3.851983064223322
264 5.537666718477309
265 5.907925561121299
266 3.693485572618623
267 5.04933157170607
268 5.447142942755084
269 3.96107382431912
270 6.236805091651723
271 4.273911949538089
272 5.053570394532736
273 7.098659803079972
274 5.47436988156859
275 6.13959148048021
276 4.030210052988521
277 6.699630377474896
278 6.970033601166702
279 6.30810358168069
280 5.516669440330925
281 7.133031466899447
282 5.048632384106456
283 6.3243267037432815
284 5.939644161020002
285 3.5918971218341347
286 5.553855196688488
287 4.902512909063719
288 4.258653891347327
289 5.959456500421489
290 4.778791233561168
291 4.888657473702382
292 6.002733419784198
293 3.776651533189743
294 4.095647528904097
295 6.2441249425932845
296 4.134064599458601
297 5.382879758621873
298 5.217396954309875
299 6.334659729505909
300 7.427225712328248
301 6.474443478174094
302 7.8132561679295796
303 5.357563134403708
304 3.878053788244807
305 6.509035032832141
306 4.979620722839987
307 3.7977728619225455
308 5.2598744291761514
309 3.5102038020998423
310 2.998418791713058
311 4.049972029174582
312 4.10063050583823
313 3.9783358549905614
314 4.880302163970465
315 3.8333891330973873
316 3.7929710628162594
317 3.9183083746806413
318 5.026363760830051
319 3.989010384843379
320 3.750643672838262
321 3.8312863111492095
322 3.5158904499643846
323 3.829499852811373
324 4.4978677654695725
325 3.4296524900426903
326 4.882917254401606
327 4.236078069163806
328 5.222907949572763
329 5.639582140927206
330 3.930748494680116
331 3.957993876217309
332 3.758185721701513
333 3.8126817024492743
334 3.6025455648985982
335 4.139427531500532
336 3.752952587049392
337 4.044424883013004
338 3.6371045012880585
339 3.690116196705792
340 3.8298333426115847
341 3.8728081231493867
342 3.8321794621587544
343 3.9065969686212307
344 3.789992334420033
345 3.844114669136173
346 3.700022672317825
347 6.322200389779249
348 3.922231717053191
349 3.8095738204776555
350 4.033268700263598
351 4.690673193519147
352 3.726842160962426
353 3.702230955941718
354 3.8738102480489878
355 7.486697903313478
356 5.228870525180773
357 3.558876733938678
358 3.8402583711146803
359 3.8553153335975994
360 3.612779949600359
361 3.5683619366633748
362 3.4407254483837573
363 4.084086956959799
364 3.621426300099783
365 6.475677916714871
366 4.851543286213816
367 4.251199618215657
368 4.399108771187249
369 3.7483119335435977
370 5.991809642576282
371 7.460182244969368
372 8.698001818567542
373 6.125330823187425
374 6.094417369970795
375 5.3346753334872234
376 7.963513571608913
377 5.493879164492984
378 6.983550894189923
379 3.8899171344082704
380 3.750861814532134
381 5.0800676040901465
382 6.198101497484656
383 7.435322991181708
384 8.987106062967655
385 6.777071666765031
386 6.598782901665015
387 6.799616814325978
388 3.5315750706836018
389 5.3447097111538255
390 4.500281634449289
391 3.5926535557902635
392 4.251577860755772
393 3.8415192155706293
394 4.116505941137972
395 3.5562096236823657
396 3.7359354359442882
397 3.6241197368218443
398 3.9407575222337345
399 3.9306986376627675
400 3.63270639243398
401 3.522504120858404
402 3.911500647149984
403 3.7309636878694215
404 5.027751990786439
405 3.9441898139153437
406 4.010081125214546
407 3.7273941519597336
408 3.920563406081701
409 3.910922991238265
410 4.076990064635749
411 3.850727146567905
412 3.7221032249246955
413 4.368241437216884
414 6.102903738507722
415 4.085786081664435
416 6.128098338704908
417 6.9731388871762965
418 3.8564205089733
419 4.191517811502106
420 9.588430140791367
421 3.998416618009289
422 3.8260597105285843
423 6.336718059382504
424 4.035424714140756
425 3.6444255111344104
426 7.192836368194753
427 4.015628142123501
428 4.258005834269528
429 3.5595838243915012
430 6.9555609426107905
431 3.968165157058678
432 3.746062446471031
433 5.108375418894429
434 4.476226235825143
435 4.598992157773971
436 6.04945451328446
437 3.807095552606726
438 9.432806298453654
439 6.808822298905246
440 3.7107918857454045
441 7.654185834289122
442 5.2409691757362635
443 4.092799975010623
444 5.666204470897464
445 3.8875611770022953
446 4.2877406639496
447 3.7459407608018664
448 4.095060730011922
449 3.7021138053443
450 6.333122697127984
451 8.550382298995352
452 6.801210686616915
453 7.077152854936047
454 8.617742865048381
455 8.040029084464205
456 6.4353678220576835
457 8.032739888312276
458 8.330498699161032
459 8.097295185362594
460 9.245874596411529
461 7.860041225320708
462 8.460657555469417
463 9.119205778719227
464 9.026690702356756
465 6.904876731085359
466 6.999323232297405
467 5.509952772765802
468 7.628670492163966
469 8.200546297881877
470 5.569442889866576
471 5.399531307220988
472 3.7351046402847525
473 6.885419850998393
474 8.110030325881759
475 3.79594931010534
476 4.0757154954108215
477 3.737296337880327
478 3.542835843600726
479 3.680527378912777
480 3.6543989419509377
481 3.156734333044994
482 4.263124096536587
483 3.709961976460299
484 3.4494197634508468
485 3.7509355807101
486 4.01790770504704
487 5.547944025762585
488 7.206022778699965
489 5.9561708317096995
490 3.9271098148120718
491 4.07106983274151
492 4.847736677248684
493 8.217790835541786
494 6.321257704097712
495 8.628059449250893
496 5.548198640818184
497 7.954716994122037
498 5.929425932300566
499 6.829913345603833
