0 11.536783562716892
1 12.36244151145512
2 13.227243059552904
3 14.793306085568124
4 9.87772054336219
5 13.430401834276964
6 12.179152771692408
7 13.115238612231817
8 10.151798445634546
9 14.2397299014853
10 13.664755717461421
11 12.590653918974745
12 13.717851087151255
13 14.978627934074927
14 13.030991033167226
15 12.59293780300639
16 12.804808995543098
17 13.618088089080786
18 14.293508019463832
19 12.496421494993921
20 8.691695752066913
21 9.036357183144318
22 11.305586260013499
23 10.297256095472415
24 10.805293809353854
25 11.002430881804102
26 9.743401527198074
27 9.222952210377569
28 11.10922279175563
29 9.876217088697087
30 8.87538150938559
31 8.861714485884091
32 10.244116093277025
33 11.44109950915498
34 8.941773987231642
35 9.160351373519873
36 10.729322533937985
37 9.780875673009925
38 9.382452967451888
39 12.673687464902972
40 13.681716741938505
41 13.353776796999808
42 12.441667243334196
43 11.165405694858102
44 11.485716364779845
45 11.070029298468281
46 12.770617807433062
47 11.91186573251134
48 11.68950355063472
49 7.981751117911205
50 8.492658100448729
51 5.220101218185254
52 7.9214855049725585
53 8.734214102275033
54 7.62989215595125
55 8.21075022883523
56 8.255050674278914
57 7.685658978779361
58 5.684132140832889
59 9.249245612591261
60 11.90246879231572
61 11.429151334874348
62 10.20337752902123
63 10.596295304301805
64 10.831228125481655
65 12.155601331323302
66 11.852099116847276
67 10.913682063661279
68 9.455693723023664
69 11.951508061043668
70 10.282161982260815
71 13.68686616200203
72 10.053208788986813
73 11.762965677990204
74 9.487603074112126
75 10.064704790439947
76 9.996532948556895
77 8.795030823149558
78 10.283383944811165
79 10.704399853869836
80 10.079671498099
81 9.757724171969983
82 11.609590479309569
83 12.976609813256463
84 12.054723344053185
85 10.160799112022298
86 11.775646225276335
87 8.712628886657539
88 9.41375918575242
89 7.522011027561027
90 8.530581944251246
91 5.856385813510998
92 8.304104218348813
93 7.23296091093487
94 8.931300386440196
95 8.004220774996417
96 9.212357151260445
97 8.799293881424648
98 8.84856328043145
99 7.487111904047748
100 8.75627456663695
101 6.9943268095313735
102 8.109431475674922
103 7.347678413446593
104 7.4762526062774075
105 5.644862007857735
106 5.935024015289646
107 5.572770802817616
108 11.638607636550095
109 11.23741292083526
110 10.494330021100884
111 9.94380986742665
112 9.476049866072811
113 11.23836869256381
114 10.729611804852425
115 10.227139808032558
116 10.616658948315749
117 10.641376398119691
118 10.82289483042007
119 11.04067148835426
120 10.915843710018077
121 9.91856138060453
122 10.118935252956723
123 7.752180483681117
124 6.503260410063839
125 3.5576909635550975
126 5.356650863656812
127 9.390182145322933
128 9.17372769127386
129 6.223084881934543
130 7.823733246654764
131 7.809067412659825
132 7.344090412997134
133 7.72850258033762
134 7.663482039079848
135 10.916890545915749
136 10.282605623742974
137 10.769910967696854
138 11.174539648996088
139 11.35463481014995
140 12.496954015914541
141 11.636493632212776
142 10.664024560201653
143 10.00554824996362
144 8.72497775964357
145 10.14597163341862
146 11.64944255894306
147 9.908458654002636
148 10.96154228381776
149 11.484824891541468
150 11.102122859642085
151 11.294425038510893
152 11.579301190178029
153 11.191347356287164
154 10.196027561547913
155 12.644439796356542
156 8.644101882949672
157 11.002177406360556
158 10.637418016152164
159 11.051647903297358
160 9.563248003582567
161 9.877917285342853
162 10.054137558306817
163 10.895217390334752
164 10.697843432843564
165 10.783969955448008
166 12.01539858078323
167 11.732623456122319
168 9.816182348370189
169 9.611770702733496
170 10.832168112139714
171 10.758913237401442
172 11.835731311774087
173 10.615471101722399
174 9.5013606946033
175 11.489121023826568
176 11.092726887544655
177 10.431442874062835
178 10.171295259306275
179 11.748205407496558
180 9.660413168229903
181 11.864406969562712
182 9.385668739321066
183 9.339527397948345
184 11.006896690349862
185 12.166942114896672
186 10.687016937101786
187 10.35975017100167
188 11.972913718244138
189 11.747828985403064
190 10.526154366914371
191 10.561561975022899
192 9.951312005665978
193 10.229561132374235
194 10.176270338189388
195 10.639785513130924
196 10.999318334736044
197 10.641654025056589
198 11.961461029820088
199 10.504163417448943
200 10.95676189524516
201 12.535053508362408
202 10.530240810956311
203 10.61894133786633
204 12.502339666525957
205 11.364393300958424
206 10.791551647658304
207 10.858747874411103
208 9.795334264107147
209 11.216943936234156
210 11.884982964177617
211 12.024653776363872
212 9.940803968725268
213 9.573124083630098
214 11.080426983704497
215 12.246131075413546
216 11.30455800209722
217 10.3767543908993
218 8.893551683037169
219 11.112371913038768
220 12.432018906716445
221 9.188259022411488
222 10.129305573786075
223 9.604425801253733
224 12.435203070626532
225 11.252671583526183
226 11.234705665423068
227 12.077535307106324
228 11.062706838089172
229 9.997686158193046
230 10.827669722392978
231 11.181861812256948
232 10.722295861043689
233 11.198014467101205
234 10.017918726996188
235 9.744556493527355
236 11.582763483479098
237 10.16594546175623
238 11.232968812750636
239 10.710701331835478
240 11.23173536115311
241 9.749496139493484
242 11.43667572284899
243 9.017265162798681
244 10.676463263837647
245 9.910365433199974
246 10.868781375608286
247 10.921313958178125
248 10.346645364624713
249 9.740971580626153
250 10.71088509489367
251 10.521898080300085
252 10.358272751974805
253 10.041401965739313
254 10.163991486524543
255 11.10580480348307
256 11.537863112211747
257 10.8673604721609
258 9.951657716199772
259 8.46871720447529
260 6.581938486473242
261 4.380001149309003
262 8.647938087714891
263 8.033948654423273
264 6.188576013718173
265 10.424761610144802
266 6.5013483867234685
267 8.89302588844952
268 13.287117657296244
269 12.149878096754328
270 10.74831151698421
271 13.224097813139855
272 12.556012103206239
273 12.40285434167561
274 10.471909254150976
275 10.857436038058335
276 13.619683536031273
277 11.352703889538715
278 13.437821091496318
279 13.87351279385122
280 14.058976201085146
281 14.04899919633517
282 14.34925574805893
283 12.534165099236208
284 10.775689523684745
285 13.00091669983294
286 14.11612993350543
287 12.15848406277017
288 11.008543489170608
289 9.635587673975161
290 10.123920057317939
291 14.07702437885854
292 13.025606610538675
293 11.716928525844759
294 10.751027360871337
295 14.40965631370547
296 10.765731079761911
297 13.196352912741478
298 12.40271816774286
299 12.18002879472502
300 10.9486773347965
301 13.254278889789207
302 10.318701335508953
303 10.873325795450395
304 9.519546110816151
305 12.357614830288474
306 10.960462968536106
307 11.489063797023707
308 10.773140597615884
309 14.92019822424997
310 14.665293347326948
311 15.00304803280242
312 13.598759227533668
313 13.188301162815833
314 14.472016744661035
315 14.529956248001394
316 13.537775092585825
317 12.369761000691318
318 14.225875985548843
319 11.111966680902622
320 13.645921486418134
321 15.57042229482986
322 16.17006977861975
323 13.632585007988805
324 11.464562479782957
325 12.302072909579339
326 11.067785713756109
327 11.306514208456358
328 10.351692272775269
329 10.952838851665227
330 9.052935942504355
331 10.411058308256546
332 10.732481314272029
333 9.996925439073319
334 10.654102302799492
335 12.664665886528413
336 11.61425883849343
337 8.587818511440313
338 9.802941867497493
339 9.763536812925805
340 9.064543942729442
341 12.120070200397661
342 11.724661094709745
343 11.046910014806823
344 11.398232281345415
345 9.479057070993335
346 10.416840773870394
347 10.790774487400425
348 11.23574500382792
349 11.240679423992884
350 3.8084299470506413
351 3.296255855195671
352 3.7344150373962233
353 4.895746796402054
354 3.229192888180284
355 3.6453780053739475
356 8.591848946873833
357 9.52114211079244
358 11.1464045374604
359 11.737385204334773
360 10.215137448479865
361 8.616214596763733
362 8.60245159651969
363 10.80439481338793
364 11.210472362492624
365 10.496829173070676
366 10.626121047462075
367 10.520996123939643
368 11.058991999749653
369 11.38535430651531
370 11.679617588498425
371 11.690251266750149
372 12.149446848550365
373 11.46554449554538
374 11.986812724262924
375 10.577524677721197
376 12.662987932194635
377 11.579115205343438
378 12.780523229308658
379 10.672031488925546
380 11.700431986729688
381 11.59427666600541
382 10.976256708223902
383 11.267935517765997
384 10.651263677693615
385 10.746180052845478
386 10.010254225822337
387 10.519649984336793
388 13.57539725820235
389 12.406060797382615
390 9.239248875981447
391 7.770840460529295
392 7.52798693023192
393 8.592815409445432
394 8.736268604529515
395 9.700891486280245
396 9.177821687513672
397 9.644741247112073
398 7.643678410534742
399 10.736890742986526
400 10.714518742529616
401 9.454979547560338
402 10.049306246555728
403 10.715486718884145
404 11.657913571541311
405 11.475011168336383
406 9.580963699159126
407 9.631533710419033
408 12.005228455189522
409 12.466548842323604
410 10.684629215680085
411 11.239388725796381
412 12.478445198081209
413 11.11794191621164
414 15.317892330779985
415 11.874400545518188
416 13.15018816540502
417 12.83659638792633
418 11.34195726690568
419 13.057211450392582
420 11.839493763470383
421 11.753078851108894
422 12.684818221951241
423 12.951366301562786
424 13.090597640174659
425 12.492991393155943
426 9.926138525722052
427 11.957377091696813
428 15.371639614029839
429 10.867746621549168
430 14.004618911115601
431 12.691904859976257
432 15.373398452372381
433 16.58091233135282
434 12.95095518415541
435 13.959992335120825
436 12.31901347294994
437 13.51323638032433
438 13.017419545356871
439 12.672488652458863
440 12.517513181151877
441 12.748657218083013
442 13.006386617253593
443 11.465839198137584
444 9.652266712194589
445 11.971765120181669
446 14.468937993995326
447 12.455237392482125
448 11.612225018278815
449 11.455804093085451
450 12.678492414473821
451 12.91989829736449
452 13.740162227271712
453 11.800776639864534
454 11.695037304058372
455 12.929953050254312
456 12.463043100092108
457 12.082552729870255
458 14.212914230743301
459 13.829179007187166
460 13.046977512187043
461 13.3476071193099
462 13.431759272776931
463 13.195800210020003
464 12.301241132112533
465 12.93871823400658
466 13.850678072648414
467 12.802462134544443
468 11.391457331927375
469 12.347197491093358
470 12.2419471874094
471 15.186631196099349
472 14.788921207275711
473 14.630987441767699
474 13.506724091646756
475 11.018790372523087
476 12.4579151250492
477 11.975027457440193
478 12.444152097171978
479 12.638314385971853
480 12.734485910437892
481 13.749842848726056
482 11.875653270111659
483 13.883879116550515
484 11.615304953770842
485 13.448073334406919
486 11.393552225257356
487 13.786988634831589
488 13.82805281750667
489 14.612693183223275
490 15.137612431616516
491 12.072848450207612
492 12.776576570133939
493 13.009114843801438
494 14.906727714442454
495 14.193633696686787
496 14.173580855558967
497 12.760129238967103
498 11.978852967452315
499 11.792587776020376
