0 6.7558910323496635
1 8.169054469252895
2 6.990116913966269
3 7.028818167704862
4 5.555824932596487
5 5.883596584475664
6 8.508376903492906
7 8.44712246246569
8 8.404624024609198
9 8.696588381689452
10 8.072151560309363
11 8.3738605463026
12 6.358905732697243
13 8.773372848508139
14 8.150601249982628
15 7.394077828741117
16 6.42596219133511
17 6.737577809545427
18 6.158569284452055
19 6.795454580538194
20 7.766730680186917
21 6.954168426382631
22 6.313041353607334
23 8.488613829343931
24 6.845736795116367
25 5.117970695499965
26 6.407476501314887
27 7.17536431684319
28 8.481450430878528
29 7.76055428555778
30 9.218597398015126
31 8.516306086901485
32 8.208755003533879
33 8.664324393711707
34 8.361151069513909
35 9.270957214640958
36 8.312849226699928
37 8.538798134383732
38 8.196283743173836
39 9.115172506041182
40 8.620748598931458
41 7.0180157330158455
42 7.318786319021929
43 7.240488234690276
44 6.942618272890077
45 6.723585517286022
46 7.003303714951711
47 8.447173304509029
48 8.860246487107517
49 8.05877351228994
50 8.393148347022114
51 8.883065851770839
52 8.737526316509289
53 7.559868491588523
54 8.98144821973963
55 8.642479881005933
56 8.813644589121951
57 8.806808124781549
58 8.357165603549642
59 8.29625330518048
60 9.185353221240119
61 8.361142745531117
62 9.685545032598714
63 10.296277315780841
64 8.685963357431085
65 8.771527619621146
66 9.238697900903723
67 8.618474860068034
68 8.518773982671679
69 8.05253195458479
70 9.089301169959304
71 8.13365162924342
72 8.355974742015707
73 9.000966931335016
74 8.567091674891223
75 8.566505077593483
76 8.386683000077978
77 8.809032144102893
78 9.312591610491836
79 8.370013426082268
80 8.976065715566676
81 8.795797998327837
82 8.593423960695231
83 8.44966851927804
84 9.259179840109297
85 8.493560468703446
86 9.011706667256913
87 8.781924561196115
88 10.777014635735158
89 9.037237059316928
90 8.845626728702776
91 8.672193760087975
92 8.556403962853894
93 8.356069674364756
94 8.559294018794496
95 9.686533919861535
96 11.254493491760453
97 9.260386927072565
98 9.638569493652437
99 9.892595671526482
100 10.469383585127156
101 10.540099359192359
102 10.301833319696119
103 9.639337499921973
104 10.462137073505891
105 10.878202067510765
106 10.38364313790003
107 9.942522833345995
108 9.344449189469255
109 9.733373418628796
110 8.764763906358352
111 9.904668971961067
112 8.92198999669355
113 9.243840043276716
114 10.406403084485444
115 11.564530288412374
116 9.88237536267337
117 9.997440244627553
118 7.895202664034051
119 9.52536249382263
120 7.681470532303762
121 9.73370499907223
122 7.427841012559264
123 9.012244745146173
124 8.002137111854365
125 8.968292592296251
126 9.72379180500856
127 9.663630218204066
128 10.052325553038258
129 9.118350654312959
130 8.475715694480341
131 8.618168008537959
132 8.801588505758986
133 8.507001773773766
134 8.814914538786304
135 9.04260380204373
136 8.36110673275429
137 8.020673638667958
138 9.997317843554086
139 10.021176725109969
140 10.324393891650447
141 8.756095478582292
142 9.477116140661977
143 9.032237370449833
144 7.885654748194599
145 9.289747830295447
146 9.304008663050412
147 6.867093907922553
148 9.90183062301661
149 8.917842215071365
150 9.734093490096605
151 8.206873949753586
152 8.715125615380947
153 7.9942612966144235
154 7.875082069999331
155 8.947490774146324
156 6.989649991909867
157 8.430269018326646
158 8.204723541234657
159 8.30988789014091
160 8.112652920730909
161 8.267217370361921
162 8.414640139602833
163 8.426230208493527
164 8.386745699291305
165 6.684580811918301
166 6.884207940953783
167 7.645486762010464
168 8.641187373895077
169 8.783106675253519
170 6.670041385193535
171 8.095941368269711
172 8.142664253158358
173 7.542551208947615
174 7.542791827372233
175 6.763053285380549
176 5.974436737641041
177 7.856754860150513
178 7.626441780722484
179 7.231226881355206
180 6.619974371716258
181 8.202772870167037
182 7.015893219172336
183 7.991581209266014
184 7.0412590607586685
185 8.192035415022957
186 7.13927369032905
187 6.658652829815461
188 7.005717865722388
189 7.014477210916036
190 8.52236595112128
191 8.662701902403203
192 7.839744517473773
193 8.272645346933878
194 6.812243688863086
195 7.9938352790946405
196 8.160105452690186
197 7.4947555816782385
198 6.72199916780311
199 7.007201903629798
200 8.10113779311109
201 8.704391148833944
202 7.995435132317883
203 7.4851436123777475
204 8.046112831014499
205 7.756264900294067
206 8.492143161750752
207 7.985495001454195
208 9.377603947644626
209 11.553404566395837
210 9.628935271294923
211 10.687882259887846
212 9.35257126259302
213 9.30388634790045
214 8.464766076180528
215 10.956170231700929
216 10.003554479561027
217 8.495604119404808
218 8.753108401047482
219 7.884827644246375
220 8.502190799056757
221 7.927775929113141
222 8.503274456853067
223 7.146563791930834
224 8.314991156720948
225 7.9619314752370105
226 8.256313986604523
227 8.600021741786518
228 9.031355748241264
229 9.483089874283738
230 9.160623316025376
231 8.563141460260326
232 9.816409197591323
233 8.929403900230128
234 8.332273328789187
235 8.884038385370895
236 9.379776004788786
237 8.505837094314526
238 7.437085857211768
239 8.461156120318137
240 8.46218929211378
241 9.020117495766682
242 8.208221679052471
243 8.388657036324044
244 8.852482269098063
245 9.999160263968506
246 8.55275215583385
247 9.107154263031505
248 9.798298085835437
249 7.219879464724807
250 5.677288805776687
251 7.685213166150494
252 7.586075767378413
253 7.586288241821171
254 8.214722930352913
255 8.548638272371004
256 7.1684711760184845
257 9.588101956986925
258 9.460164071861888
259 6.282896264917355
260 7.755546016089743
261 8.067367130462463
262 7.608275076473196
263 8.001010769124996
264 8.440528388593519
265 7.435323995845172
266 7.4865600962403915
267 6.993371031990764
268 7.022576879703675
269 7.712088303913192
270 8.517025315671972
271 6.477576864542749
272 8.461800145600153
273 6.13180136401575
274 6.666282253147448
275 7.652804641548084
276 9.508191537217904
277 8.614942273169607
278 9.209730449714913
279 9.03570530643488
280 10.135738045813449
281 9.896930694181211
282 9.463885091845915
283 9.547707606733645
284 7.212929366723245
285 7.835534144193338
286 5.380705786711677
287 6.706232795075788
288 6.127856429982359
289 7.302766406426602
290 10.094429640315006
291 8.016327366220606
292 8.21101084834437
293 8.135641833356798
294 6.999573912634474
295 8.284454579170543
296 7.363681867275562
297 5.585751847655402
298 4.557094498888593
299 4.540047567399299
300 5.2842892025618395
301 4.2297645633398595
302 4.262521809531352
303 4.283814730456332
304 3.7297368653293126
305 4.205854547120303
306 4.058114918143917
307 5.963990107382356
308 6.4346902071992105
309 5.864399885723369
310 6.293360604943012
311 4.9031696942041165
312 4.119998676220571
313 6.066718319679994
314 5.664607655412435
315 6.836897728384508
316 6.788137839098413
317 6.082873740368446
318 7.650268049073853
319 6.6646810967143715
320 6.888993583255778
321 7.189674508474804
322 6.660373014178715
323 6.569417456026234
324 5.383251168484243
325 5.04386088212549
326 5.892027790118479
327 5.365811122490779
328 7.0153546188342455
329 6.780986354748232
330 4.852704483569728
331 7.209324253720399
332 10.084787267046448
333 8.895182787018706
334 9.629919083873647
335 9.321850945929004
336 8.842057378193713
337 7.033601512719792
338 8.57609049706878
339 9.823793934578111
340 10.027766887605686
341 10.24034670793294
342 9.166225289588498
343 10.05582000099604
344 9.803947664275986
345 10.006199611007759
346 10.630286283438421
347 9.94889196709374
348 10.390969762003673
349 9.93523456304017
350 8.670545871162668
351 9.640688815544838
352 7.835436584899476
353 10.15893455019547
354 9.338169098970438
355 9.179504333782852
356 9.006180332114067
357 8.959925393226223
358 8.615653917335543
359 8.648791627919667
360 7.6690981144412484
361 9.351659395668186
362 8.792066469912381
363 8.720015357056765
364 8.466219748982532
365 8.560437507190965
366 7.4738075042093115
367 8.819736943316563
368 7.872867161234384
369 8.287848310690375
370 7.575838801100499
371 8.410959796223576
372 7.538068529940957
373 7.155523854505679
374 7.909487470829615
375 7.14563695645409
376 8.062534452613408
377 8.19383455955415
378 7.2021179341093555
379 8.263204825527145
380 7.931008406775297
381 7.581027707936896
382 8.640123371865624
383 7.329703572601466
384 8.037816244752875
385 6.0344635776600395
386 7.404917031568774
387 7.455909493491829
388 7.230207913135692
389 8.076497090985573
390 7.57288394020334
391 6.979592960082317
392 7.0009396971365065
393 8.828346220681938
394 8.82190371411447
395 8.906053078877182
396 8.268197185198753
397 6.605529345878127
398 7.353097757354975
399 9.53331890222419
400 8.100956436040283
401 8.642465634780798
402 9.609468948127933
403 8.973597675602349
404 8.794543028735564
405 8.16211187128465
406 8.423104019435701
407 7.701785318595516
408 8.417080057873234
409 9.075539223186272
410 8.811041778649109
411 8.057765351297947
412 7.883247526569567
413 8.131188197371348
414 8.463405854061365
415 8.695677066857233
416 7.607321368686904
417 9.20003341701005
418 9.035944168547601
419 7.447172791233395
420 7.519994902404033
421 7.074046957962997
422 7.443371243121041
423 10.054563443680633
424 9.926137300148495
425 8.576175242011741
426 7.6028915711364045
427 7.773037225716333
428 8.45866769948739
429 9.285026113150774
430 8.217192040844266
431 8.84532586341774
432 8.899852140388186
433 10.391679251922557
434 9.79697570066407
435 9.744330770872907
436 9.443767008953339
437 8.962014404912292
438 9.594146454643703
439 8.70902657958647
440 7.384788246730157
441 7.71448304039062
442 8.60864339410923
443 9.026113788291749
444 8.666137483051235
445 9.226063270164117
446 10.28142136185296
447 8.926474011903833
448 9.748667499954172
449 10.571092375408606
450 8.459658879682287
451 8.680027587028935
452 9.56171779988684
453 10.385479545184594
454 9.752775675037448
455 9.22068071024315
456 9.185477469645567
457 10.069190784295051
458 8.656040197225433
459 10.391056024516947
460 9.48152759817952
461 8.552927264466703
462 9.495421705904258
463 9.913677875768215
464 11.174165159662033
465 10.091267960362877
466 9.155125929476737
467 11.029225384892756
468 10.117420733252587
469 9.804741030263264
470 8.94745536362491
471 9.462153093769608
472 9.939917733994264
473 10.339158920879974
474 10.792065141563496
475 10.489922122293546
476 9.88761819265464
477 10.121621429784168
478 9.972380124122092
479 9.219835787585925
480 8.931713667741079
481 9.431845486356716
482 10.097258378125865
483 11.002401727919812
484 9.759396704365278
485 10.23575985266456
486 10.5165957278111
487 10.459489571172657
488 10.397030472323019
489 10.02889464689475
490 10.501843227572888
491 8.670294012673308
492 10.08053015702685
493 9.479563994888064
494 7.697503171038887
495 10.066063855905288
496 10.106581390105669
497 9.944556063135037
498 9.221168723027416
499 11.046089004214044
