0 11.112755155624871
1 11.353598557228652
2 10.998720391303959
3 10.91731993452145
4 11.911367266243406
5 11.348045372297769
6 11.106017520435145
7 11.440559379966727
8 10.607068283723487
9 10.86869214352055
10 11.798641236719762
11 10.642362677217204
12 11.875092328112355
13 10.583676436305472
14 11.739029711388598
15 10.267467545380473
16 11.267296974117958
17 11.19253713366698
18 11.557899342515222
19 11.983014166705125
20 11.183406876742335
21 11.478436652381541
22 10.672088726569939
23 11.915951257103302
24 12.047095175072409
25 11.620995807919227
26 12.061307316039255
27 11.739920811680033
28 10.655947640092226
29 11.58471558741651
30 11.700395543148737
31 11.547950559802695
32 11.17119472450702
33 11.268895716218516
34 10.064073776822601
35 10.320302811972518
36 10.264521541470335
37 10.412364077007314
38 10.286793358534673
39 10.172665830888231
40 10.635280745580284
41 10.091094520524013
42 11.193028243266417
43 11.147337187408537
44 9.564537072981354
45 11.014700534397694
46 10.510613399521054
47 10.872249323619531
48 11.699384802405888
49 12.31600659769152
50 11.216648448222362
51 11.819903756621118
52 11.449841299546597
53 12.187394806305555
54 11.940890977787104
55 12.82525613508071
56 11.874151208653554
57 11.776901950178322
58 13.179488311142602
59 13.003735114632557
60 12.523032532559766
61 13.369542220234502
62 12.71935440643155
63 13.62347912470805
64 10.589764920926088
65 10.98784825676286
66 12.776739585235667
67 11.958608728840375
68 12.306638642307567
69 11.520699615145688
70 10.756232374192992
71 11.835192148502985
72 12.99500725692098
73 12.895713746639922
74 12.923459174880346
75 12.559412232244023
76 12.463000454418601
77 11.677454977687031
78 11.919639879335504
79 12.33435347363947
80 12.903679344475579
81 12.691072000948118
82 12.344924328776866
83 13.394395048620396
84 11.406694840625402
85 11.59590718548314
86 12.302907742965084
87 12.661279513361103
88 12.248131925006351
89 12.082942882628073
90 11.741798649221694
91 12.411868266828384
92 12.317363018902604
93 11.179207868661733
94 11.552150873496686
95 11.908238257688367
96 13.117435292750613
97 12.54945380462231
98 12.926878728779554
99 12.064612951501688
100 12.66900617699097
101 12.369375352586209
102 11.578786507590365
103 12.298524994650414
104 11.930500249283774
105 12.217388962408739
106 12.40379788344239
107 13.0715157946548
108 12.028748173646981
109 11.589470558155169
110 12.198206275431877
111 11.954942506726079
112 12.85108168509252
113 12.108454822969119
114 12.896055841736993
115 12.93034052650299
116 12.573885501479964
117 13.222958271516388
118 12.866682604764641
119 12.017004226509911
120 12.36192288321665
121 12.410338170284874
122 11.617668426710699
123 12.854983168804559
124 12.829561067235405
125 12.226989534316498
126 11.90106574691679
127 12.837575978359524
128 12.741675684750824
129 10.625472524041681
130 12.200425822899
131 12.73875286358234
132 13.214068623290286
133 12.35872306154888
134 13.331321727516178
135 12.888261551698681
136 11.899178990752825
137 12.39298971965001
138 12.797787310876297
139 13.040872186173612
140 12.44038594211626
141 12.348963668553356
142 13.036691578745382
143 12.370377096814021
144 12.407964536635609
145 12.401898896982418
146 12.264302600938361
147 12.76862118450245
148 11.94445672787793
149 13.12345832684708
150 12.527797920768178
151 12.645852547781786
152 12.36275182858917
153 13.138036609469049
154 11.838245444122904
155 12.241209016351743
156 12.713447227919968
157 12.409300270751451
158 12.81142405011581
159 12.549219416130615
160 12.555659700414372
161 12.614779062298556
162 12.005222608670284
163 12.827225359032585
164 11.77587815959094
165 11.68338142723863
166 11.495716875681824
167 11.493243298907661
168 11.694384552201395
169 11.23062392397443
170 11.759547135256547
171 10.97056562538286
172 11.862036712156902
173 11.778201319151597
174 12.460551225305146
175 12.412372036973306
176 10.726866062525533
177 12.779423945265252
178 11.91525046810703
179 12.128320701882386
180 12.104719139173298
181 11.209835047155455
182 12.24458053247486
183 11.40097633098195
184 12.475225582501679
185 11.85441544152874
186 11.719181525947675
187 11.401224931159192
188 11.510456792919872
189 11.461530153687844
190 10.587096801570231
191 12.47285411548726
192 11.91052135482858
193 12.614256072973925
194 11.818805619535528
195 11.556925928685017
196 11.779964540851124
197 12.196902998919711
198 12.479060334976419
199 11.508556305251437
200 11.67783554570495
201 11.584802504164532
202 11.974218683231761
203 12.194583568701905
204 11.25989844217604
205 10.92476325943617
206 11.627927976782244
207 12.307522732834776
208 11.358635654254943
209 11.13642614026248
210 12.017411817928767
211 11.638273509907046
212 11.60757001387932
213 12.375471775042472
214 11.837509204533283
215 11.600555245307564
216 12.191771802521153
217 11.040944726329025
218 12.519341121227168
219 12.641878135599335
220 11.117972929073549
221 12.422689676289657
222 12.070510511440224
223 12.395469079346306
224 11.152791480986833
225 12.075774461360334
226 11.224537264575286
227 12.145886949322147
228 12.231753767513673
229 11.843528751917685
230 12.017779502171027
231 11.926300804759634
232 11.257582780070678
233 12.205484431463272
234 12.203309513504797
235 11.768779625766255
236 10.99422288698415
237 12.350259578065764
238 12.062799589240628
239 11.780650768900827
240 12.133124776177496
241 10.788059755617837
242 10.567870960965768
243 12.18663788666001
244 11.666111838729856
245 10.079267677540198
246 11.045566809343809
247 11.485484119854698
248 11.754613637765422
249 11.80829436735801
250 12.062588417558372
251 11.772096882318008
252 11.89695253812194
253 11.101672907555951
254 12.171451754552534
255 11.426822484651563
256 11.500064430806939
257 11.27606782407384
258 10.67764739692241
259 11.480624732267563
260 11.709090899716136
261 11.262647570340393
262 11.054686993026195
263 11.106288877862509
264 11.587746754529412
265 12.35665283050073
266 10.746722213412694
267 10.870763763824066
268 12.356266821985372
269 11.649652610345731
270 11.232620527292811
271 10.446080609524468
272 10.5869725387645
273 12.434530472630264
274 11.295739569485328
275 11.241111520868818
276 11.187447939451316
277 9.68507224770856
278 11.523327628030767
279 12.128511519732488
280 10.987732019637457
281 12.496911369389888
282 12.26258274236277
283 11.229990032990056
284 11.0413209483336
285 10.75920473109982
286 11.580619734040937
287 11.827699958429323
288 10.856163177998598
289 10.9648917460082
290 10.808714853864837
291 11.391109932846042
292 11.219714782946351
293 10.33353245531072
294 12.159267287376876
295 12.019102478103562
296 11.070540193340081
297 10.767024927212356
298 10.585905812442391
299 10.895584061416136
300 11.223993667323258
301 12.16292287667673
302 11.885456882479982
303 11.501834984049204
304 10.891478031999238
305 11.705017615822133
306 11.758039329889735
307 12.271735509440695
308 10.88657869897313
309 11.506830738785405
310 11.858970745677091
311 11.214271381606778
312 12.082091510294639
313 12.681631045478825
314 11.71839233529631
315 12.497718278309597
316 12.051552365288375
317 12.66244565154566
318 12.151944465869642
319 12.233002869636383
320 10.55639096084249
321 11.982282545515481
322 11.796073907716242
323 11.568608146324971
324 12.384813818245114
325 11.040146023991241
326 11.85648608539657
327 11.406164977331287
328 12.196026204370382
329 12.092954019826779
330 11.981903038216142
331 12.192173903356183
332 11.5799061418475
333 12.026994634145428
334 12.66422012994469
335 9.446431275566477
336 10.511747567197848
337 12.57972443719671
338 12.214074642960764
339 12.629555669250806
340 10.77168753353179
341 11.189905203288108
342 13.021588978870462
343 12.454385001711746
344 11.791765998401855
345 12.598036493697277
346 12.091390542707803
347 12.019879371776723
348 11.48107881524951
349 11.877042952814543
350 9.760318958562769
351 12.779564970900013
352 12.332381736586237
353 11.990556698151911
354 12.848880420097174
355 11.956386926132677
356 10.355407892953698
357 12.436865467562672
358 11.674294191970683
359 12.078633117228783
360 11.530342050701941
361 12.44823874693807
362 11.79975585595429
363 11.02983940679365
364 12.004265478933425
365 11.609519218090902
366 6.52738126069945
367 6.556152125065388
368 4.334883332759725
369 5.863841528149235
370 6.895137189306698
371 6.699487923700922
372 6.086788750956883
373 5.579519180972683
374 8.201555839242783
375 6.233200723599728
376 7.279908952814686
377 3.962909758250677
378 6.669931913983284
379 6.759799397145471
380 5.860358901506397
381 3.985957669773474
382 7.332127026216203
383 11.978038799453952
384 12.511090888910887
385 11.466369865668181
386 11.219407282065607
387 12.281883390520756
388 10.955682013372323
389 10.239434889680433
390 10.742268683658642
391 11.090500058325446
392 10.783639468208465
393 9.832434471031586
394 10.805079021052144
395 10.879184888144971
396 10.438538300495273
397 10.621945847789439
398 10.363130056210363
399 10.804181897071674
400 10.196511367196992
401 10.204078243053985
402 10.97654436120356
403 10.606089461342622
404 9.663204313751985
405 8.198359395026753
406 10.853309446744856
407 10.750240001045887
408 11.177475593037865
409 10.096083694507678
410 10.329213122899313
411 10.127848846278088
412 11.644401123356248
413 11.91699504679185
414 12.110116305063979
415 12.757680750271573
416 12.467605780468512
417 11.85237385043054
418 12.962773407051856
419 11.526324512513115
420 12.480334348780465
421 12.199371928579636
422 12.188153109346196
423 11.975192890062589
424 11.762177012764516
425 13.064404963761815
426 12.533468452007117
427 13.015162011920035
428 12.425472981603129
429 12.440813970552972
430 11.29896920958339
431 12.400350420455704
432 11.899039714520681
433 10.663901393085327
434 11.659892852952508
435 13.091892131361638
436 11.170257291862585
437 10.553681337527442
438 12.112286861288636
439 12.552087766101822
440 11.040670843468094
441 12.649583246247165
442 12.030248251918046
443 10.466879417571393
444 10.933501966026048
445 11.812332187311798
446 12.772413084206965
447 12.653285999466245
448 11.137918132809915
449 11.852717782993002
450 10.967932497996571
451 8.556989364382897
452 11.882618674919147
453 13.024011923909576
454 12.26518703714098
455 12.004083781369129
456 12.7612570251655
457 12.941200630969933
458 11.739688429283488
459 11.582366160543103
460 11.602019391996626
461 12.265759564855017
462 12.437976919211625
463 11.838651565513945
464 12.009015371095977
465 10.805242535095553
466 11.027843247225649
467 12.019346389302072
468 11.829228280142479
469 10.163136285917412
470 11.977988389063754
471 12.0859357751971
472 12.316214074284455
473 11.329729251183869
474 10.818197705115896
475 11.82254329983022
476 11.787789782639429
477 9.19797622569606
478 10.711513931761724
479 10.470331105657339
480 11.593334253173554
481 11.069611230625535
482 10.535794920090106
483 10.745136929611343
484 11.638775291410699
485 11.744436356912686
486 11.35871327224008
487 10.214389736709812
488 10.62120949330457
489 10.888890411806562
490 11.70938762237654
491 10.500854188747242
492 11.002617842711778
493 10.730634995582108
494 10.892508224795314
495 11.310760122172796
496 11.811252055042221
497 11.31180991448848
498 11.257296649911003
499 11.95017007522488
