0 5.04226182554086
1 6.26042469039384
2 7.84952815808406
3 6.540847580192825
4 7.362111531339038
5 6.916707005572823
6 3.7912685962147004
7 3.9529977519446193
8 5.021893524217808
9 4.590476760197791
10 6.00429987137971
11 4.653952563014257
12 8.596151312256797
13 7.571162292775474
14 6.145405745372813
15 8.530286063439624
16 8.033862965442422
17 7.15220227089027
18 7.695420933675874
19 7.625961178812431
20 8.309888731019896
21 7.987799609295325
22 8.566091611756399
23 7.789288769124179
24 8.682872507837056
25 8.985116503753204
26 8.60877945020898
27 6.667238790812557
28 6.010645756037301
29 5.983002525268266
30 5.955753596126039
31 8.087872619211288
32 8.250488405652684
33 6.426000218713613
34 6.251660226948703
35 5.807844030418823
36 6.936586440190746
37 5.167894986496588
38 3.891398344827141
39 5.4151184289813346
40 6.95298767860118
41 6.54424048992412
42 5.537102529052855
43 3.625875238427227
44 3.8761195860553808
45 5.240461620693659
46 5.0908219218575415
47 4.095368616770842
48 4.1919144462547795
49 4.945478068511327
50 3.8179397692212937
51 3.9237572280323847
52 5.377477391422557
53 3.903587309020594
54 5.590299102609681
55 3.7349114162909864
56 6.466387701628433
57 5.803967153151119
58 3.987338388837564
59 4.649863292384608
60 5.490459743739786
61 4.3775805486503
62 3.9286985422442755
63 3.918470777684149
64 7.069679762433436
65 7.269560497191051
66 6.453127851472732
67 7.7644194057102185
68 7.825417604267973
69 7.503643599436548
70 7.500924669207159
71 8.742943902146559
72 8.28674231836103
73 8.076376116074405
74 7.116817238365702
75 8.94226753297899
76 8.49764271876343
77 6.641967549345718
78 8.031929851926234
79 4.151756779471182
80 3.9886780892461817
81 6.4790194386264846
82 5.024560504174616
83 5.886684397497688
84 8.64612135070387
85 6.003006105630606
86 4.175432655222755
87 4.082022397072849
88 3.712099802414448
89 8.427557945590598
90 8.088462991838512
91 9.610541782660267
92 10.184614212585341
93 8.475636077099038
94 5.606315420682313
95 6.653521844992447
96 5.071024420412939
97 4.102775663600286
98 3.745128896803544
99 5.7623524982439775
100 5.015703520675303
101 4.444151697213147
102 3.8327060873044583
103 6.129177976434261
104 3.779209312693939
105 3.762626191554189
106 3.9579387334347613
107 3.8133788179690464
108 3.8022753222394163
109 3.872361509311769
110 4.210039327613122
111 3.872162044841797
112 3.7542229852805096
113 4.878824569246925
114 5.356909327236907
115 4.116628547771039
116 4.926495127223614
117 3.8316134563575566
118 5.223706370621156
119 6.239702648571469
120 5.210140877255261
121 3.9538928070442143
122 4.091186779016042
123 4.2691364303515416
124 4.08677134924298
125 3.9861767531830354
126 3.726380805369317
127 3.8363755977832614
128 3.9778381611879747
129 4.013643293135673
130 3.707446044372903
131 5.830482880708145
132 4.176451105721009
133 5.474180290154274
134 3.7299339676631735
135 3.8576066816155548
136 3.658812737088512
137 6.556965542864251
138 5.77497665458862
139 4.942935225091872
140 5.38160719137063
141 4.29463651435917
142 4.395859910762109
143 4.102555074480993
144 5.51583215750612
145 6.119651089618062
146 4.4795088294058205
147 7.31452217143677
148 6.053100462416136
149 6.419690221381621
150 4.9181761524922045
151 6.101995701647935
152 6.374575945555108
153 5.345151782861159
154 6.859374681214086
155 8.072579134325297
156 7.428032297342094
157 6.911683710680505
158 8.063987046418234
159 7.404117709775377
160 7.25061833962089
161 7.981187990771109
162 7.504705820657267
163 6.440008179737326
164 7.0214210723100985
165 7.429254054319595
166 6.994252073344673
167 7.13629316753012
168 6.727345329148186
169 6.503934738914361
170 4.889193631841994
171 6.169271326693717
172 5.367204686392287
173 5.298275191782613
174 3.766683365931567
175 6.093225809681814
176 4.915083071023181
177 3.9004759180389414
178 5.305760979784169
179 3.969044013410465
180 6.0065155328190665
181 5.24938193973891
182 6.21364956244296
183 5.408339496930087
184 4.805718981007484
185 4.696549450309357
186 4.9281869216108865
187 4.068985158893697
188 4.425986570444393
189 3.880275901195313
190 3.225667937897699
191 3.8903623212518283
192 3.7071568171633604
193 4.18749835492871
194 3.5781907426044994
195 3.8801097901532176
196 3.6681044982992574
197 4.416087617801426
198 4.565532400008168
199 3.9092025706247773
200 5.063329911216322
201 4.39689587324085
202 3.7351930292982427
203 3.404129485723739
204 5.311310883153124
205 4.030560093659724
206 4.3012199097206185
207 3.819639409788586
208 4.267315964262534
209 5.873574569678376
210 7.244276485013602
211 5.111899726681208
212 3.943317436641442
213 4.4407578828730285
214 6.121990835994303
215 6.891678425479212
216 5.928353267538087
217 5.280870293756236
218 6.066216479443135
219 5.988115761025201
220 6.172691534979766
221 5.901978111510745
222 5.4051456349101095
223 4.354560521397202
224 6.564884028731063
225 5.796556578293744
226 4.8956881287336795
227 3.5309540256283434
228 6.034765621910417
229 6.453511669993901
230 4.567467279772007
231 5.508676467828067
232 5.900876470226068
233 5.341683478974883
234 7.554531427722399
235 6.85753335943335
236 4.035659588217718
237 5.787333906534773
238 3.4690606495089016
239 3.5660189826699034
240 3.5177606276639204
241 4.739193337143852
242 5.304487205369284
243 5.416555149564647
244 6.317129662447888
245 3.8625340385840032
246 5.823242064383387
247 5.6309670398572775
248 4.224516331611384
249 6.275323710653433
250 6.0368081549180825
251 6.097260165094746
252 6.381531061327861
253 5.893236304098192
254 6.259097212335025
255 7.212220100164799
256 7.17386416775719
257 6.781939268626401
258 6.276629523037967
259 6.7640052068310865
260 5.775399314498583
261 4.963460129047918
262 6.981687652106798
263 6.967596036611127
264 8.000971031543347
265 6.870471295283746
266 5.1130207193441315
267 6.023221723543209
268 6.718771762168938
269 5.464168417272126
270 6.042097954848796
271 5.748756325332571
272 6.552162914174376
273 3.6882561942419443
274 6.242692410633412
275 4.93051133476817
276 4.275315644403787
277 6.815395895513872
278 6.541823735084728
279 5.8900513104567045
280 6.074161493089191
281 5.235054227849354
282 4.810434506267081
283 5.339594908278142
284 6.7396888028473985
285 6.733229262307113
286 4.455393834601301
287 4.454856588735986
288 5.113731189779835
289 5.276636306852067
290 7.348524173163698
291 5.295218859943958
292 4.121112841748028
293 5.7580764454868225
294 6.080200121745262
295 5.118147736799293
296 5.5438373358170825
297 4.078891793467625
298 6.272222421639938
299 3.874663065409084
300 5.446552513644968
301 6.434120298580201
302 6.477950999286933
303 6.89681831335972
304 6.609244719264153
305 5.852298406525428
306 6.063478984141572
307 6.3143577216700395
308 4.277722111443727
309 4.977053445823802
310 5.098636266360453
311 4.397581531443462
312 4.125448393785719
313 5.068786111477812
314 5.2888423620811436
315 4.509398752242062
316 4.987993733452694
317 4.075107760025667
318 3.9009278414686848
319 4.34690791190207
320 3.8706079689263593
321 5.442036619900787
322 3.9768837137083652
323 5.5934282321873425
324 3.7864474071168424
325 3.9439934053636985
326 4.010891235332049
327 4.288098847498063
328 5.215746585811846
329 3.5356671832328983
330 4.130331308201739
331 5.3582166797839905
332 4.117830584946221
333 4.172486739999902
334 3.8541398640675
335 3.5231108296400686
336 3.8600530378460784
337 4.086482440133866
338 3.698772143368042
339 4.0944547797922946
340 3.6581120280965354
341 4.0503502685086055
342 3.70585461906356
343 3.769290001905722
344 4.1708521192607435
345 3.6688903158235826
346 3.9296819060336188
347 5.287479054781174
348 3.121427300593025
349 3.8728248005610517
350 4.818698905375206
351 3.736480771173921
352 3.6918197654923537
353 4.805742632088473
354 4.116184030698224
355 3.755379596691292
356 6.552618469523799
357 3.6988376437979036
358 9.536652801371444
359 6.207546278827704
360 5.247196748774047
361 9.370889565675851
362 9.55271679560274
363 5.809959681002092
364 6.192499339781989
365 5.06846405931679
366 7.134904409941422
367 6.470978523101458
368 6.924626165706733
369 5.534090173565759
370 3.972820797685549
371 5.152359071167477
372 5.916942374904494
373 5.187999416195441
374 6.052482244247
375 5.893245874396671
376 7.830375506560224
377 4.477925656872524
378 4.849200197077362
379 5.507046820369345
380 7.590390555378838
381 11.62267472919932
382 11.145280273541548
383 9.445936385287235
384 10.215444084003106
385 10.402083811998503
386 9.942030463458877
387 8.894845645793785
388 9.350175965934817
389 10.951140812623827
390 10.283862271157716
391 10.177188471658683
392 9.565573605727256
393 10.759058393457504
394 9.894500427632071
395 10.354448530703928
396 9.637041405239627
397 9.899761072591373
398 10.404975464971445
399 9.210728429111333
400 9.532968898671244
401 10.019889783708232
402 8.77167442095416
403 9.539907705378084
404 9.994793756574934
405 7.965884772042131
406 9.787778974965011
407 10.404242157211776
408 9.99162972538135
409 10.918438445191516
410 9.564177680120478
411 9.20871388010969
412 9.898609096559753
413 10.916432928522296
414 7.50344230895489
415 10.581742857759805
416 10.344049264763242
417 10.063226430977991
418 9.378095851671482
419 8.617920657715821
420 9.357325872774766
421 8.467903402767712
422 10.882218576321192
423 8.860809787460566
424 7.953746711444473
425 8.946099735955238
426 10.36556577393258
427 9.409948892804014
428 10.641002860519354
429 10.147647105010645
430 10.425754249129223
431 9.669507613162573
432 9.918640798515886
433 10.49348409453686
434 11.40241653319767
435 7.500766472029324
436 7.520837884292522
437 8.05392691918826
438 8.534885363374377
439 8.84828638687319
440 8.744060804730433
441 7.060324240770095
442 8.552955327387293
443 10.03899341431269
444 7.045747644649091
445 7.116449316921308
446 3.8640076787361495
447 5.27827522538518
448 5.6937717687702385
449 3.842812731225805
450 3.840851985064372
451 3.570927568511555
452 3.3690789349443553
453 3.854716870914777
454 4.040256016447538
455 3.76859256854834
456 3.6054537793885313
457 4.243146759320853
458 3.711904102149892
459 4.001164717052027
460 5.772172013063095
461 2.785094727714303
462 3.8953151582816483
463 6.1077726973549
464 4.236590240559638
465 3.829619330549636
466 3.758112823860234
467 3.653907312978851
468 5.066188344814737
469 3.832192793308473
470 4.290533283052881
471 6.005829659929999
472 4.799977335864536
473 6.1283020193698
474 5.118702932073578
475 3.8953595265862626
476 5.632613681155653
477 6.019530284156593
478 6.17046487834553
479 5.380059560588246
480 5.641553516871224
481 3.782727644322312
482 3.8846374333532228
483 7.448165197583808
484 7.10908343158619
485 5.869448749669954
486 7.472313210943713
487 6.8405703655310255
488 5.95100445516268
489 6.780179604448018
490 5.3321156599843045
491 3.8274460079673607
492 4.131041338301243
493 3.471080725516703
494 6.880496029211984
495 4.213951579242174
496 3.6890484846754994
497 5.48351758807621
498 4.858735191181627
499 3.996127144636326
