0 10.297688454785625
1 9.911077199653743
2 10.352097295377938
3 9.889462417981786
4 7.604936663490315
5 9.267599783199326
6 9.098381665266153
7 7.689972064972246
8 9.103320220789099
9 8.982882059652376
10 9.488324504373235
11 5.010451832929013
12 9.220161151848648
13 9.98710635151437
14 9.869062056267456
15 8.612150686984535
16 8.19407852578204
17 6.528543098356667
18 10.331289505513398
19 11.220238644229102
20 10.865689305128738
21 11.994246315971289
22 10.455202513227219
23 12.012955077991492
24 11.898219403781052
25 11.384274711604212
26 11.191432104532433
27 11.327880181779046
28 10.851534932555952
29 11.826517253141217
30 11.491596087482066
31 11.575494703986873
32 11.206055850877918
33 8.79810751486858
34 8.912199587100028
35 8.603432950624136
36 8.290963255342461
37 8.925877544826363
38 8.921152520487443
39 7.494901638412193
40 8.525702449219938
41 8.895500402860774
42 9.104127463092546
43 8.854206149584051
44 8.644032065912542
45 8.024607877085005
46 10.686650561806848
47 9.708351721474731
48 8.337206434024502
49 9.401452640769596
50 9.922899114646059
51 12.278107308965481
52 9.18662727141922
53 8.666291664929675
54 7.322286555489531
55 9.705925130578976
56 9.343421229288243
57 11.23510003690709
58 10.355596527319646
59 10.633205600208054
60 10.581461502005622
61 10.615137815791648
62 10.856512817852657
63 11.230473233829127
64 10.876061379382149
65 9.885096570972257
66 11.95928873671907
67 10.946880109721352
68 10.324144168354142
69 10.515296258363518
70 10.075772868210258
71 10.488825841481873
72 10.791003573491036
73 10.354353099209161
74 9.436648098768389
75 9.862398235973622
76 9.27800526170425
77 7.1625943159686525
78 10.190698328974378
79 10.311423599649826
80 10.994365143510391
81 10.263651836108968
82 8.02626802569702
83 11.079042178627116
84 12.234066653052219
85 9.831547995345092
86 8.4884753537528
87 9.203797165025106
88 10.398369454356509
89 10.645311695668843
90 11.616507003721761
91 9.75526019571624
92 9.458542973370047
93 9.304678375756762
94 9.54475204696214
95 10.193999986034804
96 10.315710786305273
97 9.077158318087896
98 10.45936902416456
99 10.399039186077303
100 11.213641246689704
101 9.375171215866876
102 10.766118327915342
103 7.436682952775299
104 11.243366220664633
105 9.987178964930573
106 11.677046610316248
107 10.163203800707917
108 10.790041512510532
109 9.362338001796962
110 11.775571414086805
111 8.981953702473827
112 10.835510915640073
113 7.436644101286182
114 10.885778132701335
115 8.133631326355097
116 9.912795853508838
117 9.738167852031888
118 10.374751274604568
119 8.907462820638623
120 8.075007695788056
121 9.919058631746974
122 8.662030448483536
123 9.571388225279446
124 10.44994334411316
125 10.195895267524081
126 10.65009451011852
127 9.595389752115585
128 8.837122330877188
129 7.973471741038073
130 7.597407533828045
131 7.866260392924635
132 8.841797556380063
133 7.549149657268149
134 10.337691736248864
135 10.484567406513483
136 9.967234840015468
137 10.894562949080083
138 11.24099562351205
139 10.073653844605602
140 12.497576698236164
141 10.008138157554082
142 10.059251876928853
143 10.967820596929593
144 8.072309109174624
145 11.441042781713708
146 11.408941518027786
147 9.424943219979712
148 10.75062040079506
149 10.240914022654149
150 11.498979146495591
151 10.766914912125108
152 10.066536705246781
153 10.941583576959053
154 9.111168040556997
155 10.784650527875668
156 10.131910389602432
157 11.16874621737248
158 9.334336059148432
159 12.3429928668784
160 9.74243747043474
161 9.447555700017586
162 10.073382004465186
163 9.915293574368322
164 8.434900565302605
165 11.755158177023716
166 9.505187175567094
167 10.839562721298577
168 11.085081325485001
169 10.92154125076356
170 10.79588225850486
171 8.88186229409906
172 8.217947134292105
173 10.08595687849443
174 10.056700919247852
175 8.393724984916489
176 11.690013633234866
177 10.693787342926049
178 7.863845031992105
179 10.223720975407279
180 10.470039819509823
181 10.248510504200024
182 10.050802281828668
183 10.674354056926662
184 10.71997029607749
185 9.95890453823365
186 10.372682017346099
187 10.612009666436375
188 10.77010139636464
189 7.840757984315558
190 10.668534494584405
191 9.907379118143263
192 10.183594819780971
193 8.42900037134036
194 11.420402813492856
195 11.076655126776147
196 9.611626286278693
197 11.528763185064511
198 9.848365989416777
199 10.135738332511195
200 7.445124450010213
201 10.46353158284346
202 7.309772911550244
203 6.148958248743043
204 6.715095041242073
205 4.273790145496877
206 6.308568320243244
207 9.856397198976957
208 9.205346325815965
209 7.971823565519986
210 8.035071958041415
211 7.964241762311706
212 8.792221978471314
213 4.861174470728458
214 4.5398923319103135
215 5.626366203145222
216 8.995359913103199
217 9.772783561448287
218 7.250005078992522
219 9.81964174490644
220 11.108312931375982
221 9.161470576942353
222 8.775481064951137
223 9.630596871024522
224 9.27854043688179
225 9.256598087210907
226 9.343682753117553
227 9.319278997254278
228 8.083292956485144
229 9.866463696944512
230 9.67056478901271
231 9.849795613870796
232 9.649550932395064
233 10.504703456269553
234 9.315200386212577
235 8.917018890704172
236 8.752946318996008
237 7.7110169453565875
238 6.82933562528328
239 9.34391640998272
240 9.72517171408942
241 9.734756229474979
242 9.754923687680709
243 9.556805871857541
244 9.520006391154325
245 9.152164982406724
246 9.318477752610017
247 9.367736596252131
248 10.031299689842955
249 7.652769978142102
250 8.549576252705991
251 9.59386315630952
252 6.183690031728132
253 9.49152900406061
254 8.856196162602012
255 9.27761713892168
256 9.821191017678519
257 6.640912947959193
258 9.873823064090223
259 10.584993433471194
260 10.596343803954255
261 7.472593141126638
262 10.043851874489135
263 6.607662519702169
264 8.422100836151127
265 7.688779144934789
266 8.520385594993863
267 8.699586605422308
268 6.1963287130668725
269 7.51727872052935
270 9.448764661816693
271 8.931482610455097
272 8.968398019476295
273 6.965221869717922
274 7.354445479189766
275 8.115641928880775
276 8.29711071155604
277 8.198452353459391
278 9.822859649962203
279 11.36056701884625
280 9.763905128716493
281 9.416226662906787
282 9.371177366915104
283 9.067551566990058
284 9.395725051254631
285 8.346475173303164
286 9.577656243791893
287 8.863522164816297
288 10.116250256966723
289 9.63991083157392
290 9.85809357865998
291 9.74730421699789
292 9.360796810404176
293 8.74856281328806
294 9.1302909757756
295 9.721262114364913
296 8.5625270842621
297 8.746773882232578
298 8.56238762297066
299 8.609950601826444
300 9.779762883871932
301 10.506250922572923
302 9.499046114912407
303 9.530703093394711
304 8.303507617715672
305 8.929053294916395
306 8.879930567182477
307 9.609818872724214
308 9.092689407988255
309 8.323439413518155
310 9.202604781638335
311 9.448476721984507
312 10.307811093455816
313 10.338990299308305
314 8.896396214223369
315 9.598719481617819
316 7.874347118822768
317 7.392554983681839
318 10.254454933122803
319 7.926026066328893
320 8.681576111549631
321 8.357657946959915
322 10.143753112012543
323 11.129465028960134
324 8.38750079891568
325 8.697010930449053
326 8.99912396858543
327 9.175095616550006
328 8.936389318061758
329 10.344959048614257
330 8.182996464603848
331 10.429160259969812
332 8.925125072971177
333 8.020982364014856
334 10.540137722906614
335 6.64453738168166
336 8.535762999756956
337 9.552030008516507
338 10.190809224752124
339 7.307315233862165
340 7.786141055593008
341 6.898991437907939
342 7.420533115627584
343 8.687351936650213
344 8.082125620763712
345 7.420593764408969
346 10.300798440356987
347 5.717995921689484
348 7.789436172787071
349 4.6863674186638695
350 4.664189605813802
351 7.633562954728852
352 8.48328857649016
353 8.32062988790618
354 4.913971713085754
355 6.420401155858728
356 6.580320895185921
357 7.742044451802445
358 4.7254985684986535
359 8.576697930717787
360 8.895323504445381
361 4.756930842141931
362 7.317179480152426
363 9.5451748596833
364 7.03597755297719
365 8.570249253306752
366 9.818645952383529
367 7.42825284586822
368 4.230695080906278
369 5.455479217356174
370 6.865800141204638
371 9.392585608968917
372 8.942970418761895
373 8.43585333299184
374 7.09581262435775
375 8.743526953801869
376 10.257158802094997
377 8.156734449966
378 8.75536077055689
379 4.34552127967831
380 5.316537177886351
381 9.578155779499323
382 6.882679801783469
383 4.572340701532779
384 8.57841221624175
385 7.36691627898818
386 7.766453993229131
387 8.642805849700787
388 8.843292452148837
389 7.138720693421416
390 5.263930704366889
391 6.104602804310327
392 4.612600152957773
393 5.436693921941623
394 4.93207558513986
395 5.228469580205806
396 7.418247983019887
397 5.120238197965592
398 8.33229799432163
399 9.55384829513358
400 9.751648480658323
401 7.501966809903987
402 8.938889745573855
403 9.322478330944586
404 7.4229381961721295
405 9.709522352494005
406 9.070602965134972
407 7.141280416243123
408 8.652438376969789
409 7.079177283415962
410 5.195248463448804
411 6.353839626515793
412 8.336117993795428
413 7.1165410177638995
414 9.177521265919845
415 9.90564765114033
416 7.106764679368946
417 8.067566553468323
418 8.610402769911193
419 9.37880327957465
420 10.350969961618432
421 5.508971682042834
422 8.474141928458359
423 6.95188573082932
424 7.492342877699951
425 6.991863202191197
426 7.168013435090925
427 8.744051966338876
428 8.360159134388436
429 8.72186271857309
430 9.558349761376071
431 8.650529076978506
432 8.935058316163348
433 9.87469797953529
434 10.46422502656588
435 8.802169636966173
436 8.837049282397745
437 9.616722573675553
438 7.848417253341082
439 9.030397586950384
440 8.159139614320758
441 8.129745846720779
442 9.331231310830102
443 9.562380812546419
444 9.438437874730635
445 7.838100264636792
446 9.979600363696834
447 9.41797165934039
448 9.582361201649213
449 9.48131278706504
450 8.172015615727771
451 9.002538753465043
452 8.130934957632979
453 10.214284169100438
454 9.251509406650156
455 8.739239498266217
456 8.254644977665492
457 8.884657254342187
458 9.584318549253592
459 8.07750608323875
460 9.244813945260873
461 9.385942986958431
462 8.807503685931291
463 10.63668315309069
464 9.594016081675019
465 8.887489726015307
466 9.89351477111919
467 8.560122697570732
468 9.272454569523044
469 10.079856806918404
470 10.467764089767705
471 8.950450675568351
472 10.7508004293084
473 8.703318956327866
474 8.43596278146403
475 10.210712444099844
476 9.160916316502867
477 9.180425822114477
478 10.088146395678912
479 9.523454259530464
480 10.756204887635334
481 10.70778141694773
482 10.225342983247721
483 10.912036054644206
484 11.270266079892167
485 11.40082387427881
486 9.691334854284284
487 9.892492330453798
488 10.74504270363564
489 8.654882098321162
490 10.271119044075297
491 10.19114021420867
492 11.593678398707333
493 10.825736827814598
494 10.092278015869077
495 9.784069190277448
496 10.372219372372271
497 8.516546600732045
498 8.529804367414394
499 9.890588334772753
