0 12.023213244885012
1 8.014555149998728
2 8.734233695384093
3 7.643924644202339
4 12.468757530154143
5 13.251781258541024
6 14.035273161021603
7 10.443431516426482
8 6.140527002517043
9 6.971686551866226
10 6.079376829460923
11 7.808644354846427
12 4.888904464824064
13 3.836010293887601
14 5.941429092374824
15 6.615450535014854
16 3.8826367324087765
17 6.504737357075825
18 6.099541181433916
19 4.918100628399288
20 5.980783364509414
21 5.489123763805161
22 6.494231057611664
23 4.221221299454143
24 7.414199419239013
25 4.891602922479387
26 5.9830147077173175
27 4.975859677711638
28 6.7522673174169885
29 3.9937225511398453
30 6.508924037959396
31 6.450443042376222
32 6.838590722422505
33 6.648997531180748
34 6.96739638153544
35 7.673465391555817
36 6.737335189182806
37 8.876389325663485
38 8.689167574029232
39 8.384083186908624
40 9.479909868242666
41 6.781283472687414
42 6.999658363045211
43 6.783004711587958
44 8.475977146151411
45 7.644933487474138
46 9.478665572998434
47 6.451397412623699
48 7.817829661009006
49 6.517753713182927
50 5.38866893494649
51 4.839378893069366
52 7.780724191826514
53 8.009532477342248
54 7.177928207764665
55 8.754961905415527
56 7.265316035572868
57 7.462340275806406
58 5.580351891555313
59 3.893266322325184
60 7.550595240326367
61 5.665800351813498
62 7.735998869150309
63 6.8728569397092825
64 6.901499803898662
65 7.835053968795573
66 6.014355498741883
67 5.149057778902532
68 7.746800359023661
69 9.720606505693652
70 8.36917000998276
71 5.407243117939086
72 7.574319758547549
73 5.583538323000751
74 7.0616669879596
75 6.040609034687397
76 5.384941964923994
77 6.011975213601114
78 12.53023756738546
79 14.708569791122011
80 13.215511968310054
81 13.439017294209776
82 13.08237555645308
83 12.125562742991479
84 11.425966238387296
85 13.362923624798535
86 5.940700326767356
87 5.3832829579036465
88 6.065707854029209
89 8.735665785040753
90 6.528262704666213
91 5.086496124864785
92 6.255532671000596
93 6.896934302313721
94 6.7157755125412315
95 6.3408830992499565
96 7.804314241104271
97 6.552856702756995
98 5.241203952344317
99 6.473539593158977
100 5.5235989991667696
101 5.121622796110312
102 5.302012087154586
103 7.217016158857832
104 6.766104661495724
105 5.370156448121485
106 5.990263512851819
107 6.248026095656671
108 6.568866294137474
109 5.463768813080921
110 6.07447679388699
111 6.461946219211085
112 6.316155788401629
113 5.225051228375496
114 4.55652763844831
115 6.849703967824
116 3.473948623082735
117 5.123066392878892
118 4.871299218665431
119 4.950721115743504
120 6.278378145042616
121 6.372870845773507
122 7.604314727409419
123 5.7748714742156135
124 5.727158310979353
125 4.213534941891381
126 6.501228092805827
127 5.057978176847493
128 5.551314795871574
129 5.2399223322971
130 7.301702691888059
131 6.656618199206788
132 4.141920719415394
133 7.274419049443402
134 5.8725324741523135
135 10.132352737813305
136 10.202641359656079
137 8.007151866672974
138 5.004660229112299
139 6.30071108178134
140 7.062751005388035
141 5.219428660665426
142 6.130254261320614
143 5.04152779393594
144 3.6172304697297335
145 6.517385976992435
146 5.643155107136309
147 6.50283612861461
148 4.87584085095834
149 3.3177919064755184
150 9.556590694753472
151 8.717740425088207
152 3.3299831590238673
153 7.087902176490487
154 5.4053766543929305
155 6.061834855192909
156 8.9090397944089
157 10.758210879577264
158 9.84386473827293
159 13.95743078779748
160 9.061470634513567
161 9.71636307901571
162 9.007283050530301
163 10.461288102788819
164 9.424795453201043
165 10.757157534671116
166 9.632188462387614
167 8.01191871148761
168 11.80050735006063
169 9.591027835841851
170 10.557266436624278
171 10.104247747116222
172 10.879565175380764
173 12.637347709621624
174 13.19855226444944
175 13.916958413246682
176 14.42889819352029
177 11.627029658479312
178 11.076891472345345
179 9.683670399750484
180 11.101484412864924
181 9.393371982559247
182 8.414171003729958
183 10.604371829192916
184 10.840161656117356
185 11.934400499269834
186 9.963108705854859
187 13.331327178745843
188 11.143959134720149
189 11.172356471195032
190 9.574978758447731
191 9.4987787715928
192 10.609392370782995
193 14.54146904407329
194 10.490857273074168
195 11.08613984608207
196 11.687842627577604
197 7.685071275457036
198 7.677550382780142
199 10.76310819673681
200 9.36551138072789
201 11.76845851612216
202 9.05510517195084
203 7.4624518750640325
204 7.528565252565482
205 8.765754138545015
206 10.102512962848454
207 11.256946362911721
208 10.284815671439397
209 9.28525742715563
210 9.31114048475486
211 11.01506662485138
212 11.197682716388817
213 13.074719549644177
214 13.14426842755282
215 13.969392580105355
216 13.268521292154738
217 11.565353975110835
218 8.960355747412915
219 13.217814191735728
220 12.228084223611717
221 12.582223514668858
222 11.74669372650285
223 11.151267221184105
224 12.280314583592386
225 11.852906181459147
226 11.1013788737508
227 9.125622794936797
228 13.748377017399852
229 11.388831901736827
230 8.24667040689174
231 10.92914387098067
232 12.63170031813782
233 9.44559594960938
234 13.405678492900934
235 13.417686995265335
236 14.546787686318895
237 10.761822795832899
238 9.015659498833063
239 9.009257119305218
240 10.09740568679775
241 11.513215051113868
242 8.947754453526194
243 13.922824215273382
244 12.23892996255968
245 13.407838051055192
246 13.228819695121262
247 10.567145467976141
248 14.001987605504317
249 10.991934948443328
250 10.790681104931116
251 12.337205276032751
252 7.361602370401444
253 8.13913340286625
254 10.859276383407778
255 7.954043973998616
256 9.12877511954861
257 7.9638049722197675
258 10.027268853113865
259 10.266701519509125
260 6.003180642247893
261 7.599174037728274
262 3.677060254534677
263 3.924823607182388
264 4.916794819296735
265 3.7859802574720165
266 3.7493398016207142
267 4.1097021683857795
268 4.327325017916341
269 6.22229128126316
270 5.476812596968339
271 3.536054266074783
272 2.8847666294482863
273 4.501323725886172
274 3.8906785779086843
275 3.6472948836134553
276 4.3253724517683
277 5.063744108275664
278 4.946383520739591
279 5.892515953503959
280 3.454848796732867
281 5.2704049648278914
282 3.4886799264057906
283 4.699935287845842
284 6.655675627317662
285 6.39020854778886
286 10.445385367274172
287 8.310055511199005
288 10.998634565428432
289 6.057736741282949
290 5.08471894592654
291 3.811469831460887
292 5.645107428013976
293 5.9891846968410025
294 8.015192684452371
295 7.71232276386091
296 7.6243915420504145
297 3.746958652749822
298 9.56896353024504
299 5.059811556984654
300 6.663846704979573
301 5.3622984665944715
302 8.022662766987139
303 7.383239590362359
304 6.501258130023859
305 6.917725380726376
306 8.647991349657941
307 6.357586576867902
308 8.216766776506363
309 5.923854218841488
310 4.939841102552363
311 3.853535233943525
312 5.735044047206666
313 4.146574822577284
314 3.883494283809
315 6.906865615961794
316 7.499020506487811
317 7.522909105546499
318 8.421492615160275
319 8.178614863035529
320 4.440183759363749
321 4.8561200638678255
322 5.028027155225849
323 5.184057276579522
324 4.134143870836745
325 3.8182384552590056
326 4.670682644631658
327 6.265576727322368
328 4.837377939494281
329 3.786778323440797
330 3.720622290734774
331 5.006279852571579
332 3.9353515760675313
333 4.5822266998689525
334 6.5872403724348665
335 3.8685022805331584
336 4.025219692766596
337 5.326269840987425
338 3.5117405814533855
339 3.811044840409522
340 4.807771786774369
341 6.811494532715755
342 3.8089169055436947
343 3.936717632290285
344 4.099353280978146
345 3.445791955270872
346 5.037313326577347
347 3.769187926061958
348 12.491683367848529
349 13.826779379992015
350 11.514174661618286
351 12.738766307102225
352 9.540418560360123
353 8.921367157278144
354 9.632458206075405
355 6.888252012272296
356 7.020532917762486
357 7.594116340361411
358 6.767663163604074
359 7.2276319501939605
360 5.712200711962433
361 7.005046187472243
362 9.796777039704674
363 11.248229871068236
364 8.94411968181207
365 9.088157751006479
366 5.978081647865312
367 6.520350529997893
368 7.190673414629923
369 8.144438413773209
370 7.252345436917968
371 10.359345292384493
372 10.447480954583828
373 11.941493583827949
374 8.478708961654304
375 11.231715631386793
376 13.399992090842646
377 9.776000676358963
378 10.547209846796484
379 7.983237700182346
380 12.7848141841996
381 12.17489621433182
382 11.630485706310258
383 8.528322823465537
384 8.994715167687465
385 10.198266121395879
386 9.066212980706306
387 8.270967187837854
388 9.94773141928626
389 10.269980789647871
390 7.073641507666466
391 9.620185229718288
392 11.395734862856202
393 13.265553867929938
394 7.231609224612306
395 10.821532027469816
396 11.85483207772902
397 8.139406855298834
398 6.557055367109935
399 7.779080882863617
400 11.953604758363806
401 10.004648463078096
402 11.348598669170105
403 7.9169566583501485
404 6.06809080189372
405 12.136847105572222
406 9.071781746519399
407 7.630714665452149
408 8.508045244694115
409 10.71630062715087
410 7.882211078092919
411 8.757102799618648
412 6.170079189141074
413 5.6401640755196985
414 6.37226763495187
415 7.036210460016392
416 8.72797758851876
417 3.4030465970578385
418 7.146757499062403
419 12.090004716376491
420 7.144199211206547
421 7.960408675885998
422 10.59908303826792
423 9.944305575097275
424 10.545678126933364
425 8.722846919024063
426 9.147422986612426
427 10.775591205581069
428 11.480560865523575
429 11.471710665188537
430 13.117405022805764
431 13.075575167997444
432 13.581013394430636
433 11.898005258812955
434 11.375484891013176
435 10.865843760951176
436 10.07357808009596
437 9.484271424764428
438 9.850373552961024
439 11.78206316200478
440 6.766685560572362
441 8.444514490089276
442 8.854931318560181
443 8.338900602655926
444 7.332237714346751
445 8.446903030264558
446 11.991511726163864
447 10.920727844705384
448 9.7366465028378
449 12.797832272132464
450 10.235135205311522
451 7.8548524611210055
452 6.935541418987607
453 11.19418824347898
454 9.508458665830462
455 10.723047293715169
456 7.099811626683087
457 6.530714622282306
458 4.414960958609995
459 6.059355825864455
460 6.70223118422307
461 7.453170014123295
462 5.097653886995474
463 5.363033274521229
464 4.748731802242833
465 5.128691929214791
466 5.203247480719315
467 8.260351256195648
468 3.9734382438958824
469 4.536189745120497
470 4.129324774845643
471 8.738678685232195
472 5.7224442698873945
473 3.8269465111602283
474 3.4734396635060767
475 5.76074816369355
476 3.485703364926744
477 3.1991158668522948
478 4.014861950688088
479 5.2055659772755405
480 4.685569858380046
481 3.7020673344947985
482 3.514845724867562
483 3.9462148543112803
484 4.034179132921294
485 6.21942183479359
486 6.454235915629411
487 5.99518425405847
488 5.462243590554093
489 6.703332100181498
490 3.6290335347017093
491 3.846310701793669
492 5.819751813422901
493 5.588847748022681
494 3.666892756240829
495 3.6547070437587523
496 3.821219133751964
497 6.0554665500963925
498 6.891044677396515
499 6.065087136297016
