0 7.31251283885231
1 7.622183101551326
2 8.997622127732507
3 8.204605516336617
4 7.42435014333937
5 5.247951260841222
6 6.969448292902858
7 7.770205515526196
8 6.124932927906557
9 8.189976644894479
10 7.781853366419865
11 7.854084710845366
12 7.568197509768669
13 5.957503793139769
14 7.159892239867935
15 7.692618035924831
16 8.59687178323834
17 6.829728984320819
18 7.398424829087675
19 8.548772760286301
20 6.774959537551317
21 5.533095936042264
22 7.7610391469976685
23 7.5865207493385185
24 5.749286899144328
25 4.589898505796985
26 5.710797230410863
27 5.916919429165398
28 4.858501682480299
29 5.219685465291462
30 5.572066981264296
31 5.657724495009095
32 6.093490308381575
33 6.222280778985922
34 6.664357539713055
35 5.229742996447512
36 5.372841719103942
37 8.067457612818167
38 7.386496941601197
39 3.370137312777801
40 6.167246280479322
41 5.74401853636854
42 5.724164312698108
43 11.314887659814834
44 6.915681614598084
45 6.862884461290397
46 7.190815056431242
47 5.875146403592153
48 6.527320679444248
49 5.562714269738627
50 5.865333191394055
51 7.392669024064981
52 6.626421060992347
53 7.152616454828769
54 6.545092435362965
55 6.812746563803957
56 7.73299787788174
57 7.01028149360522
58 7.472133881225955
59 9.624274913935302
60 7.389190100202678
61 7.082911406328067
62 6.347178186974931
63 8.867766754518314
64 7.479833876970449
65 9.773765841899662
66 5.84710401565832
67 8.491539579497129
68 7.659243338733145
69 5.796581957944945
70 6.682461391779589
71 6.256892685806306
72 7.33085741746627
73 5.440989210896143
74 5.501657036839789
75 6.311159911258626
76 7.3063263984077205
77 8.119341841022207
78 7.724066031547656
79 7.3939457395908645
80 6.763797351951642
81 6.613710090361449
82 7.415136298361791
83 10.623031204088937
84 5.020557118951404
85 6.140418615029388
86 6.458014406258649
87 7.431287745099326
88 6.489234527179776
89 6.608187381484681
90 6.382166847313437
91 5.764101265797263
92 7.051576389184928
93 6.268485298990959
94 4.470408470757638
95 6.837746605442496
96 4.586021698224599
97 5.4666844020584655
98 6.920355230803458
99 7.767713694344551
100 4.213735040729251
101 8.47013780767885
102 7.759863509633475
103 8.324341397755312
104 7.2804986420187445
105 7.758009742802042
106 10.842844369633074
107 8.424133745343127
108 8.874200911202916
109 9.415624595008632
110 7.546819983375142
111 7.772916273522054
112 8.564391229076806
113 6.934144664631842
114 7.387451083326026
115 7.147667319475885
116 7.992858587510073
117 9.10740245098697
118 9.166266549262762
119 10.11846526457494
120 9.635046090568611
121 8.111370879025129
122 8.171496145124571
123 6.633641378207143
124 7.832433612865824
125 10.269366065780575
126 7.111033672504656
127 6.7735005186112796
128 6.168802331133025
129 9.730172046311438
130 8.333334080653481
131 7.91677457932736
132 6.310041543624365
133 7.037277107910236
134 9.538096852943324
135 7.582144984665582
136 7.776124924103245
137 8.684158958770277
138 7.983089620628837
139 8.934104346643563
140 8.081774061312052
141 7.632017637965969
142 8.065932772513328
143 9.610543633647149
144 8.187769567326681
145 7.262247667227128
146 7.560631437744611
147 8.130307376913972
148 10.275802357836271
149 12.02253193290128
150 7.932776748045261
151 10.047896249848245
152 6.727195755583999
153 7.783039945871732
154 7.328672691555645
155 7.203863390091157
156 8.802165498000708
157 8.021175539126434
158 7.501831466208875
159 6.525083345122725
160 7.390089643944967
161 9.52689133525819
162 5.890894756728531
163 8.43585488356469
164 8.324293503266368
165 9.712115382321857
166 9.528850937382755
167 4.121748809311279
168 7.397150033489608
169 11.39270403426428
170 8.028691605078102
171 6.9193005837783
172 7.3709772803936495
173 5.690985366673831
174 7.875973517438302
175 4.0093072713326325
176 9.263546282303675
177 8.018926206026409
178 9.645872357290179
179 9.175606402966993
180 9.997372251762378
181 8.829669646445504
182 8.10783017356386
183 9.007637446451511
184 7.413975474541255
185 9.965607440036115
186 8.334682022448245
187 7.046378123640433
188 7.481782772754662
189 4.449917114326194
190 8.957112398989475
191 8.427839688613258
192 9.282295905432271
193 9.108190781079577
194 9.7152316108886
195 8.088319389394465
196 6.6895732152006016
197 8.236754757707347
198 10.454281746781442
199 8.214534128419244
200 8.354974535266257
201 8.921004957419898
202 10.255038406733533
203 8.518389737926544
204 9.482574579484016
205 9.720284975748763
206 8.836909240914043
207 8.535732607687669
208 9.706810815004497
209 10.802092948382032
210 8.179889778590343
211 10.19515011768857
212 6.906474937142286
213 8.070339658717632
214 10.27973941638177
215 7.742662775356221
216 7.239329813254346
217 11.601987858548872
218 10.221619336713307
219 4.63772264647837
220 4.899680620503171
221 10.267369594965828
222 8.139624259566112
223 7.059723687191384
224 3.5836696848668512
225 8.580255280372796
226 9.151457229857582
227 7.762500741121248
228 8.252925950262131
229 11.649330224279701
230 10.140363407161832
231 11.74768571367753
232 8.092681951344648
233 9.5163454948175
234 7.209965573537391
235 6.708858102118679
236 7.111170806232989
237 7.6875673721279645
238 7.678260330237276
239 6.499084973938732
240 8.267957838959614
241 5.4201693435341705
242 7.794077992372362
243 9.36554198125031
244 7.988928746746744
245 8.97255261365382
246 8.80595344498623
247 7.662817530125683
248 8.807020627079247
249 8.470738301836136
250 8.707881672125412
251 8.847565154395754
252 7.352271782118357
253 8.249046567641187
254 7.675590372405557
255 7.715852494561058
256 6.591745562732309
257 9.141748082769716
258 8.17956678652282
259 7.765213581135848
260 7.757885559181594
261 6.51958633018605
262 6.475753413881037
263 9.733727226176471
264 7.47819897282605
265 12.247721499297263
266 6.764102654569282
267 8.089654477034633
268 8.741037292603439
269 9.323384250248875
270 10.445140081656083
271 7.630934898314492
272 7.812620864872703
273 9.509037670555939
274 7.648605078650285
275 8.215067826575543
276 8.478571013956717
277 6.764481976886358
278 6.492960747093075
279 7.875706606748898
280 7.179936475362352
281 7.424824972318502
282 7.935611505664479
283 8.705169471337806
284 6.938656629994928
285 7.67236303436855
286 7.542421111107099
287 5.677981009534695
288 6.809745852456135
289 6.96962709009562
290 9.85088793587002
291 10.995222601738122
292 8.826472041498597
293 5.856727921593996
294 6.655466911538617
295 6.38200099251612
296 4.849304226686923
297 6.862617706610466
298 6.759643776188935
299 7.230901582829199
300 7.198483198081272
301 7.767338975689654
302 6.310152222366258
303 7.596004439309227
304 7.316618370355208
305 6.797304137856894
306 7.153057877463099
307 7.434149148543801
308 8.65023433279344
309 7.175337226015713
310 5.35938702694606
311 5.839074628641491
312 7.7213350875225135
313 8.573406071345717
314 7.266432274422511
315 9.296067937618172
316 10.237133177692051
317 6.884653155533934
318 8.36121134259344
319 7.893061477986222
320 7.242779523771882
321 7.081074444456433
322 8.210575538168467
323 9.779691923834559
324 9.911881309033612
325 6.9182471179668825
326 6.866103657765962
327 9.472902209862161
328 8.007944863226363
329 8.173515897394827
330 8.468704678105222
331 7.986533797677481
332 9.188535344480337
333 6.36215734661517
334 5.992347149796858
335 7.095153693335276
336 7.8049765160729905
337 8.479857946800779
338 7.799838816808478
339 8.47227029957815
340 7.823849959076207
341 7.9209973005743075
342 9.08992954333397
343 9.533323225771202
344 9.751034035776938
345 10.563552920321422
346 9.633365167380823
347 7.3989688691779625
348 9.631994177264662
349 9.328637434255048
350 9.95937885092357
351 9.487400198332832
352 9.628483948029087
353 8.389420204009411
354 7.640823108143845
355 10.47330221746577
356 8.491017550684077
357 8.02144953706678
358 8.737769783666753
359 9.367697678015533
360 9.633336126549896
361 9.230300279741748
362 10.57101326792759
363 9.433840678872551
364 11.360412368344944
365 9.763916757966225
366 12.582358393989844
367 8.447059484614474
368 8.135667995451522
369 11.535596435179572
370 10.590346666638315
371 8.140438234037662
372 10.18018011312582
373 9.454484027024645
374 7.294219390316614
375 9.64074208693685
376 7.714429529348554
377 9.91271612033844
378 5.9157674940073735
379 7.3518205740855676
380 7.577174110444173
381 8.38608994858892
382 10.422672413798795
383 9.670767839164059
384 8.737331287956156
385 9.253350388548087
386 10.05131546435356
387 9.478517116715832
388 9.820074203050819
389 8.93141904352618
390 9.34862267364396
391 10.710609171612704
392 8.607576688896794
393 9.724187213406273
394 9.64402227629106
395 8.49229982934872
396 9.366097624236
397 10.192150109187672
398 10.264615428931789
399 9.88610070150743
400 8.360033065608325
401 8.545610326826584
402 7.718898906899257
403 7.136912107094549
404 7.711065637608726
405 8.601979259786834
406 6.042119896997279
407 11.866865563604028
408 9.969198519517217
409 8.347838185376437
410 9.041048672032343
411 9.568520830369653
412 8.853246595028038
413 8.30822869323153
414 9.480025608351756
415 9.837420227278043
416 9.601025649894016
417 10.559203091755647
418 9.87920616412595
419 8.747300376323382
420 8.431994521625198
421 8.043423673746624
422 8.876115396217179
423 9.146250664261393
424 8.72110874082404
425 7.485028361119963
426 6.562635148446294
427 7.7252574272344425
428 7.737898958174564
429 10.502655354793486
430 9.6747391551697
431 8.153457113908285
432 8.344453570852506
433 5.696265057921746
434 4.529577746806285
435 5.480489757483451
436 10.790581894865152
437 5.5234725434029945
438 8.479906763096407
439 10.924109300928576
440 5.901341957927252
441 6.419109173463933
442 9.412893556595947
443 7.217286577798828
444 7.243374893363151
445 8.72200703830523
446 6.025888427820727
447 5.558756087575352
448 5.670666661383102
449 3.7661388328918353
450 6.1529950593470994
451 5.544781700195726
452 6.952927164521744
453 4.609046828086002
454 6.263839894310741
455 3.643943020255359
456 6.232157404996648
457 5.660998934294733
458 5.431716817140998
459 7.164875114858276
460 4.627474820411405
461 6.768267695508926
462 9.600162376025663
463 6.148397502902909
464 7.700973387519949
465 7.856456551953854
466 9.490102716634308
467 5.614686522105912
468 6.051484107792136
469 6.219351573072586
470 5.014471094682526
471 9.317077366533862
472 8.34047205229097
473 9.843922288950687
474 9.354669510799688
475 10.788693263837793
476 9.16549861929384
477 8.899511118637799
478 9.569549906136112
479 9.518696063546898
480 10.55741795469
481 8.052101919873476
482 9.381464654643754
483 9.178615009742138
484 9.412709870574409
485 10.865739794978332
486 9.58478883289878
487 9.679321657727368
488 10.011773429160062
489 9.010636466794558
490 9.833749881007138
491 9.62981297565963
492 8.502069932645446
493 9.335353700102498
494 8.129462767702112
495 8.467804664477294
496 9.375647359548449
497 10.048142586821374
498 9.991232202939349
499 9.759808069840295
