0 10.307408464984057
1 8.163819796945216
2 7.100824201164151
3 8.665058161650293
4 9.50950034697378
5 11.403972343768569
6 10.46489166016246
7 10.429618360007543
8 11.618441947566842
9 11.382452777493668
10 11.489866377564184
11 11.165152063559102
12 8.936367623212961
13 7.795867925080678
14 9.734606728515924
15 11.006036209511949
16 8.931490884585434
17 10.052569329967652
18 11.315090211812603
19 9.864452113461525
20 10.948871880446486
21 10.821651765413328
22 11.406234211523136
23 10.00806411021469
24 12.10750628468266
25 9.848269528023701
26 10.686373370093193
27 10.658418246973309
28 9.310517855311709
29 10.460892427437877
30 11.65662702648084
31 11.752586233971797
32 11.431895348526382
33 12.636711198536831
34 13.72585352756634
35 13.586511673950655
36 11.048431935731278
37 13.739193987891642
38 12.019277552234236
39 12.557765017680246
40 13.881074161523946
41 11.80095199303697
42 12.191926566680582
43 11.806347037925406
44 13.232899903363055
45 10.877139070493028
46 13.10789463148607
47 12.720927202219947
48 13.121212616048247
49 11.250000048244258
50 13.298469648450855
51 14.133906008333465
52 12.897306857711776
53 13.692755816695431
54 13.0084833350711
55 12.257229353421833
56 10.856583072916642
57 10.58130724206582
58 10.043869131165147
59 8.999068576433094
60 11.120061163234771
61 9.132814740379784
62 10.887624157262264
63 10.384791401959191
64 11.409610197744646
65 10.577872303139603
66 10.64786606775485
67 9.495741557426378
68 11.154894697396713
69 8.823297432575583
70 9.630596479396875
71 7.8898047519486205
72 7.966975346526149
73 9.766759416212125
74 10.608892491924891
75 9.44738414535532
76 9.304058416781713
77 10.185699842921961
78 9.937071736556131
79 11.491939547930633
80 11.9322150868753
81 9.82975540949809
82 10.195632282027892
83 9.268158940829485
84 9.056614532166654
85 9.463466303297663
86 9.788347035124712
87 10.061944189503091
88 9.567036308024507
89 8.141279041428488
90 10.106576528264455
91 8.360094176765378
92 11.222159792402731
93 9.930755661071407
94 10.659218780513921
95 10.178902784085285
96 11.786551981902775
97 10.592976279975803
98 12.051607016878908
99 10.16128791216897
100 11.505107831184791
101 11.090100054062303
102 10.452002814042759
103 13.81680764167329
104 11.641360320889362
105 10.981636785603879
106 12.469571261918452
107 11.047738427993504
108 10.931427353243754
109 11.360403461063575
110 10.660481037803548
111 11.092096980963909
112 11.06044275197692
113 10.088702596422335
114 9.19971348092054
115 10.963543731260732
116 9.782403201562596
117 11.383120119928059
118 8.910553024664015
119 10.077711552072987
120 11.243638955419891
121 11.20886681486273
122 11.037552988014527
123 11.452047907718944
124 9.543297581648122
125 10.1651538988172
126 9.723322118931907
127 10.570565100638612
128 9.751725427831602
129 11.354112157350691
130 12.303184102779545
131 13.470165630883681
132 11.471224947513821
133 11.089396124590708
134 11.224870094676836
135 12.19221900867244
136 14.232219752630503
137 12.115639039889622
138 12.852608052088485
139 13.1184355775018
140 12.269450889795149
141 11.432316150866928
142 11.41936250562368
143 10.310757271537453
144 10.156394069950842
145 10.721218872870251
146 10.156341197632004
147 10.803747790900733
148 10.548178338579119
149 8.935544888805419
150 11.323331348205576
151 10.754204961499537
152 8.716702855129098
153 10.937857128708146
154 9.651230480981072
155 12.311554463447688
156 12.811863387686902
157 13.883925444988513
158 13.346588425466381
159 12.828603232651561
160 12.571977082883889
161 12.939521568980146
162 12.229874823273844
163 13.264858875423494
164 13.880557870399409
165 13.332650212636048
166 12.87914825511738
167 11.027635721700753
168 13.96574134834985
169 13.513751038568554
170 12.030667966580149
171 13.05873235218671
172 10.69255876096683
173 13.5735514373792
174 11.886471134269877
175 13.601438126612356
176 13.035505145647091
177 11.948346244188116
178 11.751357626188138
179 12.930935786043964
180 13.103267402007397
181 12.278674433659342
182 12.401536758455315
183 12.387290568081232
184 13.723741641516579
185 12.207864104199915
186 13.403213360068847
187 14.330323919508897
188 13.051959832295854
189 12.504110400824716
190 12.242553176371748
191 11.724114537222484
192 13.001155860812474
193 13.06298773913216
194 13.438784089105056
195 13.297622823148819
196 14.29198207866503
197 13.306304816211272
198 10.554057059680963
199 10.602492476018298
200 11.434474392777693
201 12.088681713411788
202 11.165549189732667
203 10.699690839172325
204 12.18304606162318
205 10.68193152989322
206 13.313593788203885
207 12.953736064964128
208 12.12725177142259
209 11.220425474315029
210 11.975330323161199
211 8.789163747721952
212 10.87716930779768
213 10.928196992881057
214 9.558947806184525
215 9.940449269450987
216 10.576497345251932
217 10.266074373979597
218 10.09487687418281
219 11.371007744347274
220 11.860272110111552
221 11.378259493958826
222 11.070588947187716
223 10.808055660394793
224 8.759380114681237
225 10.504354922033741
226 10.735397798062658
227 11.252123904544451
228 9.671010500510057
229 8.358061348138623
230 9.068037597337062
231 10.325110068850782
232 10.487312073796566
233 9.457142822301918
234 9.888000536932045
235 11.158430544931536
236 12.169004232876645
237 9.638622120938502
238 10.878192092042566
239 10.072920145662575
240 8.92546059003081
241 9.170713007384974
242 9.385302074086615
243 11.34649215299622
244 9.780743610595001
245 10.332797490977534
246 11.162742118539136
247 11.495697121554196
248 10.87646224425494
249 11.166024330706554
250 11.523887638390379
251 7.906233183963492
252 8.362236230568332
253 10.794346135134269
254 8.564779413915621
255 10.869406788522452
256 12.706926659918672
257 11.710792013342951
258 13.630515815867877
259 11.129620819102726
260 9.466780155454327
261 11.14080258134109
262 7.533883749679926
263 10.086675153536653
264 8.412625683000227
265 7.28126378488859
266 10.103578381386196
267 8.051650855154788
268 7.909760490626836
269 8.87651712523905
270 8.581597471624024
271 9.6913656898793
272 8.00292484292391
273 8.907966008000084
274 9.01718692368607
275 9.261641297229737
276 8.288605206302764
277 9.44034582392586
278 8.626681267679835
279 9.89243916600738
280 8.744735744713925
281 9.406004813736335
282 9.437844437415452
283 9.653707917333943
284 10.403117132025258
285 11.813194184886939
286 11.502256720014644
287 11.36399894105137
288 11.90483441310054
289 10.697413916831083
290 8.558880523384586
291 8.89210110919745
292 11.57024873258627
293 10.692189133995312
294 9.430703379961146
295 12.756258845842924
296 9.12021585009348
297 8.415096055697624
298 10.456063888344184
299 9.568583689606799
300 10.870375724496489
301 9.403309313247927
302 11.562314671526822
303 10.472708169122976
304 10.465684325922467
305 10.256079099610677
306 13.132010890238094
307 9.463410195991633
308 7.3317722192981165
309 8.641698618651219
310 9.929928397128522
311 9.596183522817913
312 9.743974138938588
313 9.453433499272904
314 8.347185366968946
315 5.854764425514948
316 7.512985550312497
317 9.905160225540548
318 10.426331410770779
319 8.201450020430283
320 9.311654815209664
321 9.350258276111255
322 9.606644626424611
323 10.608855440257866
324 7.940791702618581
325 8.68242687181872
326 9.530494239011276
327 7.514869057504018
328 7.862381645444121
329 7.695694732780165
330 7.915283372647604
331 8.447642897676308
332 8.57013030155314
333 8.01996233087551
334 7.978519035443238
335 7.464674973245899
336 8.164408709912133
337 8.633992810975043
338 7.295548483856689
339 7.181537786897392
340 7.751271422645181
341 10.096067640030219
342 6.13471465347079
343 8.622080505677497
344 8.599041981746216
345 7.19648335929919
346 9.865917380924662
347 10.197796934015042
348 10.645471718824838
349 10.8089694953244
350 11.554942327085472
351 9.621819431106855
352 8.575190601448261
353 9.851051305554792
354 9.516818223934429
355 6.91816958276119
356 2.9405065614049612
357 10.016330008207635
358 7.737799294304374
359 6.134458899149269
360 8.709004433053595
361 8.749612724782063
362 10.755295104589747
363 11.119911225392695
364 9.252361513560682
365 9.53464701134452
366 8.97005799533974
367 6.878491912558943
368 7.084124373777106
369 9.789614124958364
370 8.039202378518
371 10.242092749377791
372 10.748952171084643
373 11.565995419906661
374 8.358879479725411
375 8.953110157243643
376 10.828766832985144
377 7.890258048556186
378 10.41262568071935
379 10.251622479506102
380 11.393192830224747
381 10.153769134933633
382 10.22254239478717
383 8.441831208782764
384 9.192689952797732
385 9.40521244240679
386 9.272623096160569
387 8.719982625406923
388 10.074296190222189
389 8.821784574880445
390 7.982607196801464
391 10.804754039736743
392 9.21446823777547
393 10.199417137348538
394 8.287109832167953
395 10.757043447508725
396 10.47246068996376
397 9.05561690481418
398 8.136885112790099
399 10.519895438706659
400 11.096525926003217
401 10.556891869866284
402 9.338239936108346
403 10.00768977022417
404 9.863284045981406
405 11.879212709198217
406 12.80620903469037
407 12.138609440835824
408 12.898794580530044
409 14.449384341776689
410 12.632573059792422
411 13.269150028403004
412 10.757791581920861
413 10.862084485351021
414 12.609462785221137
415 11.332225167555851
416 12.77627933950262
417 8.354754817486642
418 9.766229481545642
419 10.402228488658126
420 7.898123106641852
421 9.217399095425924
422 9.547724652974711
423 8.87957750143264
424 8.694871401170131
425 8.811297196260858
426 8.151960424289841
427 9.068915145145509
428 10.16509559124772
429 9.742250470596188
430 10.626728776952167
431 10.867202429011217
432 9.520687605078908
433 9.73509031532553
434 9.794089003832248
435 8.351713344135163
436 8.866824873501693
437 8.086112786304671
438 7.120007865717258
439 10.584291686372296
440 7.979460723816754
441 7.647994585763071
442 7.930937491555999
443 7.923526754268141
444 6.757729991117363
445 8.562575161144526
446 9.405373845542238
447 7.134754945777151
448 8.888578715306913
449 9.934340686043004
450 8.06011676367282
451 9.001204663066723
452 7.105528185623773
453 9.329111035731783
454 11.645331893276097
455 10.761267634403392
456 10.976352326968467
457 12.841041413491155
458 9.47839806137677
459 12.312101674074373
460 10.92517460816662
461 10.985081728920397
462 10.031930610245661
463 12.176096651855932
464 9.549810663063353
465 9.584915768452653
466 9.106549144430161
467 12.88130992305228
468 9.410065696263189
469 9.086064630355404
470 9.375901100672184
471 9.571799234803455
472 10.202762036612102
473 10.505663533333076
474 9.671264651198054
475 10.028900321560132
476 10.676257205825195
477 9.278052533157084
478 9.677504089827629
479 10.098997462194438
480 9.224919444953343
481 7.837785615549676
482 10.000048111538737
483 10.639742018442998
484 10.392262907681538
485 12.269877234182395
486 12.4078766817077
487 10.907269947769704
488 9.353447786456865
489 10.361341029917856
490 8.978723221507552
491 7.440519096173016
492 11.206765042153929
493 11.970924021795813
494 7.989209442630926
495 8.892801750094652
496 8.633199858571654
497 10.142845032897384
498 10.885350864063138
499 9.826162070207657
