0 10.45222032071533
1 9.43408748899152
2 10.59697840207177
3 7.931597056364788
4 9.017656328345177
5 9.496926636416093
6 9.521263342876471
7 9.9939895872465
8 10.4566893553896
9 9.212727110302968
10 10.304584397854242
11 10.740926131848392
12 11.305107311781217
13 8.880518710248912
14 9.759520277573028
15 8.681319107408209
16 7.723894282725825
17 9.736745337917576
18 7.102273442361378
19 10.871686564666371
20 10.625517506875198
21 9.275140143816223
22 10.048872092279625
23 10.428478348845468
24 10.747380628892655
25 10.698102448203455
26 11.077295803148784
27 9.480994817928373
28 8.842427903499818
29 9.155354218332226
30 9.86251946633228
31 8.014765886407698
32 7.236838104912742
33 7.906860061018953
34 8.33585029168806
35 8.213626246530179
36 7.338958323289174
37 8.108806476246494
38 8.514898907539067
39 9.563810123622446
40 9.620903070848073
41 3.932898908730984
42 3.7823626794553467
43 7.360248385359755
44 4.136007075870244
45 3.720446388803839
46 3.8322313250402456
47 3.8574911381429486
48 3.740596099897999
49 3.9459881560859316
50 3.7082725960973537
51 5.192617009227458
52 7.7979741306352715
53 8.87349785413549
54 8.271889694731552
55 9.059285321959987
56 5.888287992542969
57 7.477854616860513
58 6.536984983366605
59 6.144771882899168
60 7.510489477250538
61 8.210690453126606
62 9.522942092238914
63 8.364269575168699
64 8.666596229188684
65 10.203172715002871
66 7.546169019151394
67 7.943633816599282
68 7.966063795057619
69 6.358956221127646
70 10.92059671941759
71 10.911540196125433
72 9.491012320887505
73 7.902966209080781
74 6.684625897930963
75 7.96126694577553
76 7.606288900244761
77 7.356714768893054
78 8.132054446687839
79 6.372831470884743
80 9.966314624181177
81 7.594467707614005
82 11.239020145487764
83 10.468104934434866
84 11.42360252922435
85 10.85647548792137
86 9.844400735695437
87 9.08859960790968
88 9.715491648687927
89 11.668901302984448
90 9.648763922169762
91 10.688885061428694
92 9.61343011910528
93 9.649542568964474
94 10.410668167131286
95 6.8412123364422985
96 8.14888267997286
97 6.925071926315769
98 8.875556011451222
99 8.375803625021126
100 5.503439588557527
101 9.762530854951478
102 8.544653022972813
103 9.108549089249466
104 9.74357326977437
105 6.331478337470026
106 7.764653092245846
107 6.9458441250957454
108 7.667666517452542
109 6.803953310887702
110 8.408864772979518
111 3.734781454071202
112 3.7625253271912187
113 8.11945865489655
114 12.46148124707374
115 10.035363657268165
116 9.741062423482122
117 10.0541372422525
118 11.295246730426332
119 9.707545844907573
120 7.206767179126437
121 9.830181235481168
122 6.361909117833094
123 7.404928718109524
124 7.9659645605714795
125 8.764984786389299
126 9.714494225335791
127 9.166002770770096
128 9.351436175711468
129 9.445457176603796
130 6.519578051835064
131 4.638690579535079
132 8.197360828675437
133 3.94802468379176
134 3.9837906860725556
135 3.786913974647249
136 3.757308509071267
137 3.71643219541211
138 3.4298540456346935
139 3.6422693449544363
140 4.676711698705631
141 6.8256238618728
142 7.4295943327053875
143 8.956548115081857
144 6.081690420497098
145 10.043808148353731
146 6.610257877206618
147 4.058285888563074
148 10.596616119339158
149 12.059852084445591
150 12.225084244308874
151 11.602022340938438
152 11.687427732825652
153 10.640385426190498
154 8.723570425800286
155 12.121922777288775
156 10.956110887845865
157 9.220261256826348
158 10.404061713911565
159 10.273551928096149
160 9.85581003015298
161 8.16121284052897
162 8.282890009855848
163 8.33839428156957
164 9.090107881760877
165 9.957968459282274
166 10.509454383344247
167 10.259389591769105
168 9.145921719373828
169 10.475098157343469
170 10.43207306394875
171 9.749867463825032
172 10.793660103292998
173 9.520853498606959
174 9.960690105898637
175 7.34902553132017
176 9.83548216299119
177 9.64228943465832
178 8.500223721360918
179 7.607042757467167
180 9.67496438543518
181 9.128149471234458
182 9.32288487558428
183 11.210948299797476
184 9.401988065297402
185 9.82318532815777
186 9.24626946118921
187 10.859640725781928
188 9.46205173555906
189 9.036469456892258
190 9.941048632518575
191 7.492264836031966
192 11.398820084500555
193 11.08145003455552
194 9.345214604199953
195 11.36041953435238
196 9.726977493537213
197 11.019033561358107
198 9.892712796805275
199 9.813704292195215
200 9.307387647696602
201 10.435771056287123
202 9.12402052117937
203 8.362125093047975
204 10.273740169854415
205 11.847748610640803
206 9.887931843522784
207 10.58882747707398
208 9.648535983823464
209 10.919480441379106
210 12.495325288404965
211 11.020724598165677
212 8.416706681132803
213 10.186313093651634
214 10.240122164565353
215 7.9695452641444815
216 10.036692440661266
217 9.397326768203724
218 10.321396014791576
219 10.320550215403816
220 10.203943146198219
221 11.928951442162433
222 11.485269235189364
223 9.979398646955582
224 8.343191292701556
225 9.744091855313934
226 10.553149131446668
227 7.589820421092659
228 10.35814975048554
229 6.131038038182307
230 8.832658110172716
231 11.72153312702281
232 10.309424635791382
233 8.561383360939159
234 7.821076080176633
235 7.795616254362314
236 9.11102123201687
237 6.5964848356219985
238 7.1713656270026735
239 8.066541601293583
240 9.001606256775283
241 8.234671974002357
242 10.20879156148867
243 10.330460367571282
244 9.870831180990146
245 11.049753411607796
246 10.554970196437884
247 9.086101218923657
248 8.246062924211854
249 8.257926730078092
250 10.294283596329818
251 10.24643070099823
252 9.731404375584093
253 9.660385617992537
254 9.73407119617934
255 9.971007740221388
256 9.04450416033137
257 9.815004773037531
258 8.498579536655258
259 9.358973439097507
260 11.282588747328052
261 8.894214919878497
262 10.570173773453252
263 10.359596503635732
264 9.073912627091175
265 10.664232029364694
266 10.281627108180256
267 11.110475962754363
268 10.86618249340263
269 11.95283954232568
270 11.283938272744557
271 11.661218188591942
272 11.096949365200178
273 11.406797659774403
274 10.511921749798532
275 9.809817266094768
276 10.6406083531035
277 9.79552023333338
278 11.93834665896657
279 8.115283664339744
280 10.306654417032023
281 6.847399580162894
282 8.068530007976966
283 11.257106647239459
284 10.338431237978568
285 10.166981087034186
286 6.495056307998045
287 4.011535829704331
288 7.669966629094083
289 6.7652704113770135
290 8.767119481431683
291 6.398856344298489
292 3.640267284360936
293 8.117988568312773
294 10.24840667416826
295 8.387221989738741
296 6.555377651410714
297 9.480136066829562
298 9.85764417641475
299 5.573340107325236
300 10.759702854672673
301 9.425539912935989
302 9.994504337257744
303 10.226677021077736
304 10.819807689881076
305 8.788894171609748
306 9.340192988754454
307 10.22771324450886
308 11.664047085449216
309 11.577459916773254
310 11.24254196384875
311 12.082863135081075
312 12.323876170849047
313 12.632818781585042
314 12.118078444215252
315 11.12748802125867
316 11.733079704622691
317 12.332400531144186
318 12.162153543681875
319 11.56112275258964
320 8.102016598581187
321 8.404062710140947
322 10.146290747381462
323 9.079375646808785
324 10.289559304988085
325 9.459816609218915
326 10.365682786162214
327 10.140346096777515
328 11.410047720477879
329 10.036226422609321
330 9.618970042123276
331 8.577709431752044
332 9.032625036705966
333 10.035230745247622
334 9.18567448775109
335 10.401436917188038
336 11.401908017090669
337 9.118177352417971
338 11.946870473156315
339 5.2517111441860305
340 7.434364799863878
341 5.384132094606624
342 6.946622891240853
343 8.040621976844136
344 6.636817423522263
345 10.258025219308255
346 8.704411970112657
347 10.300477950564765
348 8.530893575983905
349 10.909320155126693
350 9.234917624026819
351 11.462329976940891
352 7.797346428204228
353 10.191033378972763
354 8.058851208598265
355 7.564252652459174
356 10.3542833870036
357 8.001882204476038
358 9.425379271106571
359 8.802996545846687
360 9.16080077166042
361 9.190159283131207
362 10.298207767086259
363 10.611105898205501
364 10.553565260822198
365 7.8474921737744845
366 10.613075607086701
367 9.4099368717782
368 9.581983332520858
369 10.115611213931682
370 9.397369818701707
371 8.590907356572652
372 10.301932363643019
373 11.499586961758562
374 9.288631843825335
375 6.239310902710706
376 7.449129736188444
377 8.062534722943006
378 9.821452471871492
379 7.624675695356749
380 8.29576296034771
381 6.554746530220821
382 6.028227328681268
383 3.9029776232181965
384 3.975753748498225
385 3.7854595091489687
386 4.00401495245398
387 3.6441871821801586
388 7.541649820068675
389 7.404214874340298
390 8.985560992525278
391 3.8182982025631764
392 3.7030067674337706
393 6.816175333237061
394 3.6862377444587224
395 6.154537090218832
396 3.383440160406433
397 4.129308736654905
398 3.8204497980071714
399 3.8483108278607245
400 3.6695930241815384
401 3.8485330644073823
402 4.127853439097247
403 8.56874506480482
404 6.815739227744618
405 8.131729953336526
406 6.266507368560752
407 7.601601322751684
408 8.171133101689836
409 6.927435754442109
410 7.150952604123375
411 7.696066421063891
412 5.529525384161536
413 5.856910151942288
414 8.06405577698339
415 7.041649287901067
416 6.959629777269347
417 6.9798240927820485
418 5.0696308287557175
419 6.9012973582859045
420 3.99560767910814
421 3.6775827367095437
422 3.923335016607313
423 4.137094765117102
424 3.7849990712340817
425 3.772723630985982
426 9.66059561140853
427 9.99295238318627
428 9.773083081210444
429 7.776474508780269
430 9.430097830260726
431 8.445178451333959
432 10.62607638075577
433 9.893729295588892
434 9.098871124590048
435 8.279319282901318
436 8.383766366773845
437 10.037092786355808
438 9.489930239033104
439 5.790019663837678
440 6.907058414841875
441 6.487827905651891
442 9.260730454979509
443 7.585470393254016
444 8.667111102557152
445 10.31557383871821
446 10.230260423522994
447 10.117038214173075
448 9.5428463738013
449 10.767676240300984
450 9.846991750321461
451 8.51121999375832
452 7.242415421556358
453 7.4722474911277805
454 8.563270177661302
455 6.930847657693155
456 8.176251768890179
457 9.871566283886974
458 8.405256887885669
459 7.701082499247972
460 8.14306416811066
461 5.976295373521511
462 7.052423456135279
463 9.14841455163167
464 8.91682011453158
465 6.989306213096932
466 7.571399954265979
467 8.517972070361342
468 8.301808736642434
469 6.366363471537284
470 5.766080041492739
471 9.113388943755817
472 8.289840710611333
473 7.167887346413718
474 8.269547041181891
475 8.078210737459258
476 9.176554733679536
477 8.417176761972467
478 7.801420305002672
479 7.538184114444218
480 8.972968050241125
481 5.403379320484675
482 7.458720271350038
483 7.411060862180158
484 7.348351888308921
485 5.849376546926242
486 9.983618219796801
487 8.189655917332326
488 7.788515288806811
489 5.914821743233686
490 8.659005529007988
491 7.855398192446602
492 9.25678533045892
493 6.68085240097839
494 7.047712707986379
495 8.2260725969552
496 8.040040544504551
497 8.774278921863843
498 8.399565929657738
499 7.844655431858804
