0 6.13392166095044
1 6.049009335429645
2 6.027553833340182
3 6.665146287209939
4 6.502291182721724
5 7.409000597247173
6 6.301276658680022
7 6.804510641454995
8 6.7746874329760205
9 5.77785313748513
10 7.224879478243515
11 7.271064956926073
12 7.97779474973601
13 7.059460567492798
14 8.66720385746602
15 5.403301874476329
16 6.16817546119441
17 5.153607754380447
18 6.536072561798759
19 6.375362764017334
20 6.595301662609098
21 6.211175945973179
22 5.656497082830187
23 6.002695709414545
24 5.900347630743947
25 5.424666105339382
26 7.853480574863398
27 6.6264231741567015
28 6.126991707681236
29 6.6659871794631504
30 7.160501019994963
31 7.233600632951177
32 5.993011015480773
33 7.775884131479198
34 7.884440512098892
35 6.543390690080587
36 5.975172095417632
37 6.138873576140946
38 5.957598456227993
39 5.362381561258712
40 5.8601998239372115
41 4.503608226812853
42 4.984762157543592
43 6.732878002617361
44 4.983259816926634
45 6.661480132227089
46 6.285164949883395
47 5.47139875131447
48 5.870578759032646
49 5.984559920409427
50 7.551678343545015
51 7.520319503454736
52 7.409430284157019
53 6.4671466585782165
54 8.138293034878625
55 7.482415590757051
56 7.093998629848668
57 6.775827560352211
58 7.655512280869217
59 6.538333794873328
60 8.02259522889326
61 5.763558785359944
62 6.232564055656361
63 7.232840206180483
64 8.063695605897738
65 6.825522689722368
66 7.425003313072793
67 7.373393274209173
68 7.392511995347746
69 8.007526745125633
70 9.111614975800581
71 6.338912472787166
72 7.382427007722066
73 7.467967249903939
74 6.2437161348239085
75 7.403628101311144
76 8.402744128195579
77 7.782088751268352
78 7.047368401686564
79 7.6329264598941595
80 7.523795965039272
81 7.946406418433847
82 7.272201597382364
83 6.455767043516143
84 7.647108163738973
85 7.09098926434609
86 8.141027685353576
87 7.784156981580175
88 7.486304094061697
89 7.063121392389097
90 7.457150714758429
91 7.40318511422919
92 7.410352385170673
93 7.959911517909488
94 6.698166893135677
95 6.8438489342576965
96 6.5589362217209635
97 7.6997471072794
98 7.437112222741019
99 7.601432005437248
100 7.958311884200616
101 8.912080000982225
102 8.184579058656091
103 6.782532652311649
104 7.649551288727481
105 8.085727399689382
106 8.380560312309111
107 7.81004824161824
108 7.909276639103467
109 6.621516947438968
110 7.852977843282485
111 8.5701446881838
112 7.464646419822071
113 8.194031002751833
114 7.352847728772124
115 7.2673195318180275
116 7.025659641301949
117 7.25459982366599
118 6.000068700315991
119 6.1511359380824215
120 7.170937196581996
121 7.057057935660466
122 6.266716197763909
123 6.858056285592005
124 7.144487247797092
125 7.065790695697345
126 6.755519467908938
127 7.80748522290106
128 6.239594905729977
129 6.608312429753741
130 6.839203384411482
131 5.78363218687
132 5.37271601572809
133 5.590636289407075
134 6.602621139204052
135 6.283543482529528
136 7.107683196239243
137 5.806389023584416
138 8.267881729394432
139 7.727280631893784
140 5.7117310191011015
141 6.833350276597417
142 8.21305780710319
143 5.560993132124018
144 7.003518987296358
145 6.026704759388746
146 6.845162372213725
147 4.279192874376902
148 4.571280434979621
149 6.478693413666588
150 8.160579087395524
151 8.618441758714134
152 4.754948288825006
153 6.665465805646999
154 6.662417678042739
155 5.392195476035164
156 6.276442427582277
157 6.115990950478396
158 7.11031895474337
159 7.301500377692068
160 5.614336137734952
161 4.833781479335643
162 6.1039388822610805
163 6.832277921595546
164 6.765535044013168
165 7.104552215768605
166 5.789988048986705
167 7.233769306030645
168 7.1893290863077475
169 6.728498055236539
170 6.852156009527789
171 5.531128242364406
172 6.092281699917788
173 4.997564698923808
174 6.586907420902406
175 5.457299933555254
176 4.235212649114032
177 5.562035892555611
178 4.971093858353618
179 6.732576183792281
180 7.350194145198098
181 7.0351681950008365
182 7.503877064319949
183 6.829699295050216
184 6.734218989430486
185 6.5679404641624135
186 6.309667680326054
187 6.074385854893428
188 6.652518555985718
189 7.365124706984478
190 6.281960042106643
191 6.433289980674291
192 7.7093333681858685
193 5.908793749650456
194 7.368192709889428
195 6.594629899797081
196 6.688263765229721
197 7.724601818234874
198 6.617134792054101
199 9.223518761981454
200 7.159592105420323
201 6.771785817590298
202 7.277609734617398
203 5.772677437532877
204 7.235051837649665
205 7.728924732870713
206 8.320637372502292
207 7.028358100528397
208 6.628276046159969
209 7.095556859970931
210 7.077995277494163
211 7.323123766605771
212 6.1572227827790975
213 6.0939313266976125
214 7.169004194981501
215 6.778938109131111
216 7.965835312135546
217 7.078540168829462
218 7.476219213507658
219 6.432062335163839
220 6.897863461692033
221 4.527228150658174
222 4.676651977324108
223 4.869896041643401
224 4.661935292098171
225 4.759156703129616
226 4.835689595802127
227 4.8515596533710355
228 4.389817477094212
229 4.416593445898539
230 4.60487742774886
231 4.718358470632747
232 4.3514439340658475
233 7.392919578488765
234 6.993076004598158
235 7.6876479492089524
236 3.5325731708349215
237 3.454307157038054
238 3.429439816846855
239 3.8133356736258697
240 3.515376466448082
241 3.5456385988609624
242 3.6592700630935275
243 3.8397270305361504
244 3.4398238388043754
245 3.6744635572426563
246 3.6168978054070564
247 3.4239954565123254
248 4.003163652585246
249 3.524868939492352
250 3.5143923996644513
251 5.976184584378336
252 3.5210748935142004
253 3.6611833907483127
254 3.695312557329531
255 3.4782076888571
256 3.5952291642389067
257 3.5097904627635454
258 3.48230248294
259 4.037282669156525
260 3.3717977116462885
261 3.766722808686008
262 3.442861013888633
263 3.60804119906172
264 3.863574079994346
265 3.5071531736314863
266 3.5791215463978716
267 3.4698612333995356
268 3.393282744497742
269 3.409815771503963
270 3.518581365089039
271 3.4638405288318674
272 3.5380044750257915
273 3.4405803412923652
274 3.6409464919325467
275 3.5099538122978036
276 3.3867251435654673
277 4.076559423441806
278 3.989052492093162
279 3.790983373300239
280 3.458181904281837
281 3.524159693735889
282 3.602191430173949
283 3.8069040708369375
284 3.4152377408921066
285 4.320114302331975
286 3.99669696524597
287 4.076331277754789
288 3.6690406609384336
289 3.6963768910150097
290 3.7259486202135466
291 3.635300378342006
292 3.4310256563308106
293 4.269005792622877
294 4.663848899434597
295 4.073672750435536
296 4.253868472368805
297 4.806408890868946
298 4.78705636742519
299 4.121214167378872
300 7.063868215245151
301 8.49657146948154
302 7.63897579528742
303 7.05461014214457
304 5.644255050261625
305 6.229892420112434
306 5.756582616160458
307 5.864993803106186
308 6.021579445707913
309 7.026274106760848
310 6.432868884245238
311 5.749787269684763
312 6.260835761661075
313 5.554397409849176
314 6.406206782001615
315 6.064213379520669
316 5.905905069400964
317 6.017495189956908
318 6.484666513295808
319 5.616125962825047
320 5.439316689536227
321 5.409310958669499
322 4.610908029193472
323 6.627343835826557
324 5.493448892290011
325 5.540860103914616
326 4.491290856738863
327 5.195351923986882
328 6.078110163516886
329 6.455804192659303
330 5.627182087620197
331 4.347959226360035
332 6.095839600001409
333 5.845469598500897
334 5.89747651698483
335 4.38236485129048
336 5.778538294579596
337 4.5011852383481585
338 5.79956708128938
339 5.019452980754776
340 6.050677500266784
341 6.657977073706306
342 4.857042598850309
343 7.701298516866502
344 4.319878489828798
345 6.28960383107404
346 6.140883232408064
347 6.418997022933632
348 7.256868899107312
349 7.238506439392004
350 5.195718710350419
351 4.584555329461733
352 4.747670244776737
353 4.916266765348567
354 4.547612987195408
355 4.414040401567551
356 4.9340421182127345
357 4.694596817166578
358 4.465112308650688
359 4.386933351620724
360 4.72221503039808
361 4.859723247921855
362 5.667348056887654
363 4.837226028557755
364 4.90521737556053
365 7.807093536440205
366 8.405591086122886
367 4.655274687130787
368 4.918815411836863
369 4.487077547755989
370 4.450677267883646
371 4.567176558274885
372 4.601760117652587
373 4.425953916139266
374 4.6356972423972564
375 4.713917860004359
376 4.655841584852534
377 4.163209211585872
378 4.88766240153656
379 4.788714108360121
380 4.459512843932464
381 4.60890323172472
382 4.871936214346412
383 4.6936676953056775
384 4.75989025456265
385 4.457094214158566
386 4.660555969840642
387 4.473331331365306
388 5.021107315455327
389 4.589138835431465
390 4.8326484320482015
391 4.681697321967749
392 4.65617472351882
393 4.716728477295452
394 4.623123293284856
395 4.6508655634317595
396 4.435009446602041
397 4.784430932557157
398 4.754122761906932
399 4.784097821226186
400 4.788762234952148
401 5.054070811526499
402 4.594352049778876
403 4.730054948103007
404 4.540407310572205
405 6.639764957176331
406 4.62991534355082
407 4.644501148937686
408 4.514542835132892
409 4.794260451461414
410 7.712979791490572
411 4.808909267227631
412 5.047599614200618
413 4.9481550238921335
414 5.371321635202803
415 4.681890237479889
416 4.896019305378836
417 4.810238773119392
418 4.659758822447411
419 4.71403320412215
420 4.758120694678863
421 4.8946370375609645
422 5.304904602513806
423 4.795252994520915
424 4.4777361134382
425 4.8324651993559256
426 4.76337146471411
427 4.584476214461418
428 5.038746889242463
429 4.792601788525706
430 4.734935911557872
431 4.781361626999801
432 4.875411693367492
433 4.678749202669181
434 4.6660519601968
435 4.618013288543565
436 4.549615899305053
437 4.8026461480224825
438 4.518157225374684
439 4.865594270287602
440 4.471401794754809
441 4.9151545136472
442 5.304143829898833
443 4.56810074233415
444 4.711148377033666
445 4.481136220306216
446 4.543735755732383
447 6.499899262781192
448 5.8446787328951775
449 5.721289000573335
450 4.783938520924747
451 4.616258554844158
452 4.58597580378549
453 4.7383426585894215
454 6.420652449936251
455 6.922319276303128
456 6.093297894971196
457 6.614303625244275
458 5.9705529901104475
459 7.058385044839597
460 6.235479339696206
461 4.801369642204107
462 4.723891435806715
463 4.899322403923259
464 4.737244093494344
465 4.694130875283277
466 4.7268116204044235
467 4.633998151366156
468 4.839354793745209
469 4.856988557802797
470 4.819466020187525
471 4.858372730617378
472 4.707309458499055
473 4.550733604725746
474 4.641373515528491
475 5.048659830106853
476 4.593259885917104
477 4.658034368808297
478 4.657878838037202
479 4.729858584543374
480 4.535061462098112
481 4.627796126073856
482 4.926140575824688
483 4.684741710727873
484 4.60960295917128
485 4.772493213769687
486 4.813271999637911
487 4.798439037211959
488 4.7099129211513056
489 4.506712520677064
490 4.441508232069028
491 4.252205212192036
492 4.782065624127322
493 4.793767002851332
494 4.727380327704343
495 4.466671039629177
496 4.789010462973641
497 4.848327306830178
498 4.427987362503144
499 4.680782347495188
