0 6.734546454666693
1 7.516466467025995
2 7.689906479350087
3 6.3269888470877005
4 4.751440394795053
5 8.152198201981566
6 6.470488717897865
7 7.90243544438892
8 8.424712430006
9 9.084194408205828
10 9.605536970982428
11 7.821911824452346
12 9.060630814858598
13 7.779120103035644
14 10.181940764656217
15 8.76625938824516
16 5.895960201091307
17 6.611095337180975
18 5.371617374208671
19 6.001036703705034
20 7.709236994685682
21 5.0988813067595515
22 6.327520205377256
23 7.281381929223741
24 5.488702954531266
25 5.864147664212273
26 5.764564130316343
27 6.575505645797221
28 7.552017406779073
29 6.572674115495204
30 5.446997697510742
31 8.401712680401335
32 6.279324855459976
33 5.936565399003717
34 8.120237978168616
35 8.403079049028532
36 6.6622125682714834
37 7.6996419006716526
38 6.038689819759284
39 6.509657452484231
40 5.3081694428787
41 6.971061800502591
42 6.902012486125312
43 4.529508953875795
44 5.7802824234344214
45 6.198950162408972
46 7.9170961924467615
47 6.760654505887487
48 6.409550383067489
49 6.428467081735947
50 7.754854490115682
51 6.731345102054011
52 6.256419646224263
53 7.310100042000737
54 7.278994070848113
55 7.3942710799326195
56 6.360515564113807
57 9.170717672755968
58 6.750924121742614
59 6.689965710306003
60 7.203852708071186
61 5.17994186046346
62 6.175021855300373
63 7.1015201686400315
64 8.081976245642636
65 10.23557624595021
66 9.875553132203532
67 10.000923058598358
68 8.827248109573121
69 9.376154215803112
70 9.133055875169477
71 9.006955800211715
72 8.609063708725504
73 8.657126915258745
74 9.327069071050046
75 9.649548032428864
76 10.119112205469197
77 8.92931171674747
78 8.78651184034748
79 8.112624682790967
80 6.729271981273594
81 8.717104228054934
82 6.335177978116808
83 8.763149819356698
84 8.324503220116995
85 8.829052559262848
86 9.029902101145533
87 8.535872158751614
88 7.853353634261012
89 8.882846855054748
90 8.613233165538455
91 9.806482679976726
92 8.336871145681455
93 8.572423852787127
94 7.656619759979524
95 9.761628683844187
96 9.361854780379351
97 8.837095123974745
98 9.646274187587062
99 8.962748200509187
100 7.580136507036783
101 10.105020903082277
102 9.28214619098291
103 9.633453949921755
104 7.519937022916854
105 9.25153403008181
106 8.923242492329708
107 8.447425685936086
108 9.95524298724089
109 7.997544250136125
110 8.606306500328897
111 9.018251284961048
112 9.241574258265638
113 9.87532983558669
114 9.451763378663669
115 9.052844810621664
116 8.24588948935175
117 8.368469180109525
118 7.263334058513001
119 7.722334019394411
120 8.47829196043549
121 6.202761910283889
122 8.32477529394891
123 8.246601412386449
124 6.843314387323255
125 8.499195407867365
126 8.492680056687538
127 7.7957325252095355
128 9.557921226039888
129 8.465537894787653
130 8.041036662965528
131 8.781800013639197
132 6.7127609198508456
133 6.8220213791625826
134 6.046442576217717
135 6.572601556992819
136 7.905570536083874
137 7.211005941337497
138 5.404295633733773
139 7.6311704241363225
140 5.031353016057557
141 6.914811906549118
142 7.311575019921161
143 4.778522786323252
144 5.691295737781915
145 8.585279151712262
146 7.020580973429949
147 7.7561405321139185
148 4.936455886100939
149 5.21160416072474
150 6.280145632338896
151 6.150966852106187
152 7.154075690544574
153 6.638379157465222
154 7.358954005451082
155 6.734065647808703
156 5.320534380835619
157 6.64542312893626
158 5.814324163087845
159 6.44348565477533
160 7.200913289132791
161 6.794981521298257
162 6.377019595463973
163 5.915034259911593
164 4.829953979991098
165 5.98339311126953
166 7.270183041101523
167 6.880398757941647
168 7.047027650589195
169 7.214284126744272
170 7.5951446924447
171 7.726633330757979
172 7.490004052089603
173 6.306177701021937
174 8.46345008617062
175 5.999314865021864
176 6.42070944712312
177 4.679036886075656
178 6.410869824325776
179 6.508649637920683
180 4.854162287366907
181 6.837702343195923
182 6.058857128643556
183 5.76719798350331
184 6.7697515315733146
185 5.088028337683568
186 7.367541581809072
187 6.477660883128818
188 4.718634901639518
189 8.552767996529978
190 6.690133559161937
191 6.961828217044885
192 5.952474936596855
193 6.910467650178579
194 7.370772980601208
195 7.880595426910282
196 6.898838626673297
197 6.42414450263551
198 6.202394888006001
199 5.677328559074019
200 7.95643990924584
201 5.873105023776227
202 8.16312302060129
203 6.5296425535364415
204 7.083686616383051
205 7.021547475194388
206 7.534503410626402
207 6.880544962002474
208 8.24722902553481
209 6.84229063325874
210 9.300472352882391
211 7.472818868163905
212 7.8923002577849
213 6.210140570357093
214 4.403604160469999
215 4.074247364554382
216 5.035518491059622
217 4.183656228536894
218 4.219783059136323
219 4.413163329847853
220 4.474088546479915
221 4.810000000897577
222 4.422707536315431
223 4.141619907416392
224 7.512858161708482
225 7.391877845606235
226 9.279695681095852
227 7.444217677079529
228 8.932915774240097
229 6.905845181768876
230 8.10225116644638
231 8.816498748587438
232 7.2913810558867045
233 6.842368591658519
234 8.006265379455948
235 7.7515353975902075
236 9.113401792847315
237 7.48289370581915
238 7.536515683735275
239 8.996010714551943
240 7.714173119542151
241 6.615568678206837
242 9.806444684786545
243 8.215452128800331
244 8.747008285990663
245 7.312672849463779
246 8.802925594167014
247 5.587269104710502
248 6.745905349334232
249 6.6782977984373275
250 7.549936018048088
251 8.242412979528346
252 8.74652391238855
253 8.228520301069967
254 7.6506715709129525
255 9.17434443018492
256 7.923121063522784
257 9.540209068780333
258 7.466643976652232
259 8.93724565255055
260 6.718337137883568
261 7.848247980347262
262 7.016155301498139
263 8.557089949486993
264 7.9467098699095935
265 8.494402078125002
266 7.9561137765646555
267 7.517151485302172
268 7.281264253873634
269 6.322630336043354
270 7.812735042859444
271 6.951768472099585
272 8.590183270504356
273 8.695860530524122
274 9.63031573441683
275 9.16857271635593
276 7.671655173188132
277 8.685395768609986
278 7.583014783311397
279 8.91279028746074
280 6.946120830472253
281 9.42335073598295
282 7.699320786504399
283 5.592280589156118
284 8.585149433159176
285 7.566516197414058
286 8.108346473018404
287 7.716677664928619
288 8.719207357621341
289 7.763640848447794
290 8.613030099184895
291 8.488503907037183
292 8.005439073239435
293 9.283600367557474
294 7.470480711107671
295 8.324411957340823
296 7.068586146993425
297 7.632898026561464
298 7.666369567534619
299 8.258955006055235
300 6.4806801485277585
301 8.30108793531043
302 9.372966735453724
303 7.403206415940428
304 8.298184225959147
305 9.076614188165069
306 7.510800017356597
307 7.451885297976506
308 8.448530625883372
309 8.517647577973817
310 9.140887822742238
311 8.834545542486964
312 7.073153454510013
313 6.699209933550544
314 6.481049594948623
315 8.108736969602571
316 6.3466555348781934
317 6.7412510308938405
318 4.00417259941116
319 4.104165828188242
320 3.416359503135181
321 4.45209701277507
322 6.520380630610518
323 6.025848858323929
324 6.141837525507786
325 6.525806565033229
326 6.814180550738718
327 5.743056643132266
328 6.662267605250218
329 6.566494618372055
330 5.887829523831338
331 6.019140846230304
332 6.153859056491222
333 6.389867747213356
334 7.07002409130711
335 7.010335485611833
336 5.879577883914366
337 7.139895066518208
338 8.662307749429484
339 6.452714973916321
340 6.610923171075876
341 6.52594344342665
342 7.101839344446468
343 5.4967400796305705
344 6.64880313822777
345 7.100850216583917
346 7.290681282463421
347 6.063088160212333
348 7.087078614367694
349 8.50424885136459
350 7.088853959015486
351 6.842190865637376
352 6.5848309356169805
353 5.117225388377941
354 7.147777622361383
355 7.668169202594049
356 6.332240217187977
357 6.366741566417468
358 7.955112087035098
359 8.135096588766553
360 7.111023127699924
361 5.811394606875174
362 6.212442509180803
363 4.966105101229062
364 6.289478074762767
365 6.187751624648229
366 5.809262811225337
367 5.739255085119692
368 7.26398074943251
369 6.39661127522894
370 5.433787502719446
371 7.280917038568069
372 7.132332293227165
373 6.570384436774251
374 7.695108154093966
375 7.030892401161247
376 6.851731222931624
377 6.444509065392224
378 7.229258480886014
379 5.8211791698531625
380 6.294217263462436
381 5.484068660822217
382 6.508836844082364
383 6.971387061006084
384 7.4262761978762795
385 6.85197381033949
386 7.267617286483713
387 6.339662665941824
388 6.611911680544691
389 5.906603476595312
390 5.909083891742412
391 7.60498317230811
392 7.5754661198595565
393 6.763507644715889
394 8.047645437618336
395 7.2007799298048045
396 5.62565446324013
397 6.522284747738839
398 7.101171302614452
399 5.644353183605461
400 7.610281773802485
401 6.463431470782239
402 7.0379353258371
403 6.543807958281982
404 7.175203259735973
405 5.964523472386956
406 6.959203025482035
407 5.63781821365294
408 7.557977238852867
409 6.296579511202149
410 6.16753947520793
411 7.305985138693024
412 6.0142336548588045
413 4.833906526561181
414 6.749186522087007
415 6.034814039230421
416 5.832693406647433
417 6.05535343182597
418 6.266163276181754
419 4.768265056532964
420 7.468281758571243
421 6.79849083540464
422 6.877981284666725
423 5.660406573868744
424 6.341457256923232
425 6.807856175625894
426 6.270495537965051
427 6.51113618867661
428 7.279406186932893
429 6.999137364510679
430 6.341963134332493
431 7.2407454452681534
432 6.811793687451897
433 4.649452475610048
434 7.08824523057446
435 6.828104769845867
436 6.9825210160120585
437 7.878248789949351
438 7.191936047610276
439 7.063759408230174
440 7.3936848481592135
441 7.20964500463698
442 5.735572672955314
443 5.937601054440895
444 5.492556073840117
445 6.516451074250208
446 4.825089401260152
447 6.6163648432687125
448 7.970012266404603
449 6.791297236136311
450 6.172391247215801
451 6.4406661653294295
452 6.985885138942332
453 7.638542601096965
454 5.779493791456621
455 6.754586523437501
456 7.336323041999761
457 4.844555119285341
458 5.750109347894166
459 4.225378991380821
460 4.341605783969561
461 4.416083653875913
462 4.122364917566221
463 4.041436815674821
464 4.445264426402947
465 4.434675841496097
466 7.33390697840422
467 4.65131881606341
468 4.476891059032528
469 4.444120579580287
470 4.387300199558521
471 4.643584427438913
472 7.063861911488661
473 6.220133725274373
474 8.695508729608985
475 8.049800998957684
476 6.139116450251169
477 8.50790608034775
478 6.95470270412594
479 7.753354944910187
480 6.499595757931764
481 6.678238192918143
482 6.028625118710103
483 6.629487874198277
484 6.642728500302938
485 6.975879534622856
486 7.30719142531745
487 6.952707600480454
488 7.2765983876269535
489 5.195871326986223
490 6.165239594458187
491 5.056694673176479
492 7.005508821330912
493 7.586091323951859
494 7.715935712630605
495 6.973696487461789
496 6.174648303306767
497 7.089095550068117
498 6.875744383293963
499 5.948516335130503
