0 4.140883875811431
1 3.93527975136759
2 3.5928692561226816
3 3.600521782572519
4 4.934115147768719
5 4.73244621032548
6 3.2477418066252275
7 3.6108876368337133
8 3.5915940518392717
9 3.6636282324519875
10 3.3012848331889035
11 4.160541429163615
12 3.5488418091344895
13 5.0764470948940374
14 3.369195346278653
15 3.8968821606402537
16 3.9284960048248023
17 3.788439344465561
18 3.647934880209862
19 3.5383390179346157
20 3.789173629554286
21 3.344494641013845
22 3.4014128397819547
23 3.4413051375776327
24 3.9056896325293216
25 3.762426532833857
26 3.6929477550467062
27 3.6965408424906903
28 4.1397614687816455
29 3.7171282822923075
30 3.9540489509637573
31 3.447673355660051
32 3.470847169081029
33 3.6826037851608726
34 4.2446341751437995
35 3.62048361794458
36 2.837910954409071
37 3.7192241342897363
38 3.103313085771755
39 3.496525423527281
40 3.192275243290153
41 6.533379573157731
42 7.3815764811146005
43 5.426768488606759
44 4.914561134889825
45 6.171507935110151
46 5.7757997267848555
47 4.416932197060444
48 6.284444760307836
49 6.0491035782008735
50 7.255403400654728
51 5.869358131897041
52 6.912409016239025
53 6.8874222009735
54 7.7355119431920745
55 2.855350772305205
56 5.9646751715157285
57 4.8597788394863395
58 5.01948438321017
59 8.353817548018204
60 7.803428225201403
61 7.930929399386918
62 6.0285344917205155
63 7.392973901347799
64 7.075001377200544
65 7.57017395067289
66 7.53077019933251
67 7.83478838010956
68 6.797762141153548
69 7.138136868739641
70 7.69965575632116
71 3.6952863382958916
72 3.9337077987643454
73 6.748736789747319
74 7.409809047884673
75 8.127286095054018
76 7.222602437877376
77 6.711627376348088
78 8.068061054174972
79 7.542587647466931
80 8.166357321187688
81 7.92329681003848
82 6.7811302489195215
83 6.003935468141568
84 8.541100117208067
85 6.163759649176269
86 8.484522577856389
87 6.565608118080587
88 7.658408123407563
89 8.2015833158815
90 8.672070645866512
91 8.457943407401384
92 8.272709732791055
93 8.045434137866163
94 7.953998296139784
95 6.624742373474074
96 8.874052766980084
97 8.827455964867601
98 7.9156634586346675
99 8.133721772003213
100 8.35075811781409
101 8.91548480934413
102 8.383750952252688
103 8.14759032232053
104 7.213537371732443
105 9.041375856377753
106 8.974970438562739
107 8.835702775976028
108 6.886075035597745
109 6.011960568455778
110 7.866285219879038
111 6.946621043286537
112 7.150261935881228
113 7.071990595256075
114 7.337866670735596
115 8.17563097965514
116 6.0498774222165475
117 7.5369744827890575
118 9.001311426427304
119 6.728498440064081
120 3.981571327555019
121 6.029989876574865
122 3.6677383715354597
123 4.027824164942767
124 3.5115139987677266
125 3.420713031016254
126 3.350455867206923
127 4.586661360905639
128 3.286015398406139
129 4.135301453196598
130 3.4889830237528137
131 6.094738474797429
132 3.6551316108849385
133 3.330941599030307
134 3.645328964105834
135 3.4691158443819465
136 3.8364889046961768
137 3.205580444215954
138 3.980793703495346
139 3.6425852799888996
140 3.362387597962853
141 3.7956645459381915
142 7.07167304658389
143 3.6774929877715223
144 3.5342674024519765
145 3.4615709645342747
146 3.6277938075653893
147 3.7680445777227973
148 3.4330473959893113
149 3.438541326521345
150 3.03992786063465
151 3.641359162274231
152 3.7283031895939955
153 3.4851502217029755
154 3.373302945159974
155 3.9150875059296846
156 3.7681043685937845
157 3.650244384360198
158 3.1707976468456938
159 3.7556948366824074
160 3.174854816075497
161 3.5218651582623375
162 3.5712579629643093
163 3.5921380195093624
164 3.511501036756944
165 3.361126186155519
166 3.9399807500362343
167 4.002628861598378
168 3.7600035470611552
169 3.533867048437817
170 3.992980438096722
171 7.5604679604413985
172 6.179240508447954
173 3.5111248720718002
174 3.810492715324482
175 3.3874457113184033
176 3.6017128801274674
177 3.7466068434642437
178 3.5586097784007986
179 3.779491106855171
180 3.8737515857338503
181 3.484402345714411
182 3.587548209054319
183 3.293698782269389
184 3.4803129515103812
185 4.422915401549464
186 3.6247677460393413
187 3.5896550386498256
188 3.4602053030190776
189 3.291369240609838
190 3.8363014715168644
191 3.587720334799254
192 3.163016040814133
193 3.8228411462188903
194 5.34560315099163
195 5.208563802844587
196 3.510225448560125
197 3.5772278184407904
198 6.681396778027472
199 6.310006367538023
200 6.649450042404137
201 7.993777478751735
202 6.266350486838855
203 7.114366771413296
204 6.864558470808135
205 5.539578499116465
206 7.056121598929278
207 7.665525397112536
208 7.907070956618881
209 7.799667399783241
210 7.437895516375044
211 8.003014336377404
212 6.173034684233449
213 6.900317099449204
214 7.410743211683144
215 7.287350247154857
216 7.656085832633253
217 5.494385238429637
218 6.941546513997878
219 8.885510112689856
220 8.201453372928828
221 7.758051558046404
222 8.441763131271777
223 7.895445714973276
224 6.535040737961877
225 5.6975451890446775
226 5.813360885260726
227 6.226208011617652
228 4.774008350964293
229 3.205344552883667
230 3.548761428325521
231 3.514793088148418
232 3.615049668465514
233 4.1065546531217745
234 3.1680158062321135
235 4.246436333589107
236 4.321641721419185
237 3.7966000141085727
238 3.915821587444732
239 3.7339555991695836
240 3.6690591897504756
241 6.526377592042188
242 7.3154998226830745
243 7.670056978916491
244 8.59114097809135
245 6.609111980401554
246 6.1143051614832435
247 7.352101541451062
248 7.807999521021062
249 6.942145520403703
250 7.378174662819567
251 7.2046997201918375
252 5.570372300282206
253 6.136535731639123
254 7.10635559357853
255 7.587071268443003
256 7.239614669885067
257 7.217817794500416
258 6.341655332598004
259 7.584895736871942
260 6.095441853206827
261 6.832044831265789
262 3.9377642482169066
263 5.3234861616257945
264 8.255095467422903
265 7.736099147924173
266 7.633074872070512
267 6.096621413351757
268 7.699378033500251
269 6.647381833956634
270 6.649129596808183
271 3.583623287719277
272 3.2846749472174213
273 3.925356833431771
274 4.040397820846594
275 3.5659872501003957
276 4.7931646210890655
277 3.387849028768557
278 5.497945747506809
279 3.5078348608730994
280 3.392560961573809
281 3.7011927694807687
282 3.8179706032131873
283 3.6423473503524084
284 3.910702357008125
285 3.676930967544098
286 3.6880631099788985
287 5.49188114482458
288 7.380176936262759
289 8.828387309118638
290 7.777578391996479
291 8.66720906112178
292 8.118717567628158
293 7.887591941730168
294 7.288478333845419
295 8.30830045389787
296 8.578604340579043
297 8.337241218179994
298 8.046267944855881
299 7.944470220172541
300 8.504551973720643
301 8.273674301869589
302 8.81747465583702
303 7.97304942204813
304 8.500996642391753
305 8.326671482872872
306 7.254660185017777
307 6.890878896144837
308 8.739352487616245
309 8.044433911694988
310 6.341195709944057
311 5.3009327657848235
312 5.337051330687733
313 7.326812754361099
314 7.082638666670382
315 7.422215559847926
316 5.539172789289951
317 7.973789364934937
318 7.3513565239051575
319 5.672215409606457
320 6.634772927474807
321 6.4786368935813
322 3.570799978303213
323 3.580150528447817
324 7.743909667362231
325 8.202903724301347
326 7.132917889854785
327 8.018214601003518
328 9.064756430757235
329 8.287485796062663
330 8.401458334882575
331 8.227797928928855
332 6.332095843392094
333 7.417908959755638
334 8.51066109079339
335 8.6293211629937
336 7.780649587568082
337 8.881067911631412
338 8.19191263690649
339 6.966351086882892
340 5.619540023761653
341 6.763441104632092
342 6.687717906230952
343 6.855855799763891
344 6.817348013628808
345 8.599014068419661
346 8.255442203726455
347 4.399457250582921
348 8.118518318301312
349 6.124841404212296
350 8.170726409666448
351 7.1167036980833895
352 8.232589810288784
353 6.623877129570557
354 6.7119210105167495
355 5.754224114843237
356 6.290763835572213
357 6.829749321980108
358 7.245442463715407
359 4.297560353181974
360 3.5007250888816484
361 3.2940949658537333
362 7.844996420122571
363 8.072036233110246
364 6.278873100495556
365 6.5899796042575325
366 7.109743309173665
367 6.225400075487671
368 6.7772953365325295
369 7.866707305117235
370 6.395046542847105
371 7.9034456403269235
372 3.9284916457977945
373 3.773058453161108
374 3.984480359319636
375 3.4322949887089726
376 6.505967766867931
377 6.951762166030806
378 7.21979716860256
379 6.044358917285473
380 7.831976770857032
381 4.283019597473845
382 7.419885721068825
383 6.375952914163148
384 5.718700518370219
385 5.415723036171439
386 6.679161466009464
387 7.060023378808378
388 7.85824871779276
389 5.874571820035381
390 7.692993105567008
391 7.89605359582657
392 7.826674928530679
393 8.372724697308568
394 7.927594994841283
395 6.470393922493883
396 6.836152556755306
397 7.730509229988461
398 6.288842491629986
399 6.549295000103846
400 6.786126918574754
401 7.183173960536742
402 7.596015649255929
403 6.524473345191057
404 7.1528045831862
405 7.313581245539319
406 8.177060007325696
407 7.500834842279444
408 7.75720627892467
409 8.465590419522645
410 7.236342438460169
411 7.197180087911377
412 7.501940092352026
413 8.399940731173798
414 6.9349412669694175
415 6.958894052857535
416 6.7293246229591
417 7.334468480997682
418 6.19780274413959
419 7.0692738327038676
420 7.535087127047666
421 7.165479027444307
422 6.9622535450623
423 6.6384151445665855
424 7.175885490929328
425 5.724724900602919
426 6.197479574330363
427 6.503111637890645
428 7.275623196615823
429 4.721494161995812
430 5.131045295533387
431 7.274507817857191
432 5.926687451228017
433 6.7207657860023495
434 7.323721722796002
435 3.2111027406433084
436 6.531651122393959
437 3.0415730268265255
438 3.505704900101578
439 3.6411726331669936
440 3.477081695327949
441 3.305582200496668
442 3.629546346778346
443 3.5234995752464022
444 3.5035179759888275
445 3.7733213570096322
446 3.1966241993987303
447 6.367308116076999
448 6.4216377780165805
449 5.773038766299657
450 7.268218981492944
451 5.881367342352283
452 8.569546766434364
453 7.01205074131666
454 7.582444452354381
455 8.301853023115806
456 8.122198176713733
457 6.8292813218227515
458 7.523580097627643
459 6.871637139830164
460 7.828363845768401
461 6.343987592030962
462 5.6407075764004
463 6.941106015013642
464 4.910426840270867
465 3.3988799656988316
466 3.506116219236927
467 7.876210737926683
468 6.219716982348761
469 7.827094596186649
470 6.824948269935078
471 6.809633916938317
472 7.567460090391394
473 7.447213188894286
474 6.717902935730275
475 7.698651693993221
476 6.685554251603195
477 7.7584600049208845
478 7.599130908983861
479 7.656797801772841
480 8.019663484993766
481 7.003166333839902
482 6.741656389097849
483 7.859144315287365
484 6.909432573652188
485 6.787148964091489
486 7.713462059667452
487 3.8161638625700482
488 5.733788954841104
489 8.3427420289372
490 6.827383236562448
491 7.655158476346004
492 6.114135043421087
493 5.523202858919582
494 6.010833239923628
495 7.363438802263289
496 7.15352656682934
497 6.459907689045327
498 5.837695885770184
499 6.388067459088109
