0 6.593728027759278
1 8.215254001785251
2 8.729730494240723
3 8.101857290899657
4 9.186501725194761
5 9.782305763315657
6 5.291486283975443
7 4.166237539883716
8 3.8557101949895616
9 3.7111256701360436
10 3.688046452449058
11 3.7238319033534384
12 3.3693005173862036
13 3.3023301487738266
14 3.735654800823029
15 3.8242683387558047
16 3.651900401745181
17 4.310965986492059
18 3.475928290102639
19 3.54425583679471
20 3.9565102533668215
21 3.5318135627886744
22 3.3380006522121124
23 3.6908265802517057
24 3.8740990218461504
25 3.5995473791850574
26 3.7514689160287285
27 3.542946298344087
28 3.723529817999665
29 3.332662697442585
30 3.306362116563091
31 3.5046587540139194
32 4.084409659156143
33 3.9075513668805146
34 3.4514977729346077
35 3.4772982884966854
36 4.064053960439703
37 3.6075410030785857
38 3.6241822770316108
39 3.5187933090722807
40 3.6098669073632994
41 3.2942877863796998
42 3.767489743071081
43 3.834252925221526
44 3.8075925098094188
45 4.015124102589025
46 3.796098774457494
47 3.7567698790422877
48 3.6030401045284024
49 3.7398919296634068
50 3.7532982615199897
51 3.4408989572239346
52 3.939345986759114
53 3.614508677287644
54 3.5439966298035066
55 3.547830973900133
56 3.668633683012928
57 3.5410183014346575
58 3.460286081910376
59 3.641567001500094
60 3.738481690863252
61 3.5718889961631253
62 3.9115803177103228
63 3.6235680627854814
64 3.335136484021587
65 3.529162256343283
66 3.531782325050763
67 3.412251062326844
68 3.5530812398271316
69 3.7159499543436367
70 3.7170375955656834
71 3.1080080823294214
72 3.1890514701739283
73 3.411473772991332
74 3.2758304889016854
75 3.62689079885753
76 4.001109995302066
77 3.6341214833548143
78 3.7229356589742957
79 3.6962178774597163
80 3.5907302122952816
81 3.8794873155272964
82 3.5683581025501026
83 3.5875044751005496
84 3.5573963484361397
85 3.869133308111111
86 3.712965617563481
87 3.6815882305126313
88 3.5555117360457538
89 3.7811366529209014
90 3.860278931286962
91 5.766632738640947
92 3.848975435646528
93 3.5369683449690315
94 3.545283871850844
95 3.328029178075499
96 3.4440690753657877
97 3.814904275783594
98 3.4123766961952073
99 3.5917856058125537
100 4.032548252418449
101 3.6557716636850577
102 3.2838411606303906
103 4.157102465970628
104 3.8023146083183335
105 3.6235388893600544
106 3.7199727357634385
107 4.105626433737905
108 3.5761445478119245
109 3.5779289340392677
110 3.45800262261124
111 3.8107384161625246
112 3.333139715429796
113 3.65574488401196
114 3.8627907824005034
115 3.225030097902696
116 3.6898954027965365
117 3.761670816709315
118 3.2770947932974024
119 7.296781109393162
120 3.4695542921434512
121 3.5394915582974034
122 3.556190215377676
123 3.5162981029259988
124 3.1510930793256664
125 3.4399219685565052
126 3.711483152778667
127 3.3280178932985214
128 3.513020963582213
129 3.4921825655729295
130 3.5367042858027533
131 3.5598630113964087
132 3.7403704909348794
133 3.6344946041753525
134 3.2473547913658547
135 3.4469431432015587
136 3.7038200017056444
137 3.787356694396852
138 3.210549487476674
139 3.3232268867403354
140 3.852352495227325
141 3.2963224655976173
142 3.690733462729083
143 3.449092635896321
144 4.034983158507688
145 3.712846569778047
146 4.0355889203237245
147 3.380928206752872
148 3.699991145166824
149 3.495878695117857
150 3.1797155602124714
151 3.9334764398840143
152 3.606336128669592
153 3.606306884643061
154 3.5823655035657236
155 3.801659589908492
156 4.22283451069808
157 3.70105863215286
158 3.2085768095135077
159 3.348162524146838
160 3.3752867556341526
161 3.6113212494430424
162 4.014292143514118
163 3.7626219513717287
164 3.73025215616686
165 6.068759600060621
166 7.532786588069829
167 5.794881081884131
168 3.46017404178964
169 4.722312831596995
170 3.634019127285467
171 3.4058154533821248
172 3.823477619396489
173 3.523747731780228
174 3.2198552984771567
175 3.320454637144145
176 3.553474024312988
177 3.6687024008455413
178 3.634926074183287
179 3.820227534899569
180 3.307323859371219
181 3.973047656224393
182 3.852553818456625
183 3.666982241141013
184 5.341437557199467
185 3.7002972407155936
186 3.3794875296149596
187 3.7658827792955427
188 3.7300605252969636
189 3.6311440966315978
190 3.6131331994067475
191 3.6563173937434805
192 3.72070113419059
193 3.6945962774141656
194 3.6670354201317266
195 4.078954834938583
196 4.7042948751369975
197 3.7447175318549437
198 3.5500829991765728
199 6.627901425858688
200 6.3188691209456245
201 6.531968704032509
202 8.519010804073467
203 3.587327856533535
204 3.6592180971969586
205 3.434965657258206
206 3.410626905567036
207 3.577435470257455
208 3.746047625965054
209 3.7408396887134416
210 3.547698247468243
211 3.404991308997817
212 3.3249315169870126
213 3.8712183662545043
214 3.5991619944009474
215 3.8364596520200114
216 3.547746813766457
217 3.6996407281412242
218 3.5112041051819114
219 3.412912719932075
220 3.760620536578233
221 3.4372920692910873
222 3.756623558420339
223 4.001341529455724
224 3.5142728590446275
225 3.8112029824288527
226 3.8154569868068666
227 3.7417614069923513
228 4.125841157929826
229 3.8079857665531205
230 3.8939325101575872
231 4.138233534149295
232 3.9187568499993395
233 3.5864740640069366
234 3.7904180548477404
235 3.7349739384584586
236 3.539608498587856
237 3.758687800996703
238 3.3772619595723388
239 3.5597440909753932
240 3.5263779178709496
241 3.8075350954558553
242 3.4756213656396895
243 3.5649197887133495
244 3.5207294863248007
245 3.6106860053722314
246 3.577998708146034
247 3.9306883720441936
248 3.6552635021047073
249 4.395162607835159
250 3.58383718368963
251 3.785273566856184
252 3.5449070025606213
253 7.472449374823383
254 5.76841497971674
255 6.453038711795255
256 5.537667891040349
257 6.65234381079471
258 5.51477190918876
259 3.8652600217813884
260 3.5322134054980268
261 3.3668354231687694
262 3.4975904724049296
263 3.9560712573429986
264 3.6730948787801365
265 3.6634346441283707
266 4.103927426686046
267 3.5834031276871743
268 3.733464234222033
269 3.712065491474896
270 3.702020846756954
271 3.620810698632977
272 3.2658802084938845
273 3.507432438184117
274 3.4443907587041678
275 3.9502801296998133
276 3.6686442440612783
277 3.696431191880358
278 3.3010685972173825
279 3.5029319251676796
280 3.4320335963815713
281 3.3457060365105336
282 3.4345812957507214
283 3.7101528590427
284 3.7144035137831115
285 3.8962812575852475
286 3.923226045425542
287 3.831163410926709
288 3.699114797916766
289 3.623983167480908
290 3.5216765177746048
291 3.9448587251875615
292 3.85287502482408
293 3.4587237611515067
294 3.5940059747025837
295 3.9328271682042653
296 4.317396307631308
297 3.557593039368984
298 3.3377290116054987
299 3.522443838341429
300 3.7322712169746817
301 3.8919365190768285
302 3.710404914124011
303 3.688034692374732
304 3.5161812533352994
305 3.6127274534602263
306 3.5786987234086114
307 3.611915191410044
308 3.7163810979878114
309 3.7211580502174244
310 3.7397697523430553
311 3.7366801022147387
312 3.7962517077964986
313 3.519953747067473
314 3.866994256303733
315 3.729960564115873
316 4.059534405210564
317 3.31073072904193
318 3.8667526213056154
319 3.380970739097854
320 3.466575964671851
321 3.202221586630813
322 5.00954796027527
323 3.385815112952417
324 3.435512117405889
325 3.6386908922674577
326 3.754191760759238
327 3.6540394389362225
328 3.5708571160582294
329 3.3426360325722504
330 3.4404810920536697
331 3.6040549371232258
332 3.38590388032337
333 3.7064529408878832
334 3.877302809910981
335 3.7605331598126233
336 3.5313023195879985
337 3.6807368610804394
338 3.6601732765535266
339 3.808947441178177
340 3.577382542297618
341 3.5443033062348857
342 3.9835327654680395
343 3.528089643602459
344 3.9141374641783333
345 3.2542861908308938
346 3.5704973876170563
347 3.8682877296204397
348 3.2167893701558783
349 3.9344780448035768
350 3.6892814798632854
351 3.5301034458999623
352 3.662712372326203
353 3.6690387398029056
354 3.367753218198159
355 3.4379038443420287
356 3.484119655487157
357 3.775365343364785
358 3.624055525881026
359 3.408647118300965
360 3.166215330382323
361 3.893552181424378
362 3.669864123064498
363 3.5538384612374134
364 3.408254774213044
365 3.5253403270955563
366 3.561120941964329
367 4.2992848208771814
368 3.6793985706631176
369 3.519947581615653
370 3.1827859841586297
371 3.4192449512117036
372 3.5613589507021914
373 3.0907071065027223
374 3.320109652011588
375 3.877626079680841
376 3.526297858167907
377 3.7121517904192274
378 3.674016930234885
379 3.985674892723918
380 3.919323100272795
381 3.6322248368328642
382 3.6580004312381984
383 3.598370841081214
384 3.4260721869939768
385 3.3912009522665474
386 3.4379204488316586
387 3.5767041720194217
388 3.5028859757215325
389 3.5191624807078616
390 3.3272392536990307
391 3.9597899643617986
392 3.315200003976658
393 3.5550593171462803
394 3.386120768776853
395 3.92679484589158
396 3.6700784228750885
397 3.832486165908975
398 3.6695593619021842
399 3.4280123742039112
400 3.6297484267280944
401 3.5588826608993958
402 3.999062379636422
403 3.7678463312635913
404 3.7113751642035413
405 4.340570239212594
406 3.5963909206192306
407 3.921259015972682
408 3.73459450735743
409 3.566820450959419
410 3.5741797322863325
411 3.506605650292784
412 3.5816254571108854
413 3.7231788143220954
414 4.130290428013193
415 3.532029045961059
416 6.863138426094882
417 5.291158710081545
418 5.041107677274164
419 6.936877478283195
420 5.276494065650583
421 6.775481977086333
422 3.6214258705306595
423 3.273554493611004
424 3.3528197322879274
425 3.1749452763447197
426 3.749389602242687
427 3.4775191441374704
428 3.854381523523931
429 3.700995782945454
430 3.7066629420609716
431 5.82194247334476
432 3.481603316196175
433 3.8509891562654754
434 3.4471480133844343
435 3.619816342699106
436 3.3875493257074423
437 3.3321772551620144
438 3.7297361706103795
439 3.3964414425427276
440 3.9153245224865776
441 3.9052582328144414
442 4.110204024388696
443 3.8067192753938897
444 3.777396496761328
445 3.646451385424194
446 3.5391891710267425
447 3.6236726876814753
448 3.6699544808037423
449 3.236284430610804
450 3.5091400634064813
451 3.671896718624794
452 3.6228560849023967
453 3.8661428643952744
454 3.640349199175675
455 3.6301793326197713
456 3.6629132212138455
457 3.74338946936006
458 3.620225092292148
459 3.5043753645977187
460 3.498922588472827
461 3.587903813760347
462 3.612907631260867
463 3.519917030360922
464 3.625451164659466
465 3.7326690676328327
466 3.6077557542287915
467 3.733891160333992
468 3.643406904734275
469 3.0834870485319086
470 3.574479718569031
471 3.445336388390983
472 3.567318167900086
473 3.487567741157294
474 5.916089605572728
475 3.943831752941227
476 3.7151764435569743
477 3.793439009982102
478 3.8965030922144637
479 3.7258574179492623
480 3.546952454136836
481 3.525739162656035
482 3.751923102580117
483 4.0943233043667036
484 3.6514594005177745
485 3.4608529598820588
486 3.499415695903137
487 3.5967336618763075
488 3.741211763975771
489 3.5959102575819037
490 3.7099359965413012
491 3.485177520473503
492 3.571202798597931
493 3.5575999634210755
494 3.758418151332946
495 3.5723425194217704
496 3.5927902456414205
497 3.7224546443451336
498 3.598261365636605
499 3.798328289067241
