0 13.578060889385053
1 12.292458389398975
2 11.991318541681075
3 11.022756693831798
4 11.19111817706239
5 10.711027230439012
6 11.066216451216716
7 11.835654868958173
8 11.012219026064601
9 11.4677139344942
10 9.293944944058174
11 9.994034443988904
12 11.893850121733376
13 10.784086499037281
14 11.673739883182783
15 11.457130735112072
16 12.83916372917593
17 11.154700204548803
18 9.972098356041819
19 11.20847228797812
20 11.939307665102316
21 12.000733500629703
22 12.707275595976046
23 12.206443485360875
24 12.457662586313027
25 11.879347394673118
26 11.681449033405613
27 11.966901149947981
28 12.402966489572217
29 11.264228545015174
30 10.09488312682869
31 10.53336764629159
32 9.856783660606988
33 11.433713450979335
34 11.097761767619975
35 11.399653694774454
36 10.136231556439371
37 11.258538944954559
38 10.228607571971398
39 9.988607463407915
40 10.798645680635694
41 12.139642346836988
42 13.286595961535644
43 12.570517136175763
44 10.891084777847553
45 11.44937766192514
46 11.306013384804777
47 13.017251384018383
48 13.081389948364569
49 13.025486380049431
50 11.653987573652968
51 11.864784123163965
52 12.302962433053056
53 13.122886948051809
54 12.510031885521027
55 11.943667414061668
56 11.702403931281962
57 12.098094212012073
58 11.968580416203128
59 11.583790668040619
60 11.503681828291402
61 11.43387765763703
62 11.058131687628315
63 12.888814771541648
64 11.490947957926856
65 12.379975330516476
66 12.75346162118197
67 12.171885339794278
68 12.227632426441552
69 12.14191740441064
70 12.086775398816577
71 11.180632870978277
72 12.553731939816677
73 11.787991052444724
74 11.698642104857731
75 12.523556872080368
76 11.418213811189357
77 12.05952540179629
78 10.756450836868018
79 11.304218971870498
80 12.223457884462157
81 12.520376606672023
82 12.882481478157885
83 13.059277321736971
84 12.108158006626265
85 11.427293943753394
86 12.822123153229509
87 12.959354736491331
88 12.808214894984287
89 11.893812764974255
90 11.636424570075791
91 12.417094622535371
92 12.585825038576083
93 12.66987783171263
94 12.35864739580474
95 10.17764359744358
96 8.147089590691136
97 7.598953063074923
98 12.317642859845378
99 11.368151800851779
100 12.61935957477745
101 11.444819301972004
102 9.451354085908427
103 11.011097027004944
104 9.797505133696726
105 11.834722925586584
106 11.608700703771532
107 11.410717028621887
108 8.04430543945548
109 10.27138829702286
110 10.365564424700008
111 10.14426780054572
112 10.989590476303407
113 8.92542328848602
114 10.937102980228698
115 10.453023434843812
116 10.530470054027111
117 11.171176441661075
118 12.409148417724527
119 12.756503008413672
120 11.884452954982809
121 11.960979603923395
122 11.461445945987062
123 11.855869017693818
124 11.2539879747652
125 11.770961541757433
126 11.448768845859478
127 12.126546965771936
128 11.967231784443069
129 12.024334836701216
130 11.472852206231474
131 11.36482597163221
132 11.803459835176831
133 11.494202848527449
134 11.72316795655482
135 12.329135999800853
136 12.056127743261024
137 12.39908136905327
138 11.642784124495947
139 12.429175767192952
140 11.754613972087915
141 12.353937923838522
142 11.532654159729265
143 11.739599551870121
144 12.342333542624923
145 12.130803907993634
146 11.520101796464473
147 13.592702022952082
148 13.6391167054394
149 13.681463983212641
150 13.197220135625274
151 13.147458098313537
152 13.122045736713936
153 13.380096867794114
154 12.109579892133414
155 12.902670724054571
156 12.901119185584752
157 12.822661415789671
158 12.924097193273965
159 9.657369525334689
160 10.171343389968543
161 9.105171165092374
162 10.889242745287856
163 9.901818439035509
164 11.967287775658319
165 11.424399147557283
166 10.020530914004016
167 10.164433011090717
168 11.078727928578035
169 10.023757008693563
170 10.719223087956202
171 9.54225076348042
172 11.258253159886252
173 12.681622419339465
174 13.073834910881603
175 13.094929557702203
176 13.22971060978787
177 13.175239829215354
178 13.69432061546548
179 13.576103568014771
180 13.123333243826053
181 12.883969102381208
182 13.754414614060194
183 12.876821925993658
184 11.62099798616827
185 13.333606185070886
186 13.338940496379422
187 13.498915102865716
188 12.51312333473879
189 13.496022068820352
190 13.218504347361664
191 13.482073093166248
192 12.589655138028588
193 12.973496832494847
194 12.098716204384667
195 12.024042779050118
196 12.683803720866633
197 12.929494223842502
198 11.123331316921613
199 11.445759228139849
200 11.142825441465462
201 10.964409316896264
202 11.376234903249548
203 11.688330523802978
204 12.376659199996876
205 12.550535363088434
206 11.935458459482298
207 13.07929337639054
208 12.58675176324272
209 11.022620404976205
210 12.366330227112229
211 11.390533948077405
212 12.511148032551532
213 12.001764825375243
214 9.006556512232992
215 9.367678832086737
216 9.835333365777029
217 10.950553633070873
218 7.738807533446898
219 8.350069713225727
220 9.250039667467512
221 8.79950318637807
222 9.258167699996367
223 9.05323213440802
224 10.564405431238352
225 8.126028106428738
226 10.796285825682927
227 10.035395340211403
228 9.66554570022095
229 10.586175586767558
230 7.591012244425827
231 9.755007021801305
232 9.157080408452371
233 9.199011951090588
234 8.625123014502316
235 7.905649890715941
236 8.15957075183383
237 7.4414210685124464
238 8.514603911927132
239 7.029563187403299
240 8.454079921664537
241 8.386435212997753
242 9.235842905466198
243 8.399450097087534
244 10.45355700505264
245 9.66671734969922
246 9.33143393649504
247 8.473279196998154
248 8.702124570398809
249 8.626481748677053
250 9.490894889927988
251 8.668641214142701
252 10.79968009045439
253 10.057978602738443
254 9.303180409266577
255 10.861042867924109
256 8.15823043637156
257 9.727101584305762
258 7.229104350425631
259 9.076155551069084
260 10.247442119321471
261 10.469631453212314
262 8.860941035709113
263 10.585157097831512
264 7.902316185066596
265 11.0191285426665
266 12.256795034835086
267 11.317254137199905
268 10.861946084714482
269 11.233025485070751
270 9.130924936104197
271 8.639938692552944
272 11.559019198808613
273 11.402536446321811
274 11.999129395418842
275 11.863922221433214
276 11.363613449799148
277 9.319418295029612
278 11.334785836734163
279 10.883347132271298
280 10.880165099209341
281 11.578502153784779
282 10.037562129787132
283 7.424809685246281
284 8.154360341224479
285 8.95033737071098
286 8.43428083752859
287 5.943115938188634
288 9.445009779458779
289 9.117420129737102
290 9.031766958589767
291 8.759005067974194
292 10.098148978893112
293 9.720587826277828
294 10.251907967995646
295 11.578083899513429
296 9.324799968254144
297 10.209063103570033
298 10.023240920819305
299 7.653996483855816
300 10.563049829052668
301 8.998725203835647
302 8.783744767638666
303 8.096062205485586
304 11.524601075115111
305 10.255425836791757
306 12.297008882206999
307 11.97451557469438
308 12.719591225183658
309 12.651834816514919
310 12.356089573675682
311 12.157331900838809
312 12.364264531950788
313 12.646246213260524
314 11.589651989879407
315 13.413269754373909
316 13.354983198945426
317 13.268898065292213
318 13.430156523543852
319 12.644352871060388
320 11.916695261531208
321 12.816697231359624
322 13.048430179724592
323 12.827668263135235
324 13.114202612663309
325 12.936626174346049
326 11.875692076705652
327 13.802782142685958
328 13.10788683440236
329 11.935010585432034
330 11.67866356125684
331 12.725002348457885
332 13.129003625902122
333 13.268735129939602
334 13.296581459007204
335 13.631430022889461
336 13.075406298353045
337 13.779918772900917
338 13.495997539014466
339 13.63264138077399
340 13.481014081833546
341 12.870198193474371
342 13.311292073238068
343 13.512237455706664
344 13.797334026808414
345 12.817930072394498
346 12.686515227189435
347 12.756019923601773
348 12.405925088199636
349 12.180045329349545
350 11.632378373963848
351 12.537446088179873
352 11.623590850601675
353 12.284486283460822
354 13.047383960578081
355 11.9562105076061
356 9.599344330871554
357 11.848478691850243
358 11.965777629624613
359 11.677931003807375
360 10.076670485890864
361 12.045637364988767
362 12.645840064566174
363 11.37984318376229
364 10.85299583280985
365 10.98806424359011
366 12.335572176354475
367 11.933807360664199
368 12.504550254104188
369 11.580286839793807
370 11.662754313661459
371 10.58781545853027
372 10.764107924948403
373 10.357612592792849
374 10.784692192009002
375 10.620584323594523
376 13.14723878570795
377 11.86396080081348
378 12.467878574867504
379 12.6061537263062
380 12.052073053381317
381 12.100397266304217
382 12.348426182493533
383 10.793648272172542
384 10.77939173177798
385 11.883814220388086
386 12.21905743135872
387 12.963289036557299
388 11.075262429253392
389 10.77421723555619
390 11.914281242993749
391 10.833410628425037
392 10.207053093376299
393 11.179840119737838
394 12.23407171526948
395 10.147346899456904
396 11.673688992073663
397 12.375806423375781
398 9.42783183285333
399 11.66906035166757
400 10.684518175915008
401 9.110910096827412
402 10.156124894422083
403 10.295262329607109
404 11.244854542195913
405 11.400207470944686
406 11.286370581418403
407 11.6863490866232
408 12.011182715955835
409 11.563594956323362
410 12.210081141622279
411 12.155018535177032
412 12.297504229392725
413 11.565006644979272
414 11.659375656606748
415 12.232814273398137
416 10.337098709666527
417 10.839557753634763
418 10.426521543875857
419 12.43017035586553
420 13.350822536125357
421 13.031298582547082
422 13.22560119666614
423 11.654833998174373
424 11.596081501511284
425 11.96607085089986
426 12.537266248169903
427 13.027117998238237
428 12.75019697517253
429 12.597547988975457
430 12.146959501189045
431 12.382271783264908
432 12.91424009666896
433 13.017899671905592
434 12.978602264052716
435 8.95725535113378
436 10.398353114091075
437 9.458107287977066
438 10.842213403024436
439 7.903154478802021
440 10.554512049603973
441 9.19367876324684
442 7.829192846273049
443 6.523739609015253
444 5.912935275322315
445 7.757835994083043
446 9.620838841469336
447 7.226992920749865
448 8.191143776104814
449 6.160180786937498
450 8.509045423252498
451 7.20075616291213
452 7.1127044069908125
453 5.395046894019713
454 4.713524558676863
455 5.282333599098081
456 5.939342244495087
457 7.2232373463045425
458 7.667892233409945
459 5.581238245018082
460 4.398631645593295
461 7.112084454619294
462 7.616669548865073
463 9.774885408738614
464 8.88608690876716
465 9.533915162113644
466 6.135480638882553
467 9.523119789289993
468 8.169330267493281
469 8.175380181754258
470 7.073719329431398
471 9.37187596262203
472 8.339263867114628
473 7.5539086105537505
474 8.429171418141857
475 9.715423360598255
476 7.219234694311094
477 13.037565306807762
478 12.688389274235709
479 12.745667771080711
480 12.806391233337017
481 12.767691906566004
482 12.507480817311734
483 11.378390442810087
484 12.28810682218188
485 12.396417250017546
486 11.235228099573014
487 10.639445065893222
488 10.763161030984774
489 12.155097161015185
490 11.912322990260067
491 11.19407200598289
492 9.611230664533965
493 10.621691894468926
494 11.388639681178967
495 10.265109231197203
496 11.04903281522735
497 10.830525016528318
498 11.474780886602522
499 10.492399971161063
