0 4.188461444313145
1 4.382985740058196
2 4.503567418349849
3 4.8658459723775325
4 4.642650825643998
5 5.168777973027111
6 4.734793567476086
7 6.285652316973197
8 6.864186212079961
9 4.268345622806326
10 4.231107315344981
11 4.344915548332603
12 3.4369047944249274
13 3.5775408247950113
14 3.6419022644037717
15 3.3816344085307035
16 3.5655218448465
17 4.106142205764035
18 3.7011896328823086
19 4.520793915540521
20 4.321946265535585
21 4.017760614187625
22 4.290700363199694
23 3.572893212968305
24 4.530338731436457
25 4.160723241734033
26 4.518204484428352
27 4.195279748741678
28 4.4590899346556405
29 4.302834029885308
30 4.370317790873075
31 4.854119901181803
32 4.501346915284729
33 4.546381374573892
34 4.417082911908913
35 4.342329540039127
36 4.454644140222052
37 4.209397995561732
38 4.340183760092415
39 4.66010151610948
40 4.200509528355179
41 4.5086198005803935
42 4.464643155464777
43 4.212038984509679
44 3.5397932055052426
45 4.314721788523758
46 4.1938684716737225
47 4.509598652546248
48 4.543481171462778
49 4.652340264206186
50 4.4271305442638536
51 3.5511577845723425
52 4.356893672403575
53 4.754645962845587
54 4.654597585475995
55 3.648044905345046
56 4.41155550209054
57 4.180307040641509
58 4.0106067666691265
59 4.377696626059881
60 4.6373139957633756
61 4.608380606309717
62 4.419894565096853
63 4.226397060124565
64 4.938461807282746
65 4.5211260949462515
66 4.515526352270215
67 4.332939401975536
68 4.285949477324585
69 4.866667751533004
70 4.458103385154044
71 4.354861009333599
72 4.229807971675361
73 4.233360525970196
74 4.21614807580906
75 4.341407907550332
76 4.306644027000068
77 4.590484424978751
78 4.600092331241622
79 3.7050215483732907
80 4.654696333478287
81 3.4731603837661646
82 3.3551111359083214
83 4.349263671033782
84 4.131633051503258
85 4.401208638493231
86 4.292546390985586
87 4.47021007804566
88 4.2660979800879
89 4.316346359873275
90 4.640599831773506
91 5.79943318718491
92 6.284442032009661
93 4.955176422550141
94 5.539561120949561
95 4.825890163897943
96 5.061242298300472
97 5.982733965449354
98 4.453133437169199
99 4.4901427439405746
100 4.25030537810078
101 4.302205751889745
102 4.6327466477860435
103 4.327318766373707
104 4.7655659479083265
105 4.603702264926045
106 4.402573822527732
107 4.264073010513374
108 5.105559613013259
109 4.246951843945062
110 4.4412929068979645
111 4.664001645475719
112 3.865435370174644
113 4.763823015537767
114 4.47473317573273
115 4.537058273627187
116 4.387211521610659
117 4.427061038167259
118 4.260692604468991
119 4.4663419999182254
120 4.246793924832001
121 4.696028143871542
122 4.4554918516096125
123 4.417401355064867
124 4.2472853085717395
125 4.4387169076884705
126 4.509271225311415
127 4.78202519127723
128 4.512814622443417
129 4.055529173069594
130 4.547801300460362
131 4.358302856479909
132 4.719379139473484
133 4.53794359240105
134 4.451722175882633
135 4.409199401037299
136 4.355721431233326
137 4.546169108920101
138 4.490582375213055
139 4.244048807228827
140 4.426323417850356
141 4.389123240026376
142 4.433775686935137
143 4.4201981285424035
144 4.4668488671834625
145 4.934225520767899
146 4.662352112493842
147 4.287611634412658
148 4.419784059734387
149 4.505693487034897
150 4.687699003047785
151 4.341514418509543
152 4.601290802105919
153 4.267212613696221
154 4.804400014489904
155 4.138578365321516
156 4.485928616121063
157 4.5281412066183515
158 4.225067726505191
159 4.514982337737505
160 4.365812310026978
161 4.437618755783612
162 4.372504082556936
163 4.242648551331435
164 4.33115337674436
165 4.495722908700385
166 4.135991022629802
167 4.379725822865199
168 4.717888032805668
169 4.174717661921055
170 4.705344590916996
171 4.336074351007368
172 4.3265997036602535
173 4.537760451417873
174 4.223934359172883
175 4.071345114608868
176 4.627771183621637
177 4.309319157818702
178 4.483173115211016
179 4.749581638721435
180 4.800175825701581
181 4.490515493264987
182 4.383520512994293
183 4.545940115220809
184 4.387564939420598
185 4.336069331900754
186 4.637145129486166
187 4.45340222328666
188 3.7576088477345806
189 4.218393655857007
190 4.483152165042607
191 4.393809168692066
192 4.477681565914232
193 4.439228114706129
194 4.049802029564413
195 6.313152510061244
196 4.834305493661311
197 4.502598335341364
198 4.085596491906186
199 4.311782175427079
200 4.336482831389438
201 4.127209814832307
202 4.340495125858945
203 4.337837694948488
204 4.357496888317709
205 4.733934767826096
206 4.16832344072968
207 4.304622197767135
208 4.50419383224936
209 4.625396823417533
210 4.50410852693646
211 4.684338066717548
212 4.408775774918184
213 4.48426331362653
214 4.536609320688512
215 4.094533856907192
216 3.605713639314724
217 3.4368655658543297
218 4.2792086346713045
219 3.7246124556077107
220 4.218100790521846
221 3.383716805388964
222 4.407568207282407
223 4.222519527606102
224 4.832312641835372
225 4.5221076312642365
226 4.4041505982868
227 4.591157687635024
228 4.4986898664733594
229 4.77549026745305
230 4.536143448872487
231 4.220675804628174
232 4.459274999803509
233 4.576072341081594
234 4.475800873969898
235 3.493724585493061
236 4.243531647158362
237 4.329005132214367
238 4.530116792820906
239 4.749180010865934
240 4.578145475130241
241 4.601006148866686
242 4.224550994408517
243 4.4584276469135995
244 4.483570508951613
245 4.28877182047836
246 4.317415627663451
247 4.427154527605027
248 4.59838554823753
249 4.414325949221456
250 4.373998295693061
251 4.509251951652501
252 4.334258727043216
253 4.4185531327564975
254 4.069752752183274
255 5.072685675361658
256 4.661535431763097
257 4.233147393643209
258 4.371115504277159
259 4.27078625377391
260 6.5956034925517955
261 5.090713549484336
262 4.381591637858433
263 4.580341716498491
264 4.296214469126446
265 4.546988595447317
266 4.361918420907887
267 4.557390438822365
268 4.279823053103086
269 3.662449215668664
270 4.3218196532193796
271 4.704741218920752
272 4.316488853392154
273 4.527242930400289
274 4.456710504122724
275 4.343153114461664
276 4.585108241089289
277 4.522813409496167
278 4.403059110158233
279 4.456273431550444
280 4.238566085570196
281 4.353935732866744
282 4.551287187604233
283 4.802708932683421
284 4.289115431067933
285 4.19845978803001
286 4.64647045495239
287 4.45165814971146
288 4.484890127555327
289 4.801315329645957
290 4.478582941505986
291 4.4757698738386695
292 4.450845085734408
293 4.349950540938946
294 5.146357925950932
295 4.80872721689048
296 4.614926669712348
297 5.394894107524117
298 4.446392916185423
299 4.356245041744775
300 4.541320518393397
301 4.256817211213535
302 4.374912180101839
303 4.559242229137856
304 4.073037595230113
305 4.75566899939991
306 4.32626206133482
307 4.5560629965343695
308 4.349197411142439
309 4.602425878709113
310 4.2593109407072935
311 4.592711643981139
312 4.70142486822701
313 4.396599996034384
314 4.422507453683531
315 4.391867209820822
316 4.478537585332867
317 4.5907000518584455
318 4.520195001065902
319 4.165800738058066
320 4.542175563085452
321 4.399843578546435
322 4.455282387229898
323 4.574486833483047
324 4.601393403095439
325 4.880303102203881
326 4.376907703396461
327 4.394796234073436
328 4.306336447840607
329 4.485716354955568
330 4.608767522156523
331 4.975457694801002
332 3.5873468217306392
333 4.2401550001495965
334 4.5199918570638005
335 4.3147216816753735
336 4.608676753386797
337 4.275146043417512
338 4.3766070291167605
339 4.443102936478555
340 4.123549600428422
341 4.267785652445108
342 4.473000864349473
343 4.845261448409644
344 4.61420810028593
345 4.637382311728795
346 4.420469387955968
347 4.315151435957614
348 4.510523619841255
349 4.352827106862538
350 4.371410166738338
351 4.110931311763451
352 4.041971279799357
353 3.559945216262589
354 3.532629518199214
355 3.7739885566731965
356 3.4523165322504794
357 4.221824878898471
358 4.566865159691185
359 4.068942971316006
360 4.2170881407415735
361 6.93769461664011
362 8.214749954114197
363 6.840569849971914
364 7.4414747019096135
365 9.395502769855208
366 8.826552433569084
367 7.862254261530507
368 6.5553428160819545
369 7.25401991167784
370 9.005779982232516
371 7.908914941392988
372 7.651183977805988
373 8.097933621378122
374 6.966603105907172
375 8.49673777290446
376 8.839107417757353
377 8.013077593309825
378 9.574567882530358
379 7.733645481590335
380 7.272397175110771
381 7.189471858477315
382 11.810839538438309
383 9.040713223098924
384 7.97582153958962
385 6.783162551518012
386 7.0894597089417095
387 4.896072468438615
388 6.319619987768716
389 4.774341815931276
390 4.851924869853631
391 4.2465533796138
392 5.169111395156482
393 5.223040146746561
394 5.335759026709738
395 4.7129965433375345
396 4.832470573039287
397 8.172837797784368
398 7.700792437710312
399 6.173346311656518
400 8.687449824949859
401 6.441810813811192
402 5.096963641709967
403 5.926314960576087
404 4.793309009956949
405 4.930027216260469
406 5.035435911917476
407 5.695823111624603
408 7.481410119701897
409 4.553234198929408
410 5.0238278050331555
411 6.873845438529653
412 4.579881460719102
413 4.406532850641845
414 4.961747761141444
415 4.4094968810325295
416 4.383728750297858
417 4.389904921495108
418 4.351824705163051
419 4.2677916612438835
420 4.4553580034478655
421 4.411121426705395
422 4.3405980671535005
423 4.551514670705588
424 4.418872872254555
425 4.395299810237267
426 4.436017956912602
427 4.407666613115418
428 4.671320256142052
429 4.313680286907458
430 3.9252942475790675
431 4.525273457404864
432 4.435051324326757
433 4.522313022590678
434 4.573593991602755
435 4.818733970813514
436 4.442768831040069
437 4.324081428035675
438 4.1017328760235925
439 4.808361491173254
440 3.7065492703449365
441 3.876903665357427
442 4.277827522742042
443 4.1703558751306975
444 3.8587483871110195
445 4.362580335332831
446 4.322761113728679
447 4.583916748712965
448 4.327033937650621
449 4.38630432425369
450 4.155615079175544
451 4.453609215344457
452 4.310847023253061
453 4.474309190383152
454 4.215140319420087
455 4.626299727548068
456 4.139324369470365
457 4.623046347716074
458 4.198420176493706
459 4.26732106212838
460 4.308419381189683
461 4.276072999884152
462 4.813292568034199
463 4.302355985300666
464 4.480475487830792
465 4.205339347932434
466 4.5436141191127275
467 4.597935690334228
468 4.7530044329267485
469 4.4589381011191
470 4.311250131943027
471 4.590953554031838
472 4.70972153339223
473 4.793238529256424
474 4.549884180594529
475 4.634849440482853
476 7.886855401928814
477 5.4110031377812
478 5.3591259174536265
479 5.049393188183523
480 4.095713186660565
481 4.363935369434144
482 5.500884407851884
483 4.058536866388303
484 4.529074303542634
485 4.322094615841622
486 4.736735576042895
487 4.806091120919314
488 7.281617705733576
489 8.702181964873196
490 7.549922559615476
491 6.066247452631783
492 7.8240889947633345
493 6.152263007401997
494 4.593000930131118
495 4.229045864404735
496 4.931274711625944
497 5.95023025033485
498 5.855620596147512
499 4.85377954773533
