0 4.8578946642891205
1 4.13657794182666
2 4.6078816952597315
3 4.474246412458866
4 3.8508212722888455
5 4.343425998192517
6 3.6686829992117045
7 4.887509483223665
8 4.23271154139418
9 4.36071033955123
10 3.9768155025564518
11 4.13692706312349
12 4.132089416711704
13 4.787524494664763
14 4.718918626646582
15 4.8722728421802515
16 4.435115523565129
17 3.623051652464297
18 4.584433296888944
19 4.347825850302736
20 6.119839657939893
21 4.1267138214422445
22 5.293978333358711
23 3.7213352506525665
24 4.408239389791499
25 3.838519281053732
26 3.7083619203644482
27 4.2640514083739784
28 5.166560049483653
29 5.973683768887462
30 4.312289711048083
31 4.422908425019979
32 4.330740009100171
33 4.302942792650564
34 4.6840509911333
35 4.376272128193334
36 4.692020467632739
37 4.126180878513058
38 4.473884382563767
39 4.308079134028087
40 4.8472859339825165
41 4.789851738765064
42 4.411142554030592
43 4.761285243620578
44 4.086387097970854
45 5.967793164050443
46 4.805593059733965
47 4.195421862116234
48 4.560630501709206
49 5.278930749273422
50 3.5482904861585687
51 4.526013206354443
52 4.516861501905227
53 4.51071880779083
54 3.994464496170587
55 4.520134018482337
56 6.298137650228974
57 6.10995085289208
58 7.031541946629991
59 7.848943134470268
60 7.83438025939005
61 8.23368648871847
62 5.111770254998776
63 5.077426612018863
64 6.379866247978766
65 4.826245615374828
66 5.514952998821777
67 4.140760904145223
68 4.533537852846705
69 7.618331752927666
70 4.933355433408229
71 3.901973740642578
72 5.083230381794457
73 3.7485488329145733
74 6.08294104574128
75 6.119819442086287
76 4.62723859908382
77 5.670618105075901
78 4.923140322537286
79 4.933701968810519
80 7.171113647476532
81 5.263149964505974
82 4.435924340872909
83 5.048388008897934
84 6.11495148166705
85 6.237473399951769
86 4.5796177343630475
87 5.248735004857802
88 5.445009410860489
89 7.844913055140306
90 8.008473334695347
91 6.746931898633383
92 5.063344702279778
93 4.966916437101737
94 5.694863278655922
95 6.386626221176869
96 4.544811466369277
97 4.622637283727105
98 4.444138930925117
99 7.786803300333574
100 4.525731518851294
101 3.9761372590394877
102 6.185607944992282
103 8.896352520648321
104 5.051376042489331
105 4.698698147875521
106 5.095976263591453
107 5.461855764136635
108 4.993811235784804
109 5.125205089453824
110 4.8652970100532285
111 4.758096284370539
112 4.470637893305184
113 4.612265701299501
114 4.919046947180049
115 5.015283882084494
116 4.945514358065398
117 4.466035702184125
118 4.984170428383707
119 6.760618264771982
120 7.483397137630862
121 5.616647899955407
122 5.369088817446271
123 5.315857663256659
124 4.6555651964292535
125 3.6404292501958837
126 3.985414142637791
127 4.607644023555662
128 5.2954867464157855
129 4.692860979333007
130 5.419998351517036
131 4.9522996812466955
132 4.8324428253613325
133 4.712332058494265
134 5.26796402849507
135 4.742672347222427
136 5.296944904086539
137 4.836230125819308
138 4.345804235252272
139 4.997481894311846
140 4.588533770745294
141 5.219324011108564
142 5.458269163989449
143 4.060644245961019
144 6.331400729517661
145 4.953224726715825
146 6.42494819310526
147 6.0433818899492335
148 5.296825815243511
149 4.728662859393235
150 4.928019730122535
151 5.0303279140316315
152 5.7491354631097105
153 4.898013723676145
154 4.597666270259773
155 6.4994759252498735
156 5.6326299366602255
157 4.639956006097694
158 7.563782245226688
159 7.227050442963144
160 8.046790650261016
161 6.9584193557596965
162 7.305462628973784
163 6.861345122677423
164 6.23440103949854
165 8.832178862337178
166 6.138442565630543
167 6.611023037775605
168 7.062446530275192
169 5.713634014539984
170 6.050216817351901
171 4.242163954430815
172 4.751958691864913
173 4.070868553379035
174 5.472151333432577
175 6.372492993360213
176 4.711015008161841
177 3.7660500620016255
178 4.764554953276123
179 5.5114229100051055
180 5.126609274508033
181 4.40441773172579
182 4.662451687897692
183 6.068782576074346
184 4.920243006692641
185 4.811777133881042
186 5.273620725584775
187 6.0840245919328
188 5.301974039822118
189 5.398826625388987
190 4.744226991838449
191 4.902213056939171
192 6.408791268714081
193 5.433194926309229
194 6.193123027978308
195 7.832023725317117
196 4.521968757203055
197 4.8399427137552395
198 5.959463545131686
199 4.973197673749352
200 6.053204035803989
201 5.169793329309296
202 4.172318587541185
203 4.67573118448381
204 6.341804820338945
205 6.624389997498297
206 7.153165618582585
207 5.122490388148371
208 4.812672955657823
209 4.448980843728094
210 4.849118224747456
211 4.145980709955428
212 5.221263282376555
213 5.365609524117847
214 6.139583461274308
215 4.687560180265979
216 4.6262026576299595
217 7.107391079978237
218 4.9992349260487705
219 4.252263938969248
220 5.087135673485705
221 5.194309741312416
222 4.837542593822986
223 5.565592348526134
224 6.732134453301321
225 5.5945267813000745
226 7.0755646009127044
227 5.339053665402596
228 7.339448233560113
229 7.261472404080165
230 5.501067823373427
231 4.747751269075635
232 4.982085887627534
233 4.425142977553997
234 4.927179422160661
235 4.9801306767725375
236 4.164986915350572
237 5.992366509121401
238 5.291523170842671
239 5.772481331111161
240 5.093879025039614
241 5.028667966741007
242 4.635824527712974
243 4.57682990911118
244 5.08441681435902
245 6.161049853580256
246 7.549554612396707
247 5.308057135146424
248 5.93398851626898
249 5.411035637567839
250 4.545473894250147
251 6.417527553924481
252 6.608522861230801
253 4.691474046170466
254 5.649791505164995
255 5.1047617012660025
256 4.650912900659809
257 5.4012351016837625
258 6.818826059847976
259 5.880050816880067
260 5.354244667974822
261 6.515733459649288
262 5.199802292687657
263 5.046748248345608
264 6.437141813031786
265 4.798367533038412
266 4.9152276937042725
267 6.989254473431138
268 4.38128603954864
269 6.0421664034093325
270 4.985170162232683
271 4.68746660278864
272 5.081378962423963
273 4.955680564221578
274 4.6678531500780815
275 5.2555006768301
276 6.764427422002644
277 5.3776112001268945
278 5.847440870491774
279 5.7958616793335835
280 6.475617888395334
281 4.621588855942177
282 4.6678946505764305
283 4.67662421791656
284 5.062336758096596
285 4.910465528060457
286 4.447736717599036
287 4.935471489599457
288 7.732001037823376
289 7.502938053909814
290 4.597448494633063
291 7.016372300377669
292 5.294657429111387
293 4.716576874125543
294 4.570570666934167
295 4.674663517108162
296 4.497806964125104
297 4.372171808705517
298 5.3085256926712185
299 4.508018089781139
300 7.175030674796319
301 4.98019548744128
302 4.833607272331126
303 5.115371624096491
304 7.595000370115089
305 3.8352159818965417
306 5.228582240062724
307 4.442289178883032
308 7.362572820794109
309 6.638603784645366
310 5.04839269199523
311 4.5623971404146415
312 5.0098713468909
313 6.684577537842909
314 5.944351899832895
315 7.093505393737481
316 6.281321463583006
317 4.751555772193951
318 6.124972724462615
319 4.610353905393833
320 4.332620363541136
321 5.66036525030661
322 7.965123869848658
323 6.641484686338553
324 7.103754345493027
325 4.937048480194966
326 7.473084886429623
327 7.769998228309991
328 6.948091947784273
329 7.431555116653463
330 7.839942915884404
331 4.587366456389936
332 5.707967122702729
333 6.243975450886671
334 5.945119229004701
335 4.995274489051438
336 5.854650620277678
337 5.3546184327029875
338 6.744166320489488
339 4.563842769796631
340 5.231216395106482
341 7.018946366456838
342 5.647334405368212
343 5.394109436029139
344 4.870873613248376
345 5.767146315858261
346 6.070674143641109
347 7.018728181670049
348 5.56571352789906
349 7.0618648446532735
350 5.116752002157956
351 6.984054014938858
352 5.221235123225258
353 5.481732715723878
354 4.623873309604433
355 5.9300025047632925
356 7.2642177360892495
357 5.026065188791905
358 4.737176400428075
359 5.995890626169645
360 6.012373535812729
361 4.248988232467185
362 5.34946609383795
363 4.61144126796324
364 6.43482686409407
365 7.819602936746538
366 4.962130734501752
367 6.839966877438285
368 4.83487022039847
369 5.569812471986983
370 5.080025857767107
371 5.198743934380172
372 5.4599568400008955
373 4.351004687818559
374 6.044050915387304
375 4.929161559362918
376 4.811694026692404
377 4.844333676665662
378 4.730042886690067
379 5.419973382935916
380 4.672950377951645
381 5.508282501432613
382 6.036600337668387
383 5.035309223548005
384 6.248852803948981
385 4.467139943392304
386 5.213020023943571
387 5.392090527391433
388 5.628295424894643
389 6.601994022721443
390 5.133181159392956
391 5.417443031320407
392 5.150627790135237
393 7.698920388027418
394 5.175409469144071
395 6.891891926880348
396 4.548740418035834
397 7.23805915791148
398 5.579382780976786
399 5.689719657572828
400 5.7815579206464
401 4.812152941185892
402 4.072194070150066
403 4.589765380446684
404 5.416436639375372
405 5.026188447152727
406 5.729513579379017
407 6.491524245782741
408 6.6684926191785605
409 5.230481791773412
410 5.686204508874905
411 5.7377377947857005
412 4.587711197625332
413 5.613968607111917
414 4.731965921134408
415 4.913388829167292
416 4.65630089265528
417 5.870821379907898
418 5.095030628466735
419 6.002520780313853
420 5.38479792493951
421 5.590253512926852
422 5.095276026118693
423 5.6510304070630175
424 4.680519843563718
425 5.676722525149476
426 5.089617472420405
427 5.7914293570573525
428 5.311328723327871
429 4.858400224204029
430 4.851250431266347
431 4.591774562444132
432 4.770804431279044
433 4.89024217386879
434 4.687468482809667
435 6.138178698500286
436 4.73299478349242
437 3.789185281830429
438 4.417811542365745
439 4.591015224149016
440 4.943233523844015
441 4.397290826609742
442 4.501529083026926
443 5.28873287589385
444 4.4440287364719
445 4.325960156921618
446 4.368693130678037
447 4.061343492078687
448 4.4363136164335355
449 6.2404080784436236
450 4.657472726066377
451 3.4418367313459934
452 4.4229423850288105
453 5.67784834459597
454 4.6736753712767785
455 4.853170903554545
456 4.787562427457134
457 4.2257663227186875
458 5.7507002048221905
459 3.596119237369641
460 4.8168581144293094
461 4.796152971074654
462 3.858284215129826
463 4.782753653199924
464 6.266838056960982
465 5.652193268736822
466 5.450223347752533
467 5.204846933427604
468 4.379998538664691
469 5.2807178430397315
470 5.554145516040339
471 4.418266786574301
472 4.962804689639464
473 4.52377813759885
474 5.009692194897062
475 4.744409024296173
476 4.822005238817518
477 4.639355875299796
478 4.614047010445607
479 5.855104375464685
480 4.942095025640756
481 4.737701066429087
482 5.634286549582269
483 6.63680522319514
484 5.469472148693672
485 6.830165538219906
486 4.162902770139188
487 4.4984650607425465
488 4.619640866887884
489 5.287048763876085
490 5.101145972911404
491 4.623040354933268
492 5.702481105035143
493 5.646329790372611
494 4.904424818577936
495 4.035319758347046
496 4.252871154130257
497 6.60671714303681
498 4.672191648631157
499 5.443551045952883
