0	0.0
1	0.7145240902900696
2	0.7690759897232056
3	0.815568208694458
4	0.8063338994979858
5	0.8830024003982544
6	0.7169211506843567
7	0.7704741954803467
8	0.7976740598678589
9	0.8406596183776855
10	0.8587483763694763
11	0.8312576413154602
12	0.7627913355827332
13	0.7723347544670105
14	0.8030238151550293
15	0.7332310080528259
16	0.7108105421066284
17	0.7579439282417297
18	0.6902973651885986
19	0.9191098809242249
20	0.768324613571167
21	0.8260353803634644
22	0.7775940895080566
23	0.8034752607345581
24	0.7435806393623352
25	0.8179251551628113
26	0.7267187833786011
27	0.7709848284721375
28	0.7201537489891052
29	0.8437449932098389
30	0.7870533466339111
31	0.6979597210884094
32	0.7081480622291565
33	0.7406411170959473
34	0.7174504399299622
35	0.7911657691001892
36	0.7385714054107666
37	0.6574207544326782
38	0.7008910775184631
39	0.7620186805725098
40	0.7776510119438171
41	0.7563559412956238
42	0.7408543229103088
43	0.7131065726280212
44	0.8017869591712952
45	0.8806003928184509
46	0.9370790719985962
47	0.9002050161361694
48	0.7271930575370789
49	0.7075515985488892
50	0.8102333545684814
51	0.8402819633483887
52	0.7600089907646179
53	0.7056930065155029
54	0.8474898934364319
55	0.8159971237182617
56	0.8193797469139099
57	0.8536267876625061
58	0.8488849401473999
59	0.790432333946228
60	0.7380496859550476
61	0.834164559841156
62	0.811983585357666
63	0.762749195098877
64	0.8244034647941589
65	0.7436928749084473
66	0.776843786239624
67	0.8063966035842896
68	0.8343040943145752
69	0.8360656499862671
70	0.8541974425315857
71	0.8158503770828247
72	0.7969089150428772
73	0.7904887199401855
74	0.7811527252197266
75	0.8257202506065369
76	0.7847614288330078
77	0.8701796531677246
78	0.7404956221580505
79	0.7745944857597351
80	0.7837498784065247
81	0.8460489511489868
82	0.8187944889068604
83	0.8475457429885864
84	0.6838739514350891
85	0.7722602486610413
86	0.8610559701919556
87	0.8289492130279541
88	0.9065432548522949
89	0.8878228664398193
90	0.8359533548355103
91	0.7502642273902893
92	0.8359860777854919
93	0.8624548316001892
94	0.7465723156929016
95	0.8401520848274231
96	0.7602577209472656
97	0.7128790020942688
98	0.770857036113739
99	0.7673164010047913
100	0.7349903583526611
101	0.6878108978271484
102	0.7894836664199829
103	0.685252845287323
104	0.7684973478317261
105	0.69123774766922
106	0.6869301795959473
107	0.7387526631355286
108	0.7338554263114929
109	0.8468073606491089
110	0.7485651969909668
111	0.8230936527252197
112	0.7420099377632141
113	0.8941025733947754
114	0.7679305672645569
115	0.7932575345039368
116	0.8400847911834717
117	0.8326258659362793
118	0.7830418944358826
119	0.6869960427284241
120	0.7308575510978699
121	0.7491198182106018
122	0.8667757511138916
123	0.7655794024467468
124	0.7358779311180115
125	0.8073177933692932
126	0.7166051864624023
127	0.8261363506317139
128	0.8600242733955383
129	0.7716297507286072
130	0.8836215138435364
131	0.8117372989654541
132	0.7539006471633911
133	0.8319410681724548
134	0.8134608864784241
135	0.8299207091331482
136	0.8336431384086609
137	0.7774567604064941
138	0.8754703998565674
139	0.8670477271080017
140	0.7768934965133667
141	0.6534199714660645
142	0.8136810064315796
143	0.7920186519622803
144	0.8320071697235107
145	0.7465272545814514
146	0.795330286026001
147	0.8080751299858093
148	0.8985548615455627
149	0.8389075994491577
150	0.7995344400405884
151	0.7125876545906067
152	0.7996000647544861
153	0.7741175889968872
154	0.7881099581718445
155	0.9047609567642212
156	0.7476770877838135
157	0.7864057421684265
158	0.8332231044769287
159	0.881252110004425
160	0.9071403741836548
161	0.7995922565460205
162	0.77032470703125
163	0.7202559113502502
164	0.7905389666557312
165	0.8914919495582581
166	0.883468508720398
167	0.7312152981758118
168	0.7009189128875732
169	0.8000822067260742
170	0.730193555355072
171	0.8160510659217834
172	0.7769061923027039
173	0.7721421718597412
174	0.8795038461685181
175	0.8254993557929993
176	0.8345317840576172
177	0.755647599697113
178	0.7067831754684448
179	0.7736728191375732
180	0.7234266996383667
181	0.823954701423645
182	0.7575315237045288
183	0.7185646891593933
184	0.9100674986839294
185	0.8396487832069397
186	0.7708075642585754
187	0.7171028256416321
188	0.7855881452560425
189	0.7791654467582703
190	0.7796116471290588
191	0.7784001231193542
192	0.8006532788276672
193	0.7242305874824524
194	0.8148403763771057
195	0.699361264705658
196	0.9021784067153931
197	0.9409204721450806
198	0.8181809186935425
199	0.8102845549583435
200	0.8564594984054565
201	0.7924867272377014
202	0.742104709148407
203	0.7968326210975647
204	0.8377387523651123
205	0.755664587020874
206	0.8774120807647705
207	0.9161223769187927
208	0.9066019058227539
209	0.8255199790000916
210	0.7600632309913635
211	0.8098068833351135
212	0.8510763049125671
213	0.883263349533081
214	0.8157302141189575
215	0.787659227848053
216	0.8713662624359131
217	0.7672082781791687
218	0.7910690903663635
219	0.771348774433136
220	0.8278759717941284
221	0.7999244928359985
222	0.8737365007400513
223	0.9179911613464355
224	0.8851777911186218
225	0.9104560613632202
226	0.776634693145752
227	0.8221892714500427
228	0.8345233798027039
229	0.9004045128822327
230	0.8636470437049866
231	0.8433027863502502
232	0.7741024494171143
233	0.8492680191993713
234	0.8529635667800903
235	0.8972329497337341
236	0.9710809588432312
237	0.788620114326477
238	0.8279350996017456
239	0.8742688298225403
240	0.8753430247306824
241	0.9068333506584167
242	0.783614456653595
243	0.8428900241851807
244	0.8509799242019653
245	0.8992199301719666
246	0.9491618275642395
247	0.8617852926254272
248	0.8328922390937805
249	0.8203880190849304
250	0.869942843914032
251	0.9226603507995605
252	0.7496907711029053
253	0.8169787526130676
254	0.8939300775527954
255	0.9178542494773865
256	0.8015048503875732
257	0.9814558029174805
258	0.9796851277351379
259	0.8918070793151855
260	0.847105860710144
261	0.7967835664749146
262	0.8567836284637451
263	0.8865260481834412
264	0.7902244925498962
265	0.8936532139778137
266	0.7919400930404663
267	0.7743806838989258
268	0.8324169516563416
269	0.743156909942627
270	0.8569251298904419
271	0.9142754077911377
272	0.8073835968971252
273	0.8599870800971985
274	0.9004597663879395
275	0.8313997387886047
276	0.8507517576217651
277	0.7497100830078125
278	0.8159107565879822
279	0.8259473443031311
280	0.7382288575172424
281	0.7957093119621277
282	0.8913683295249939
283	0.7850008010864258
284	0.8468514084815979
285	0.9376979470252991
286	0.8142629861831665
287	0.7940967082977295
288	0.8316313624382019
289	0.8761958479881287
290	0.8828845620155334
291	0.8460601568222046
292	0.8583743572235107
293	0.8120601177215576
294	0.920099675655365
295	0.8680537343025208
296	0.8420520424842834
297	0.804796576499939
298	0.8492462635040283
299	0.7984752655029297
300	0.9116789102554321
301	0.7134709358215332
302	0.8248440623283386
303	0.8144326210021973
304	0.8624567985534668
305	0.9219096302986145
306	0.82533198595047
307	0.7716596722602844
308	0.831220269203186
309	0.9272811412811279
310	0.8497220277786255
311	0.843083918094635
312	0.9917884469032288
313	0.7931339144706726
314	0.8773590326309204
315	0.8534428477287292
316	0.8809411525726318
317	0.8850353956222534
318	0.7986709475517273
319	0.9875411987304688
320	0.7904399633407593
321	0.8679092526435852
322	0.7260814309120178
323	0.8700037002563477
324	0.7930856347084045
325	0.7837845087051392
326	0.957563042640686
327	0.7817228436470032
328	0.8258442282676697
329	0.7871034145355225
330	0.7737985849380493
331	0.8596825003623962
332	0.7711495161056519
333	0.7534130811691284
334	0.8485212326049805
335	0.8423002362251282
336	0.8501502871513367
337	0.8613132834434509
338	0.7979863286018372
339	0.8860985636711121
340	0.7659956216812134
341	0.804850697517395
342	0.8028125762939453
343	0.7032225728034973
344	0.777826726436615
345	0.8019331097602844
346	0.8565226197242737
347	0.9733248949050903
348	0.8346155881881714
349	0.8403940796852112
350	0.8904637098312378
351	0.8265801072120667
352	0.8247800469398499
353	0.8077974319458008
354	0.863664448261261
355	0.7109278440475464
356	0.8406522274017334
357	0.7396821975708008
358	0.7805001139640808
359	0.8265559077262878
360	0.8414208292961121
361	0.971669614315033
362	0.7485842704772949
363	0.8468742370605469
364	0.8280799984931946
365	0.926956832408905
366	0.8542136549949646
367	0.7988991737365723
368	0.7827251553535461
369	0.8146165013313293
370	0.8947895765304565
371	0.8128163814544678
372	0.8131113052368164
373	0.7886508703231812
374	0.8312988877296448
375	0.900313675403595
376	0.828417956829071
377	0.8345168232917786
378	0.8431099653244019
379	0.9073693156242371
380	0.8748643398284912
381	0.8099398612976074
382	0.736034095287323
383	0.8845458626747131
384	0.9384204745292664
385	0.8364313244819641
386	0.8381634950637817
387	0.8806718587875366
388	0.8786621689796448
389	0.8129851818084717
390	0.9238699078559875
391	0.8529999256134033
392	0.8614459037780762
393	0.8574184775352478
394	0.8530066013336182
395	0.8638302683830261
396	0.9566176533699036
397	0.7880614995956421
398	0.9172675609588623
399	0.8983770608901978
400	0.8584775328636169
401	0.816752552986145
402	0.8748008608818054
403	0.8567206263542175
404	0.8178790211677551
405	0.9104040861129761
406	0.8551092743873596
407	0.8789587616920471
408	0.8037545680999756
409	0.882244348526001
410	0.8544962406158447
411	0.7775416970252991
412	0.9615287780761719
413	0.7983604669570923
414	0.8448217511177063
415	0.902772068977356
416	0.7877049446105957
417	0.7518316507339478
418	0.9136908054351807
419	0.9535134434700012
420	0.9365012049674988
421	0.7404273152351379
422	0.8840814828872681
423	0.9035510420799255
424	0.8057203888893127
425	0.8726000189781189
426	0.7190973162651062
427	0.7664340734481812
428	0.7135156393051147
429	0.9660959243774414
430	0.9374544620513916
431	0.8996025323867798
432	0.8988255858421326
433	0.7853626608848572
434	0.802925169467926
435	0.9363126158714294
436	0.7794454097747803
437	0.8866731524467468
438	0.9261762499809265
439	0.8649858832359314
440	0.7645126581192017
441	0.8269673585891724
442	0.9492048621177673
443	0.9425004720687866
444	1.0170221328735352
445	0.8850328922271729
446	0.9039223194122314
447	0.8549492955207825
448	0.8405551910400391
449	0.8780621290206909
450	0.8001387119293213
451	0.8322322964668274
452	0.9362210035324097
453	0.8592734932899475
454	0.8646256923675537
455	0.9155370593070984
456	0.9306479692459106
457	0.8904922604560852
458	0.7901162505149841
459	0.8254907727241516
460	0.8108241558074951
461	0.8264100551605225
462	0.7367138862609863
463	0.8120898008346558
464	0.7876983880996704
465	0.8994792103767395
466	0.8537066578865051
467	0.9201840758323669
468	0.9180198907852173
469	0.7754422426223755
470	0.826142430305481
471	0.8629317879676819
472	0.7997327446937561
473	0.910207211971283
474	0.8817386627197266
475	0.9105092883110046
476	0.9414411783218384
477	0.8914105296134949
478	0.9203249216079712
479	0.8612227439880371
480	0.9119406342506409
481	0.8519018888473511
482	0.8792968988418579
483	0.8921055197715759
484	0.9136198163032532
485	0.8826323747634888
486	0.9662655591964722
487	0.9471110701560974
488	0.9907338619232178
489	0.8189959526062012
490	0.8663462996482849
491	0.8445061445236206
492	0.8829321265220642
493	0.8146229982376099
494	0.8310632705688477
495	0.8682535886764526
496	0.8538601398468018
497	1.028768539428711
498	0.9123139977455139
499	0.7438762187957764
