0 4.1658718773325925
1 3.8003742668139764
2 3.820497899679306
3 5.8560384572789435
4 4.4983709315427
5 4.436098695348803
6 3.665992043581474
7 4.0306398734097755
8 3.8779167324975012
9 6.447429867760126
10 3.526083705300732
11 6.727897397720701
12 7.284571989438059
13 8.51731247632531
14 6.864955644427863
15 7.272327447961625
16 7.031956966011401
17 6.700754049973671
18 6.6184025920826555
19 6.311890711019117
20 7.353940665768502
21 7.958785998446327
22 8.87754225922976
23 7.005771606430813
24 7.9156586039209245
25 7.555813594825991
26 5.99019509555607
27 5.1108035709773985
28 4.668020844872732
29 3.9316665128394463
30 3.5635015696603975
31 4.171913475301998
32 3.670863401888967
33 4.018360615678422
34 6.658531628942784
35 5.371768115299467
36 3.919793242559096
37 4.037158067784154
38 4.88688297995914
39 4.084885133943373
40 3.9618880646600054
41 3.8841077036007734
42 3.6341820036140735
43 3.911234555895952
44 4.414382093960161
45 3.865675864361333
46 5.315354359863481
47 5.47024749424806
48 6.5211568485363705
49 7.118059037691352
50 6.8126498580528745
51 4.892111010596951
52 3.912290264201149
53 3.7122434054071047
54 4.2719306592092074
55 3.5434770805901166
56 4.0482939778035085
57 3.944157353733237
58 4.223555464038645
59 3.976202572858081
60 3.9953105580371444
61 3.7661501035934117
62 6.026504655299819
63 3.6733468936462255
64 3.6048021802276002
65 4.517340735485284
66 4.328384239375313
67 3.840418486017784
68 3.793637329897796
69 3.653231003924107
70 5.98247077635643
71 3.8211576899639237
72 3.722204380622878
73 4.230969027847901
74 3.8268902268760496
75 6.969440426813525
76 3.9835454208299472
77 4.164771897337762
78 4.908798266288389
79 3.828169615171709
80 3.928664387176088
81 3.9384529284640393
82 4.860584945984178
83 7.285309573200708
84 6.653175510029565
85 7.711351774902397
86 6.924832641485066
87 7.259667966030003
88 5.898732262240248
89 5.963842671742477
90 8.115941053298666
91 3.914618832301238
92 5.399658372129984
93 5.231708137380639
94 4.888084159948929
95 3.8927078927198484
96 4.050722454125224
97 3.668288229575072
98 3.8097939516779804
99 3.8829496855684917
100 3.9781552988049196
101 6.9079637851827815
102 3.854208386944797
103 4.1417880147222474
104 3.9652773404608475
105 3.8756898088907583
106 4.209719747101224
107 3.921089120855892
108 4.20585457609323
109 3.9864304753141138
110 4.11523963869175
111 3.78904498220269
112 3.923410444002033
113 3.797421316023686
114 3.9840878524232823
115 3.6845165160888773
116 3.699615112876116
117 4.085269762691035
118 3.8916476645575107
119 4.0836603337139845
120 3.8484100205559852
121 3.6090539859920963
122 3.829500291451106
123 4.553860709933776
124 4.128485911052923
125 4.173696245610612
126 5.37530777142081
127 3.892104778470186
128 3.8773942014246545
129 5.337869634777155
130 5.816114281252879
131 3.8457812222367402
132 3.624805611750858
133 3.932800616331062
134 4.116958963460209
135 4.399400896972468
136 3.9827927920828956
137 4.095115287506403
138 3.7714200727588545
139 3.8642228545280535
140 3.920982165211211
141 3.908306341328721
142 3.5554033962574962
143 4.014092926913924
144 3.8175429338706484
145 4.065284880175754
146 3.716463188873098
147 3.764312744959956
148 4.047210937325108
149 4.3317441376293235
150 3.574978630933069
151 3.71140369008529
152 4.103472728301969
153 3.8191011589737953
154 4.026981848742042
155 4.3737184754595635
156 4.117019173633335
157 3.769392262480157
158 4.047018259968015
159 4.458245157630777
160 4.590811579186484
161 3.672459544092134
162 3.9683701256799586
163 3.867243134433579
164 3.998226436294398
165 4.485739618298447
166 4.1607752788034205
167 5.0170253759742245
168 4.067340244164065
169 3.9498912897351883
170 4.319562124495743
171 3.6365987749006723
172 5.722799481689478
173 4.100908864660242
174 3.713125551976704
175 6.15700602667903
176 4.2593841896904046
177 6.496973858282972
178 4.474824670086562
179 5.839891061428655
180 5.198035162880047
181 5.9214313049975145
182 4.4068082442449
183 6.134112044186117
184 4.280709890655067
185 4.178688991498753
186 4.125857673304134
187 3.9405313489741984
188 3.9029511099881162
189 3.9227799546516233
190 6.190056150290811
191 4.0217220079310305
192 5.247510320928476
193 4.035163607743862
194 4.832591394394491
195 3.9790511172210787
196 4.514220878034669
197 3.505893014240495
198 3.94001809643603
199 4.440598501343033
200 4.235382315122597
201 3.748380370483052
202 4.228145447378188
203 4.641878811949267
204 3.81044505027409
205 3.5804144475102473
206 6.244630936539842
207 7.059941075096046
208 6.544555318827993
209 6.970725153563248
210 8.841202885025218
211 8.785262336012353
212 8.532541258908301
213 8.746618398084374
214 9.480231549421992
215 8.162811880937637
216 7.921452888507374
217 8.81375945321166
218 7.843844412702965
219 9.2188050336634
220 9.760118632969194
221 7.218434287358534
222 8.123157503026489
223 7.350733738630856
224 9.182672643552571
225 9.541642653146061
226 7.646224870874583
227 8.71401081901879
228 4.243035000690058
229 3.863203481474305
230 3.595512149526953
231 4.700454246199737
232 5.242488956492526
233 6.264866292859874
234 3.6320120942532417
235 3.675862096384425
236 3.9500972487740933
237 3.781256560624858
238 4.957080167675253
239 4.89851018539837
240 5.140787283163235
241 5.100687586540105
242 6.481460738639021
243 3.8693630477346344
244 5.032300220988902
245 5.860362473019256
246 6.968226736918749
247 6.123093481109386
248 6.27378364558964
249 3.5650574712892076
250 4.538388778950866
251 3.8747094089378575
252 3.9875916395521895
253 5.147827548723157
254 4.360412760780421
255 3.745684931234094
256 3.6440767420214546
257 3.7659891208039853
258 3.547324149926206
259 4.07700064221492
260 3.9822724557406115
261 6.64929794685869
262 3.8417231073185363
263 3.820317933745793
264 3.5483656633229863
265 3.598869785744331
266 4.009791190880117
267 4.277132696379835
268 5.392451848581201
269 5.752798815253595
270 5.980390339918274
271 6.304514935108324
272 5.893175434105771
273 5.718219425826448
274 3.8888560947570703
275 3.590984582332972
276 4.447027549601701
277 6.73372210655228
278 6.0238632423639515
279 5.227020514741522
280 6.313928654352994
281 6.625272880458921
282 7.958473507828747
283 5.510245383926151
284 3.6650131214341792
285 3.6754085444527935
286 3.5198974574709165
287 6.318280955575528
288 6.004046472444467
289 3.9804339045609582
290 4.294599270181715
291 3.7290862656223873
292 3.3827622764229015
293 3.5569254866140336
294 3.619613619275181
295 3.463889103057028
296 3.342707037165135
297 3.4123707589054293
298 3.5589982620645277
299 3.1738771443141123
300 3.655468953902173
301 3.0513311093579247
302 3.472886737419081
303 3.7200854918255772
304 4.500398716541871
305 3.736333447547207
306 3.562353815958106
307 6.327921485323011
308 6.779383842313529
309 3.5811648583497093
310 3.3102035818970372
311 3.176090089384209
312 6.85498833505573
313 4.900916027202446
314 6.096836624806478
315 7.2365616372810635
316 4.0634944182578625
317 3.9154544904498794
318 3.2610314628468555
319 3.382649022307539
320 3.7236459234194084
321 3.2753865289413246
322 3.5986221012403785
323 3.2602166996699817
324 3.3848184943188593
325 3.7449627681467397
326 3.575423905477096
327 3.175717977537632
328 3.983533124144385
329 3.9221471571725544
330 4.941652663717835
331 5.943620383660472
332 3.5730259007172918
333 3.5760829526959057
334 3.648125497042346
335 3.9746941625853074
336 3.900191910211816
337 3.932212500381804
338 3.762724423237379
339 3.7204170606780362
340 5.620073219170415
341 6.398635203879667
342 3.507888429096828
343 4.533001924326023
344 3.7067451265098246
345 3.651725961979931
346 3.4955359127903316
347 3.5762811874703284
348 4.1395430006446245
349 3.7341609078802835
350 3.380581365651937
351 3.8499616638448684
352 4.12821610224332
353 3.7678346287733984
354 3.8851523682856093
355 3.8843132422501356
356 3.4550551670489864
357 3.3094132129043032
358 3.6932726065789923
359 3.5442365210426026
360 3.610093336345175
361 3.3048066363327946
362 6.1038783785182025
363 4.755453031940889
364 5.923059811957983
365 5.199307620520581
366 5.718466100614619
367 4.6786557051721465
368 6.431611386453315
369 6.775592649053928
370 6.638692042133519
371 5.904813671958781
372 3.538122267318835
373 3.4922272988828205
374 3.6820902126229074
375 3.517999497942806
376 3.5081306154010505
377 3.462616513903468
378 3.542497507016198
379 3.8661385742508734
380 4.061953499640013
381 4.303507107437292
382 4.796102639532346
383 3.5443481262431424
384 3.425506006575904
385 3.4064780324836916
386 3.998945001829281
387 3.644990469945486
388 3.2876301645398334
389 3.707196113464823
390 5.560248588484145
391 3.7149698786175485
392 5.907860234691946
393 6.270478883975112
394 5.917157737856494
395 6.025651147915734
396 3.6988011556487415
397 3.3270917579401305
398 3.404308206494999
399 3.549931879940351
400 3.662477928351716
401 4.271423950555429
402 3.180787598617752
403 5.653961562014853
404 3.6242316886400276
405 4.096166464716108
406 3.536524948938163
407 3.5040333169189934
408 4.2226258530725955
409 3.7308447192612664
410 3.6271860196511136
411 3.4247598722949166
412 3.5023911247716484
413 3.9101314653941035
414 3.305335945141413
415 3.478650813530427
416 6.999445457461845
417 5.369195907801323
418 4.539319675616558
419 6.865177745528243
420 3.9334523080752715
421 3.586780562645876
422 3.752308813005123
423 3.6473154350544976
424 3.5667675107809997
425 3.276914270554909
426 3.5931226303931854
427 3.773000128677484
428 3.377020097816034
429 3.4927961306669917
430 3.2141616976197693
431 3.2204232287756622
432 3.6953864696922
433 3.354524611607692
434 3.3471401989039533
435 3.552903995860472
436 5.747542642431833
437 6.70452112729619
438 6.636365912081999
439 6.673500443865326
440 5.6689971118400395
441 3.634561046804658
442 3.5108486396137257
443 5.2569681259621825
444 3.952631018710586
445 5.468158668458802
446 6.447310468063028
447 6.046361336142277
448 5.84507098746234
449 4.872465002922009
450 4.115930109234164
451 3.768243179183362
452 3.648371156289317
453 4.066803279681859
454 3.7974529038580256
455 6.803163668930489
456 7.731537718281524
457 3.8741703134071495
458 3.928085496304437
459 3.627918595941655
460 3.4411429373980256
461 4.033089538239913
462 6.948954036568165
463 5.8796689247411775
464 5.869080059843123
465 5.458432688590435
466 6.808572088481022
467 5.989829845995904
468 5.338660701801431
469 5.519374033605575
470 7.057448994866084
471 5.526413229759081
472 6.334658896601039
473 5.095175501158309
474 4.051091700684883
475 6.039868759095729
476 6.120498625259862
477 5.12912265867658
478 5.345281838253955
479 6.439395668812004
480 6.260102940735743
481 6.689250328605975
482 6.282513857415113
483 5.3106790556228605
484 6.616963084852016
485 8.23348636419464
486 7.910983734877837
487 7.429623679418918
488 7.613567226744942
489 9.26943542008179
490 8.080853846013877
491 4.861957582274125
492 5.438342818152066
493 4.961595457287158
494 6.385887898985924
495 6.832593003096728
496 5.386956813987873
497 3.9413182391937864
498 3.7090403471329134
499 4.81848177830217
