0 9.311305903612093
1 8.888250664690458
2 7.753642869213989
3 8.682147852161485
4 9.86258170403991
5 9.607668742315564
6 7.15383626246698
7 9.77409746039241
8 8.81497592363138
9 9.364373541666419
10 9.216566113757194
11 9.673854163510391
12 11.104352530259833
13 10.415396237683385
14 9.475183478163379
15 8.601604008334679
16 10.290712584230928
17 8.704249731115954
18 8.13989538111941
19 9.189186976280748
20 6.431735456089607
21 7.972054868497973
22 9.417543039487605
23 9.271125486143712
24 9.038003384470485
25 10.017724055272609
26 8.549357662969049
27 8.675284175987219
28 6.020441209661448
29 8.120745422633743
30 10.875332306757361
31 9.092373723031402
32 9.569284998869248
33 8.33996422585691
34 9.02448680914516
35 8.506017104013257
36 9.36745572547272
37 7.673299221405078
38 4.942309277413152
39 9.530122330644277
40 8.681297200916132
41 8.810440903353898
42 8.0108158711948
43 9.191755840422942
44 9.514144859473868
45 8.700528022195808
46 7.353830909251038
47 9.29595238601478
48 8.375567374071588
49 7.1871029486313756
50 9.846004969001957
51 9.997935855210303
52 10.299603361515812
53 10.633038422593417
54 11.042995195247169
55 10.59805625902425
56 10.15623359896069
57 10.88926765427852
58 10.36276880357661
59 9.631583518088124
60 10.373122103441608
61 9.878342027269424
62 9.018542438540804
63 8.387168405438725
64 10.439874358662863
65 11.539504640055622
66 9.924113162799705
67 9.68553637265933
68 9.837834938568104
69 10.104800730517775
70 10.39216427403121
71 11.23927385612052
72 9.955037980473273
73 9.791253781068956
74 11.750821308527257
75 11.958943954701526
76 12.115270865876948
77 11.707406778561422
78 12.58609977130852
79 12.111555400435513
80 12.082678048745478
81 12.906024020464507
82 12.551939526198595
83 12.285431591996637
84 12.554238127824007
85 11.603016980350183
86 12.511525663120626
87 11.777692270939195
88 12.339038547329382
89 12.221692117284885
90 11.51439956376277
91 10.445506471435113
92 11.591973227611309
93 11.692129783531108
94 12.218563545554785
95 11.99509091081615
96 11.707974636133665
97 11.784007110111869
98 11.560286139874817
99 12.594533762416853
100 12.333641110376819
101 12.498772418470997
102 12.99302126871108
103 12.905403777300954
104 12.10539341322097
105 12.97910902909245
106 13.282512632985277
107 7.89666715037314
108 9.467007989638477
109 10.268689531393855
110 10.531574810651092
111 11.011666204268403
112 11.856431844427338
113 11.995541060519942
114 11.034610942235357
115 11.130741058215964
116 10.59873942137014
117 9.355716323599705
118 11.225243845835186
119 9.927361843054834
120 11.053282137116955
121 9.097213044692584
122 8.137300609942185
123 9.929684319110326
124 11.255562362380974
125 8.038973748602317
126 5.849250985487309
127 3.81190729998792
128 4.170879845601126
129 6.184933052450651
130 9.595887983007442
131 8.832576890978626
132 9.62112030111827
133 8.108824655982742
134 6.116977359058841
135 7.666861960064283
136 10.128366453184945
137 9.637578243998599
138 8.715532692131314
139 9.002994974096932
140 10.350334208356017
141 9.216381556280961
142 7.641171727818472
143 6.730521365830152
144 8.51852806613763
145 12.108242389193677
146 9.291980226582927
147 9.999809656577613
148 9.365206913444878
149 10.031496902478276
150 11.275887471694846
151 10.471314875594134
152 9.718240544064782
153 11.25189794660902
154 9.048295201385697
155 10.40045433672479
156 8.640142104406573
157 9.79931612718539
158 9.804860604510903
159 8.758302432076572
160 11.086523696356263
161 9.537868045600039
162 11.59624601369177
163 6.492800474901629
164 7.702611819020289
165 10.53528995341007
166 11.151186192770217
167 9.254247306583034
168 8.55813473216915
169 8.731776188842746
170 10.808186531629145
171 9.251843200917165
172 10.507703099729016
173 9.615661087897832
174 8.977446830380721
175 9.192065045305219
176 10.55174634590534
177 8.382623928944964
178 8.89305036260258
179 9.749204984715233
180 11.214730805531914
181 7.442415614600276
182 7.11311954041914
183 9.333175202892106
184 10.561466833748675
185 8.717274764541108
186 10.43027419862134
187 9.943862895542603
188 9.895711682215321
189 10.418395812873259
190 8.99789849863118
191 9.559831127633256
192 9.98254750621097
193 9.914089013377465
194 9.431144962367483
195 5.929601604820174
196 7.719517103338869
197 8.313507545476963
198 9.256340769749597
199 9.005580320147082
200 10.422258532996102
201 8.709626731838119
202 11.254244963622634
203 10.648270829299259
204 10.139651332589555
205 9.366363447479971
206 8.370316853701514
207 8.739272755826645
208 7.672309343885868
209 7.105205991719112
210 6.733269122029901
211 6.782300494988322
212 7.792037936002268
213 8.929709458510846
214 8.026742075054507
215 9.062441963857024
216 8.814566897530566
217 7.953811189533629
218 6.905069610331155
219 6.365483092572355
220 8.362477531842798
221 9.027124861932032
222 8.612471740453365
223 8.991788455509065
224 8.380388603092578
225 8.42405998345394
226 7.857619222397438
227 9.80984951632438
228 7.9446587749130435
229 9.52555067441664
230 9.659691736846037
231 9.723385539067142
232 9.711328182987844
233 8.960555273875888
234 12.335645276955058
235 11.190203191987981
236 8.666905686416383
237 10.880496386755876
238 10.362479111849703
239 10.14378854676196
240 8.705531628312269
241 10.061865564050274
242 8.335032670683475
243 9.097231611102087
244 8.840577328154286
245 9.472041702436867
246 7.635786327996225
247 9.031175057548182
248 10.229443557319525
249 9.813007386865761
250 8.97604065543781
251 7.870301803371121
252 7.722551751903095
253 7.897521604282978
254 9.307655640729697
255 8.49602370497662
256 8.745827387050914
257 9.319048641936295
258 8.103177828921032
259 11.241980988647443
260 8.862242468037456
261 10.366889921455636
262 7.876560123897504
263 9.896729937152418
264 10.760393489747985
265 10.66572099948182
266 9.130189398178022
267 9.691598455732434
268 8.555677048326034
269 7.69603566108044
270 5.456519782236816
271 8.927076896527629
272 9.005781553498187
273 8.571415669230845
274 10.027139317893903
275 10.459216078228886
276 8.571672236101747
277 9.966469246409588
278 11.163350265231383
279 8.406761681836633
280 8.845156215389947
281 11.330801131038232
282 7.1318146253327175
283 9.54851792394963
284 10.2856098963683
285 8.838452993603845
286 9.043133032869035
287 10.560207431540665
288 7.9327884548192085
289 10.119676968426374
290 11.194803751338522
291 7.352409177648524
292 7.222537390050835
293 8.43495836581645
294 10.382309111462733
295 10.183689830107268
296 11.479245948464552
297 11.084682455905297
298 11.729949368592237
299 11.243008108973003
300 10.848022953867382
301 12.325808486811011
302 11.234432442515446
303 11.423516486836352
304 12.033721259306194
305 13.089249386267754
306 11.781334025049473
307 11.055663514563207
308 11.475382323479597
309 11.893129794314971
310 12.250575236860856
311 12.901324690728876
312 12.242168295115054
313 12.652913193136232
314 12.813943715882319
315 12.894096554916086
316 11.66330217776256
317 10.032003639201351
318 11.30627278371086
319 11.901342463130106
320 12.97738378764578
321 12.074441458293343
322 12.156151207448856
323 13.063452779087635
324 12.358914236809484
325 12.07752887580818
326 11.400460245909949
327 12.146699546584268
328 12.410534820704065
329 13.119418815042494
330 11.981109414050543
331 12.546487257944229
332 12.715610079995459
333 11.602505768829456
334 12.006247249757065
335 11.572778662225552
336 12.183356523421448
337 11.569221173129996
338 12.44209957760452
339 12.065786879429087
340 11.665732028974938
341 11.320617968654174
342 11.664893616983699
343 12.741787981973074
344 10.955861702181119
345 11.058203800459296
346 11.103104900943219
347 13.039141063420663
348 11.211472256557895
349 9.73300640420073
350 12.84137904725203
351 12.128876555724347
352 12.512135477011256
353 11.92536219203322
354 12.087313491093095
355 11.95523395958969
356 12.594285441050488
357 11.964611389606755
358 12.630985481667242
359 12.103276248210268
360 12.56842594514024
361 11.128565338242385
362 9.917802281538721
363 10.266888435403217
364 9.89524567412023
365 10.869242455977016
366 9.988529689207217
367 10.20725925613768
368 10.460080809044335
369 11.271694351033837
370 11.180271738058794
371 10.878200152390297
372 8.165854088159444
373 9.150340160557722
374 11.35561729068179
375 9.330207678855501
376 8.127971602353231
377 5.338328501102624
378 6.815658131397991
379 7.330010139769667
380 8.482720801840536
381 10.79916136998735
382 9.543147942569094
383 9.399170166189993
384 8.293219339544335
385 10.14226649444953
386 8.449113709520095
387 7.337072529570059
388 8.233689564598576
389 5.835269527077582
390 6.9249493257549934
391 6.826693000750386
392 6.26163142639752
393 4.259571230716187
394 8.01365702270854
395 6.4364641191381455
396 9.55808500344586
397 10.726638679585381
398 10.18988233958965
399 8.875777201453095
400 10.234863870022279
401 11.432105844976558
402 11.80767420870432
403 10.745982475858417
404 11.9801002361517
405 11.822786860915906
406 13.178858881359767
407 12.300396922695041
408 12.780022464657685
409 11.14389817147858
410 12.13602861352064
411 11.794295944716435
412 11.355716583177843
413 11.561084422629717
414 11.79379511454387
415 12.216104029257707
416 12.070296395593703
417 13.085320727618054
418 12.838868926405464
419 11.338794626758723
420 8.805210952686565
421 9.146750014900965
422 11.133801821693805
423 10.658201101156884
424 9.464202262191055
425 9.914035502863287
426 10.08303982215237
427 10.039736515467188
428 11.509510467918583
429 11.80675213700007
430 11.266445791748108
431 12.401326031121343
432 11.227778447512476
433 12.62799556800333
434 10.818638552817248
435 10.355695176790563
436 11.624234112883665
437 12.432841152611198
438 12.517728849428408
439 12.768515348581555
440 10.063192626767462
441 12.146049587202263
442 10.935126258994629
443 10.765363379494852
444 11.779312866351098
445 12.892655125405623
446 11.728060404057695
447 12.61717706811452
448 12.679155484572787
449 11.393446366702724
450 13.286519014463583
451 12.285665347552474
452 12.256064268125686
453 11.411705455964455
454 12.326588892476343
455 11.416909599369893
456 11.685942043569383
457 11.872533178944598
458 11.738012920173158
459 11.740045030975022
460 11.699898363693364
461 11.238822620703298
462 9.871938008631165
463 10.967675918348865
464 12.078223441502843
465 10.845301983825857
466 11.853645016661362
467 11.603601223499318
468 11.353965755754315
469 11.607316960168019
470 12.07526767844846
471 12.732493774863151
472 12.512672091222456
473 12.701917512330132
474 10.740542842167775
475 10.748016836941478
476 11.171709021399655
477 11.01038235889629
478 10.377013499368667
479 9.770398373999791
480 8.132822138048738
481 9.41147976046017
482 3.453315195579147
483 11.410546023474165
484 12.066591558735825
485 12.895384219497949
486 12.391108532570275
487 12.255630319000181
488 12.299089756960074
489 12.903934197463444
490 13.244105777369017
491 13.076159032006444
492 13.458350193889629
493 13.110574057138244
494 12.963543303351262
495 10.972399057658347
496 12.41615531896815
497 12.157836816405947
498 11.893534481606535
499 12.034588376262445
