0 3.7218878187498547
1 3.3825639561042755
2 3.452687634051849
3 3.4214691596251594
4 3.3919956251351833
5 3.396189588392172
6 3.799178699578682
7 3.407112718651074
8 3.4567936071402596
9 3.5073019085979564
10 3.44102269849751
11 3.5306654415974594
12 3.412110471611098
13 3.4834149054838575
14 3.8898922876584954
15 3.422500798967305
16 3.381320400490765
17 3.5286133940447737
18 3.550855230737035
19 3.3439838773439092
20 3.4929489805187774
21 3.513825351185614
22 3.5101416486563526
23 3.867463690231595
24 3.4809134430447326
