0 5.205267806214656
1 4.254341193825968
2 4.646324949983697
3 3.985887106319649
4 4.308590368430813
5 4.0685306600906035
6 4.35358206266565
7 3.846939751460421
8 3.8081816297549302
9 3.748510298039733
10 4.269271389138939
11 4.853154531854093
12 3.4446849503307164
13 4.059017778756597
14 4.072181995074798
15 4.028255389002207
16 4.008066109440556
17 4.637386388736002
18 4.042095615275632
19 4.408606109478751
20 3.9306610044577015
21 4.258326923392316
22 3.6372975831302243
23 3.8046357822289734
24 4.551154600689039
