0 3.878697600172769
1 4.908108879831979
2 3.7514527990467217
3 3.681969884962823
4 3.833812637659804
5 3.914900840681092
6 3.981500837991888
7 3.843996985304359
8 3.360901536779125
9 3.8906042918660018
10 5.101884328330982
11 3.9006013740941876
12 4.514674160028926
13 3.758096192321786
14 3.5230128186723944
15 3.5880989906355456
16 3.7511050127624674
17 4.195341011052659
18 4.270409004108773
19 8.030758050540495
20 5.774370011198825
21 3.987446385416791
22 8.668380677283402
23 7.545888792855198
24 5.5217196287206685
