0 4.417230545669851
1 5.399870813719221
2 4.31185859734007
3 4.507755101017136
4 4.5931789708922235
5 4.321914705357696
6 4.402836226599047
7 4.088556320364267
8 4.286999596515689
9 4.6381595029812175
10 4.336117123695773
11 4.437139656550382
12 4.534794891831569
13 4.388124261411376
14 4.353203786413076
15 4.489495616673552
16 4.172065393090518
17 4.5162798139912566
18 4.586710344982721
19 4.401807828638667
20 4.641496906669598
21 4.23287908387198
22 4.407419063771286
23 4.0852837249229035
24 4.139234046005436
25 4.617856364768714
26 4.20022436400255
27 4.494192383981278
28 4.7211996922939745
29 4.805847940722967
30 4.5799990005797095
31 4.564684670436004
32 4.441661755442281
33 4.347413879138042
34 4.712721425025071
35 4.510068803095575
36 4.673821757520891
37 4.312692383277284
38 4.257299979638872
39 4.235789265483126
40 4.684260134529881
41 4.425589379158808
42 4.66314845310445
43 4.7213990593107855
44 4.59574148165644
45 4.312121418497814
46 4.576523540319864
47 4.5627227664649155
48 4.609696893052447
49 4.177052615126361
50 4.475579121155575
51 4.233609293950848
52 4.174673944630418
53 4.464671645119131
54 5.394362724654972
55 4.45477938295302
56 4.486129985143903
57 4.47571580877668
58 3.9641704179800676
59 4.548147889919929
60 4.650431548036283
61 4.312708456611487
62 4.736909857943195
63 4.411445633359842
64 4.179065554844597
65 4.588829133293401
66 4.395104982816026
67 4.266896418572127
68 4.325455965235239
69 4.406005824582168
70 4.377138753807837
71 4.636456360359902
72 4.407560212383801
73 4.234586447898498
74 4.669301247926347
75 4.964311542306724
76 4.155385604248659
77 4.1756183402490334
78 4.380711275461615
79 4.318189634628191
80 4.5618452359817
81 4.151102957793846
82 4.662401302480929
83 4.507081191565271
84 4.035971787389713
85 4.936345242635895
86 4.475111927390437
87 4.2260656686366564
88 4.387878872089957
89 4.37892073095835
90 6.06773593842704
91 4.449938354937986
92 4.393886848332319
93 4.262766470602216
94 4.529288499496324
95 4.353892946600653
96 4.363343985339972
97 4.350038470900641
98 4.434251344737205
99 4.111949978241425
100 4.16016165144649
101 6.815175952529249
102 4.306631276623469
103 4.210790873376683
104 4.430661916085545
105 4.723954886006762
106 4.473386341970126
107 4.324116941453304
108 4.425784047307654
109 4.434639016933384
110 4.578804437630279
111 4.545576576248725
112 4.509490239324503
113 4.361136950156291
114 4.526124890636542
115 4.359837282096654
116 4.520763530961252
117 5.529471160250302
118 4.170881154676008
119 4.619709186154584
120 5.816049567506581
121 7.21392198649658
122 5.561256467464627
123 4.271229745635476
124 4.733700375042094
125 4.36282393487533
126 4.584419190220059
127 4.391677293959751
128 4.3773731035476136
129 4.418551328573339
130 4.089593423892921
131 4.781591665467923
132 4.633103445885258
133 4.2684265795834895
134 6.240244627325502
135 3.97591544094702
136 4.715160096803048
137 4.609037977281836
138 4.4920117844292555
139 5.122632777596658
140 4.412669581482741
141 4.373039889592787
142 4.2917326563110905
143 4.172990811400935
144 4.446828218340218
145 4.867453751750312
146 4.374080739682161
147 4.634196972992394
148 4.620112716426997
149 4.653255307261708
150 4.928247264187354
151 4.687175925276115
152 4.488943142815889
153 4.400808322911078
154 4.787733008120831
155 4.691658030212528
156 4.710942799568028
157 4.413386840124703
158 4.360264113339778
159 4.9266092468343725
160 4.188452729769229
161 4.463275220518556
162 4.135693083674443
163 4.437379971221964
164 4.5322169122179
165 4.402266358198975
166 4.102188117775694
167 4.420627861320228
168 4.287640049801869
169 4.317520721253089
170 4.502680726287655
171 8.491426666641141
172 4.688531205141906
173 4.41854879863825
174 4.40171242066841
175 4.505497660090146
176 4.701599863481944
177 4.223011268422975
178 4.139162185523445
179 4.433485523869875
180 4.422254777177276
181 4.491719327583646
182 4.165604317429335
183 4.455828393145377
184 4.343584701000397
185 4.378899749702706
186 4.398407520721297
187 4.531969579149463
188 4.515240945472948
189 4.4180137672457604
190 4.575099754161339
191 4.434299860896752
192 4.898302276797871
193 4.49440851345471
194 4.443659315317773
195 4.774970146784003
196 4.371869371130669
197 4.588458280135592
198 4.2889104247459535
199 4.453078712162151
200 4.141267247203049
201 4.535532286205361
202 4.660137464860165
203 6.029448083077696
204 4.411454836410122
205 4.609603446492916
206 4.476804184645739
207 4.444533854461769
208 4.538137604050548
209 4.328619788985894
210 4.513023259872406
211 4.793380964664495
212 3.9719180684545385
213 4.753942464332533
214 4.3349209278818535
215 4.1661669397440315
216 4.374027680184845
217 4.401193265111423
218 4.414695633112232
219 4.370517706619693
220 4.323196701415136
221 4.125715839168593
222 4.847063290304513
223 4.7473679576416865
224 4.523530013201471
225 4.96559867780332
226 5.492889710703128
227 4.2477568103148
228 5.142049694805466
229 4.211908407785734
230 6.370403594811029
231 4.223205217498697
232 4.6094505151085885
233 4.453048876673146
234 4.636605921565028
235 4.278439714520464
236 4.504822428171423
237 4.486207561943944
238 4.325935173268118
239 4.553928016598659
240 4.283557726493501
241 4.252886088673988
242 4.385485859919604
243 4.7179041946954445
244 4.74744711138581
245 4.26320804137136
246 5.000542053157192
247 4.251154824782695
248 4.416539430331627
249 4.483190458434403
250 4.342778773291689
251 4.329673348625068
252 4.271051125700822
253 5.38939784671745
254 4.564059933570186
255 6.724377520807044
256 4.583407738325678
257 4.400682497716518
258 4.519528033643293
259 4.322183096586827
260 4.4353688899877
261 4.499505915257501
262 4.227674042209491
263 4.401535429497889
264 4.373284185764188
265 4.2606028467360515
266 4.533078746546011
267 4.501929368967782
268 6.028192531455241
269 5.761737161434043
270 6.836930274590243
271 6.485442152841285
272 8.350849647803607
273 7.970569861160677
274 7.489155601220193
275 8.122592630260085
276 7.031304483853385
277 8.684688557946778
278 8.745951419584328
279 7.9436316550683514
280 7.113840394643402
281 6.614915386744234
282 7.994986381767285
283 8.001454601967328
284 7.396820937845394
285 7.747076816412074
286 7.791528858730375
287 6.997320797253955
288 8.156069830809907
289 8.112166362869795
290 8.117690020211484
291 7.103290542265327
292 5.717003050143413
293 7.362807318480625
294 8.344075141224248
295 6.815896229225048
296 6.172469425594317
297 8.419913524891491
298 6.565315276117642
299 7.673318180552402
300 7.130943595186502
301 7.57648126103291
302 8.13311689394318
303 7.736123943045136
304 8.020246420825627
305 5.982998477972385
306 6.778620543372795
307 7.084939622499873
308 4.541646216794117
309 4.706447454490027
310 4.2101045764473755
311 4.17290222684482
312 4.234674203883849
313 4.217030013330458
314 4.349076314056428
315 4.4359642052517865
316 5.544084771989579
317 4.583950449612457
318 4.163926089358457
319 5.044951819341975
320 7.251017360618646
321 4.5350287730054095
322 4.793081428791868
323 4.4236121717281955
324 4.524813167784683
325 4.071096740795436
326 4.505360771390764
327 4.657473527795257
328 4.602515438410368
329 4.403796359588757
330 4.2612981090232145
331 4.596851580801628
332 5.856501665736045
333 4.590835305885441
334 4.01693045352833
335 4.447033662366344
336 4.862067566998357
337 4.2451186788695665
338 4.651926386226104
339 4.268581561823705
340 4.25013758090031
341 4.471341233672889
342 4.583477986238729
343 5.046889883919262
344 4.44767932087393
345 4.556026851460716
346 4.665370107960988
347 4.570536954320658
348 4.538242668995829
349 4.331324984465921
350 4.394926871035806
351 4.680904723119599
352 4.916887408674737
353 4.542149564854064
354 4.292636238350417
355 4.494029799622133
356 4.372564105586584
357 4.345034186346793
358 4.612505069282027
359 4.244044287732626
360 4.369286804158101
361 5.371458594009461
362 4.2323618345742355
363 4.421127447661216
364 4.519426038050136
365 4.1822148598687665
366 5.132492640407734
367 4.393196650998478
368 4.944079785878966
369 4.307884132495341
370 4.449150404021867
371 6.705637255771115
372 5.277388098418902
373 4.310675317280555
374 4.583127687630299
375 4.346999354582612
376 5.120453764856147
377 4.771143639195571
378 4.500019793064679
379 4.8011391130526375
380 5.938646497047962
381 5.0750131974638695
382 5.276143458111447
383 4.545665912874114
384 4.436394892985155
385 4.534429839959016
386 4.624527604584441
387 4.489382534060645
388 4.69785263893828
389 5.966063832500862
390 4.57587832207126
391 5.317022857439173
392 5.5149277722686785
393 4.469024881536392
394 4.051489941294518
395 4.314488869292009
396 4.212143493328203
397 4.333740581907449
398 4.47920791627166
399 3.6505260533130617
400 4.253832433363584
401 4.575399092631695
402 4.4331226865206474
403 6.255738603892902
404 4.177255724583336
405 4.1055174499439735
406 4.487974663897273
407 3.5584008557791984
408 6.698585874043145
409 4.557503820013603
410 4.3239687616821545
411 4.374162110998014
412 4.252809342141454
413 5.373775118935511
414 4.434383176215866
415 4.3266081374278995
416 4.621410002623858
417 4.419282164381378
418 4.446168733374977
419 5.595518492761955
420 4.686349811943293
421 5.485923933767176
422 4.576935514179325
423 4.941335418967099
424 4.704280953387775
425 4.774918179221322
426 5.618925296178694
427 4.350250146674309
428 4.778809837975411
429 4.593268031618614
430 4.307600475782764
431 4.720480510250437
432 5.6354613936413065
433 4.706822471143315
434 5.275763658491612
435 4.2353521161364736
436 4.965813334154147
437 5.19048143475168
438 4.357141299205605
439 4.532376857667496
440 5.762193788258378
441 4.2731101868964645
442 4.699563570135325
443 4.50535566245978
444 4.371998870397667
445 5.079951458538361
446 5.3171174724410415
447 4.974558545206989
448 5.225781599512285
449 4.3943112648411535
450 4.6735207389494136
451 4.501693446099093
452 4.596294827144417
453 4.669503079287595
454 4.270171931378329
455 4.3895698770487215
456 4.435179780050635
457 4.384017095394513
458 4.846981791982054
459 4.378520985800662
460 4.588728148306424
461 4.269936191126971
462 4.443784925666655
463 4.443224110271602
464 4.3633306793880475
465 4.594167918565262
466 4.490969541268292
467 4.495254716111882
468 4.3459124848766395
469 4.359128582766622
470 4.741013716938705
471 4.523611177774159
472 4.426409312989443
473 4.826515547573867
474 4.725971394441224
475 4.361458534226292
476 4.53693573886467
477 4.627587225384617
478 4.6188183938261185
479 4.357691781504874
480 5.151972795898682
481 4.615221500948335
482 4.296249446842352
483 4.445185302882849
484 4.5251599493472865
485 4.448863704652806
486 4.5174792898711384
487 4.384939834681199
488 4.530963332033738
489 4.55097349616371
490 4.444467691413016
491 4.328282006940672
492 4.22872653617776
493 6.376724734018938
494 4.990797303805917
495 4.4182462803531966
496 4.365955722210205
497 4.2460860180400175
498 4.0365591266576
499 4.589324465399401
