0 8.563811152014392
1 7.590275702486239
2 7.802063868003773
3 8.407201172271153
4 7.399001435693957
5 7.278263923649463
6 7.636521623317576
7 6.291864574021322
8 8.17093540916255
9 8.094764409984812
10 7.043669010771693
11 8.327586374163685
12 8.384281812831032
13 8.12062248320524
14 6.788416630922725
15 7.748052979992443
16 5.874404560897997
17 6.196269784253
18 3.8124760635854185
19 3.8058226529481893
20 4.622926357617158
21 3.7203812298490173
22 3.7497514456327394
23 3.9311173539650226
24 3.753805357719573
