0 3.6294645980004354
1 3.554978176040752
2 3.775668683110247
3 3.489836750274492
4 3.576721596448065
5 3.643340046924427
6 3.4265907768957766
7 4.7859791301141525
8 5.452263310402649
9 4.713812069634931
10 6.907554469740431
11 4.611690384825041
12 5.038448564374011
13 3.655136020893252
14 3.5980849323020494
15 3.5081530357936557
16 3.7499765127613145
17 3.6480909893965148
18 3.6226889809378875
19 3.642440748309649
20 3.432754255305597
21 3.513266097557589
22 3.589609685405571
23 3.5236970548902544
24 3.4796506428650162
