0 6.148779161154647
1 4.583568157273892
2 7.570133610507327
3 10.313489908460484
4 7.468826180101606
5 6.626743559223611
6 8.624046515203593
7 2.881434477991303
8 3.9422268862219605
9 8.382756857546733
10 6.4422023553025864
11 4.898113458562192
12 4.811736988971193
13 3.874358553909094
14 5.11606714623246
15 4.22820825009728
16 3.74123669157377
17 4.025479859313
18 4.241459096154032
19 7.597003059495755
20 3.506739377480669
21 3.9453838964246812
22 3.3754171668960056
23 3.7243633968597836
24 5.080434905065943
