0 4.09323662390656
1 3.8671082437754176
2 3.9469031069725435
3 3.6046381318264773
4 4.0221535394274746
5 4.274616116776102
6 4.008610104748207
7 3.858348900443302
8 3.861529684074667
9 4.023242983554651
10 3.9417520432611655
11 4.035856486750693
12 3.6822276095835584
13 3.9408909286721334
14 3.6940891390214676
15 3.8135156691046523
16 4.194563256950759
17 4.107107832232201
18 3.7525967379288994
19 4.180968351996739
20 3.56584006125719
21 3.7125588357913277
22 3.7923042206429445
23 3.9190357001766762
24 3.904166336346882
