0 3.3537729604563316
1 2.9806194783696403
2 4.21607979341153
3 4.235794129416973
4 3.0107986845993278
5 2.641538270458821
6 3.836972722642003
7 3.974330791054379
8 3.98784766582297
9 4.3953378151501665
10 3.781731768034374
11 3.7932994882857707
12 3.9003976970720062
13 2.6242893496528845
14 4.091523911113601
15 3.9009702274128135
16 4.406719799711314
17 3.8612042922110485
18 3.58724331429459
19 3.8668465203769005
20 7.040966205992467
21 4.072169607203152
22 4.017919170192755
23 3.5721653391318813
24 3.9355321392270493
