0 7.3525159772747015
1 4.751438354118799
2 6.369595475294615
3 4.092135513071625
4 4.093814623572368
5 3.733778360010024
6 3.762111377211761
7 4.088275125837494
8 3.80309858350597
9 3.662895032108656
10 3.6840996850606995
11 3.8649591377883503
12 3.5804806331410672
13 3.327615748877793
14 4.317847121204893
15 3.488813956809455
16 3.6732579339405977
17 3.6244485813357232
18 3.2683275726211605
19 3.71311958730195
20 3.2276249527887177
21 3.5500638232709014
22 3.859573981824857
23 3.883132280000075
24 3.5778887842094482
