0 4.936741532669184
1 4.698144867688157
2 5.450196600553178
3 4.730496123222022
4 4.569615406818087
5 4.770801057271729
6 5.049590213434243
7 4.790203391388515
8 5.880458916348978
9 5.158868197931242
10 4.9982415161028255
11 4.785728333406195
12 4.4462641383218084
13 4.719601393291082
14 7.33245334447244
15 7.883588997880378
16 4.824761441846746
17 5.488303902217261
18 4.610741334651052
19 4.6845391704544275
20 5.140069524517867
21 4.448735950326689
22 4.672365950709187
23 4.3464047903492995
24 4.659201600758494
