0 5.96692366899862
1 6.277227197534093
2 4.766198346466394
3 5.619434403826413
4 7.041715832334729
5 5.985650699585479
6 5.631574041449688
7 5.274937280776506
8 6.358006020775188
9 4.799970353313715
10 5.078908723919301
11 7.218195661409657
12 5.424365041295043
13 6.999564192045021
14 5.8406711429670795
15 6.015126077381263
16 4.941138043020371
17 5.5179594808494254
18 5.0176679222235
19 6.7830623632423634
20 4.756377880445795
21 6.711328093053527
22 4.883330484629064
23 5.2055176407985355
24 5.440492918010082
