0 8.461444699958593
1 8.545356826856677
2 7.029183134514222
3 8.355843198197649
4 7.271150804508392
5 6.739537899154536
6 7.264225609384291
7 6.512426481129757
8 6.39713655261156
9 7.733366160502321
10 5.3293748057908665
11 5.6301371882006395
12 7.34892246333329
13 7.224809993493708
14 6.701055303797067
15 6.797260188539434
16 6.755850286250537
17 5.816438200588782
18 6.613935998724287
19 6.88845317567335
20 3.8793961545140787
21 6.948574744047711
22 7.1547159636034054
23 8.367531695347308
24 7.17290295305111
