0 6.874890565436782
1 9.159122008160255
2 6.022375751858291
3 7.946212328155448
4 6.111844872286103
5 8.003682211952613
6 7.74811566584705
7 7.912172488531235
8 8.665315797794769
9 7.602218678259969
10 6.970535555952598
11 6.416154617744114
12 6.373134263373813
13 5.830197953143913
14 7.357957467517824
15 7.146126498088929
16 6.966006505918123
17 6.2341191227343975
18 8.058251682049864
19 6.9272013982802285
20 6.089853169849221
21 5.161867601397295
22 3.558857686313093
23 3.6755917239293856
24 5.170486548879043
