0 3.965710679771449
1 4.612568129395921
2 3.962520617594971
3 6.087368986971517
4 4.600932620123649
5 3.555624029043027
6 4.398227825555487
7 4.115519334265719
8 4.479220218908201
9 4.309132433655959
10 4.665498940896658
11 3.984774490200955
12 4.057671653658007
13 4.439426859502053
14 4.1080426048851475
15 5.08198979327284
16 4.422075122305412
17 6.969881642131521
18 4.82921373949503
19 4.849778518384108
20 4.239751743066385
21 4.257058608428333
22 4.2114576811104945
23 4.222474494054425
24 4.153558078343265
