0 3.723727760331839
1 3.4527915618987164
2 3.8024984842631118
3 3.812557534460734
4 3.457417822952607
5 3.8784697384134184
6 3.8681272972161906
7 3.682756359819045
8 3.6231521016244734
9 3.2316668822729673
10 3.464327671695256
11 3.607432924891963
12 3.284108037832378
13 3.757421026098535
14 3.664635345438216
15 3.5814314811159247
16 3.683717035279616
17 3.895468740863585
18 3.5481355504682814
19 3.4970979091439878
20 3.637387837353957
21 3.2215998356999234
22 3.69750842567338
23 3.0946328479275333
24 3.774340161987108
