0 7.0190190703988256
1 5.079261053805283
2 4.608794751325731
3 5.5311401024596485
4 4.897251027762368
5 4.96898378299457
6 4.861221231548028
7 4.312548861470332
8 4.861685518377077
9 5.61485496474956
10 5.211903268206041
11 4.957147537823997
12 4.760145657679035
13 5.778327990950313
14 4.501559092991992
15 5.435271173332657
16 5.234439413378943
17 4.962122133760653
18 4.7740259800427465
19 5.852515376502676
20 5.382871380596499
21 4.857405295121978
22 4.662523871734264
23 5.053984461996805
24 5.540953396040547
25 4.728374670764751
26 4.690675881427955
27 5.189755145758601
28 5.56093644071044
29 4.942824518560667
30 5.394854837826464
31 4.851243395237231
32 4.9819032253016005
33 4.686561982438592
34 4.75762113830173
35 5.7837564306711124
36 4.621209214231116
37 4.39410268501981
38 4.74903312033737
39 4.855076087749091
40 5.653053403966984
41 4.635748882104729
42 4.931348872071157
43 5.176268751077063
44 5.071480128707082
45 5.75141349247799
46 5.065572428320753
47 4.73013152011374
48 5.108549179434881
49 5.328724468589473
50 4.774390526613362
51 5.724402058142927
52 5.682290535863694
53 6.143980172949667
54 4.523233518300098
55 4.446815683120081
56 5.923967940593377
57 5.244052704600286
58 6.012401255165489
59 5.095084627908795
60 5.424923232274629
61 4.3763512586365145
62 4.646660289171229
63 4.928982320101096
64 4.747030757603552
65 4.668471675585547
66 4.973194326965132
67 4.622301938799565
68 4.98093794179247
69 5.263706726478094
70 5.374988005447983
71 5.345513904407559
72 4.6362518703478335
73 4.550835628339659
74 5.842921340486352
75 4.775606634097988
76 5.204011250164634
77 5.082454987402431
78 4.449969744757379
79 5.212944437612864
80 5.018949170787296
81 4.624349278085134
82 5.946283901337331
83 5.5139856020406475
84 5.3857137852354535
85 5.520251708377043
86 5.2690061293102275
87 5.03766019888877
88 4.781040218158414
89 5.352811250490319
90 4.6103965107898235
91 5.4081723710596785
92 5.882452931471983
93 5.139657513428159
94 5.3701905312468625
95 4.937525395487995
96 4.900240160634401
97 4.76682838145211
98 5.628619506762674
99 4.887532349377567
100 6.254016638357941
101 5.211705448389885
102 4.856579305167404
103 4.802766551736855
104 4.767924631992344
105 5.236659097821371
106 5.092518646138192
107 4.848358914434486
108 5.02118407353545
109 4.342261357699089
110 4.573572422075492
111 5.07242378153819
112 5.165552847230867
113 4.809290045807398
114 5.066083887176038
115 5.823028759246553
116 4.975171127569086
117 6.0508415733583245
118 4.950458731449899
119 5.576883829203417
120 4.753125272459817
121 5.296481683682538
122 5.0944312827797145
123 5.064584350824211
124 5.423349294010137
125 4.940727458818128
126 4.941373452290424
127 4.921726979187272
128 5.240609357763651
129 4.881683306441345
130 4.645261904515287
131 4.719514242626068
132 4.977202831073026
133 4.599357531729817
134 4.589004926577827
135 4.838754217425978
136 4.857776285388091
137 5.827772686058444
138 5.554672946406256
139 4.871412212682146
140 4.710427625308612
141 5.3327064822581836
142 4.971998428090841
143 6.393448100658807
144 4.912054019052493
145 5.745665011503721
146 4.1284143142867356
147 5.101146569464987
148 4.595104048065797
149 5.696114856649634
150 5.1785842659801675
151 4.607109005723337
152 4.433064149879849
153 5.2422761075044075
154 4.645455232652006
155 5.210688447071096
156 5.015467748591263
157 5.175767022593009
158 6.261994069327514
159 4.723683456196197
160 5.095407547234108
161 4.626084949779888
162 5.583544276665258
163 4.819866737866178
164 5.8110791418373156
165 4.701705824866715
166 4.829835119095128
167 4.658770415967692
168 5.340828506283775
169 4.587804305779263
170 4.77662784370154
171 4.365540536383582
172 5.051025591298834
173 5.539708959676456
174 4.71951290289244
175 4.606969470604782
176 4.813564955257371
177 6.3106362142022405
178 4.7694623714544635
179 4.605660292140418
180 4.614250339859788
181 5.068421729898564
182 5.393349797740924
183 5.5995789991437634
184 4.710252856407769
185 5.254365419166693
186 5.211203576659205
187 5.089534433784696
188 4.523979045417181
189 5.121868577906919
190 5.2483337762135385
191 5.321817328157701
192 4.94193440783792
193 5.124007784566851
194 4.53309216682754
195 4.8180188249022
196 6.110078735253571
197 4.779104153169736
198 6.090787104194586
199 5.261887710374821
200 4.656863216353899
201 4.69330446941397
202 4.820008921419424
203 5.407117931236015
204 6.176642014592601
205 4.66554917423411
206 5.668724143835432
207 5.0375022611871785
208 5.0798694323607485
209 5.080822609775985
210 4.921201153816804
211 5.139036830602319
212 5.191813514883179
213 4.752812823564449
214 4.973774116317762
215 6.425079407646593
216 7.84593283875939
217 4.879082273398172
218 7.419727325823858
219 4.937621587154509
220 4.731823525711004
221 5.751014925356051
222 4.935061855658669
223 4.747133252650455
224 4.8687799779681695
225 5.138107394978209
226 4.817741619213058
227 4.8702706556666415
228 4.612802557032056
229 4.95358583003724
230 4.91352570187818
231 4.883720877140486
232 4.958511828656569
233 5.905910850830921
234 5.564046652495939
235 4.638318036996587
236 5.438715562758691
237 5.015778640181951
238 4.623846210893985
239 5.16966062967412
240 5.040235129539005
241 4.991320675201205
242 5.836725974681064
243 4.555466243798046
244 5.085989289042595
245 5.292122132341846
246 4.890661216902678
247 4.7250761897492595
248 6.623655362510759
249 5.190508026755608
250 5.400334429765587
251 4.964108362139512
252 5.392811391685455
253 4.911871292474769
254 5.214074614765785
255 4.8093651452719755
256 4.865416183520128
257 4.877565877003833
258 4.6649216062630305
259 5.841751100661612
260 4.795915826781951
261 5.229887763935937
262 4.861182702486451
263 4.590744729841138
264 4.927523212973068
265 6.040323013330492
266 4.885583256994796
267 5.763568080085259
268 4.827771317441693
269 5.133310258254973
270 4.593341824699839
271 5.0188226774166536
272 5.073705870369801
273 5.058499250262737
274 4.529061304766745
275 4.984280915262523
276 5.924248205532714
277 4.541599011283804
278 4.997079291965484
279 5.938658391197811
280 5.066908649644831
281 4.558824469625622
282 4.919948254209121
283 4.65056157261089
284 4.977323523083616
285 6.90014424026145
286 5.791943666554034
287 5.230735742537401
288 5.204477733171273
289 6.026781151996325
290 5.202567353488516
291 4.978021297695202
292 5.573825242223605
293 5.1988285556070055
294 5.112801536226408
295 4.8647774314131755
296 5.094134016568081
297 6.039268725325178
298 5.464804001005044
299 5.297177576046521
300 5.012817985238721
301 5.315334510701876
302 6.322532428833938
303 5.263031019713492
304 5.247148171378113
305 5.602331967344343
306 5.489468672923568
307 4.9261672514569925
308 6.209303441430077
309 4.788313566267528
310 5.242829261077704
311 4.914401322191958
312 4.86917730109222
313 4.383245967524468
314 5.87073808996092
315 5.929632134164519
316 4.871215363646967
317 4.660947788176629
318 5.156419692174773
319 5.4106603697987055
320 4.7618436297434465
321 5.631628610521482
322 5.114992596838417
323 4.398138042267071
324 4.4531772067242645
325 4.318340168379874
326 5.3107597433822935
327 5.048350395606718
328 6.662287133258871
329 5.0970234504347784
330 5.792654747618639
331 5.1261026297678995
332 5.58964747477157
333 4.801486813309518
334 4.677756968854159
335 5.165660057492289
336 4.7279896988226175
337 5.4483124835018035
338 5.352325942991299
339 5.37728978736175
340 5.082705853074064
341 4.887731115411944
342 4.909882933096926
343 5.432721333595012
344 5.259594918983776
345 6.828541091623034
346 5.108089407328113
347 4.775546693123568
348 5.303460475102921
349 4.755656197117684
350 5.003768721031021
351 5.013688481096947
352 4.944508591088615
353 4.849827548189943
354 4.735349422556408
355 5.023342004566489
356 4.618051563838583
357 5.551656735724147
358 4.633351234371363
359 5.089740400805471
360 4.996796959080547
361 5.555519645010576
362 4.985800269535306
363 4.70671258408179
364 5.009375724147535
365 5.421696896385293
366 5.6325033711117545
367 4.665589125713344
368 4.8832616246111975
369 4.604350649604026
370 4.9696851720410455
371 4.962496185696946
372 4.553775215775646
373 5.206161487331133
374 5.931074349196134
375 5.132378764527542
376 5.84661501716438
377 4.68855109715037
378 4.7323130147972545
379 4.452766467260585
380 5.037743117700039
381 5.179032829701189
382 4.792190540897166
383 4.736583882345136
384 5.223990439015637
385 4.648006717916666
386 4.9376471187955335
387 4.745353722029622
388 6.2153376810124845
389 4.684986660416839
390 6.117114789053813
391 4.92731769243043
392 5.008229517243537
393 4.945967040280421
394 4.745983541265013
395 5.460692844912106
396 5.35679895122091
397 5.449779032268867
398 4.632904086078092
399 5.78461461600773
400 5.407281286226242
401 5.01253663878986
402 6.253949889380982
403 5.248763626758978
404 5.1931740176991035
405 4.882516902948571
406 4.899063633478968
407 4.842582508385698
408 5.01040714411442
409 5.043027215596654
410 5.255686810643276
411 6.044268177991491
412 5.012527603322092
413 4.613535264258334
414 4.754439665035528
415 4.711290280131125
416 4.725346119001237
417 5.953047801134369
418 5.7803892130961625
419 4.963805427798622
420 5.087042425232987
421 4.706857759275845
422 5.702834792570706
423 4.890054976690314
424 5.007198733188655
425 4.876055831568905
426 5.214801868601421
427 5.192880611913072
428 5.165524185278434
429 5.3575652382688395
430 5.726427220024768
431 5.769922055797121
432 4.835523636776334
433 5.318472550509901
434 4.581039635907792
435 4.6265086717624415
436 4.617232083087565
437 4.989893784640175
438 4.943737003568382
439 5.366203408344224
440 4.590686105070463
441 4.894387433640404
442 4.55829482544066
443 4.939104891860296
444 5.110002422104339
445 5.290411814669398
446 4.810547881184469
447 4.652572794219402
448 4.858675961132154
449 4.869723886325516
450 4.896752643786421
451 9.749779247567485
452 7.719090691745715
453 9.415532024990634
454 11.066820502310348
455 9.441133748199908
456 10.90635934589574
457 10.19276935742143
458 10.481722220601824
459 8.05855866073227
460 11.871065779539922
461 9.242964975247189
462 9.313638975893504
463 8.042215159706066
464 9.383888589650379
465 9.330008055941423
466 8.034157413297846
467 8.344871495759284
468 10.468125000047388
469 9.328052777923197
470 10.988650437883747
471 10.272851740112719
472 6.111150442884333
473 4.746114461291869
474 6.986543004781092
475 9.304119841124734
476 5.060991271084629
477 5.327646752566108
478 5.592352583661092
479 4.7521934158158405
480 5.710340510891875
481 4.688959847149355
482 4.788952729030964
483 5.677925919055241
484 6.251851254892505
485 6.173284216657678
486 5.392632710915497
487 5.449857056692183
488 6.182335542606089
489 5.284290599819548
490 5.40489194562154
491 4.7337507181684675
492 4.893661021463014
493 5.2494035180357015
494 4.827624686123192
495 4.9098554260333085
496 5.383361133136349
497 5.74866786955638
498 5.687303522466686
499 5.287111210597943
