0 4.8660562957266595
1 6.431251476212272
2 4.340545039744652
3 6.256899109018913
4 6.906386829614237
5 8.099362765322962
6 7.13129959486168
7 8.220203783827204
8 7.822917430178583
9 6.105054770925283
10 6.4507345806281
11 7.4293270095921535
12 7.0126460457519
13 8.224534564808359
14 7.994019334227355
15 7.885711653375107
16 7.715218642297217
17 7.554349336802912
18 7.534029338758231
19 7.529035244337862
20 7.855996250340441
21 8.267422492210816
22 8.822278303276152
23 8.632421449054677
24 8.146916257866039
25 8.507926256064207
26 8.095346223054287
27 7.850444765471067
28 9.079730681499221
29 7.597959301144892
30 7.555088701276063
31 7.732707214989194
32 7.721319597486163
33 7.885455399344065
34 8.871406193836014
35 7.190160035851958
36 8.35091586683965
37 8.050189480234103
38 8.031857763641987
39 7.583627062672094
40 6.386407010917646
41 5.6699328193239475
42 4.767692284033193
43 3.228162126370186
44 3.948170209198497
45 8.227896676402239
46 8.743534666093113
47 9.153966569102517
48 6.999381056282838
49 7.959678409186741
50 7.964126055777883
51 7.677183916001113
52 7.659407388364125
53 8.407909448042618
54 8.874196518567894
55 8.222209624379037
56 9.088194125978285
57 7.767357216732857
58 7.6078783739918725
59 7.815984891474229
60 7.755815042509717
61 7.802218826420317
62 8.205114098750597
63 8.276093341230117
64 7.963398453630085
65 7.202512662839858
66 7.703216493402221
67 8.638379944296197
68 8.38277521736074
69 8.686877186353325
70 9.455670994562068
71 9.496549779005509
72 8.503993056147063
73 9.312238262319823
74 7.957475043951953
75 7.4556037549911816
76 9.133943575716442
77 7.767863600341612
78 8.273640048416318
79 8.458197552537616
80 8.336648763782984
81 7.555721470604996
82 8.251956558725713
83 9.09876930655617
84 7.048960313462889
85 6.396902508611908
86 5.455215938485758
87 9.217867516909251
88 9.926003796065311
89 7.74436485842431
90 10.445543112976079
91 10.013829616442226
92 9.107677676866818
93 9.20437418936553
94 9.305596295349904
95 8.630953972467134
96 8.474208992170846
97 7.239214976251203
98 8.24913268989012
99 9.576106103053444
100 7.5070470231156765
101 9.513059196608893
102 8.731665216655424
103 10.471191393416488
104 8.738258341550427
105 10.418809064123263
106 7.685548378373693
107 7.634342760249251
108 7.529258005195146
109 9.497550826932653
110 7.954682086943133
111 8.38174056264489
112 8.207253804564964
113 8.574819224768866
114 8.524549272573449
115 8.870582567520568
116 8.337869229866797
117 9.527953957969347
118 8.310437755924733
119 8.275525104811752
120 7.51335973467152
121 8.222958982406704
122 9.042919512078328
123 8.0751048996399
124 9.029326305644206
125 7.400361738624945
126 8.794820151898671
127 8.712010774432523
128 7.309998355693887
129 7.82416554769116
130 8.216601396561778
131 9.181311046197479
132 8.33614057229643
133 8.25512336732548
134 7.896192462111261
135 8.297153850048376
136 9.094371968745575
137 7.652037989340295
138 8.560660074222653
139 9.187770654194523
140 8.855199814152247
141 8.071972534736409
142 9.544518574581357
143 8.962935960700229
144 9.140101716501785
145 7.876653300355957
146 6.3927775433140095
147 8.004753182511513
148 7.461491189583754
149 7.582591884466553
150 7.522696074001023
151 8.97857890282606
152 7.639869384356302
153 8.957673914731341
154 7.609546639625851
155 8.759878779705776
156 7.88365934169891
157 8.896355403787723
158 9.406506010043818
159 8.34291233599283
160 6.766554302852637
161 8.06404920636398
162 7.212863450215148
163 7.940783419209304
164 8.233937649698722
165 7.175190562520306
166 7.778220463266745
167 7.776373578824869
168 6.161388387490512
169 6.684028237093425
170 5.722208083799931
171 5.203863136269539
172 5.876343862393846
173 6.077762568218541
174 6.2018805232984535
175 6.086422294762856
176 7.46313382716154
177 6.1331851771699055
178 5.213115402123031
179 5.390618697295474
180 5.601440597257103
181 7.185416451602632
182 4.344070352680386
183 5.368224618485254
184 6.230025120545238
185 7.108828968537083
186 6.970629614108807
187 3.7995159230842854
188 3.281091521420126
189 3.7204045174475167
190 3.613335503819887
191 3.5074573158369664
192 6.616854669151089
193 6.826791326668216
194 6.5988301651512575
195 7.069437578073455
196 6.281038748953111
197 5.966703773401274
198 5.9937589322713745
199 6.824440713852091
200 5.763734827994866
201 6.217949480891347
202 5.822410929498238
203 6.180525971251899
204 8.291722431379911
205 9.846413553366618
206 10.904087463017639
207 8.235618514923447
208 9.11948312568846
209 9.740433213758426
210 10.19794354767547
211 9.122788222205665
212 8.659752870272076
213 10.22279228931508
214 9.165281141658676
215 9.949812276415715
216 8.741635699445995
217 8.311000003182603
218 9.319188739132683
219 8.65877294072435
220 10.3284163130768
221 10.620924786862998
222 11.436798162379565
223 8.151413979479655
224 8.496658423532713
225 8.359175389147204
226 7.50662544271621
227 7.909795508673382
228 8.91250952611856
229 8.199054996672745
230 8.560817500181225
231 8.110618892926672
232 8.911256207313526
233 9.363341702317935
234 8.710568226448334
235 10.673539729715031
236 9.679455836128833
237 8.994037271971369
238 9.63500625847293
239 8.361844906296637
240 9.208034568649785
241 8.311044084898644
242 8.383224823856784
243 10.603432407729093
244 7.933508175263015
245 8.441381448238047
246 9.009560400701629
247 7.851784380365946
248 7.789394698663095
249 10.308954587519274
250 8.54758890437871
251 8.545816516635323
252 8.543121595679699
253 8.418023427557268
254 10.133019443730133
255 8.505525188039472
256 8.701705179928512
257 8.512461622501506
258 9.448427833757755
259 7.76120923839049
260 8.610296182059285
261 10.042471635199314
262 10.273758624466694
263 8.232597364295277
264 8.227344674833681
265 7.601193750279236
266 8.118266875368658
267 8.195032142604159
268 8.881304861007017
269 6.62357066356865
270 8.2858519581603
271 9.080414297066167
272 8.77605773084407
273 7.271936992970304
274 10.982350074374564
275 8.928789188817488
276 8.300395557072616
277 8.744847855577637
278 8.233569031082197
279 9.468437088648953
280 10.045196607189753
281 10.447938344108074
282 10.255976235189923
283 10.377364741779711
284 8.416234960019857
285 10.156749349429436
286 7.681160184198018
287 9.229850667907781
288 10.47420720677773
289 9.45699779967493
290 9.564306967358203
291 10.947235255243255
292 8.414035237789719
293 10.673163773674629
294 10.503035190567996
295 9.538979756243037
296 10.169259994259718
297 8.701244186832357
298 10.82971423515308
299 10.414081414369916
300 10.7187757096228
301 10.095143375494189
302 9.236377612418412
303 10.447066099509469
304 8.499370187961615
305 9.988353639147043
306 7.793490201922385
307 8.11790444413943
308 10.313588755985391
309 9.77678819412206
310 11.038233562731298
311 9.17718541969822
312 9.432849084776397
313 9.248972583780034
314 10.656781946571591
315 9.721014726762073
316 10.486428864677915
317 11.145439360299742
318 9.375067340668684
319 10.475207973858682
320 9.837736791730197
321 10.693221372242704
322 9.375266070474199
323 10.066321615253283
324 9.227608675264507
325 11.103273856636584
326 7.013783711358376
327 9.042285525345124
328 8.099707130621754
329 10.742665490703386
330 9.825921996588061
331 10.169274953581862
332 8.82349033638394
333 11.077933611080525
334 9.54257457125112
335 10.951674751800978
336 9.735855839482772
337 9.700141185802302
338 8.940289430588786
339 10.053099109589722
340 8.993237518013038
341 9.986098517849063
342 10.689456635055832
343 10.981224173053588
344 10.645806718722607
345 9.520279344391376
346 11.170347553695334
347 10.37321712097697
348 10.703871352267754
349 10.669537438699356
350 10.998808960581938
351 11.934529248000722
352 10.672548277199551
353 9.289882179891952
354 9.962014189762897
355 10.910313583505156
356 10.78374916249635
357 10.41366263232056
358 10.417383874877897
359 11.178541506829056
360 11.530543222563152
361 11.020017891903255
362 12.019193073520887
363 12.366006513868845
364 11.742289916150376
365 6.819781721445102
366 7.519314556304246
367 9.361458414404424
368 7.984772401917682
369 9.237575704386428
370 10.522122836330343
371 8.236414209953894
372 8.453087230272946
373 8.810106136093589
374 7.295082280261047
375 8.736941525520242
376 10.18552714870363
377 9.05517354932797
378 11.864812395094265
379 8.183554121043425
380 10.146147573824045
381 10.477572048268446
382 9.593309947757538
383 9.006507550520443
384 8.577319409007766
385 10.374152716505765
386 9.802118935820838
387 9.272673449576367
388 9.704698276370157
389 11.452426026986295
390 9.208253178398953
391 8.806938098859517
392 7.597694137222034
393 9.794447317926444
394 9.303642461518246
395 7.485338471786729
396 8.047571260250594
397 6.895185178164109
398 8.243338133375133
399 8.379910868292429
400 7.657314730228197
401 8.08919596878023
402 9.238029885968821
403 7.356271191672195
404 8.600878994845642
405 11.61740805641798
406 11.475680610424355
407 11.213395781095116
408 12.107868185183142
409 10.929109633572564
410 11.924623379362094
411 12.067468224523834
412 11.31956554705006
413 11.169697189107513
414 10.443983208129232
415 11.541612229632737
416 11.996295423270269
417 10.807521515992555
418 11.184720000281112
419 11.608812681956344
420 9.886255399336534
421 8.012266986599796
422 9.678734330638406
423 10.226752848222999
424 11.24134614420601
425 11.903713386680522
426 10.941562728109512
427 8.624466966897133
428 7.954060622340888
429 10.81976694574103
430 11.792586803708138
431 11.62676737140496
432 11.398585164317742
433 12.385463911407095
434 9.909459696574242
435 10.651478216511402
436 10.198706657838175
437 10.625751481063066
438 10.588199219678847
439 10.946961648935412
440 10.933287730159417
441 7.6913758307534765
442 9.317637353559727
443 7.459769606374426
444 8.932226147551598
445 8.85333795083922
446 9.622286197177722
447 9.867331278660123
448 10.200101730989319
449 9.72017256651594
450 9.086838333792757
451 10.011822664988452
452 10.722883059334134
453 9.480554398111678
454 10.20946377598948
455 11.280625376983052
456 10.569676095412483
457 8.523221184544624
458 9.18978295333074
459 7.9475298041922535
460 9.481291091604055
461 8.80398331744464
462 8.447259111983236
463 10.25522745463407
464 10.268106264511848
465 8.82463255589935
466 10.184688095795163
467 10.463852431342989
468 9.712188231112373
469 9.61656204920579
470 10.345310111520236
471 8.65122336139979
472 9.836519783715158
473 10.271829958141648
474 9.488770687652181
475 8.362462561667892
476 9.31388339358636
477 8.568034071264915
478 7.855057569230059
479 9.292061210671449
480 8.784694998809675
481 10.527788290832863
482 9.718330199879254
483 8.354229493997735
484 10.773525045354697
485 9.248088811951696
486 9.894091392450857
487 9.997712638595424
488 7.4346082659419634
489 9.104830363960629
490 9.362187259461106
491 9.958616724987175
492 8.26248277216416
493 7.590100457531999
494 8.993266127974907
495 9.225342245424526
496 6.397277596264266
497 9.077162664883833
498 7.942448528051753
499 10.629106351289668
