0	0.0
1	0.6654365658760071
2	0.7087940573692322
3	0.6542325615882874
4	0.7024528384208679
5	0.6237090229988098
6	0.7476396560668945
7	0.694499135017395
8	0.6215707063674927
9	0.6425745487213135
10	0.6784219741821289
11	0.617332398891449
12	0.6961978077888489
13	0.6664022207260132
14	0.6952051520347595
15	0.6284682750701904
16	0.6425765752792358
17	0.7976682782173157
18	0.7530104517936707
19	0.7436049580574036
20	0.6146347522735596
21	0.6824774146080017
22	0.7759522795677185
23	0.7201027870178223
24	0.6625874042510986
25	0.6480857133865356
26	0.7301498651504517
27	0.7057158946990967
28	0.721112072467804
29	0.7181311845779419
30	0.6994068026542664
31	0.6788897514343262
32	0.6762654185295105
33	0.7621293067932129
34	0.689263641834259
35	0.8036976456642151
36	0.7699068784713745
37	0.7405694127082825
38	0.7976308465003967
39	0.6684145927429199
40	0.6562145352363586
41	0.7016808986663818
42	0.7329597473144531
43	0.7073536515235901
44	0.6869957447052002
45	0.7539140582084656
46	0.6692164540290833
47	0.7748910188674927
48	0.8144700527191162
49	0.7299510836601257
50	0.7397891879081726
51	0.7019375562667847
52	0.6279472708702087
53	0.6964918375015259
54	0.6739448308944702
55	0.7853758335113525
56	0.6825266480445862
57	0.6599105000495911
58	0.7362266182899475
59	0.6830233931541443
60	0.692690908908844
61	0.6072456240653992
62	0.6115428805351257
63	0.7401542067527771
64	0.7285694479942322
65	0.6990499496459961
66	0.6683275103569031
67	0.7249746918678284
68	0.6846237182617188
69	0.7186262011528015
70	0.6614283919334412
71	0.723240077495575
72	0.7406810522079468
73	0.637200653553009
74	0.6850982904434204
75	0.6745998859405518
76	0.7090896964073181
77	0.6646533012390137
78	0.7053995132446289
79	0.6620628833770752
80	0.6620011925697327
81	0.6344479322433472
82	0.6362418532371521
83	0.6910393834114075
84	0.6564549803733826
85	0.639540433883667
86	0.6345160603523254
87	0.6759599447250366
88	0.5955403447151184
89	0.6610342860221863
90	0.7093024849891663
91	0.6775356531143188
92	0.7383858561515808
93	0.5981268882751465
94	0.6600294709205627
95	0.7468186020851135
96	0.6532168388366699
97	0.7168082594871521
98	0.8384752869606018
99	0.6310055255889893
100	0.6020501852035522
101	0.6355892419815063
102	0.7082200050354004
103	0.6519127488136292
104	0.6242554783821106
105	0.6741476655006409
106	0.7096705436706543
107	0.655236005783081
108	0.6359455585479736
109	0.6848794221878052
110	0.7416574954986572
111	0.6577614545822144
112	0.6459290981292725
113	0.7044240236282349
114	0.6830864548683167
115	0.6598327159881592
116	0.6699181795120239
117	0.6634463667869568
118	0.684877872467041
119	0.66163170337677
120	0.7096477746963501
121	0.7062042355537415
122	0.7588450312614441
123	0.6356375217437744
124	0.6944807767868042
125	0.7211090922355652
126	0.6257315874099731
127	0.7742651700973511
128	0.6310629844665527
129	0.6686651706695557
130	0.6451836228370667
131	0.7646149396896362
132	0.6682743430137634
133	0.7580711245536804
134	0.6855149865150452
135	0.6652861833572388
136	0.671820342540741
137	0.6649875640869141
138	0.7464695572853088
139	0.7114700675010681
140	0.6301592588424683
141	0.668574869632721
142	0.6442965269088745
143	0.684934675693512
144	0.7519487142562866
145	0.659652590751648
146	0.6784601807594299
147	0.6396021842956543
148	0.7211739420890808
149	0.738909900188446
150	0.6495906710624695
151	0.6993330717086792
152	0.6809375882148743
153	0.7198887467384338
154	0.7331110239028931
155	0.781912088394165
156	0.6965880393981934
157	0.8045937418937683
158	0.6840536594390869
159	0.6130771636962891
160	0.635818362236023
161	0.7488826513290405
162	0.7495812773704529
163	0.6891579031944275
164	0.695372998714447
165	0.654548704624176
166	0.6681792140007019
167	0.63149493932724
168	0.6762521862983704
169	0.6432209610939026
170	0.6702077984809875
171	0.6895461678504944
172	0.6892670392990112
173	0.7466813921928406
174	0.8040120005607605
175	0.7269624471664429
176	0.6870093941688538
177	0.6967630982398987
178	0.697426438331604
179	0.7559654116630554
180	0.6374459862709045
181	0.6984879970550537
182	0.7273988127708435
183	0.7420194149017334
184	0.7458057999610901
185	0.624530553817749
186	0.6672449707984924
187	0.7309319972991943
188	0.6825883984565735
189	0.6411095261573792
190	0.7163452506065369
191	0.6991931200027466
192	0.6890589594841003
193	0.6240057945251465
194	0.6981878876686096
195	0.6561172604560852
196	0.7140383124351501
197	0.6554786562919617
198	0.6941812634468079
199	0.6979308128356934
200	0.70242840051651
201	0.773564338684082
202	0.6556270718574524
203	0.6835750937461853
204	0.741938054561615
205	0.6544923782348633
206	0.6533915400505066
207	0.6844135522842407
208	0.6253317594528198
209	0.6809414029121399
210	0.6002411842346191
211	0.6515697836875916
212	0.6544285416603088
213	0.7074053287506104
214	0.6386129856109619
215	0.6092138290405273
216	0.6025022268295288
217	0.5591834187507629
218	0.6579640507698059
219	0.7297062277793884
220	0.7102803587913513
221	0.7162254452705383
222	0.6970236301422119
223	0.6618994474411011
224	0.6372326016426086
225	0.7348832488059998
226	0.5882214307785034
227	0.7085883617401123
228	0.6790891885757446
229	0.7440441250801086
230	0.7180642485618591
231	0.7625236511230469
232	0.6737250089645386
233	0.6764456629753113
234	0.692997932434082
235	0.6302446722984314
236	0.6941392421722412
237	0.6529814004898071
238	0.5985980033874512
239	0.7371712327003479
240	0.725640058517456
241	0.764465868473053
242	0.6154379844665527
243	0.6774231195449829
244	0.7751428484916687
245	0.7437353730201721
246	0.6555267572402954
247	0.6702768802642822
248	0.6563573479652405
249	0.680972695350647
250	0.6492478847503662
251	0.6729891300201416
252	0.648995041847229
253	0.7222109436988831
254	0.6790574193000793
255	0.6453243494033813
256	0.6288847327232361
257	0.6066792011260986
258	0.6194592714309692
259	0.6491221189498901
260	0.6616224050521851
261	0.6450408697128296
262	0.7215086817741394
263	0.6629438996315002
264	0.6429382562637329
265	0.7388604879379272
266	0.7329736948013306
267	0.6799741387367249
268	0.6923865079879761
269	0.6918267607688904
270	0.6755521297454834
271	0.7059248685836792
272	0.6843066215515137
273	0.6469280123710632
274	0.6916810274124146
275	0.595710039138794
276	0.747181236743927
277	0.6698351502418518
278	0.7494152188301086
279	0.6518886089324951
280	0.763026773929596
281	0.6420037746429443
282	0.7432266473770142
283	0.6521607041358948
284	0.7081835269927979
285	0.6320003867149353
286	0.707643985748291
287	0.6415332555770874
288	0.6881904602050781
289	0.6738707423210144
290	0.7630974650382996
291	0.6739712953567505
292	0.6860502362251282
293	0.688656747341156
294	0.6670148372650146
295	0.7122929692268372
296	0.7147917151451111
297	0.6838333606719971
298	0.7988420128822327
299	0.6717387437820435
300	0.6950649619102478
301	0.6918475031852722
302	0.7045091986656189
303	0.7242715358734131
304	0.7140722870826721
305	0.6718173623085022
306	0.8110651969909668
307	0.7277049422264099
308	0.6259669065475464
309	0.666604220867157
310	0.7654935121536255
311	0.772424578666687
312	0.6965215802192688
313	0.7317023277282715
314	0.6831782460212708
315	0.7165489196777344
316	0.7996006608009338
317	0.7610189914703369
318	0.6515170335769653
319	0.7121961712837219
320	0.7586203813552856
321	0.7225143909454346
322	0.661102831363678
323	0.7659799456596375
324	0.6941899061203003
325	0.7732658386230469
326	0.6508646607398987
327	0.7767811417579651
328	0.6920037269592285
329	0.7152062654495239
330	0.6826585531234741
331	0.7212278246879578
332	0.7434354424476624
333	0.6891406178474426
334	0.7321419715881348
335	0.7698773741722107
336	0.6470404863357544
337	0.7000337243080139
338	0.6836116909980774
339	0.6765241622924805
340	0.7320632934570312
341	0.8051465153694153
342	0.6815571784973145
343	0.7991687059402466
344	0.6670803427696228
345	0.6796260476112366
346	0.6665180921554565
347	0.704481303691864
348	0.7115472555160522
349	0.7572274804115295
350	0.6634752154350281
351	0.6581037044525146
352	0.770872175693512
353	0.6627969741821289
354	0.6700242757797241
355	0.7468478679656982
356	0.7241302132606506
357	0.7198533415794373
358	0.7650024890899658
359	0.7598380446434021
360	0.6696332693099976
361	0.763252854347229
362	0.8106317520141602
363	0.7710831761360168
364	0.7144613265991211
365	0.7607871294021606
366	0.7435820698738098
367	0.7930136322975159
368	0.6645836234092712
369	0.741055428981781
370	0.7898881435394287
371	0.7710832953453064
372	0.7075469493865967
373	0.7559587955474854
374	0.7688447833061218
375	0.7610070705413818
376	0.7111210823059082
377	0.7595497965812683
378	0.7432448267936707
379	0.7821977734565735
380	0.6913045048713684
381	0.7497637867927551
382	0.6397535800933838
383	0.7044461369514465
384	0.8125192523002625
385	0.7775560617446899
386	0.8018859028816223
387	0.7298992276191711
388	0.7561633586883545
389	0.7082067728042603
390	0.7457336187362671
391	0.7232833504676819
392	0.6107817888259888
393	0.7184274792671204
394	0.7199885845184326
395	0.6803565621376038
396	0.7492442727088928
397	0.7415436506271362
398	0.7756361365318298
399	0.7423915266990662
400	0.6750055551528931
401	0.7108891606330872
402	0.7298836708068848
403	0.6615996360778809
404	0.8051796555519104
405	0.7225103974342346
406	0.6597518920898438
407	0.6812196373939514
408	0.7530857920646667
409	0.8215643167495728
410	0.6208893060684204
411	0.6902041435241699
412	0.6386700868606567
413	0.7162778973579407
414	0.7404764890670776
415	0.7697771191596985
416	0.771588146686554
417	0.7903955578804016
418	0.6943998336791992
419	0.7218989729881287
420	0.7206080555915833
421	0.6731206178665161
422	0.7475460171699524
423	0.7513135075569153
424	0.7744202017784119
425	0.6860938668251038
426	0.7783890962600708
427	0.7380860447883606
428	0.7630151510238647
429	0.8162418603897095
430	0.7225685119628906
431	0.7849984169006348
432	0.7632874250411987
433	0.6488320231437683
434	0.6760327816009521
435	0.7286332845687866
436	0.6757596731185913
437	0.7194549441337585
438	0.738093912601471
439	0.6216286420822144
440	0.6275436878204346
441	0.7595822811126709
442	0.7858041524887085
443	0.7490299344062805
444	0.796991765499115
445	0.6928060054779053
446	0.6799731850624084
447	0.7185033559799194
448	0.7062934041023254
449	0.7784639000892639
450	0.6681612133979797
451	0.7296531200408936
452	0.7329847812652588
453	0.7887281179428101
454	0.7449208498001099
455	0.8132490515708923
456	0.6943947076797485
457	0.6700844168663025
458	0.6785888671875
459	0.7175925374031067
460	0.7102888822555542
461	0.7707284688949585
462	0.6646960377693176
463	0.692287027835846
464	0.6919414401054382
465	0.6782978773117065
466	0.7168542742729187
467	0.7461255192756653
468	0.7421345710754395
469	0.7807644009590149
470	0.7436228394508362
471	0.7134941220283508
472	0.7705745697021484
473	0.6784535646438599
474	0.7099875211715698
475	0.6591655015945435
476	0.8043938279151917
477	0.7241160273551941
478	0.6740418672561646
479	0.6954795718193054
480	0.7184804677963257
481	0.7291153073310852
482	0.6949319839477539
483	0.6918501853942871
484	0.678564727306366
485	0.6597513556480408
486	0.6980255246162415
487	0.7493114471435547
488	0.7099311351776123
489	0.6737649440765381
490	0.7186294794082642
491	0.6883816123008728
492	0.7432560324668884
493	0.7273851037025452
494	0.6751178503036499
495	0.7616395950317383
496	0.7362239360809326
497	0.6309010982513428
498	0.722778856754303
499	0.8319911956787109
