1 1.2401280403137207
2 0.8730335235595703
3 0.49043551087379456
4 0.6036535501480103
5 0.49074259400367737
6 0.3722335696220398
7 0.3818284571170807
8 0.5104309320449829
9 0.4141297936439514
10 0.39941394329071045
11 0.3798949122428894
12 0.4149976074695587
13 0.4963669776916504
14 0.40604451298713684
15 0.423068106174469
16 0.49517592787742615
17 0.4296240210533142
18 0.33612674474716187
19 0.30209478735923767
20 0.3098142743110657
21 0.3193902373313904
22 0.306270569562912
23 0.3249875605106354
24 0.38766834139823914
25 0.41143348813056946
26 0.41609883308410645
27 0.5802568793296814
28 0.5415685772895813
29 0.5230875611305237
30 0.34961023926734924
31 0.3671570122241974
32 0.36620521545410156
33 0.2937110960483551
34 0.327246755361557
35 0.31933504343032837
36 0.35522472858428955
37 0.3691396117210388
38 0.315139502286911
39 0.32950133085250854
40 0.5056172609329224
41 0.6672112941741943
42 0.6271044015884399
43 0.6955872774124146
44 0.7228853702545166
45 0.6871882081031799
46 0.5230403542518616
47 0.41138723492622375
48 0.3936150074005127
49 0.4101644456386566
50 0.38939258456230164
51 0.37030309438705444
52 0.4003760814666748
53 0.4596605896949768
54 0.5441428422927856
55 0.45011797547340393
56 0.36129099130630493
57 0.35886767506599426
58 0.3743494153022766
59 0.37017330527305603
60 0.39335641264915466
61 0.45852354168891907
62 0.5351263284683228
63 0.39501532912254333
64 0.47035741806030273
65 0.47192856669425964
66 0.5041418075561523
67 0.38089266419410706
68 0.348960816860199
69 0.3330639898777008
70 0.3269243538379669
71 0.3131667971611023
72 0.37134093046188354
73 0.3079497814178467
74 0.29519331455230713
75 0.2709406912326813
76 0.31172582507133484
77 0.38308393955230713
78 0.638813316822052
79 0.7130235433578491
80 0.5481967926025391
81 0.4234732389450073
82 0.33807373046875
83 0.4040226638317108
84 0.41343700885772705
85 0.311515748500824
86 0.3295125365257263
87 0.3882289528846741
88 0.3616791367530823
89 0.34097281098365784
90 0.38273462653160095
91 0.4375777542591095
