0 12.368725761840897
1 11.833046402417828
2 11.892657903993474
3 11.430558342954447
4 11.425605880811613
5 12.405799670089763
6 12.560267442953524
7 11.642499286525293
8 6.792448593330933
9 7.2485866640389185
10 8.715199519102896
11 8.68028832353013
12 9.06785024133369
13 9.456753541316301
14 8.80118401329087
15 8.502909122146148
16 10.661447300408444
17 12.235158429968642
18 10.135520164663342
19 11.08148641141698
20 10.253278732616396
21 9.784701855697026
22 8.80326315885789
23 9.83865702530312
24 9.774070536423492
25 8.668221965070941
26 7.948104548897909
27 8.718893415265773
28 8.493437116198946
29 7.457688524445794
30 9.313105260580695
31 7.448306471234697
32 8.521939432781055
33 9.629702088748898
34 11.918793410584266
35 12.23229906414808
36 11.61614416392167
37 10.281682458391545
38 8.58358500131704
39 9.856717777067505
40 8.677435805012388
41 8.608515748035554
42 9.40749821248654
43 8.739552941135045
44 8.596618625749027
45 10.410746099730554
46 9.234480073704228
47 10.303239480593536
48 10.566701044600341
49 8.165975505833876
50 9.494745918252345
51 9.822552588175052
52 11.592749394977162
53 9.630131913229572
54 9.217177655982496
55 8.211911392433517
56 13.207074418253868
57 12.646167013911825
58 12.593399660876916
59 11.83975330593843
60 10.065737677907693
61 12.16596854710571
62 9.710207175100557
63 11.837224453408997
64 11.075038527615755
65 12.14159305171361
66 12.450346470872766
67 11.010123513941725
68 12.363597515627605
69 11.315601983985996
70 11.647755392144735
71 11.272389963182162
72 11.288282113111991
73 13.042726266230895
74 12.655969736899722
75 9.275996991462387
76 9.343886681263495
77 11.256992243629446
78 11.9990568108777
79 8.66033402848708
80 10.2761495286059
81 7.883816577423533
82 6.340596828577061
83 8.934563907465138
84 9.493284840809942
85 7.792337094897451
86 8.004689100267358
87 9.68485570012001
88 7.68436885713801
89 8.233909029092352
90 9.630456938931385
91 8.768788680305395
92 11.15419785835697
93 8.89585100456912
94 8.59391541862933
95 8.590679679773915
96 10.02924080413623
97 11.268619243376442
98 12.41143132736882
99 12.210681523488661
100 11.924037132508827
101 11.183820770518363
102 12.175630431351358
103 11.759663737460333
104 12.229300826705
105 11.610123218930228
106 12.144009512089417
107 11.87845947638464
108 12.273237391933081
109 12.555837267058699
110 11.00148685643181
111 11.605155524082734
112 11.066110299390086
113 10.640181855126468
114 12.76030272357569
115 12.427709977974226
116 12.672196724940678
117 11.722646115652623
118 10.349720876605494
119 9.980484104390408
120 9.285463687008997
121 10.644186436281228
122 9.03651912496868
123 9.655430430398082
124 10.362055481437872
125 9.629993556463809
126 9.916896189556171
127 10.58117134757376
128 11.576568982433857
129 8.315521599419272
130 11.682383927264773
131 9.474645505772202
132 10.716368890628784
133 10.519430509800355
134 11.361368083022041
135 9.163058477316474
136 11.086020961995109
137 9.50334799012273
138 10.478365519245918
139 9.202688130712255
140 9.402704650679794
141 7.871600975541572
142 9.234967133053134
143 9.304081407365873
144 9.823191834641204
145 8.674105906403703
146 8.45727494204299
147 11.059918951690946
148 10.86649488425431
149 10.521925407599106
150 11.43424748892099
151 9.791619246670457
152 10.668041729811646
153 11.460332739618266
154 9.65244814399455
155 10.269923122986237
156 9.674646560785744
157 9.583696442842886
158 8.85113525028112
159 9.546384124774063
160 9.972467534429683
161 9.771339749784865
162 9.648441028299327
163 7.578883215537187
164 10.044204395166757
165 9.450785237721092
166 8.608567473821845
167 11.394703955927486
168 8.915011822824619
169 9.869708141342658
170 9.93923582152399
171 9.15837250597848
172 8.50854837394201
173 8.495372080189522
174 8.809256088975902
175 8.697236817656169
176 9.820084619974187
177 9.660253027475584
178 10.389279910659196
179 10.541518348961441
180 9.418579687860719
181 8.329052869615424
182 11.579489172162887
183 8.917460388092332
184 10.246044772538683
185 9.569049523997737
186 10.139546338524916
187 8.665997935510978
188 9.327049938791246
189 9.169814842515326
190 8.822552083685734
191 10.637907150936226
192 8.826734931545351
193 9.435344079180414
194 9.610275477149036
195 9.69362928722269
196 9.79222103001465
197 9.684422136112216
198 9.820143901963984
199 10.091565703226598
200 8.97976896111066
201 11.19137415914648
202 9.653405065402785
203 10.827568323150292
204 10.957410958443427
205 10.175197952633837
206 10.756137594544082
207 8.811264142969591
208 10.328189617007467
209 11.224830436717053
210 11.382421698037868
211 11.030235413573703
212 10.35791877767927
213 11.06166155084401
214 9.200559276915618
215 10.100397493074349
216 8.656363645293398
217 11.428345428420046
218 9.677422155896764
219 10.95788177123291
220 10.741688951026106
221 9.331153137417315
222 10.343685380047829
223 9.680046867957323
224 10.207940896381132
225 10.325449269511838
226 9.344094618168631
227 9.872960497992752
228 9.945946525410388
229 8.82869797398325
230 9.382131010320753
231 9.100551987446714
232 9.9524508874574
233 10.69339991846384
234 9.115286589372584
235 9.754327048276606
236 9.232108379986178
237 10.053480574228148
238 9.865686161309819
239 9.205409840762263
240 10.529200402213412
241 9.724124066226308
242 9.277365428145597
243 10.015776341616316
244 10.157669268140127
245 9.224568820641489
246 9.886833901366625
247 11.118095230463481
248 10.990039830828634
249 9.10159693393531
250 8.599701710838639
251 9.782460432915512
252 9.239570618032094
253 8.604102303143037
254 10.062237955239798
255 8.502441169013862
256 9.116548483499995
257 9.110321556211494
258 10.494296471392401
259 7.230517763216698
260 7.0582818090811745
261 7.240465377436334
262 9.583461463258848
263 8.005000911552926
264 8.968555970029783
265 10.42241426824084
266 10.03543947426554
267 7.168042948975
268 10.163854001301615
269 8.462800526014508
270 11.334293259669572
271 9.738444162331447
272 11.112070327964922
273 10.017705091176934
274 10.242523314062922
275 10.26420505304258
276 10.759457896611826
277 10.332023239882108
278 10.406026601182075
279 9.840800931521274
280 9.509741017557598
281 9.099328471940966
282 10.457031298342017
283 9.63241226974812
284 11.21023499305052
285 9.49414483943412
286 10.77666763111162
287 7.615035372402499
288 9.932179653241244
289 10.769452141594124
290 9.422286141883161
291 8.680139393622133
292 9.198419955273097
293 9.868455029966132
294 9.75795472481511
295 8.455655872388297
296 8.924674585943746
297 9.206878471136294
298 8.206488132263287
299 7.503570227056764
300 6.792500724905121
301 7.778616991682786
302 6.269746233589121
303 8.74868944732318
304 7.030859463482102
305 8.497076863819295
306 6.624939168517592
307 4.269654819782215
308 7.8379746079208745
309 4.326117756616394
310 6.312648905125692
311 5.786426461240428
312 5.536477685096919
313 7.38262573688249
314 6.779354466973186
315 7.912214612708017
316 6.726075972934006
317 8.271457223677848
318 6.7855347955418095
319 8.86709643437913
320 10.995262770550275
321 8.809571823295254
322 9.176233361488777
323 9.219435474047478
324 11.998368113200847
325 10.862940605254956
326 9.950115276565894
327 9.920419055282556
328 10.866070843086295
329 10.25507445415462
330 8.930236402932856
331 10.232677523278419
332 9.516003241194436
333 10.61447023796078
334 9.602141625991202
335 9.209530092967375
336 6.58541722592948
337 9.35078988149996
338 7.893847446820938
339 6.511499415383492
340 5.225321091915918
341 5.736531876563332
342 4.875695893398362
343 7.321669070168701
344 5.962539630949647
345 4.723679371151082
346 6.117671605628559
347 5.762251198888334
348 5.925035922590255
349 6.958582966892145
350 5.851721689343305
351 7.733093040550426
352 5.914834977773995
353 6.914014023356562
354 5.142806275859872
355 7.900080721556516
356 4.585705124221354
357 5.032482145572291
358 6.903122558447187
359 7.936622970486643
360 7.523207845883005
361 7.0080703219534435
362 8.943223387249052
363 8.072407569058871
364 9.038345193174157
365 5.463287231445236
366 6.477602663142973
367 8.146978827077788
368 6.213168617133174
369 6.715055927776111
370 7.3823112920423455
371 5.88150469672855
372 6.4471298306898905
373 7.368912031566874
374 4.173041268367835
375 6.912187798936203
376 6.4533752135866385
377 7.2719421913774624
378 6.916782321959165
379 7.432422307186844
380 5.235243761816058
381 7.14568661369478
382 6.59296963522387
383 8.088659248706923
384 6.646141726086472
385 7.354311056521736
386 7.105748367104294
387 4.456874608802474
388 6.891501190083112
389 4.052923308611358
390 7.691484844200048
391 6.964517799990148
392 8.172809896857439
393 7.45573119324325
394 8.415741458441982
395 8.731956258731472
396 7.184966725840967
397 8.799614361000588
398 8.902423812818377
399 8.28890056900675
400 8.167805232868469
401 8.799317273014942
402 9.869549684710508
403 6.383697822329354
404 8.347205175835883
405 8.4521074177736
406 8.799575909947205
407 8.564481789886795
408 7.374735838736745
409 7.545851055913191
410 8.038513916590652
411 6.860443985269578
412 5.2480757236810796
413 7.681839328574398
414 6.69841275583096
415 5.3219763475912245
416 6.659666417041792
417 8.104107518301417
418 6.054126460757722
419 7.501401265844387
420 5.639562154976908
421 5.180648445256187
422 4.665577462177366
423 4.486022721670659
424 4.814683314639512
425 5.983287667236431
426 4.364009459495179
427 4.36082239675995
428 4.384322826779042
429 3.3614191372395457
430 4.433131032045056
431 3.7272653190445637
432 4.461941655377892
433 3.566950677678325
434 4.448246064045311
435 5.319576157774756
436 4.26989276539093
437 4.557525110801011
438 4.4937587104811945
439 4.610958322766851
440 3.9878207421603444
441 4.197269770697646
442 3.486365895428691
443 4.413281850087595
444 4.869579530061489
445 4.50977145144636
446 3.4498019172982968
447 6.094138207192516
448 5.008748426846822
449 5.861370595595271
450 4.492326315466649
451 7.246514977535767
452 6.90937963784423
453 7.822872589354148
454 8.524619795418223
455 7.751031027697432
456 8.341173173660808
457 8.626688586188239
458 6.122328322098121
459 6.8189510737668675
460 6.779159019028572
461 7.339450495444369
462 7.997929073937059
463 7.230700181706483
464 7.266217883893926
465 8.706419792654188
466 7.320056546119494
467 5.868781088290571
468 6.76275309497949
469 5.987069606343335
470 3.40690967560177
471 4.709425658721107
472 3.5986976402230617
473 6.518460341164378
474 8.648212665404248
475 8.400585668436875
476 8.930049348448929
477 10.265422454060102
478 8.465438658081249
479 7.724921299180736
480 7.142095568142063
481 8.438781428707292
482 9.741378112113443
483 5.433770721480122
484 8.276094049639383
485 5.368317119665937
486 4.1660683116841835
487 6.166172855122989
488 6.896276081537977
489 9.162780939811475
490 6.8273180497497385
491 8.627062540978459
492 7.28941246243121
493 7.52531732209376
494 8.19596399642207
495 4.504215642506426
496 7.910616045535469
497 6.668470304731514
498 4.471478219364773
499 5.9635308311339665
