0 7.608615508135122
1 7.884776963406825
2 6.349916129060927
3 6.300544836002925
4 7.148298467240732
5 10.829256444021771
6 11.489440004731755
7 10.543559978973628
8 10.629672404455173
9 9.670412619536277
10 11.679180298557055
11 10.909524176538802
12 11.371666893385184
13 8.257077796143319
14 9.480857183178749
15 9.938100686279288
16 9.917974654813824
17 7.578490108543971
18 12.814923839880263
19 8.81546897240885
20 13.267617886574055
21 11.577130100233802
22 11.711342176018528
23 10.092480974863241
24 11.03573622425308
25 5.764566598095947
26 5.267238665296193
27 10.013968842677027
28 6.951535551280616
29 9.82229654896633
30 5.698592943550732
31 4.941250979678045
32 8.305897113499926
33 6.231966250582402
34 7.193426697990638
35 5.512877053290599
36 7.717300204520048
37 13.357262699034655
38 12.807733379175135
39 9.705092037458174
40 6.436466051384247
41 7.008031872361138
42 10.606419139905642
43 10.158826118247541
44 7.5033864375438935
45 11.79072917860971
46 9.68137117414888
47 12.322025080214964
48 10.416355957244633
49 11.725853464641629
50 10.078112998065999
51 8.67580555836484
52 13.25155641003749
53 13.87024372519716
54 14.154675978378894
55 12.660705124051061
56 13.077218256677972
57 14.255384837624547
58 16.394929565484162
59 16.17671967480215
60 13.27981313698223
61 12.97851340048437
62 12.681893964165198
63 12.450963151880483
64 12.850606025545579
65 11.729544284376509
66 13.719560125345584
67 13.56881475956112
68 13.093982806323124
69 13.004692738229894
70 14.569706887130916
71 11.328286036897815
72 11.505580854385746
73 12.580921555979327
74 12.305916221414318
75 7.234323182444476
76 7.914732127662532
77 11.693738148844929
78 11.723444743390468
79 10.383422555184056
80 10.827948431821754
81 11.104352599793792
82 7.2929762500683415
83 5.428176979798306
84 8.503291904451553
85 3.8949655015638647
86 9.818392827353485
87 7.318613124465196
88 6.6071996960283705
89 7.424569319904353
90 8.932743462467679
91 9.631336355973275
92 9.078218799087052
93 8.17140290978727
94 3.576668971058454
95 6.9623186632136385
96 8.144625113270694
97 11.110757305096529
98 7.7439644204619
99 9.205464245548104
100 9.138343232240473
101 10.177451531278843
102 9.486157148795556
103 8.328804295880877
104 12.486695308749036
105 8.00758425020675
106 7.425878098104712
107 4.994366080133417
108 7.098403028990545
109 8.395363047148193
110 8.971663788570828
111 7.52120247210747
112 8.584013845531784
113 6.178892756190698
114 7.34295834940464
115 5.227680676977624
116 6.047579290646908
117 3.546284652298413
118 7.011727919341928
119 7.11358397908282
120 7.621170532900044
121 6.364155238612289
122 9.384089193309268
123 6.265459499010644
124 9.046942949726896
125 8.057603510957126
126 9.4741021402696
127 10.484701102912187
128 8.459336820427371
129 7.694773898888663
130 9.86174062543816
131 10.399624567840041
132 10.563834846706374
133 11.59076774429512
134 13.973432660604146
135 14.000893749095152
136 13.736221116557878
137 14.179613482500478
138 11.381861918002405
139 12.962512789564428
140 9.801601906169948
141 13.616922886594235
142 16.53713872497555
143 11.570498201538573
144 10.286550585238482
145 11.685525146046563
146 9.425240010356744
147 8.713708531985803
148 8.450195793496375
149 12.59373337722108
150 11.953967689506186
151 11.049015756779553
152 11.924671435820013
153 9.421793029660945
154 11.478265563910236
155 11.123012761836224
156 11.488944217703123
157 10.252613347595652
158 13.873656167717602
159 9.492127572725185
160 10.745905824625693
161 14.974456982067167
162 12.602359179598617
163 11.015161672083321
164 11.544485133115925
165 11.515238563792504
166 13.779248137945391
167 10.132572276804323
168 12.238478244834093
169 11.501892428492853
170 10.601387625065556
171 11.156238311440443
172 7.447033377103319
173 11.083286829189824
174 11.102795510582515
175 9.810297295242295
176 8.146795574518048
177 7.82049272457314
178 11.290263077807927
179 10.083737768551496
180 12.669842128758694
181 10.68451652688775
182 10.872013705223189
183 12.767654006718354
184 11.327720153138026
185 9.056019140242316
186 7.872698387559791
187 8.171749279076039
188 9.851771830339738
189 9.857184454007756
190 8.448395944199033
191 11.632384570795564
192 7.864047565818373
193 9.277451960169591
194 9.42325384585009
195 12.942094532258368
196 8.98340282371857
197 7.883843605502334
198 9.804856375870816
199 9.039490140372973
200 7.51100012227182
201 8.215302836547528
202 8.907081404808634
203 10.559103717387368
204 10.069372341930269
205 7.589418668410199
206 7.385930597836135
207 11.305900466996857
208 8.404267205992854
209 9.745314092544826
210 6.979710961289038
211 11.159920517554475
212 7.676298776230706
213 11.258341721865065
214 9.982013363322089
215 9.467872261674291
216 12.46854889040957
217 11.80773224880249
218 16.170169655007165
219 14.02014588819965
220 12.992382964849746
221 10.212133640992054
222 10.957649748803759
223 9.770279879074224
224 9.818451530843388
225 11.66456056465747
226 10.606650854758458
227 12.00517085659532
228 12.288710783397528
229 9.122631880628182
230 11.782977200190935
231 11.890741274959593
232 8.194120840787962
233 8.10063443211613
234 8.474461578006588
235 12.899609513020762
236 13.333426829827996
237 13.020622354001992
238 10.646166529180386
239 11.795069246273174
240 9.97048941677809
241 7.559901307582433
242 7.614638237243632
243 7.631393860742091
244 6.972650015500916
245 8.145331009929604
246 10.92295444225107
247 11.27421010056105
248 12.645602735015748
249 8.304407066920854
250 7.209865787986376
251 7.556852974253963
252 8.506771895156346
253 8.08509998576969
254 10.721038013968359
255 9.337026545075206
256 11.52944778500081
257 9.470710144000012
258 10.590796393401536
259 12.841264186291578
260 11.663195666354314
261 12.229841586599361
262 7.30904393166666
263 11.583257660923367
264 11.029961499758976
265 12.68855593221071
266 11.637014339740734
267 8.469178132880483
268 10.84597315602693
269 10.999777821808314
270 12.303933793316231
271 11.455391022741487
272 9.26588149133864
273 9.46542245803794
274 10.401387756183052
275 9.739364356505455
276 11.640288832528123
277 12.25424626509744
278 9.471396046007325
279 9.035131482007596
280 8.38922242958886
281 6.028399849535282
282 9.189926070934288
283 12.182454137009659
284 10.077644928511429
285 8.90751728210302
286 7.39322584836147
287 5.492551666040639
288 5.90984852339695
289 9.544293195988816
290 5.517159728271898
291 6.4573539918234895
292 6.183700767887832
293 5.102629609269942
294 9.793850355720984
295 11.118634897473179
296 10.594696842256944
297 7.453002641012794
298 9.866078409764567
299 14.841253145420023
300 12.364188704644679
301 8.973814845024473
302 4.334024795390015
303 7.997487048119647
304 6.846446016782974
305 7.624573984419329
306 7.9457217272206435
307 3.2551305403241617
308 7.494516925285056
309 10.643926824749187
310 13.9851268339548
311 13.826971637770969
312 15.729855735398088
313 14.497850795248988
314 13.669297753441203
315 12.578179124701135
316 12.323264049625795
317 14.050783784226995
318 12.458645042136355
319 13.696411142672163
320 11.495686523244839
321 12.326309573736514
322 13.600405483680092
323 14.259961404463732
324 16.423704817749034
325 13.493239065030165
326 12.97919184779936
327 13.683884724252778
328 10.19097630422901
329 12.831931682465742
330 11.921581514852232
331 13.198056506818995
332 12.360770672788025
333 15.833924342987292
334 10.872570452336864
335 10.729581991773326
336 6.6793453035580015
337 8.410557375631186
338 7.93537822362784
339 8.842592706614965
340 9.524547708515446
341 8.100633653017702
342 9.804381629647057
343 9.144016882091417
344 9.686654451647806
345 8.387129123879575
346 10.901783548020095
347 8.683682410953198
348 12.989565305321435
349 11.472207196707531
350 7.806702530849618
351 10.368268683162572
352 10.462789181794657
353 9.714973620145585
354 9.809065987517386
355 9.801905516670955
356 9.028086918499563
357 5.922524364367005
358 8.914529182235144
359 13.242994582503414
360 13.756970593201157
361 11.034041898731855
362 13.05960630396682
363 8.671034774478281
364 8.16943441896316
365 9.89397706307933
366 8.189686977451396
367 7.473337411343494
368 11.520760516570606
369 10.556216238747433
370 8.287383838575447
371 9.68761773938217
372 12.624172467651052
373 9.194962043565042
374 11.237731872748666
375 10.478553753115232
376 11.879802212703169
377 7.612804268804757
378 6.523583694652347
379 4.972953674129618
380 6.70348903115362
381 9.121411135100102
382 12.670637352722705
383 12.020733024678835
384 12.5705252534022
385 14.510458844528394
386 13.759229731201366
387 13.553058973944202
388 13.60293943490759
389 13.37964154466402
390 13.323479006860302
391 13.717737717550648
392 14.525908104421227
393 14.721868615771006
394 13.95436300182757
395 12.003859166350443
396 13.172906289355069
397 11.597295857918335
398 12.888636288324292
399 11.053124906556949
400 11.775832383652107
401 9.458200568102361
402 9.240118808268088
403 8.869799163890438
404 10.612132832537355
405 10.385436570965638
406 8.877050192244443
407 11.520980204472158
408 10.814358255362478
409 10.079827426818197
410 7.893131792805139
411 6.570488517626647
412 9.38701143362502
413 6.786512007541336
414 10.625698659631006
415 12.936878216291111
416 12.367484696052276
417 13.641399782634288
418 10.499299937848273
419 10.701783048128174
420 11.133919973135756
421 8.14698862593139
422 9.187897103342229
423 10.196338258368328
424 9.28500988751315
425 7.6911219212536235
426 9.96808587708156
427 8.095347910926744
428 10.349482279153495
429 11.112968835278487
430 8.607594716853777
431 7.962775646506551
432 8.561187677660557
433 8.268668577479723
434 9.840335204079448
435 10.426028118643623
436 9.27682333744123
437 8.145847708588107
438 10.523902362912514
439 12.131165587499186
440 10.798243751058006
441 9.584090001543942
442 11.500039972938822
443 9.248668378831297
444 8.272346283774848
445 10.576297411585085
446 13.316438097356572
447 11.869789980477972
448 13.104128402268648
449 9.7090849084015
450 8.643494014289136
451 7.568405268530583
452 8.170192971696505
453 11.196813875878991
454 9.791291218634262
455 10.670358102347258
456 13.440797801434876
457 10.667861176461017
458 9.768829560170554
459 9.348714677486418
460 7.319453479742642
461 7.208188602546855
462 11.35402200760523
463 9.807362091464766
464 7.9650968334995875
465 11.276949180966259
466 10.999269122817369
467 12.337586192872074
468 12.46759630304064
469 11.42633163562082
470 11.994514642896249
471 12.445556181333828
472 11.538804298455252
473 12.110865583820539
474 13.7379717994775
475 8.754168934594743
476 10.149956318969982
477 9.567919361988555
478 11.610709938022861
479 11.815933723716004
480 11.097856341979666
481 10.655805190955494
482 10.332502865677817
483 8.463906804848156
484 10.67840802334022
485 7.524542885014097
486 10.770861129825338
487 9.974986232268057
488 10.591990874580466
489 13.135253126328099
490 8.546129883164518
491 10.339531067390006
492 9.831841300531508
493 11.715128372568213
494 9.010485543209702
495 10.865981303822055
496 13.238699384473554
497 11.685435486945954
498 9.774293867085323
499 10.845612273188623
