0 10.328446072021269
1 9.335875273310549
2 10.214087857590759
3 10.14652665678182
4 10.806910136610863
5 10.904105413839845
6 9.095604005036604
7 10.53980703198524
8 11.732934951873231
9 10.959836072983329
10 12.427399701977617
11 10.940843179094346
12 10.518000355912703
13 10.29482352900395
14 10.949288431088764
15 10.15710599794859
16 10.291296627908233
17 10.528956422566978
18 12.169649601122934
19 10.601728754456131
20 13.751791896675986
21 14.666666771421301
22 11.904029264866512
23 7.66658107979728
24 9.7592760085145
25 11.96840604965116
26 8.20585400494782
27 10.759425924175986
28 11.839851209581289
29 9.194566857627313
30 9.600857824664883
31 12.35206666061639
32 9.254033947170015
33 11.36999949671669
34 9.676186980794363
35 9.211255828796796
36 9.961120685398313
37 10.5018457905401
38 9.6902252220057
39 9.804870765978455
40 7.922904380026345
41 11.965136208523019
42 11.137243604783821
43 8.668659369080082
44 10.087073442588204
45 10.054608244738244
46 11.420951514212135
47 11.063061987411185
48 9.059167197845136
49 8.726329438779242
50 10.341237951061848
51 9.085739924161162
52 11.107369187118971
53 10.772505891019676
54 11.32582077608638
55 11.608465878936274
56 11.6581304310526
57 10.883345251055044
58 11.832771819760849
59 11.885962781432296
60 11.375858206012264
61 10.940210923460398
62 11.7250089725396
63 11.155401625933612
64 11.068579102790066
65 10.145999640382975
66 10.018973664660201
67 8.703198444296849
68 8.74554703894472
69 9.12972343897758
70 10.710251486363546
71 11.023916141314539
72 10.618560310999419
73 11.414778342171768
74 10.978150977260524
75 8.216126498868679
76 9.672124242594386
77 9.188316767642364
78 10.221473551294505
79 8.773763945516158
80 11.124831179662275
81 10.76820309207426
82 9.315609695468005
83 9.577600223372764
84 10.51729163955079
85 10.56124463585172
86 8.105321967157815
87 7.785799167415044
88 8.430384337950604
89 8.662378415857733
90 8.34820189212948
91 7.137934149596301
92 13.46490366292772
93 9.332494736914711
94 10.093189617211898
95 8.618427456180664
96 10.390272110422815
97 7.092183538962967
98 9.996740864279184
99 9.603774552330165
100 10.689454501175954
101 10.559471808228857
102 9.38976861230948
103 9.718781153183926
104 10.32571270490236
105 8.923705087679892
106 9.209759211565126
107 9.67009166814337
108 10.237105314231458
109 10.482855174308229
110 10.493423867911948
111 11.800585332790742
112 10.291088019655069
113 10.708257573614176
114 10.63499494372782
115 11.678466254216813
116 9.338836585161992
117 10.283405689006667
118 12.202670260442758
119 11.197930918843639
120 9.967206895702796
121 13.424844793396536
122 11.297058968418485
123 10.53606159086902
124 9.440009174635907
125 9.73012815412899
126 10.47818512399205
127 11.126805964878791
128 12.747936424979152
129 14.09780325775059
130 9.40041093140642
131 10.192052913704964
132 10.820092736770377
133 9.918597313825757
134 9.860953500994196
135 7.782229034319242
136 9.52851065391089
137 9.23763887067164
138 11.337112341643044
139 10.908022430078399
140 9.92750770412383
141 9.163381667975667
142 12.602199675834513
143 9.97635900998009
144 9.864620605918992
145 8.780132354181244
146 8.878461434618854
147 10.399981374874727
148 9.488859601019408
149 11.430013596436698
150 9.765081445706445
151 11.53311976507024
152 11.038843501546209
153 9.204446865718253
154 12.080759345573956
155 11.041891892815633
156 10.924514720063373
157 11.04319221521797
158 10.181744588794835
159 13.96930369454203
160 12.02118428934675
161 9.300876109639752
162 11.530981821515311
163 10.500973816486065
164 10.004183391639376
165 10.166695667026335
166 9.216714816073825
167 8.879296505055352
168 8.748287808035418
169 11.247827688313262
170 9.438583014674393
171 10.047573473112195
172 7.991415174676162
173 8.938855943959945
174 8.244505646384859
175 8.567303723380505
176 9.012153494907777
177 9.696008201025705
178 8.515159748918915
179 13.864023001715942
180 8.457867461724627
181 9.115863157252724
182 8.160556647110083
183 10.168536930401073
184 8.701026578874504
185 8.005761958760809
186 8.873216743384877
187 9.437130632790794
188 9.170687175749421
189 8.841955841618454
190 9.54316391008702
191 8.845342634653058
192 9.170862024425162
193 9.095362879067729
194 7.265968332840755
195 7.21435328322737
196 7.305922069503786
197 10.485765515621278
198 8.525715690079354
199 9.142599531904999
200 11.18648569173938
201 10.320675259086554
202 11.672320442611454
203 10.744720913472003
204 11.72582324825556
205 10.60599037374356
206 13.126204206740136
207 7.078447312591586
208 13.269048264292763
209 12.692362902467165
210 8.005852554198906
211 13.614854821818787
212 10.5300075573061
213 11.49416809519849
214 11.831853060704283
215 13.216763435734228
216 14.277069971763655
217 11.533382793505153
218 12.742166819321488
219 15.309798692207952
220 13.397228814992152
221 14.199226635018611
222 12.836544348574314
223 10.707899692652521
224 10.43916587348262
225 10.11590531814444
226 9.950151875475155
227 9.928665702303785
228 13.496067820180922
229 11.35551261073744
230 9.747629490281579
231 11.97525832197253
232 10.365843406169885
233 11.09933811552202
234 10.649653017349694
235 9.68528713389821
236 12.005066558992686
237 8.787831186491074
238 9.451355439549909
239 12.703065478343047
240 10.965684009901235
241 10.89885417899159
242 7.975324803407223
243 8.651107551651377
244 8.8635050627485
245 10.991576810354916
246 11.728699686652984
247 11.054898945737019
248 10.572407008018041
249 11.908272659750816
250 11.54648818302639
251 10.344861324740446
252 10.007668976556905
253 11.878664950852142
254 10.147622045534714
255 10.746002080666328
256 11.148603448784458
257 11.011592891595837
258 9.405863219618888
259 9.75557404782197
260 11.02561923953557
261 7.038763148679085
262 9.440308098766966
263 7.249401682673491
264 8.23981962963709
265 9.307094339020907
266 9.645262056756383
267 8.397503025151817
268 10.036376445372152
269 8.02163203497097
270 10.319125642204636
271 8.446201723275523
272 9.273607600243105
273 9.941679069778338
274 11.06687258120324
275 9.677553507052599
276 10.838579466729685
277 10.84716362602018
278 10.593464820314168
279 9.126562250583042
280 10.071403820418396
281 12.206626806265998
282 9.320939478608631
283 8.896435558866461
284 12.879387761862878
285 9.344968144237663
286 11.98555226795922
287 11.386565204831086
288 10.28197726857504
289 10.263645317095339
290 9.393425387105133
291 7.94755570406524
292 9.833650556167115
293 9.424574037295011
294 10.150349460944376
295 14.986669522633719
296 9.497808155361735
297 12.034966428245683
298 9.932636656579453
299 9.35221415226472
300 9.600006829612694
301 8.434490185350485
302 9.12859512926872
303 9.509106045482827
304 9.651353639789873
305 8.863890268255592
306 9.429044003660213
307 9.99284889790466
308 8.307088828562161
309 8.814123822468417
310 9.280529347182677
311 9.95430554271113
312 11.711845100084215
313 9.232832757430025
314 10.764925558608772
315 8.726381887156759
316 8.639199367581735
317 10.084249286253732
318 9.4523362049024
319 10.26532578893211
320 9.899035298887684
321 8.586102648748131
322 9.601229713816556
323 9.31602112669832
324 8.35239237491592
325 8.763509257857644
326 8.618104596580809
327 10.038981421728325
328 9.892125895776305
329 11.188510385338535
330 10.520463852108058
331 10.516836578499262
332 9.324271927202537
333 10.267462780109355
334 13.150953711033283
335 7.774014196125917
336 9.603618305550366
337 8.864049899008112
338 10.777137328460546
339 9.409123790315
340 10.144634810740733
341 10.990319485147166
342 11.460350480328728
343 9.412246065685656
344 9.547493321654992
345 8.086220645228478
346 9.988218104904044
347 10.487628635728052
348 9.751976708744483
349 10.430801514179995
350 10.262526569505695
351 8.720744109591621
352 8.778665855721611
353 7.548365077181794
354 9.628479405568731
355 7.423571378153446
356 6.309394923590542
357 8.465199179078311
358 11.65437067935505
359 10.133846402879303
360 11.839787489775295
361 11.330519783024632
362 8.371697527604155
363 10.662856488033656
364 8.10588488465353
365 9.906646565818507
366 8.346303257081944
367 9.353592614875994
368 10.679274457928008
369 9.309251885802464
370 10.868929216453068
371 8.763421518903973
372 9.338323812329234
373 11.096272766784447
374 9.267670501174932
375 7.887523710700623
376 9.636193446840922
377 10.253834525949
378 8.290430353544078
379 10.671953254884997
380 9.142553622894265
381 8.404954528531093
382 9.165233678514186
383 10.30668294513305
384 9.786430358593046
385 9.538164032235573
386 8.497257549679057
387 10.514060132375015
388 9.94529908046685
389 9.690558622148558
390 8.468922446739354
391 9.365026754567387
392 9.563680414135588
393 9.065450863120077
394 9.645410617561947
395 8.666877374695549
396 10.360683816826757
397 9.478974905915434
398 9.509676817747978
399 11.996862958661453
400 10.694765160058525
401 12.223811032182407
402 10.779609798211206
403 10.808767466892016
404 10.390718595393682
405 8.140445452162178
406 9.605762157010748
407 9.97855603536617
408 11.441665666966662
409 12.075218922320797
410 11.638012512465945
411 8.464858728509173
412 12.294705985212566
413 9.396687329997583
414 9.821587955828115
415 11.297503311772791
416 10.18021708740284
417 10.690601474900134
418 9.318039584638917
419 11.398650459629035
420 11.925635081665424
421 10.151897345454232
422 12.403355957770945
423 10.325278942709653
424 11.856483988894954
425 12.022265019342374
426 9.075775953722172
427 11.810907449385851
428 10.902067646153517
429 9.717187713380907
430 10.340691493391326
431 9.221806927373295
432 9.827639262443297
433 8.306311244770471
434 10.8779879413704
435 8.547120572794002
436 9.878610333937079
437 7.545787700651209
438 11.650783709056197
439 8.423627799916488
440 8.009152360756996
441 10.771215100245618
442 10.388437060130576
443 6.488930028557711
444 9.858832290877867
445 8.256581304732675
446 11.689373204651751
447 9.51679602064945
448 9.588305106927479
449 8.05195894433315
450 7.925268898761781
451 8.010933947310907
452 8.879202548608003
453 11.349391705902628
454 8.186991640005889
455 8.332912993468957
456 9.237826026448124
457 7.510916845334318
458 9.386594053140383
459 8.184330938868337
460 9.800234505810927
461 8.655918518049438
462 7.578058022810797
463 8.83952243704991
464 9.99797627583351
465 7.523299719844043
466 8.920497881368519
467 6.749180742808353
468 7.644951711397597
469 10.543607367722965
470 4.370008490407059
471 4.312210554525335
472 3.9663430935235002
473 8.281172914447769
474 9.429117953407522
475 11.294691502039282
476 8.976580644787404
477 9.44690017739861
478 6.431372416386544
479 6.660758545165154
480 4.031404273049723
481 7.877187422148918
482 7.929913980664417
483 9.547716490489417
484 6.644271762790437
485 7.496434593628109
486 8.627872416337306
487 4.69714657124052
488 5.4346901629892
489 5.935186326979155
490 6.562950554936307
491 8.426992712824486
492 4.287282231999444
493 8.650559515682907
494 14.733362025040426
495 6.410971895677179
496 11.636931227076209
497 15.12061058201954
498 8.799438643329406
499 9.493800272429624
