0 6.29690559149691
1 6.006255378902227
2 4.875666762450422
3 7.566311395509809
4 9.006545503149107
5 7.245608929656157
6 6.334703576902314
7 7.163690139887593
8 6.824138376935289
9 5.844985005460821
10 5.80486180175449
11 6.2822111338814155
12 3.997473127414876
13 3.881331084041664
14 3.895308144907358
15 3.7204349711503117
16 3.8547770063529745
17 4.874808513332685
18 3.9812797108887787
19 4.045147726139293
20 3.8882065535380534
21 4.037319891818658
22 3.540714158208423
23 7.485738195088136
24 3.914450123739304
25 3.560130869911647
26 4.978168115873743
27 4.535822187505223
28 4.039473872935457
29 3.807071530049129
30 3.510499156478053
31 3.68653217219978
32 5.15142190605419
33 3.932381859917626
34 3.8763332785932496
35 3.7358404574687634
36 4.501301508769043
37 4.931841021152992
38 3.9208316578650924
39 4.830866353042171
40 3.789099968910099
41 3.748790743109287
42 3.7638647737632214
43 3.812709615047173
44 4.122729379019588
45 5.251944920561184
46 3.903454947460239
47 3.785141923832803
48 4.649209702035065
49 3.643676191552262
50 4.054625353957135
51 3.8396203018106756
52 3.676155483688264
53 3.6920724379670156
54 3.977897660844961
55 7.083095537002324
56 4.2740911287391485
57 3.883298100233227
58 3.76546570860222
59 4.30156206806998
60 6.368695080466816
61 7.162286884809572
62 5.199570070524595
63 6.054290551439009
64 6.438376809801238
65 6.094708420768322
66 3.841385083363619
67 7.748337730794572
68 5.614653077499278
69 9.034592925950118
70 7.410780908090792
71 4.633978486971839
72 8.738629613225768
73 6.106140512711734
74 3.899303036340053
75 6.875282757829612
76 7.584746946812738
77 3.895707240757856
78 6.297025826929617
79 3.8476682183834234
80 4.144588061580013
81 4.401018304554476
82 7.050006256851902
83 6.6845742391748635
84 7.124325061921872
85 7.565134091572672
86 9.188101091701828
87 8.846603909768975
88 8.06721323627648
89 6.511336882047839
90 7.2603657766297935
91 6.803539733684772
92 6.9555666310960325
93 6.899848273313272
94 6.200105767364687
95 5.012796666032072
96 7.086082200399267
97 6.727509248769418
98 7.204731447152648
99 7.326302947892372
100 6.414354046992724
101 7.941125390058912
102 5.919407306369836
103 4.6991547800787234
104 5.067919150953019
105 5.790498102858286
106 8.168356740782146
107 5.606611948758433
108 8.306256271023777
109 6.693822335611956
110 9.471235723904865
111 9.190998293301156
112 9.524612501433124
113 8.974731289222944
114 9.384462969641355
115 5.183700582138372
116 7.099871992597882
117 9.889510637043394
118 9.097590913524948
119 9.823253632941661
120 9.882974131643628
121 10.157305604028846
122 10.165047276867684
123 9.57668498785473
124 10.314594499231033
125 9.79271427343932
126 8.283263299987087
127 9.667964270706735
128 9.381777340248311
129 8.150187035912023
130 11.064592936614734
131 11.640016138646287
132 10.045104224143788
133 10.617224258697227
134 8.856884752177342
135 10.933164022332722
136 10.602039894757835
137 11.936211154503773
138 13.352567523257155
139 9.347878793471528
140 9.50810407979103
141 8.269905004385315
142 11.672831198786856
143 12.894339676366979
144 12.678224658497623
145 6.569158096755392
146 10.25910029976
147 10.636901400933759
148 10.624723430376825
149 9.031250860546036
150 11.06699455154942
151 10.507203552713078
152 11.934273822174193
153 11.400276145683398
154 10.22432485876737
155 10.059009090052008
156 10.832689756160033
157 11.36104991275582
158 11.176927177126355
159 11.665188259324465
160 10.306369058631388
161 11.977049876199601
162 11.770128803749975
163 13.480347463627433
164 13.060669222127599
165 13.12189072343991
166 13.396124566874084
167 13.589903614990101
168 12.475341615577506
169 12.518234042873337
170 12.225375703931963
171 12.638751102409515
172 12.42836396954058
173 12.725011100159549
174 13.40133437945546
175 13.91977128733587
176 11.45947705265815
177 11.843638112517883
178 14.043171564907732
179 12.508772731813188
180 13.083280866446312
181 12.640731442512582
182 11.986272876072059
183 10.459571583327172
184 10.640291296334778
185 11.874594777522976
186 11.286211026254293
187 11.236693381832872
188 12.355388280271518
189 10.364617731019328
190 7.459918356309094
191 8.616236759838724
192 7.923277078455842
193 3.7329664827467415
194 5.635220209911059
195 6.472859229996237
196 4.893986607299044
197 5.273056850996825
198 3.9536151971667577
199 5.4520429846272
200 5.570060160205223
201 7.913202322769694
202 5.140695781000202
203 5.966605186143598
204 7.391926271016984
205 5.0713229525187
206 8.43359891218651
207 3.8656191315972834
208 3.7204106541330804
209 5.244404019056605
210 8.282759818438553
211 10.016608734529505
212 12.256328274072283
213 11.77928307737678
214 10.895724643222717
215 12.061545057537009
216 7.600526745903922
217 5.598543423454214
218 4.678818765302174
219 4.867453761281563
220 5.93490660503019
221 3.8232947026461446
222 7.346619095804532
223 6.286294446414506
224 7.25201023106741
225 5.386839411533781
226 7.961225448948373
227 8.760103653037513
228 6.58295893135471
229 7.742684256059582
230 6.031618181947484
231 5.852500010272669
232 7.961792904160441
233 8.308919091738296
234 8.198192784955081
235 8.331298836622496
236 9.251464692241628
237 6.433223216222002
238 6.814370157424402
239 11.420391732603019
240 11.404723484865395
241 11.876347854628849
242 10.969750069392786
243 9.556610223690546
244 8.646276670587616
245 8.19542647768919
246 7.664270577556267
247 10.84455848461954
248 8.603115691485163
249 5.7886751484492525
250 7.042791355937211
251 8.723357522084017
252 7.056471187261908
253 8.97671076249965
254 8.190716641167505
255 8.500352481864018
256 6.18187928855624
257 6.537131594663133
258 5.479664503323812
259 5.955467563366465
260 6.797850010963257
261 5.539148610620947
262 9.98814098023773
263 5.714376209108152
264 7.8302019577647535
265 7.123188605407482
266 6.408836441991008
267 6.1977308691795265
268 4.396265770130657
269 5.7402886305146374
270 7.352009327256719
271 6.7936428950664505
272 9.907955900605668
273 8.39687020514695
274 8.50517180239081
275 8.349813591246928
276 8.255083617575401
277 8.9327300238828
278 9.42977159905525
279 6.916874226265073
280 8.453048496192292
281 10.944376154036341
282 9.836132746209397
283 10.22862032339733
284 8.862224645104304
285 11.413876331897146
286 10.294868215233809
287 11.254008724370193
288 10.394577833928619
289 6.814850646988353
290 9.070194263259802
291 8.569150860117972
292 7.539600173903519
293 9.334504566670585
294 8.27440317985784
295 9.879697145168501
296 9.306913364101861
297 8.154669766339264
298 11.091670083039793
299 10.038804844839293
300 10.239313536517573
301 9.52904550245615
302 9.518955639639149
303 9.838468915929296
304 10.374814879545736
305 5.61649769343961
306 4.115439339388944
307 3.8882493223715775
308 7.882909196430637
309 9.680068032486764
310 8.088590506441635
311 6.002592081114542
312 9.070815116728827
313 8.058172904340676
314 12.845712342346607
315 11.767136878675297
316 12.55486601674039
317 12.007087341009438
318 11.276108193055322
319 12.142122918468267
320 11.820134868172948
321 11.479765848475058
322 12.645274786345462
323 12.132831984607742
324 11.936364471977246
325 11.619121575295924
326 11.156301433354788
327 11.71593936302901
328 11.499345272422328
329 12.10967039802779
330 11.608517773239297
331 11.451529027670714
332 11.607255891487394
333 12.73248565901978
334 11.955207669240922
335 12.456078143496207
336 11.553625317117202
337 12.282195486346193
338 12.674426721375905
339 9.928830426175693
340 11.197156420053545
341 10.528423294834278
342 5.482353589650594
343 6.348311579764551
344 3.5502095051074654
345 4.4322835684902095
346 6.83717413615244
347 3.86918467724796
348 4.951718221006965
349 7.9058573487425114
350 7.609169859833687
351 8.52466439053797
352 9.460040148132105
353 7.257919112106469
354 8.146549710497688
355 5.517365862887202
356 2.7622303471504863
357 3.3137406640950693
358 3.9784012671902733
359 3.824257767701784
360 3.8003709507775243
361 3.6705330435434256
362 4.1272784028136345
363 3.363407693712077
364 3.90343328915321
365 4.1403543017531215
366 4.434764317437002
367 3.8029520948012507
368 3.6403825126546754
369 8.063105393739537
370 7.897258396510007
371 9.23361134415054
372 8.008451638878405
373 7.999739267265536
374 7.771735880741968
375 6.925867674458796
376 6.828695284249117
377 5.928645056799314
378 7.468242608322344
379 6.438009198118521
380 7.79159412086256
381 7.867047608785735
382 11.924220882011053
383 11.59087687476434
384 11.92764381472811
385 11.830576567987922
386 12.730877855316654
387 11.425230435356074
388 4.970697628606269
389 5.72359633891211
390 6.271430072748601
391 5.985020100916634
392 5.387126564907136
393 6.096665928511634
394 6.073903548605686
395 6.835457312193882
396 7.026005968277064
397 6.567843212177903
398 6.891688028602655
399 7.47769863916624
400 7.85971015887744
401 6.525427785445059
402 6.548385409213936
403 7.197000393208779
404 7.617752341686197
405 6.176752884746699
406 7.362569202514711
407 6.1037760958886285
408 7.450191797365996
409 3.5105237588354306
410 7.581941772672674
411 9.857256577725318
412 8.872259399856034
413 9.983527246934226
414 3.5999515326596616
415 4.060312358710446
416 4.235998184106515
417 7.50723842973532
418 6.529598473005352
419 11.239071183811902
420 8.171775351718765
421 6.979604806505452
422 9.234208100602457
423 6.527912031204356
424 8.552140659534018
425 8.35989338623815
426 8.06778695482387
427 6.336397414836734
428 3.7683290151318025
429 6.885205322251736
430 6.184458288374244
431 7.673680795939725
432 6.020977293464319
433 7.318816693645895
434 6.396893462704434
435 6.880354463045069
436 4.17092193134627
437 5.738038192893186
438 6.615497380255957
439 3.3642940793174034
440 4.791876530459758
441 5.37787577547333
442 4.486131867248319
443 4.701557857109204
444 5.5150962643497365
445 5.3481570065208395
446 5.698520103646426
447 5.081765910668847
448 7.817616045518208
449 9.350171654686935
450 6.4455017191830235
451 7.935607085744944
452 7.715464187838466
453 10.918863299412504
454 13.261922113833904
455 11.926487641491164
456 11.09932454942324
457 10.073930697921124
458 11.103921591423164
459 10.9696652683307
460 11.18808314091232
461 11.523014543584457
462 11.492475983235774
463 11.481549444305033
464 11.980979859598579
465 12.116761097528801
466 12.158196603716814
467 11.124660314899632
468 12.03483149720713
469 11.629573563243584
470 11.736385618776774
471 11.067896753657473
472 12.467034363467532
473 11.942369373047189
474 11.87129931365126
475 11.58741605684625
476 12.769782232344284
477 11.735986366252929
478 10.428298479155737
479 10.915788970359461
480 11.626709400654295
481 11.748223012076123
482 11.88445514329415
483 9.92687363008845
484 11.120043602384367
485 11.893413914377971
486 10.473322958103541
487 10.906252169499057
488 12.109927400229068
489 10.96754426344964
490 12.154717002139916
491 8.110764060941865
492 11.264442102534632
493 11.155632551054866
494 8.143791944032662
495 8.679349441130318
496 9.34638428314219
497 8.781249594107743
498 7.9801903704604475
499 8.177586970708527
