1 0.8519238233566284
2 0.693547248840332
3 0.47296932339668274
4 0.44330644607543945
5 0.4965165853500366
6 0.40640655159950256
7 0.35229405760765076
8 0.30562856793403625
9 0.3451809585094452
10 0.37078943848609924
11 0.30889323353767395
12 0.2861360013484955
13 0.3614976704120636
14 0.40124768018722534
15 0.35186493396759033
16 0.3972310423851013
17 0.3967202603816986
18 0.3783465325832367
19 0.34873154759407043
20 0.377908855676651
21 0.3644486367702484
22 0.307668000459671
23 0.32614532113075256
24 0.36792781949043274
25 0.38770395517349243
26 0.38244906067848206
27 0.43509361147880554
28 0.46431195735931396
29 0.5570810437202454
30 0.463073194026947
31 0.45219317078590393
32 0.5037672519683838
33 0.3731759786605835
34 0.3904269337654114
35 0.3593265116214752
36 0.3645351827144623
37 0.4619216322898865
38 0.48145583271980286
39 0.5134515166282654
40 0.5123465061187744
41 0.5590654015541077
42 0.797947108745575
43 0.6052208542823792
44 0.5673220753669739
45 0.558817446231842
46 0.4476555585861206
47 0.44364693760871887
48 0.45121195912361145
49 0.3756179213523865
50 0.3018871247768402
51 0.33449307084083557
52 0.38228386640548706
53 0.3519306182861328
54 0.3437715470790863
55 0.40814119577407837
56 0.3926600515842438
57 0.4608714282512665
58 0.43603572249412537
59 0.46635743975639343
60 0.3967233896255493
61 0.3654222786426544
62 0.4647371768951416
63 0.47528907656669617
64 0.4986746311187744
65 0.6922577023506165
