0 8.160972852350575
1 8.18534205439167
2 8.470416234960364
3 9.348493050374346
4 8.85483551949076
5 9.596836102548927
6 9.106053065096116
7 9.324884534897702
8 7.633094846114836
9 8.930532903332598
10 8.325513968222332
11 8.472575669317658
12 9.280598592202303
13 8.661298420706656
14 9.214299806381256
15 7.387848404275638
16 8.021918821896595
17 7.570444799362937
18 9.706594342863617
19 8.500616827634794
20 8.0578454654165
21 5.071418363325037
22 8.069342470920091
23 8.009330505025815
24 7.149029522092807
25 8.018509922537588
26 6.21561364340132
27 7.311882607738908
28 6.262315644101403
29 6.374344703790558
30 5.2113912763726296
31 6.593926375661592
32 7.245114801779626
33 6.696534026998266
34 8.961524605330807
35 7.7346387594517605
36 5.911582923835368
37 6.137756138502393
38 6.465012851170619
39 6.846619297339769
40 7.377723251728607
41 9.376119865620378
42 9.258545472520604
43 7.530826888382904
44 7.022685308739343
45 7.518773218033431
46 8.495562484138132
47 7.9494062321848915
48 7.608928357760736
49 9.047276779180988
50 6.740651283035309
51 6.623116076879379
52 7.585236911039811
53 9.867725533590667
54 10.699527169418005
55 11.54231730372058
56 11.837373321425785
57 11.040875280519053
58 11.509857788025196
59 11.84852545269765
60 10.489881799992219
61 11.788652025663367
62 11.388320942860851
63 11.064632871673071
64 12.393357895334177
65 11.63521430115495
66 11.666701220224311
67 11.485361356414156
68 10.92077932473867
69 12.628834508571893
70 11.61418409764342
71 11.609592117942714
72 8.37638330809885
73 9.81340263449271
74 10.7498137657683
75 11.296720022998752
76 11.051708519328148
77 11.116814014278305
78 11.673667892520065
79 10.809601340666521
80 11.280765175246755
81 11.816052990046854
82 10.478996693090638
83 9.735044286604271
84 10.821082553913913
85 10.569307782578505
86 10.179033655502307
87 10.37957648969631
88 10.067705205864382
89 11.510743911373318
90 10.470512972605777
91 11.363460434263756
92 11.5114308321337
93 9.796432369271768
94 9.657006413917868
95 10.635390782955733
96 9.597409748327683
97 8.376125398540083
98 6.918306437796898
99 10.320912171343187
100 10.150921716772041
101 10.06878458160785
102 7.912165073779466
103 7.29281570927473
104 6.779496721909405
105 7.364451247139486
106 7.425807904960668
107 6.866808618841075
108 6.040989038116701
109 7.364926425321387
110 8.65930325192395
111 9.891742403981489
112 8.417287174408749
113 8.56723374080779
114 7.090261819552584
115 7.1225944121467535
116 6.840223573387339
117 8.925314776996
118 8.971812017562996
119 8.25488743298744
120 6.209877197870996
121 7.740919042440775
122 7.945294422969261
123 7.823687609330294
124 10.164851678750724
125 10.371941960163294
126 9.393466589979827
127 9.97707403785581
128 6.6676092460110485
129 9.144070040072911
130 5.938071853378696
131 7.659975187571428
132 8.539731869138414
133 7.816478802754391
134 6.774168850251185
135 7.6518484876607795
136 5.519008933957752
137 8.372004349316253
138 9.278004398844969
139 9.698665719240367
140 9.886926358577481
141 8.916661488631624
142 9.9764637079809
143 8.644970976692454
144 9.186731816415401
145 8.453339015610583
146 8.119812031769877
147 6.986864005490012
148 8.412979803557908
149 7.445048993980548
150 7.313658996856252
151 9.149106927828955
152 6.855577270964553
153 8.15236023872846
154 7.781173779797796
155 6.887798860820581
156 7.427354059973117
157 6.489248625369462
158 8.1325891106057
159 7.732150946391474
160 7.441341946809686
161 8.544353853319443
162 6.984498642413893
163 6.756729231415783
164 9.852056394842121
165 9.437592744403567
166 9.526750902229379
167 9.836157928372772
168 9.966742486037772
169 7.690199858976707
170 7.059182709912469
171 8.861372366989084
172 6.211969169030739
173 9.972273678191396
174 7.931309121219809
175 9.387346604564293
176 8.35243849089308
177 8.340868800773636
178 9.046092273917044
179 7.415271458609425
180 6.449070247258169
181 5.533636813692171
182 6.686854826863541
183 6.690737313408689
184 6.786172673639806
185 7.703591117727541
186 8.308022628626492
187 8.543204314077373
188 8.062311790795981
189 9.57229185524139
190 6.121153373500215
191 3.0257285343860145
192 4.101720118764702
193 3.4484749345924377
194 3.5648074244935994
195 3.3348918093278233
196 3.6485728348632436
197 3.2417735513971837
198 3.740131239465194
199 3.495037443717174
200 3.2077441773783253
201 3.4844310775075367
202 3.474653442375105
203 3.3807004738020288
204 3.402037248957621
205 3.44160520477167
206 3.5300647724448235
207 3.693078153927034
208 3.752202390047394
209 4.096899937277247
210 3.5339635658999407
211 3.4601864060456644
212 3.469812142770812
213 3.019496475775524
214 3.3449396547771486
215 3.5753156761780946
216 3.417707682053635
217 3.5796959036806952
218 3.5073049482013587
219 3.1520361016453244
220 2.996283491921477
221 3.3147653636635765
222 3.4971593707030975
223 3.8673233938422733
224 4.025140324891224
225 2.753473790687272
226 3.9370857674615283
227 2.9400943313966237
228 6.866247042282726
229 8.166147835160402
230 8.194164181626409
231 8.469719595402275
232 8.493369872996142
233 8.642013748071802
234 9.75998608597194
235 9.683755193648421
236 8.693578177733054
237 8.465566590917518
238 8.993637529533144
239 8.138814151271747
240 8.523496934874435
241 8.554184840145217
242 8.048536743703874
243 8.604568382575875
244 6.868184994549485
245 8.170037830879812
246 8.152506381084313
247 7.4923828111645046
248 7.6534263833945895
249 7.92256933067912
250 6.606065027914287
251 9.102921662461258
252 7.857153191108055
253 8.287554863595766
254 8.728422536431195
255 8.373669432753458
256 7.660842584010906
257 7.321073384267129
258 6.657045683473669
259 9.415179398576516
260 9.316205581437492
261 7.651036312210631
262 9.727007217126443
263 8.497987562684465
264 8.68425481170425
265 8.48160680692738
266 8.389526982596566
267 8.383931970642017
268 8.551974733938764
269 6.2654849087882525
270 5.145049249405792
271 5.890564863211599
272 7.072165488698181
273 9.366929483812562
274 8.076711916948835
275 8.579500638736011
276 8.826804996914367
277 8.395396450723922
278 8.292803175816124
279 8.559684087016382
280 7.941581083594132
281 7.96679701466687
282 7.719854977165792
283 8.563372274349375
284 8.801685151617162
285 9.309867267604368
286 8.59069467107726
287 9.002467093938028
288 9.214632581835925
289 10.021432570765048
290 8.642773664557069
291 9.868152818738384
292 8.746318186518888
293 7.6680370430514015
294 7.428354044748077
295 8.82484891902854
296 8.127032085295493
297 9.010236622282337
298 8.438860144645377
299 9.092046818790779
300 7.56532271471041
301 7.756944644260951
302 8.260340717942467
303 9.256323838880322
304 8.82918816434057
305 10.15143645534142
306 8.475314667411226
307 10.270209723906508
308 8.064821171807244
309 9.196907450016772
310 8.150401446853177
311 7.704771327278145
312 8.538708928073035
313 9.380563210989855
314 8.394770307498813
315 10.537416437396493
316 7.423908174660046
317 7.328013709361572
318 8.006524651238749
319 6.93107240265895
320 7.254542969869734
321 7.573435842172792
322 5.579472883272462
323 10.61694015544653
324 10.302746651597086
325 10.050954719710205
326 9.43157345672919
327 7.980489559157543
328 10.343574435859304
329 10.30065848519064
330 8.982594075747647
331 9.865162783782164
332 10.84272000269965
333 10.570446818138285
334 11.035557591561163
335 10.780838543814067
336 11.269022368887612
337 10.614546533877109
338 10.488286694921063
339 10.93196268289635
340 10.538441315103178
341 10.617141219058063
342 9.715874571756988
343 10.70516658585031
344 9.642089213821777
345 8.87889244863246
346 9.32983239520848
347 9.6590887716179
348 9.538509092474346
349 10.420960160022558
350 10.886495644028948
351 10.21014915904416
352 10.408016954125188
353 10.777731291468134
354 11.160423154823851
355 10.704810227223764
356 10.518267895388723
357 10.898042434141571
358 10.804177736510043
359 10.280956876059541
360 10.248109861810175
361 10.342318009657914
362 10.742884866856258
363 10.2272951524763
364 12.015319667726297
365 11.400984137932559
366 9.599485563740378
367 9.565147872286694
368 11.774854225538398
369 11.703170128373166
370 12.079571886397321
371 11.79299927927918
372 11.78889387708713
373 11.408532743676457
374 12.20916997454031
375 11.378360439503188
376 11.794499994031902
377 11.57750356033236
378 12.358793017993872
379 11.530373973034115
380 12.105541697353084
381 11.274426978817996
382 11.615822254959049
383 11.826216233597302
384 11.884969716878874
385 11.94818788962432
386 11.621686402632244
387 11.674862233231401
388 11.966093176230219
389 10.155976020759114
390 10.794001418681267
391 10.72117334783985
392 9.504572408256237
393 8.244593892587273
394 8.407440047269485
395 8.270224938946036
396 8.131118608804742
397 7.099856573555474
398 7.893401589167565
399 10.1615822570524
400 9.421684185052737
401 7.763956071221269
402 7.944840823010096
403 8.189241361191407
404 9.272588505229235
405 8.592472887344577
406 9.531566428388038
407 8.041152687804658
408 5.053733627608059
409 6.904352475920471
410 6.532304646194823
411 9.311812580047961
412 9.510145192122115
413 8.983165718627449
414 10.167415322195563
415 9.102338652054218
416 10.068833522101047
417 10.171795733680993
418 9.9023096214356
419 10.112943001822863
420 10.604186035242689
421 9.195273122629956
422 9.558862452035427
423 9.971084340076885
424 10.548039814448819
425 9.651793703941456
426 9.699275216135785
427 10.011171066711208
428 9.162928226603361
429 9.478619639498026
430 8.708236031559311
431 9.373529730557388
432 9.57501641861529
433 9.242987536946849
434 9.676312509957759
435 9.839040568721249
436 10.487221827614501
437 9.182878440583583
438 9.41686852120506
439 8.781260191491743
440 8.702502715058413
441 9.16192372728304
442 8.674087402612335
443 7.726497867124207
444 7.792977979818316
445 7.958310436578248
446 7.634966089325508
447 9.150447915269972
448 9.32995866990753
449 8.758267502307492
450 8.114996829443882
451 8.567868786341263
452 8.266002411336045
453 7.3789510772988836
454 9.610199082134042
455 9.47335765343707
456 7.561849303448887
457 8.151515912869634
458 8.3599873191147
459 9.245051966521205
460 7.987691104502153
461 7.948193698146157
462 8.577509062927065
463 7.158651432897207
464 7.259780723939823
465 8.423320647698015
466 9.022317567483732
467 8.035658016623003
468 8.319964483723151
469 9.406244320272187
470 9.38736113209008
471 7.917750324767316
472 8.11776069452393
473 8.272027314928486
474 9.467788284477235
475 8.516129867966452
476 8.299723769361972
477 7.933960224911885
478 8.20758089587635
479 8.386189503822486
480 9.076283700661962
481 7.747690139746084
482 7.950092228277908
483 8.111609488343761
484 8.373841376849255
485 8.911964039804758
486 8.5445615899061
487 8.105676105961207
488 8.91697127821579
489 8.212853453958699
490 9.335726418029202
491 7.805973135222065
492 8.851515536263815
493 9.096714155150257
494 8.949646452186675
495 7.242526170995716
496 8.481672156858227
497 9.425371101373903
498 8.970873851483452
499 8.341934089505266
