1 1.2104462385177612
2 0.9931821823120117
3 0.9112036824226379
4 0.8661260604858398
5 0.7822988629341125
6 0.7939476370811462
7 0.821227490901947
8 0.7272580862045288
9 0.6972225904464722
10 0.5537633895874023
11 0.46035826206207275
12 0.44638293981552124
13 0.41332128643989563
14 0.433447927236557
15 0.3856438398361206
16 0.39936378598213196
17 0.541325569152832
18 0.6152985095977783
19 0.5974945425987244
20 0.4768575429916382
21 0.464231014251709
22 0.477130651473999
23 0.4099283814430237
24 0.39475056529045105
25 0.4436638057231903
26 0.5765304565429688
27 0.6223503947257996
28 0.6257191300392151
29 0.5304164886474609
30 0.4231095016002655
31 0.3904978334903717
32 0.345088928937912
33 0.3780376613140106
34 0.41391798853874207
35 0.3577234745025635
36 0.3158862590789795
37 0.38640686869621277
38 0.42708590626716614
39 0.4048827886581421
40 0.4281686246395111
41 0.5399015545845032
42 0.5951583385467529
43 0.5227959752082825
44 0.5271314978599548
45 0.49067941308021545
46 0.4671921133995056
47 0.4401915669441223
48 0.5376406908035278
49 0.37886252999305725
50 0.3751126229763031
51 0.37033382058143616
52 0.3501165509223938
53 0.349936306476593
54 0.39925438165664673
55 0.5704314112663269
56 0.5820263028144836
57 0.5257743000984192
58 0.41383495926856995
59 0.4053606688976288
60 0.4480777978897095
61 0.45235276222229004
62 0.49859389662742615
63 0.3925478458404541
64 0.39874324202537537
65 0.3976532816886902
66 0.43914079666137695
67 0.4253580868244171
68 0.4572274088859558
69 0.5083827376365662
70 0.4798879027366638
71 0.5964040160179138
72 0.6101221442222595
73 0.6602053642272949
74 0.5395069122314453
75 0.42603930830955505
76 0.41730427742004395
77 0.33582544326782227
78 0.31536009907722473
79 0.32943886518478394
80 0.4017525911331177
81 0.4319552183151245
82 0.5486433506011963
83 0.8355411291122437
84 1.0810856819152832
85 0.8987248539924622
86 0.7309102416038513
87 0.7866346836090088
88 0.8095638155937195
89 0.6986884474754333
90 0.7385299801826477
91 0.48423993587493896
92 0.5389296412467957
93 0.5339807271957397
94 0.558843195438385
95 0.4282582104206085
96 0.3631399869918823
97 0.4538714587688446
98 0.4672340452671051
99 0.41625988483428955
100 0.4536884129047394
101 0.5665932297706604
102 0.6079401969909668
103 0.6020159721374512
104 0.6498669981956482
105 0.4866817593574524
106 0.7928400635719299
107 0.6426087617874146
108 0.6835368871688843
109 0.7631378769874573
110 0.6490975022315979
111 0.653648316860199
112 0.959774911403656
113 0.8528273105621338
114 1.1572401523590088
