0 5.429886189898339
1 3.9238264456602376
2 3.8623292629415045
3 3.7022013526754964
4 3.947859096651493
5 3.988528870804409
6 3.9285576076928157
7 4.093628964671437
8 3.3499680810370136
9 3.604128319105156
10 4.009627178882401
11 3.79483451967304
12 3.4593279381164397
13 3.7101943197203204
14 3.59489580943583
15 4.22881680239864
16 3.9033005048677927
17 3.769510585349593
18 4.025186901030417
19 3.6129701270626255
20 4.082879362618369
21 3.937845109118589
22 3.6966895474886554
23 3.758790157044742
24 3.9456853914052825
25 3.9596490120270933
26 3.6403494668358913
27 3.635912351783878
28 3.8240769291137666
29 4.03330092030631
30 4.7645894120205
31 4.571388708567274
32 5.991586219936399
33 4.952292998472462
34 3.8330920206574293
35 5.593119149693186
36 4.128105558225029
37 3.6084032769569827
38 4.661306707004734
39 4.2393399543533405
40 3.6280384775727432
41 5.71128497632512
42 3.7859058571742987
43 4.00487117265844
44 3.738256481614376
45 3.5385712133004796
46 4.742357817005768
47 3.7700323349435396
48 3.8322225108551273
49 3.880953751473456
50 4.161496286458682
51 3.8690942827108046
52 3.107832234946015
53 3.668042207138249
54 3.9165053807113557
55 3.8579249447562343
56 3.4878997014022306
57 3.4597788292004625
58 3.985122748050866
59 3.780231359614477
60 3.567704631492202
61 3.6215057542001916
62 3.997654829541265
63 3.515372538796678
64 3.948740424577154
65 3.9138249534368783
66 3.7375317129990004
67 3.905051565210438
68 3.905023432434065
69 3.5369777762762804
70 3.8109011109795246
71 4.275417938555829
72 3.908748769353867
73 4.031055512945427
74 3.3863406150233843
75 3.9590730878102107
76 3.898254278389845
77 3.8824071567801677
78 3.7005974478434718
79 3.6765463571894266
80 3.747329661883027
81 4.06478322215499
82 3.8520021506390423
83 3.377627134428464
84 3.827371376351209
85 3.533411498418442
86 3.7703860256343558
87 4.035349914176035
88 3.814556207043581
89 3.8080223452940754
90 3.723725119649563
91 3.8287973134426636
92 3.724526308669264
93 3.6919884952519517
94 3.880901646175708
95 3.979518008723137
96 3.8243758185186674
97 3.359566458624898
98 3.328986759448452
99 3.57533319108986
100 3.5955763878016604
101 3.8231583780209424
102 4.2157648930796245
103 3.6772215162410973
104 3.7980931816383046
105 3.977488811889454
106 3.6902127518923646
107 3.8386990765815665
108 3.7373281786767842
109 3.8349119278008015
110 3.865206517446298
111 3.5953738427276876
112 3.9063425057348953
113 4.11497577775987
114 4.692288245465311
115 3.9564552621829354
116 4.032233405139263
117 5.073495477369491
118 3.6901672273791717
119 3.5823914013263294
120 3.639215932913246
121 3.5665277662824693
122 3.891720195542261
123 3.6662682926641685
124 3.5721744514917746
125 3.6146660799971158
126 5.887877372277929
127 3.8435404943301736
128 3.821881461945742
129 4.549130321014865
130 5.409702480316749
131 3.7417529347891274
132 3.3965997919154196
133 4.289462182180423
134 5.529048776827136
135 5.461841453009765
136 5.055057109594055
137 5.604074152197912
138 4.9862464570479785
139 3.8640253793108674
140 4.180295856858516
141 4.113955765343173
142 4.410404897586751
143 7.265585721158263
144 3.8764499411254616
145 4.906042749389263
146 3.618910907066257
147 5.719779855561528
148 3.6946244987940404
149 3.800793094387227
150 4.269389504723456
151 5.429199984755099
152 3.4400125518615177
153 4.4910846253745
154 3.470151761693455
155 3.6813439208443897
156 5.115281344383079
157 3.525203541441541
158 3.6094678727527576
159 3.714697168111293
160 3.8546864591899204
161 5.116918950024941
162 4.781822833862
163 3.7208981244915624
164 3.440468816854671
165 4.396231607388727
166 4.467382805022489
167 3.2883425044399943
168 4.048455785133318
169 4.308400259228967
170 3.1006623886246385
171 5.374321421507754
172 3.963802410380548
173 4.973669442013886
174 4.228526541477015
175 3.1954355042595908
176 3.7508070221271295
177 4.06198843565182
178 2.9062175309834197
179 4.540367773845466
180 3.0873455751084906
181 3.87753330529366
182 3.936351149384655
183 3.9965346716775456
184 3.1825051195558
185 3.9599574462223095
186 4.894744402906488
187 3.24709081476846
188 3.918641879468963
189 6.030564598923672
190 3.614562895209317
191 3.2391812138616807
192 6.594821124625794
193 9.317891213107378
194 9.125372432276722
195 10.942726277295924
196 7.990624635876769
197 8.87553759616258
198 8.085804851668092
199 9.06600243030648
200 9.401067626915657
201 7.299967846028384
202 7.429561576756518
203 2.7239892281505926
204 8.93980918044636
205 7.337814032682363
206 8.107262791742105
207 9.519270855916638
208 3.4560064726258353
209 3.5141125532112047
210 3.7688948508729103
211 9.214316196553233
212 9.541523665279522
213 7.180426501437
214 10.732052224196092
215 9.669089696747728
216 8.800940399395937
217 10.182890062254053
218 8.35343802725848
219 10.519097693788492
220 8.676340342554443
221 9.146589663522422
222 12.204981467634976
223 9.385621193510955
224 10.534319571571782
225 3.8591103418613413
226 3.7554171447441584
227 3.858028916366778
228 3.856393168514509
229 3.8333104794306054
230 3.842531675179687
231 3.9536956076718215
232 4.559448782611385
233 3.843720839608503
234 3.5703856430695735
235 3.8123600068863173
236 3.741370617732062
237 3.5923765431173513
238 3.8289426035491676
239 3.701565847678666
240 3.930440075584606
241 3.4853950369822195
242 3.6577918438158563
243 3.7745663640817018
244 3.5538082469481207
245 3.8958251837396833
246 4.115438301251462
247 3.6658909403379747
248 3.819921800624006
249 4.011959651995204
250 4.024833989224415
251 3.6900391430031125
252 3.5145525668396553
253 3.833003992222624
254 3.8246125986902677
255 3.871703236628972
256 3.625190721009834
257 4.48220268481485
258 3.845462160754961
259 3.7650006997807335
260 3.7272661202223816
261 3.7153563988693232
262 3.664781867595231
263 3.8958234496768074
264 4.205721103710741
265 3.718695031225474
266 3.771167804694018
267 3.5832450782511303
268 3.674421744474425
269 2.9757761993037057
270 3.9395518892494943
271 3.954215792163016
272 4.091190424652342
273 3.565765935412391
274 3.8972752540510998
275 3.3303339489792285
276 3.7289326851350686
277 3.4033746930712416
278 3.5944570259256774
279 3.8185551695170363
280 3.7387083084440826
281 3.7207879058152535
282 3.7657880815735103
283 3.6900259791983263
284 3.3648339305818955
285 4.165081955451347
286 4.743207954520878
287 3.504608559423688
288 3.6020877223902663
289 3.0927197003432965
290 3.7151441853181986
291 5.715186437053957
292 6.743599977905181
293 7.977065107110337
294 6.8761939669808
295 7.273757792837024
296 4.03151467514268
297 3.609081450993774
298 3.8142279548775826
299 3.7827599825205214
300 3.8427276938997816
301 3.830208249053497
302 3.922855300996396
303 3.6248769886693886
304 3.4014875798168696
305 4.171801399105135
306 3.5227444550707254
307 4.083886472069508
308 5.324988989931516
309 3.783804678820917
310 4.464167443018344
311 3.835949756587738
312 3.586729553664388
313 3.5853373081660567
314 3.1035932835910645
315 3.3687966939695393
316 4.448206563034023
317 4.1004764559354046
318 3.671628422314247
319 3.42963789235514
320 4.224008433764385
321 4.082513703670323
322 4.071959773887973
323 3.9778046078727827
324 3.6281988119729816
325 3.790414136849544
326 3.243020142473004
327 3.9190226004577724
328 4.49638760723927
329 3.7415393095255727
330 3.780851340262312
331 4.109894729899702
332 3.7239516116389835
333 3.30954454495596
334 4.08731341061162
335 3.696202147708752
336 3.541218454699803
337 3.712833870349812
338 3.5728271272821797
339 3.832644262890598
340 4.2387798036268505
341 3.6817633038116506
342 3.4794798198729833
343 3.9638522191867147
344 3.689472918637576
345 3.822465108838329
346 3.881190643144675
347 3.897982815430112
348 3.5214989358830024
349 3.645053113838911
350 3.9945538061447636
351 3.5000552389800386
352 3.9831893794182327
353 6.406731056205948
354 3.571507617578774
355 2.869935437545714
356 4.572491560415331
357 3.651577558993249
358 3.6777126232027806
359 3.5539139728772606
360 6.142596654386396
361 7.199142212910401
362 4.836383346920016
363 6.403329129643185
364 7.705395449307854
365 8.186529436561283
366 8.215407023246627
367 7.340679204809851
368 7.054216194445808
369 8.696047652193421
370 7.807570356404732
371 7.76581791905924
372 7.999668331569488
373 8.004646150735882
374 8.260915768273733
375 7.696665608009479
376 8.265370088450007
377 3.222985545284345
378 3.5539664032906693
379 3.779722873590813
380 4.883434500304342
381 4.045533168808144
382 5.154835028140479
383 3.5567680364071763
384 3.8645279894445603
385 3.6746434100418535
386 3.6507772562190373
387 3.7317102657974965
388 5.231357361289275
389 3.473677329840685
390 3.7428591355395575
391 3.192124647012309
392 3.7673209971767
393 3.8329585426045583
394 3.52057211044031
395 3.6089309637159928
396 3.548607953185771
397 3.7944899301521247
398 3.4775265745090413
399 3.7689632205885424
400 4.113251235202344
401 3.8828335131483533
402 3.5623652592404875
403 3.2118376046981902
404 5.355031022904066
405 4.518091909712477
406 3.594565096714871
407 2.9855325970641133
408 4.461289246418101
409 3.7069490160138776
410 3.8744622795513997
411 6.556670578596521
412 5.3982801261369175
413 3.6340210270932447
414 4.129616282805409
415 3.9126685381153465
416 7.975613201353195
417 7.3447021760113795
418 7.670580565763343
419 7.349998930082731
420 7.20102588333409
421 7.249928734510946
422 8.343151334740526
423 7.6343442406418065
424 6.726583869706139
425 6.391412588020084
426 8.01522742707591
427 3.8880106058898636
428 3.7862990531346807
429 4.951854577397403
430 3.6868085575245533
431 3.763820638457388
432 4.313179520796915
433 5.370500051024862
434 4.00030912602243
435 3.5405086503621903
436 3.9938506774154026
437 4.309393102173303
438 5.247046648402352
439 4.998617954941658
440 4.2941576091278195
441 4.575306305843444
442 6.033858900174216
443 3.346423482559598
444 3.995239342033494
445 5.4345097950605465
446 6.077782939890603
447 4.517600863816091
448 4.650759636919745
449 3.7268001163989313
450 3.694218415656567
451 4.991909604736619
452 3.668109182646535
453 6.833984872492659
454 7.174858848466319
455 7.143232644257517
456 7.099566715389515
457 7.423986412522106
458 7.138286448331584
459 7.859149473094302
460 7.338472445799237
461 7.979225413506013
462 8.074862088094953
463 6.913886512504154
464 7.234153949334453
465 5.697563552258432
466 7.862122108439423
467 7.48289115419037
468 8.107922679707507
469 9.462070322701893
470 6.554680337060475
471 7.492893935009992
472 6.273450782361638
473 7.739077396328711
474 6.971343091231971
475 7.181661690899517
476 8.168907168109007
477 4.745969374436121
478 4.4407459696514575
479 3.584022091516492
480 4.6691723601750645
481 3.5244136302572704
482 3.6400212299442343
483 3.847580950501521
484 6.225365922728772
485 4.749130750812673
486 3.6823224807621364
487 5.1042358639489995
488 6.090453329417507
489 6.131989869100073
490 4.08146193727811
491 3.7494567129789216
492 6.566593800319213
493 3.6876146802256593
494 3.3819147265132923
495 3.219994927743675
496 3.4053855997177127
497 2.737662472776817
498 3.4089164755054533
499 3.832473001792949
