0 8.306682777436633
1 7.881883103000699
2 8.728852722559228
3 8.42707033465229
4 7.5380359628512394
5 9.10099321968141
6 7.825811070057758
7 7.737468878843991
8 6.510538270959699
9 7.685227901819441
10 8.501655999423681
11 9.203757018424605
12 8.103024563829084
13 7.99067966264983
14 8.756708531116923
15 9.313372336074513
16 7.764891678854804
17 8.019700164379644
18 8.429889679586715
19 9.077970726300913
20 6.715028270501865
21 6.889334070100546
22 7.655466397086156
23 7.563662498717486
24 7.790334436454357
25 7.791554156751279
26 4.85304731047519
27 9.696434882849333
28 9.71105080302483
29 8.51894626469467
30 8.88406605795435
31 6.594714970683401
32 3.849369510990411
33 4.761487764529966
34 4.252485694034174
35 3.1302642447412565
36 3.7536988522580748
37 5.601338051322732
38 3.8616012514368863
39 3.780674537039627
40 3.080537521229365
41 4.3914909489283716
42 3.8509053711809376
43 3.9232048159345974
44 3.748867623371882
45 4.542233960098903
46 4.024639071470988
47 3.9733631680158275
48 3.686675372535547
49 4.795480461385601
50 3.998988909838501
51 5.506069506765552
52 3.6644608916048136
53 3.868284661035711
54 4.264195645687682
55 3.882010774641725
56 3.7426977383621556
57 4.0315688976187305
58 3.69091981298964
59 4.542300690493721
60 4.728283520999513
61 3.476122920135845
62 5.665495843554881
63 4.098918176387705
64 6.41179618782715
65 9.902912217268964
66 9.61801316338138
67 9.987625698220619
68 11.433748331037542
69 9.38816301343278
70 9.820795887464447
71 9.29208007328468
72 7.0333120430931375
73 9.84695702272416
74 10.74061486849354
75 6.264733492401183
76 8.151492918630025
77 9.061622238444416
78 6.573921185153665
79 5.681760793078509
80 2.7427963978954466
81 5.407146007785463
82 6.6018188940262235
83 4.913440842896077
84 6.187924853634937
85 5.486482213158386
86 5.422041587874428
87 5.946725760961906
88 5.022423159923218
89 3.552933753504121
90 3.3864053786233534
91 3.8596042249425477
92 3.88427795462638
93 3.3754328173937314
94 3.716438920370106
95 4.028341664193563
96 5.868664754189869
97 3.4588792634126775
98 4.4000345590384295
99 5.81310072969012
100 6.048902133371359
101 6.059288951145648
102 8.72259824915344
103 5.935091782931392
104 7.417463267657126
105 7.578023042880946
106 9.525682334114139
107 12.415257645430993
108 10.273592569217993
109 11.560317535078532
110 10.50730224153647
111 10.772418760592156
112 9.046584991353646
113 9.837180901877009
114 9.009370116240483
115 12.137205897153603
116 9.542324279458583
117 10.9164975713566
118 11.615256907957665
119 10.392694471225495
120 10.942925328186885
121 11.608101890981775
122 10.107627038928879
123 9.455827044029427
124 10.22024242645845
125 11.243816215237553
126 10.06973277858773
127 10.256875939525953
128 10.006536568101899
129 11.45109248559559
130 11.041894690584485
131 10.754285753200989
132 11.164481208852857
133 10.783195940591776
134 11.860938938239734
135 11.34199397797081
136 9.129511126530312
137 10.936599558952542
138 10.832334473721527
139 10.312507301672452
140 9.811291408514991
141 11.746515028462996
142 12.826689631045102
143 9.41260331683338
144 8.951544268851658
145 10.742922476729165
146 11.435788633671542
147 8.111858529317237
148 8.920779237011539
149 9.327450443924167
150 10.13618683719734
151 10.04465253185676
152 8.15531217697704
153 10.302851486166514
154 10.712803729199313
155 9.264357431855073
156 9.559043870276813
157 9.697402571618511
158 9.241533215114412
159 10.518929733252042
160 11.521441132694639
161 9.90780471301685
162 8.671376891249952
163 10.341518334066949
164 9.744990059035915
165 9.311397457315302
166 10.549179552631237
167 10.287456450898961
168 9.823155070187596
169 11.247115601772856
170 9.809535727762338
171 10.172151329210623
172 9.474296880099889
173 10.383301039363037
174 10.87161467561653
175 10.14926718608775
176 11.746943053530673
177 11.21085701392943
178 9.438803219569445
179 9.166338382018852
180 10.631697185780157
181 9.321185007488
182 11.658714828035162
183 11.416106881169583
184 11.917412729865434
185 11.669490784167694
186 9.471391927734507
187 9.964964480157832
188 7.5954287782241146
189 7.051181699429971
190 5.246164689073154
191 6.464501606370652
192 7.949076789486065
193 6.860704116566345
194 8.970411971202857
195 7.5873501885334695
196 6.4219901401820705
197 5.8102996783500895
198 9.191203804534005
199 7.672230160820075
200 8.574188724043394
201 5.718447098763392
202 9.46815125913232
203 6.65339742956265
204 5.426969599503563
205 9.175099179944139
206 7.8780101787117225
207 7.682974159421979
208 8.175763392744997
209 5.62111779613899
210 5.830096118280064
211 9.491703913252394
212 5.557717013767917
213 9.708327950021095
214 8.66607129588669
215 9.229050384221189
216 8.82191867566777
217 7.776114308985904
218 8.673188002938057
219 8.77218724352321
220 7.771777339923293
221 9.160880709313812
222 7.73987881468916
223 7.98074540632504
224 7.557981602876906
225 9.993463033823792
226 9.372270567136542
227 6.354040233684008
228 8.93485779044364
229 7.451107857550331
230 9.161512967577032
231 9.719976762646644
232 8.687828907368242
233 6.8470543775888695
234 6.835751840480233
235 7.938664722972784
236 9.126147808908737
237 7.521889771332194
238 8.808487001038708
239 8.607285075703256
240 9.767889296953573
241 7.469018225084463
242 8.001658232956386
243 8.075301840167635
244 9.663100094771199
245 7.288199551291921
246 7.365145213097373
247 10.848101892184529
248 6.569012555670912
249 7.281557951354721
250 8.767507620499712
251 9.479975649866171
252 8.845105349903726
253 8.76745436705547
254 7.536558259772104
255 9.01248353516838
256 8.532915636192657
257 7.738127526151197
258 8.401451147085012
259 8.422338825271558
260 9.570495812660297
261 9.079789912333501
262 5.845066028754667
263 7.028089998407239
264 5.39973598881927
265 8.203441305072495
266 9.193644773638432
267 8.025453469486953
268 6.753804563995539
269 7.370739223397232
270 5.498684241647709
271 6.568302386532079
272 3.4706917620442495
273 7.054581827373592
274 6.33344002057351
275 3.9897965247710605
276 6.614446020231571
277 3.830810359027986
278 7.5717403584867915
279 5.458815563752934
280 7.5454579285287755
281 6.308719319090972
282 5.165826315635923
283 3.671857055391803
284 3.7501936770138196
285 3.5697257114946397
286 6.92980009739802
287 3.8836604913311743
288 5.6567234605655665
289 5.1367485350225905
290 7.816835566429602
291 7.577226618134437
292 7.542670981236229
293 5.929530933123514
294 7.183876856725473
295 3.7623303056318282
296 6.114386264627638
297 9.073741162153969
298 5.22123465059174
299 6.678606612050128
300 3.974166920188558
301 7.150844154454275
302 8.310289011862482
303 8.240042108781878
304 8.171433749201777
305 7.712039675181192
306 8.975195959013346
307 9.6060279584452
308 8.223506414420617
309 5.41180754038688
310 8.504007626652859
311 5.682972789014718
312 8.330262873918576
313 7.926575629222308
314 8.33202477807389
315 8.128908363672782
316 6.606124695677882
317 9.009906995265148
318 9.095557346688558
319 9.895250186249719
320 7.286357907074705
321 8.392520088481888
322 7.512854397709327
323 6.628637801327099
324 7.157522292965114
325 6.137896583868234
326 11.046799551334239
327 9.482037001136764
328 7.316059315259149
329 9.426828673600497
330 7.466345195640293
331 7.619916907820269
332 8.928123354909257
333 9.661808927950517
334 7.897982349033308
335 6.709149721469605
336 8.139395939653745
337 10.270756217582552
338 6.705132289416279
339 7.540607776946085
340 8.400161554232733
341 9.82989721599897
342 7.208518568274502
343 8.86989753373757
344 7.669419362761957
345 9.104838631523966
346 7.961365699959244
347 6.6968901486167445
348 8.297527722039097
349 8.036294137919658
350 6.479452913632648
351 7.529944511606402
352 2.7406739571727923
353 5.210858732163318
354 5.040891968512407
355 11.032227826062742
356 9.954836701126473
357 10.25956891121856
358 9.595628177288097
359 10.699188321271118
360 9.56009392282893
361 8.314517353162566
362 6.178870669173431
363 6.982315888882239
364 3.3401387704358965
365 5.9778820681785305
366 8.590435091982567
367 5.5454544133776915
368 5.971639808527746
369 8.041853918375327
370 7.170258762456539
371 10.424721600974719
372 9.972504821552153
373 10.782293681447868
374 8.686062966875928
375 10.368638523677612
376 8.163241033589914
377 7.585833886010336
378 7.618924959348323
379 6.21903732875306
380 7.358937759699895
381 6.984463922205819
382 6.954733093757906
383 6.585650514343157
384 8.108893038026538
385 6.137430530350689
386 8.348688244581583
387 7.7023249662038085
388 3.7563311347362953
389 7.3526315930922825
390 5.707836178961665
391 7.325804337451078
392 5.94226368311509
393 8.925803710352055
394 3.552961800695373
395 7.072414691646641
396 3.70249672251446
397 5.411085246475076
398 6.133452204436614
399 3.4508540038493605
400 5.111526339694793
401 3.7018645529165113
402 2.9135941759665673
403 3.4660143200240605
404 7.638812771255191
405 3.569872247018325
406 4.039672580259976
407 4.764956979921423
408 2.56198342608746
409 4.96700645407961
410 3.6688896545874736
411 3.515284552795848
412 2.9763604169735363
413 7.417285417099047
414 7.18328794409146
415 7.6947896437834125
416 6.911064659122063
417 8.34867720672686
418 6.416125764443353
419 7.678712252613116
420 6.733801905901809
421 7.7713663391826335
422 10.199590775988135
423 5.38278754187427
424 7.2163589857650345
425 7.866603987053433
426 8.748669153967198
427 6.834947139732087
428 7.27292191061639
429 7.411449072460281
430 7.450028744090456
431 8.533837934971661
432 6.903536255048464
433 8.786255575433618
434 8.779655166580582
435 9.315444043724984
436 7.209410772123319
437 8.885860794729856
438 8.173741425346178
439 7.870651125332894
440 8.996989144593444
441 7.036944298873866
442 8.004248826210855
443 6.753043825194706
444 7.034804710811147
445 5.557048188107019
446 7.989635217550099
447 6.706221903959328
448 4.83993463360675
449 8.327407395051951
450 8.378257025636822
451 7.088778075363007
452 8.969429301878936
453 7.636894668711889
454 8.048478386538669
455 7.305915215769926
456 5.992405961883965
457 10.279936259209611
458 7.746772380746234
459 6.781851755788879
460 6.588934400110807
461 6.662002090784195
462 6.718552089842746
463 6.276734448048151
464 8.197643807764411
465 8.642901386565743
466 10.934550621324211
467 9.07733176779004
468 4.232694625794328
469 3.605290657677199
470 3.143169979236436
471 3.5428338223280544
472 6.368296884309348
473 5.769534707342335
474 3.4054332133025107
475 3.738724903010535
476 7.546715478675806
477 2.9473328398786225
478 3.6448460340659943
479 3.769472346655736
480 4.975878318531113
481 5.859712352799017
482 8.351503351373658
483 2.7011724306453075
484 9.679591040321833
485 4.760776203237644
486 7.499698052853409
487 6.139962630187577
488 5.531712207289532
489 6.3175072138937765
490 7.28299445274722
491 8.953731640629359
492 4.436167668349685
493 5.399757875930216
494 5.6231701143967845
495 6.346106348757053
496 6.527407996270564
497 7.643876864881102
498 5.101516769730128
499 5.773102505789505
