0 5.777355786135471
1 7.559215153190539
2 7.266861086734929
3 6.794216808475966
4 7.520589244556307
5 8.27363799409047
6 6.531840800564656
7 5.939420072040778
8 5.61319097312571
9 2.9928964370734445
10 5.429014026075691
11 6.488514338658988
12 5.708687087618008
13 7.278105751733223
14 7.035069393528887
15 6.951453537410982
16 5.171167830086534
17 6.519614439013193
18 6.03484734628857
19 7.021903330046669
20 7.7427176309795716
21 7.916108591032253
22 4.996582355980137
23 7.694193101276207
24 6.701576852829267
25 6.457245329569546
26 8.354410346055918
27 7.502684764640428
28 7.988887731637331
29 8.83281341247912
30 6.690489164139885
31 7.615198154498038
32 7.12304624712308
33 8.856539499083118
34 5.9163246903835
35 7.346273756156329
36 6.108616650063865
37 5.939952226950238
38 6.496867350541886
39 6.367785455576231
40 5.228882676944307
41 8.048725251924305
42 3.2686720611069147
43 8.580540617891224
44 7.25357820969192
45 6.951092674290431
46 7.145409320967345
47 6.820007478947701
48 6.434030904869501
49 5.453998858652341
50 7.938692154231456
51 7.121987000290465
52 8.953398629005662
53 6.847911355833631
54 6.695450690480403
55 8.187205413812059
56 7.005999458561804
57 7.967804862860245
58 7.643036791777673
59 8.077797769161592
60 6.02661331973934
61 4.7468778812715735
62 6.441226657652118
63 5.671507135128701
64 6.230138178965106
65 4.511057505087981
66 5.2088123501903585
67 5.535458827312941
68 5.343204414228018
69 4.448015409145636
70 4.771578307118379
71 4.708661177811915
72 6.118733633916927
73 6.105927733351373
74 7.464232657313601
75 6.892499886725825
76 5.300224780562495
77 5.37465434415585
78 7.196196020770679
79 7.596453296839008
80 7.420178922616702
81 6.359334446672284
82 8.251893995016985
83 6.886291091605289
84 7.317546668840204
85 3.724415386020401
86 4.866722918246975
87 4.279646702433777
88 3.925316447198625
89 6.894669425804479
90 4.087149070796166
91 7.9718877831843
92 6.787397695746491
93 5.847681870305797
94 5.503107556975591
95 5.192624217709418
96 5.054194563771973
97 5.958857599641096
98 4.601228590397818
99 4.699422367073741
100 4.7318977735841345
101 4.827886189719552
102 4.461111741408358
103 5.067875876664432
104 3.7752683581509983
105 5.58083966354848
106 4.579596515582081
107 4.7616671784495095
108 4.447915944079386
109 4.972234943230359
110 4.983178077247298
111 4.809176509373604
112 4.8647396567571635
113 6.172957756184741
114 4.031136425070918
115 5.021643561269325
116 4.856170607042832
117 7.405779394020353
118 5.871288501177222
119 7.445288794210184
120 6.513561597261539
121 6.797942679501744
122 6.364367673404736
123 6.579373399228164
124 6.590331572908036
125 6.7162036601405415
126 5.884727510849877
127 5.903756359558811
128 5.930340041290636
129 5.0968271060680035
130 6.6701230972501175
131 5.434681359812922
132 6.778040443065687
133 5.839504239219083
134 5.319358559026923
135 6.557324392856788
136 6.131921552555997
137 5.827671747525835
138 5.719252827329642
139 6.224003382245544
140 6.283046272394118
141 6.760665440221735
142 5.570801963965464
143 6.478144820301032
144 7.319637684624586
145 7.427476203149818
146 5.954335897286569
147 5.123354046099086
148 6.218995309244347
149 6.224412930308934
150 6.535186591086152
151 5.821954262765871
152 7.124662992749488
153 6.891552329758719
154 6.464296291190038
155 6.0812408656022185
156 8.186490912383789
157 7.065867264564201
158 6.949507900030612
159 7.084345845762922
160 7.115702857354278
161 8.40350090755306
162 8.363581293638548
163 6.863379074784429
164 11.699520037098967
165 9.24265722061221
166 10.951641092706032
167 10.091171995025109
168 10.40293115743011
169 11.412073872780766
170 8.498606998171583
171 10.675171446123636
172 8.92676081789652
173 8.788699944218573
174 8.70058368090485
175 9.033267902182484
176 8.913762816221874
177 9.814801918523683
178 9.776340649722506
179 9.434077428041565
180 8.64522150751732
181 8.67144622196316
182 9.376925232788865
183 9.751457720296584
184 8.446013720630289
185 9.317650344101112
186 9.46503447107447
187 6.839291839679824
188 8.460173583729565
189 8.670145923757312
190 9.024887367802815
191 9.364827582406708
192 9.387813213623085
193 8.317700397381357
194 9.425871763111266
195 9.303165738137496
196 9.690547989761098
197 9.593433798452013
198 9.142341944808166
199 9.225098060296006
200 11.653149194506309
201 10.653171768039122
202 10.639249105640713
203 10.971238116776258
204 10.696902373633304
205 8.989987927537172
206 9.796626751495774
207 8.580577560439316
208 9.383071326724956
209 8.833780708883967
210 8.53112422630322
211 9.112423917846849
212 10.166533723365054
213 10.140604240826411
214 9.381917461712197
215 10.5697271529974
216 8.535886280012887
217 10.638627047112818
218 9.731884449475087
219 10.599966485349485
220 10.026639092778515
221 9.698817689713959
222 9.458025689447012
223 8.810142017111463
224 8.931814950983876
225 8.450227616487995
226 10.43386462805133
227 10.737339461726775
228 8.091595815406553
229 9.553951287245878
230 8.367564875441508
231 9.379966875810034
232 7.792119432021208
233 11.541834790790348
234 10.44826392959055
235 10.361114505340584
236 10.148687314213385
237 10.189847330959388
238 10.015924180799999
239 9.221063475559271
240 9.729690445995917
241 8.998026319417015
242 9.96022836766183
243 9.881994750031012
244 9.381956199299028
245 9.236954355718307
246 8.774911481449358
247 9.86484631213483
248 9.041710782536184
249 9.348497510486261
250 11.296185344291368
251 10.681448100494634
252 11.420646577841511
253 11.705563092802212
254 10.52686444799483
255 11.15609712585249
256 10.378560464977623
257 11.048360501869775
258 11.353201412017293
259 11.061963675813523
260 11.672996664065836
261 11.062421347726056
262 10.572988406599228
263 9.94794552029749
264 11.268741454887548
265 10.878018229391364
266 10.603481101617602
267 12.174932972375846
268 10.54092699766406
269 10.211915846169738
270 10.306963687796877
271 12.60557687045139
272 9.656603373651791
273 10.976607853766751
274 10.846532953717293
275 9.715306411200002
276 10.48515570916298
277 11.045560492887095
278 10.301964308017764
279 10.741194513743348
280 10.224386353928336
281 9.91170495396149
282 10.175349967677864
283 9.386995122898746
284 8.54101864281233
285 7.757855862757603
286 8.446676687645466
287 8.74140440021161
288 10.70698161180129
289 8.771211019418686
290 10.376262413247508
291 11.40882294981767
292 10.753456015836711
293 11.401788565429468
294 9.358189493411079
295 11.20265557070924
296 10.77730295343788
297 10.42696769446894
298 8.781303820797467
299 11.963372670698716
300 9.605329679380555
301 10.913721748942992
302 9.343928276195012
303 9.812767071588219
304 8.384208191655464
305 9.582681985999567
306 8.486315265955573
307 10.076298136426281
308 8.873631454966997
309 8.440298460503191
310 10.092100370846357
311 8.91498544720383
312 9.575518574815833
313 9.619897816674115
314 9.258952457857834
315 9.279908498520964
316 10.043701730839189
317 8.679374801259911
318 10.5858600861615
319 10.137726727800603
320 10.162265277153924
321 9.580082710490487
322 9.734968246722099
323 9.798988668648
324 9.49840194188378
325 9.71520984706384
326 9.43746644561348
327 8.73803298913693
328 9.596679293451365
329 7.745876734417071
330 9.13001880409106
331 8.99265088031678
332 10.092214710127696
333 8.399373451007744
334 8.646519047334575
335 7.9748125587123795
336 9.632038826014915
337 8.582674323513933
338 9.600644419095962
339 8.874588887861343
340 8.96395696988391
341 11.122574045454014
342 10.540317922779309
343 8.832448362254912
344 8.960860782467845
345 10.041525260987758
346 8.903359206683714
347 8.87965848660946
348 9.00395982411658
349 8.568996051579138
350 8.417477134425505
351 7.7900337015037895
352 8.34051409648992
353 9.118692843499701
354 9.396190183185293
355 8.100319167646237
356 7.501647920046872
357 9.923449535360174
358 9.904749841089716
359 10.651753312341627
360 10.162577300874887
361 9.572060259554265
362 12.846520281654376
363 11.664789669826636
364 11.912426421610766
365 8.684474950547127
366 8.978664973369098
367 9.249166672742088
368 7.7765997625160255
369 9.218561966390588
370 9.74259640270425
371 11.432703958913683
372 10.200018827186714
373 10.25693994547386
374 8.308557889165657
375 9.34392507066392
376 10.132156308505731
377 9.305528107779425
378 9.43771927140884
379 9.254863531930667
380 9.793387476256708
381 7.56377719028412
382 8.01511103092147
383 10.100068553772967
384 9.972528670573926
385 8.66731521401305
386 8.925639132800844
387 9.744265584945822
388 8.13752775463154
389 7.941291822379452
390 9.448662544156884
391 10.644394114333597
392 8.695783694888197
393 10.65388735408445
394 10.358107740171173
395 7.469783710423053
396 9.172063074594204
397 10.653782457069639
398 10.234478743382903
399 9.999242042759464
400 8.444364988997442
401 8.913914296496854
402 8.970546329069782
403 8.997070037542105
404 9.66557308062478
405 8.644914628473906
406 9.230679989303026
407 8.812393522559205
408 8.711724985503041
409 8.94691306558426
410 8.09355458089911
411 6.63945783072766
412 8.574716624603152
413 10.522324898727112
414 9.696152594675326
415 9.069169928116
416 8.57748115217141
417 8.92531735499676
418 7.9978592408422395
419 7.82412418798096
420 9.820289904595645
421 8.555217855323615
422 9.04562082892199
423 7.735361860797919
424 8.28376088528223
425 7.7557271183460506
426 8.99620063920141
427 7.8963835992653895
428 9.349591173963654
429 7.7425135040641155
430 8.814261827842824
431 8.614860099747624
432 9.270739942005935
433 8.690383112653054
434 8.519963642945918
435 8.745573149649717
436 9.720407503305635
437 8.396202686888865
438 9.52663238378133
439 8.559518789091086
440 9.2695376303436
441 8.695285275879897
442 4.905383207490715
443 7.198549531242026
444 6.340320145420012
445 6.397884050271396
446 4.750735734080393
447 3.9770112098314465
448 4.112140386506113
449 6.15441912867633
450 6.689113989994974
451 4.851613860990473
452 6.027236408522648
453 7.496906625920547
454 6.870412622283672
455 7.348616100305506
456 5.598032421378327
457 7.384537091738342
458 5.82901965626488
459 6.09872642222203
460 8.179509584932532
461 6.91405014350944
462 6.924001699664753
463 6.85488675923737
464 6.434283496779748
465 6.431227981648992
466 7.15532713177872
467 7.793609453808751
468 6.449639809388926
469 7.047944060051178
470 7.306545574387964
471 5.5278061906554505
472 6.769569247642195
473 5.65934701652977
474 6.141062787928183
475 6.846969574040849
476 8.102670609131074
477 6.8327116541658635
478 6.738824082493005
479 7.203334129039007
480 3.8662922761655976
481 4.937513421833655
482 10.031362649657728
483 5.771170406363363
484 5.911994834721572
485 6.148470468247193
486 6.380630449048948
487 6.460132899873671
488 5.818044335037487
489 7.00969822352406
490 6.337316489683424
491 5.504012673128405
492 8.18659543548684
493 8.590569577354943
494 7.012229798635479
495 8.33919719159019
496 8.452078059327842
497 8.16106188029721
498 8.543884329921484
499 6.726027786335899
