0 10.859559591783798
1 8.650354287783937
2 10.654121671796903
3 9.859246417234445
4 9.898559092356777
5 10.459506030043187
6 10.26575292322727
7 9.541825098913668
8 10.360625461645547
9 9.42372117970378
10 10.960861771753363
11 5.143621129898152
12 10.071960915933396
13 9.648950820950294
14 11.312485475456937
15 7.410948958948764
16 7.154390975110866
17 12.503274291291856
18 11.187194079934011
19 13.014887324681148
20 11.524734606354723
21 10.159787381382833
22 10.479817481193875
23 10.094790053643479
24 9.726723971105221
25 9.195931986797447
26 10.893535224958812
27 9.961084428558197
28 6.508266381414063
29 7.078938084376966
30 10.15903099247138
31 12.31110255032191
32 9.911973911126136
33 11.463872650591858
34 9.961733482027185
35 10.519819936873654
36 8.845456658669153
37 10.876679215209036
38 9.328038279664622
39 9.082871534123072
40 11.575908249142842
41 10.622758642370826
42 11.226840907619545
43 10.264661124841702
44 10.42851507208575
45 10.135196131199175
46 13.998324164057873
47 9.878261553378158
48 10.404782361917658
49 12.903125101852424
50 9.889075653355283
51 9.029314854064785
52 10.75832247357812
53 10.719214376167521
54 9.817360322958825
55 9.64624616492951
56 10.125813711258218
57 10.632553183126157
58 11.5963539684501
59 11.502461993140928
60 10.682764488675293
61 10.646132909751724
62 10.563830927273656
63 9.004910511156716
64 9.846348674067487
65 11.103931625645044
66 10.027934385285292
67 8.920729354376835
68 10.437963139469373
69 10.511161804698531
70 9.90902124384575
71 12.908248565150005
72 9.316552638609261
73 9.298963660573484
74 10.63980653203144
75 8.979375555092817
76 9.487842474571694
77 12.142481209802323
78 10.199415297502988
79 10.853721687483404
80 9.778999425608074
81 11.384245400922557
82 11.88190566465908
83 12.578257756392897
84 10.756673363337033
85 12.306843225932646
86 10.778346277645994
87 12.119628517952792
88 10.79935524053493
89 9.549472421303653
90 10.571664565985474
91 9.5991430154903
92 10.59870456014315
93 10.623263903996408
94 9.51083880120081
95 9.522490733898486
96 10.72439499631739
97 10.756818364758525
98 9.276575179650353
99 9.778430898449026
100 10.390130442452618
101 9.147958368407625
102 9.514578198574194
103 11.254010011078314
104 10.410409131688318
105 10.0544318904407
106 10.254370734474797
107 10.026445047485428
108 8.528705811981652
109 9.702077681185761
110 10.969121129314862
111 11.219344572190028
112 9.897395453548693
113 9.618893877901618
114 10.953358802378363
115 10.371056444466461
116 11.73482400684893
117 12.24763067702295
118 11.613748474491379
119 12.505351591180844
120 12.020718405334543
121 11.739408001924428
122 12.499205886907104
123 11.194934932663411
124 10.752232846854154
125 9.959456366426005
126 10.61735366820275
127 10.196892745292551
128 10.588570985137391
129 10.356983133988395
130 10.160496933370032
131 10.36990449703153
132 10.383123705393215
133 13.14800297073161
134 9.40456163188375
135 10.492532043148554
136 9.94124859313601
137 9.985678406291667
138 10.38992632692163
139 10.371767236162071
140 10.920362791134627
141 9.783235468350124
142 11.183769328433081
143 9.319579686188208
144 10.651768462793598
145 10.731463668631058
146 10.090513370788234
147 9.523537061930599
148 9.690044146151381
149 9.659888303011096
150 10.71242641271414
151 9.577820202062798
152 10.261332027622467
153 9.207485503883058
154 10.467131681374905
155 10.515434737523409
156 10.421448880757621
157 9.82215767406331
158 10.356273788591347
159 13.029406301187922
160 10.52842256454701
161 9.900268224054258
162 10.123347867018156
163 9.509983349894599
164 10.4331484729584
165 11.321922269539897
166 10.547730666915989
167 11.003403492384253
168 10.084758016094344
169 9.89132923093318
170 10.57519656903564
171 9.27200588949319
172 9.643885290593245
173 10.184851310124756
174 10.347703956233062
175 12.262739072971616
176 12.39671455542766
177 11.357271801314521
178 10.112950360900237
179 10.733035613446523
180 10.440787558905473
181 9.164619299543642
182 11.031314325918308
183 8.487269297447973
184 9.3179838150419
185 9.408700482864104
186 10.89520156707341
187 10.555146108582257
188 12.137928282287888
189 10.606187943803507
190 12.796175073638777
191 10.311374995734637
192 10.007073533961588
193 11.17110554427499
194 9.296248386583903
195 8.930611609799469
196 9.489990060823835
197 10.085941441652194
198 10.040902560640488
199 10.753513678244168
200 9.674830495166033
201 9.688352591138882
202 12.864009797327043
203 10.072881665693838
204 10.707447727410234
205 9.466094802238707
206 10.80541301200531
207 10.526665421040166
208 11.230003773508477
209 9.240246292614408
210 8.570529703381208
211 8.489688769649707
212 6.997825771710602
213 9.880461267903037
214 8.408332618950448
215 7.855144464426362
216 8.16663573029481
217 5.956774790779906
218 9.9161123187871
219 11.196976681572584
220 10.275904049945527
221 9.314533215511494
222 9.354081065781203
223 10.858855616501417
224 11.251412682873077
225 10.514417763671274
226 10.12750054299105
227 8.581609087473705
228 10.130129801097956
229 11.681305860861388
230 10.457169271474944
231 11.640952443290718
232 9.3638603589889
233 10.26930146973106
234 10.042502165588159
235 10.646505439246438
236 11.147883936594875
237 10.628136068995156
238 10.911680239219153
239 11.595629283510245
240 10.938534570242485
241 9.901572521095886
242 9.292937686896169
243 9.745729819399894
244 11.662263467059358
245 10.909829651521125
246 10.433668697266912
247 9.319761335994363
248 11.641213306899113
249 10.899170496306438
250 10.683056259471591
251 12.14936378424135
252 10.913805023155588
253 11.287994460917162
254 11.760513122694281
255 10.114070142211169
256 10.373972449640506
257 9.569085745226165
258 11.094226773252105
259 9.062916688307324
260 10.757943738982231
261 8.285304887891764
262 8.992931282040379
263 10.312017701487575
264 9.993356302943118
265 10.932517063587326
266 12.36992260558213
267 10.977715315131904
268 9.628646319245764
269 10.306786961772003
270 11.372168744279625
271 9.916364514786416
272 9.540375188928715
273 9.515369679598873
274 10.567725804379762
275 10.895974040633309
276 11.285840045510326
277 10.798327790503523
278 11.117351145063436
279 10.096729438143841
280 11.207514646467104
281 10.501615608956268
282 10.779233074010792
283 11.825122063854822
284 11.708749756440694
285 10.771880546982139
286 11.631609269271998
287 11.199885413778974
288 9.648983141294515
289 11.189102175581647
290 10.655030817219709
291 11.748705921748682
292 9.442061410928464
293 9.074277248220962
294 10.231115724679432
295 8.10550407858631
296 9.004745819572792
297 10.613906445500637
298 9.263505592665409
299 9.431756805859733
300 9.51627331596265
301 8.950111217218206
302 10.034462101911172
303 10.899392688782372
304 11.102165265092907
305 9.608476610287852
306 9.718192670512293
307 8.880563793787204
308 9.79367721337134
309 11.874212024205345
310 10.31253113647267
311 9.729107018449808
312 10.071989376413626
313 9.569322983092558
314 9.558662258062748
315 10.732925691695534
316 9.366305904926506
317 8.592129805223548
318 9.890902051338978
319 9.891129389850784
320 9.34542906682165
321 10.280053260003802
322 11.229999151985867
323 9.785373024488404
324 10.03030584956103
325 11.380597735387164
326 12.301488406894098
327 12.322671626787658
328 12.857441815548
329 11.408577850503702
330 10.497286971469412
331 9.77416331996811
332 9.673891023950793
333 9.656450022363865
334 9.203100864032157
335 11.207634207758412
336 11.884085259908709
337 11.638355037528047
338 10.718856730513657
339 10.152264716489935
340 10.456251971205704
341 10.800551606081527
342 11.642171718443633
343 11.387654099108818
344 11.423050562649738
345 11.548960392076781
346 12.301633842492283
347 10.411955892070123
348 10.385514346581322
349 10.816329497387267
350 11.1726694904123
351 11.470410126642596
352 10.831839791514902
353 11.634638791112518
354 11.113400603822388
355 9.712005858705844
356 9.896961019360065
357 8.919626365589355
358 9.353002886571291
359 9.989354254220046
360 7.897292576882671
361 7.65140025036971
362 6.487220810610313
363 7.165761057673708
364 10.430688589469112
365 7.918819438294678
366 6.243414619327661
367 6.091613070052891
368 7.4699158249935005
369 6.356143468420715
370 5.7630652758975005
371 3.8802281283582776
372 8.485969510680862
373 6.583554271289993
374 6.964310233409672
375 7.601808934831171
376 7.48110653078341
377 7.789594236991867
378 7.576285443889815
379 8.59111109033525
380 9.613653378015993
381 6.982767207549274
382 6.197627401979484
383 3.597410029136522
384 5.793663693104103
385 7.200126746288372
386 9.515634422643647
387 11.71380819208801
388 12.42752301677826
389 11.521133747980505
390 11.474655182650189
391 11.302842395533927
392 9.133281901387917
393 9.09176053614041
394 9.894635571604729
395 8.574693130472589
396 9.963489114639582
397 9.547439529490854
398 10.058742530722007
399 9.353028285232137
400 8.760359397188058
401 9.337369711747344
402 9.684932158992398
403 10.34745948322036
404 8.851969886669655
405 9.090081376572689
406 9.731615830604246
407 9.321988707390407
408 8.944015489202343
409 9.976348095905259
410 9.769262988482584
411 7.983267413657368
412 9.805354681003758
413 10.219310220181338
414 9.933448649961912
415 10.846625904346137
416 9.939814769280746
417 11.262353900702873
418 10.158951552043606
419 9.315970631996178
420 9.017039245116566
421 9.37304770633758
422 10.854357093323486
423 10.992714487346444
424 10.661945649289107
425 11.091547456363902
426 9.811053234742939
427 8.569081024102701
428 8.97493047300849
429 10.031664234866591
430 9.021725015243963
431 6.623597719880263
432 9.463697760253698
433 7.5632835229194075
434 12.5454661714559
435 7.7787372036110405
436 10.24423755754379
437 10.253899589563996
438 8.899307843679328
439 10.405985561199989
440 7.885607061925416
441 10.38570422710825
442 10.0864271077213
443 10.16125435380485
444 9.18530406221702
445 9.540285722402317
446 10.45428867699872
447 8.880334012000421
448 10.785283562345386
449 13.221552219488945
450 10.053646774933947
451 11.48369133736354
452 11.15101847162873
453 10.169459992732929
454 9.461712316767866
455 8.833341030412704
456 9.947426188070436
457 9.988029313135725
458 10.040774946886275
459 8.884845025377658
460 13.146746482129616
461 10.998482201241915
462 10.184720554604468
463 10.429783865881896
464 11.977339518039008
465 10.597379642036396
466 10.966642258108728
467 11.431160377697806
468 9.705526359552403
469 9.366974564848197
470 10.827569754148993
471 11.02064885421605
472 9.139342384182891
473 11.308776098575903
474 12.407324383852739
475 9.190123178459297
476 10.030467160287532
477 11.020750008220352
478 9.621821998314061
479 10.800861054130275
480 11.633407183987329
481 9.213611347044353
482 9.58209620876808
483 11.036727311271347
484 8.73222804187892
485 11.376225439063628
486 10.095860173346201
487 9.435707463956032
488 8.576123250700272
489 10.261622447268614
490 10.925235251672243
491 10.171488213201467
492 7.8058405438617395
493 11.029935910693773
494 10.894157288618729
495 8.965272742663235
496 10.581629458053857
497 12.093489864127367
498 9.214877759539178
499 10.23005418954793
