0 4.264612462224221
1 4.385881838010492
2 4.441302299111657
3 4.23667392800705
4 4.426493111800721
5 5.114859632304098
6 4.216090786035993
7 4.365904189404834
8 4.3361372338994375
9 4.459737828754172
10 4.266857734611258
11 4.631741603651727
12 4.355428273280996
13 4.303813944072624
14 7.867910476051261
15 5.540179659345248
16 9.744369624156024
17 7.9485790245285495
18 7.27333987772712
19 7.386461220254847
20 7.797731997521482
21 4.293666767653557
22 8.74620246668557
23 9.729328034901679
24 8.84071348073988
25 8.850990706464211
26 10.132514448246832
27 9.61398916682648
28 9.044074271629594
29 6.545620289010871
30 4.79920489254156
31 5.044253330687292
32 4.628076346931971
33 4.494545932599517
34 5.063410731561673
35 5.870999157271531
36 8.189439022252916
37 7.962734452006376
38 9.834616699672674
39 8.842022148241572
40 9.660989456202817
41 10.1388986727177
42 10.110893753269284
43 9.744914291866829
44 8.88799089923949
45 8.161894036835804
46 10.102797611904515
47 9.54128216135406
48 8.117506073971661
49 9.167968479199567
50 9.392227693523921
51 8.55530644159086
52 4.582888129446037
53 4.835460896762798
54 6.793786491843815
55 9.55279003301804
56 6.194590461268472
57 8.506240102978595
58 8.621058857666288
59 7.537218856170419
60 4.5371073611611195
61 4.541539193998079
62 4.610019265579147
63 4.113930178806098
64 5.142808469105641
65 4.365423036350577
66 4.056451774231472
67 4.661079025419668
68 4.393776925233472
69 4.164303671812076
70 4.362610488863049
71 4.65368751619809
72 4.305721944880422
73 4.4249801151413015
74 4.308644025470563
75 4.084033114680655
76 4.461392144574133
77 4.458093786690407
78 4.936778365844752
79 4.4026709313116115
80 4.881470880265644
81 4.260472772905717
82 4.945128338358071
83 4.700731834473677
84 4.287832776109866
85 4.498728497057614
86 4.209132102051141
87 6.978351740753624
88 6.654689545835024
89 6.061744002189776
90 6.578598671278866
91 5.218608519271555
92 5.875187798308263
93 4.340201391095947
94 4.478154575159289
95 4.8921401250565895
96 4.526072789843811
97 4.6357025710350666
98 7.14292685544875
99 4.205396378816909
100 5.650881249390983
101 5.678574035556948
102 4.695855184661271
103 4.498295505109733
104 4.40151013734274
105 4.204923190568187
106 4.681123417893303
107 4.602748243341663
108 4.47365180710104
109 6.357708201356486
110 4.669494996461646
111 4.488112877030852
112 4.446019919981891
113 4.369698025633203
114 4.790109641594179
115 4.983423669974766
116 4.360884443413814
117 5.077562285567635
118 3.853057538970221
119 4.301037245195039
120 4.447239044583067
121 4.438515352724232
122 4.350657264464273
123 4.801784753964407
124 4.63946783866936
125 4.092408672191481
126 4.221981810081295
127 3.5779466912236684
128 3.6433152348384685
129 5.264237882484143
130 4.48438619164989
131 5.383045837712338
132 7.6572823571839645
133 8.749022273265894
134 9.318704730998105
135 9.404110242989077
136 7.887103703119247
137 7.2169640679223575
138 4.523071098076571
139 5.352178073514877
140 4.44809561776267
141 4.153226162164147
142 4.490232173729763
143 4.751429835059879
144 5.08268554555873
145 5.760544638727056
146 5.437493728307334
147 4.522628663544254
148 4.2451741161950185
149 4.721817961992937
150 4.560407690652212
151 4.693114694429091
152 4.506459601268628
153 4.139919743760625
154 4.2065190369627095
155 4.41698129863201
156 6.188875403264435
157 7.327899330049854
158 7.441287213549712
159 8.07126963218631
160 4.665531936152476
161 9.142572509164546
162 9.490428507753833
163 10.34829199695502
164 4.809627992042204
165 4.132865280298645
166 3.8539972907445894
167 4.225485453608478
168 4.39298622563551
169 4.533770068236327
170 4.275195323960749
171 4.3391106531789765
172 4.768335543663119
173 4.4347584977126076
174 4.5041972975828894
175 4.32502266712815
176 4.485321226421005
177 4.702574870626035
178 3.7596419745525638
179 4.401478655146243
180 4.5901396762093425
181 4.206082287067723
182 4.428532862563563
183 4.611544103841773
184 4.568684792954517
185 4.55142803109091
186 4.224580686596389
187 4.206148936960635
188 4.62415017236032
189 4.563586466091361
190 4.494049957649392
191 5.087545897736458
192 4.752284987247595
193 4.438133886272777
194 4.334620158430611
195 4.342705131722474
196 4.686295929557415
197 4.436911129222972
198 3.622234725070262
199 4.0265724686145035
200 4.467246017376451
201 4.671631460781174
202 4.222276306170167
203 4.386833509224285
204 4.464397247775379
205 5.336855426770764
206 4.3536719876091245
207 4.976861155143188
208 4.97363069905598
209 4.321361895272494
210 4.986747550321897
211 3.9879528393913515
212 3.981820657942191
213 4.64367437874628
214 3.743243239392299
215 4.120496495113974
216 4.5067907693461695
217 4.2849434104362665
218 4.386062891620747
219 4.610192148786894
220 4.853726171077512
221 4.266034582661055
222 4.372804930107811
223 4.387683743946372
224 4.385816669319039
225 4.097449085361481
226 3.7238422695241002
227 3.6155220133999326
228 4.438643234333075
229 3.8065370862252257
230 4.688905886150879
231 4.398032099471762
232 4.907794039162755
233 3.8323920364537054
234 4.12817301439519
235 4.046645171904705
236 3.8112567564834885
237 3.9887989737415777
238 3.5322312335203083
239 3.9120266174593064
240 4.185549829482387
241 3.7011723587914522
242 4.649587412301158
243 4.214596537224964
244 6.783208038559536
245 4.580852341837571
246 5.507433729045392
247 4.45677715006333
248 4.248238691897627
249 3.968289961765568
250 4.575321213047739
251 4.697816202177437
252 4.109477790290644
253 4.508995961127729
254 4.7257904188400675
255 5.203049433736406
256 4.574578013021002
257 4.287761697252043
258 4.416171029325758
259 4.2516697062254805
260 4.240790687686318
261 4.254115488535178
262 4.37774017900155
263 4.622212587501025
264 4.548957164030031
265 4.376679479753752
266 4.3046460988938735
267 4.331848762194867
268 4.461257035024148
269 4.42105436152475
270 4.274446955555574
271 4.583437583300992
272 4.465291824581936
273 5.838452510782743
274 4.1650479023834315
275 4.219694470954033
276 4.43016638782889
277 4.465582513926642
278 4.735664414580495
279 4.353321289114304
280 4.436064802107598
281 4.369662078822839
282 5.446769042481203
283 4.619734469123498
284 6.099855689865377
285 4.312645628527317
286 4.301706499439552
287 4.651107715653285
288 4.170652555823263
289 5.350533284984474
290 4.447069895008997
291 4.245201861563592
292 4.294054830882573
293 4.74486452654499
294 5.074213296584612
295 3.8952374464499275
296 3.7975087247277313
297 4.036316180611875
298 3.689073748777453
299 4.196386646523772
300 4.358943687172449
301 3.7611402526766295
302 4.257770591892147
303 4.417270804321731
304 4.7545929516634455
305 4.347377074870091
306 4.736357894866834
307 4.629762454124317
308 4.385833105981487
309 4.59936453826286
310 4.576395836066025
311 5.258072998952174
312 6.176041969078072
313 5.607253047280658
314 4.222080508552525
315 4.31721868914256
316 4.076891476818882
317 4.426443125986514
318 4.50899170169539
319 4.415063796098721
320 4.528671360073913
321 4.412291282588251
322 4.673504782179837
323 4.4804978731524
324 4.626901760318695
325 4.50257956152397
326 5.543212604848383
327 4.344365499950968
328 3.7824885673155784
329 4.22150926283028
330 3.8082799159434977
331 4.240452809971309
332 3.9945725734445765
333 4.321162761392343
334 4.260481157962686
335 4.83595284263839
336 4.490465669764046
337 4.4905575543915885
338 5.486736236129806
339 4.411772201864621
340 3.860767482788617
341 4.07987497093084
342 3.842269149487188
343 7.331186546675985
344 4.104892656139133
345 4.466366057758292
346 4.666711440470482
347 5.436298127580574
348 4.626931635147765
349 6.8327263084576195
350 4.003062167987036
351 4.050087966364951
352 4.225810248708627
353 3.9945738319850115
354 4.244080645791365
355 3.699512282968814
356 4.749295202057486
357 6.951407168313394
358 7.103647403510393
359 6.986656220193569
360 6.463900346883252
361 4.458946034744739
362 4.540447022060264
363 4.60108893030843
364 4.391307066468565
365 5.141025875505516
366 6.237756169860143
367 4.716177993939191
368 4.4324478221068455
369 4.628355680770484
370 4.344435813036945
371 4.4656179539037435
372 4.509924621520282
373 4.904110641382119
374 5.902352400439956
375 7.020269438664394
376 7.808247150312093
377 4.542146306119802
378 4.6141294834978765
379 4.634979536268892
380 4.333751702325979
381 4.450803315655494
382 4.278867357731257
383 4.186657854551237
384 4.150795794562772
385 4.428397500817527
386 4.458554633482472
387 6.453082210536672
388 3.884253039046165
389 4.174291174320021
390 5.161125147445762
391 5.099773730056774
392 4.363549683871468
393 7.44656846721302
394 4.48311844007977
395 4.405908915795367
396 5.517024672811315
397 4.997773575519093
398 4.3391580163987635
399 4.643109391858174
400 4.391715709649673
401 4.397366010815627
402 4.987390163608882
403 4.681888232933558
404 4.452666298722412
405 4.945841601200454
406 4.531705458599304
407 4.662796345610717
408 4.418808824184045
409 3.5254493413851065
410 4.434345973679873
411 4.706849982797144
412 4.457056851766775
413 5.156670679450821
414 4.501885955281472
415 4.407568273274459
416 4.382223835994954
417 4.20666405312038
418 4.484723163607388
419 4.781965841791232
420 4.3343014701235
421 4.667580405414048
422 6.294911545760467
423 4.862785139309886
424 4.970042843273993
425 4.552653400810248
426 4.538424620833873
427 4.5451327551967555
428 4.862925582610045
429 5.629582375141745
430 5.246033346008511
431 3.6149555115466034
432 4.569321131602638
433 4.518382184669436
434 4.424140870502166
435 4.195060987383681
436 5.889694486123132
437 4.153998832544486
438 4.295693736552181
439 4.321589610323064
440 4.646401243556098
441 5.363925393759854
442 4.272938346075981
443 4.760142400913093
444 4.63549335974012
445 4.6797561098153935
446 4.5533304880938665
447 6.641655966279558
448 5.116642078877959
449 6.247313532581318
450 6.290367964062996
451 4.534259982316445
452 6.917436176424658
453 6.18092809705013
454 7.1348444626196885
455 8.07560391171168
456 6.6679280793250895
457 6.763981151613442
458 4.605742223728285
459 6.628922610900456
460 6.963680130309672
461 4.865781866686607
462 7.037278192416468
463 4.629690321285137
464 4.704216244447836
465 6.967639497124599
466 4.408597836311095
467 4.4229452070287865
468 4.508352055853076
469 4.226448500572414
470 3.8474490655685445
471 4.044666726701824
472 4.326899118963264
473 4.835280419934147
474 4.053402230679057
475 4.566146993669415
476 4.131963369283517
477 4.371885091868256
478 4.2245227028670564
479 4.560710955194579
480 4.302743549662021
481 5.061224909729838
482 4.709314207140525
483 4.68774759366015
484 4.399105632908982
485 4.499868928867832
486 4.474877802649887
487 4.5772160908480775
488 4.620604382878041
489 5.100933662306324
490 4.66903569696062
491 5.3038537839004
492 4.388841053268246
493 4.361869452384535
494 4.199775351916314
495 4.3079695403309985
496 4.089332602637401
497 4.042252992753578
498 3.7869923927767855
499 4.5486509185315604
