0 4.098530982788596
1 3.9153067096887826
2 5.937068212137874
3 4.433574365334584
4 4.805240296137162
5 4.380227518530779
6 4.202884425528781
7 4.876455095202435
8 3.99989227988189
9 4.417841340936745
10 4.351868102808774
11 9.397059209817316
12 4.602718960448077
13 4.663684818776207
14 5.604665434140224
15 6.689014858777373
16 7.752364444452891
17 4.359858109092648
18 4.572175354021019
19 4.090640229239159
20 4.400506774081697
21 4.486179864685263
22 4.375009727381826
23 5.126405279103607
24 4.29143117315721
25 4.393972018802415
26 4.590156432900063
27 4.575380660596366
28 8.891511534347197
29 8.50544186242132
30 4.239734972718278
31 4.25106845413056
32 4.339221591312272
33 4.109322118303239
34 4.542577962951208
35 4.593569338329266
36 4.369385122765155
37 4.473888737476689
38 4.538216334588934
39 5.814527602254019
40 4.5005986531392965
41 4.27110417070605
42 4.980155302873935
43 4.581199320216736
44 4.795080341396857
45 4.429423305338804
46 4.060485069591459
47 4.377727710375721
48 3.8970536610314572
49 4.450309641705279
50 4.271269387711056
51 4.979101897263135
52 4.452446590012713
53 4.153035791574103
54 4.155366707111057
55 4.222613009472789
56 4.395834369228654
57 4.590248121925811
58 4.655754559396991
59 4.080299160503495
60 4.321456854644772
61 4.414310386139657
62 4.542224114915661
63 4.561713797993183
64 4.270157101729505
65 4.263280414408007
66 4.426515758711658
67 4.029389223225539
68 4.326109177442299
69 4.510076436754741
70 4.411816187666688
71 4.420135264218373
72 4.404911161470473
73 4.506045057526147
74 4.266814517253297
75 4.744455282872369
76 4.375216354982948
77 4.181382390907359
78 4.105470076493893
79 4.823306441223504
80 4.174908046781779
81 4.446604246625152
82 4.537927085001526
83 4.653227130802619
84 4.433815805855855
85 4.327893676141279
86 4.562569242905143
87 4.678097782529062
88 4.338944057246555
89 4.480515573368929
90 4.468653809083369
91 4.51760549759019
92 4.328634089188072
93 4.615807709937545
94 4.636334479148855
95 4.170677169214101
96 4.042084078265185
97 4.531310558194831
98 4.26131200121519
99 4.517879786591517
100 4.067953966287108
101 4.33661564117575
102 4.519307571672421
103 4.613251099545434
104 5.251782913094167
105 4.388688886773607
106 4.262430213794143
107 4.643108917088304
108 4.218011331660276
109 4.695406046095366
110 4.58267359999307
111 4.365062671390393
112 4.219404372836827
113 4.553971869493558
114 4.3993898085520815
115 4.654121832895282
116 4.451109481994029
117 4.165089294575134
118 4.247700115341381
119 4.690802445998831
120 4.6560129023915335
121 4.5672683595018215
122 4.129024799018505
123 4.277630103359312
124 4.253027166299194
125 4.356413899616706
126 4.250448348305096
127 4.231994307710238
128 4.05503331623795
129 4.7926664222120525
130 4.754637288710187
131 4.75603344044062
132 4.067673623008038
133 4.64649903771084
134 4.210333852204398
135 4.384565408689008
136 4.461827265140506
137 4.222013948777939
138 4.141713533412422
139 4.531403343318575
140 4.543318550027465
141 3.866177887005354
142 4.902279477498229
143 3.46132798320662
144 4.166070542570712
145 4.5002236559707836
146 4.590154285788619
147 4.290629528693641
148 4.483865775465634
149 3.996727534398682
150 4.269370402122617
151 4.080009494996773
152 4.605308470669842
153 4.374314119373352
154 4.153346049636406
155 4.487064373616285
156 4.319407146880543
157 4.436875314464116
158 4.5179281550089305
159 4.498799578798464
160 4.300480409862262
161 4.269822748026261
162 4.655047378665397
163 4.236960034796373
164 4.296743815070735
165 4.2235887594734525
166 4.209664338343504
167 4.440996396109401
168 4.347301683498562
169 4.4649313153868055
170 4.319383278989288
171 4.230543812453464
172 4.565593884222906
173 4.100543107331032
174 4.583145404123486
175 4.670000007270413
176 4.28826527402697
177 4.4562219167977295
178 4.244372027192944
179 4.215032924255314
180 4.355780816243446
181 4.271277837945004
182 4.316896583954362
183 4.721284491509926
184 4.378859823787858
185 4.466225967292418
186 4.325595479734025
187 4.231949383741223
188 4.342540597842005
189 4.688631679824447
190 3.9536101825545757
191 4.3834678589574985
192 4.350662930536652
193 4.503479718753405
194 4.258936621983894
195 4.36806896163903
196 4.096315217013939
197 4.453940021008153
198 4.604541686553637
199 4.679946138563698
200 4.266474599745017
201 4.523108170997266
202 3.7147121674792443
203 4.487623442890858
204 4.361086610222791
205 4.7120000905855015
206 4.256830221630885
207 4.206165081978572
208 4.298654718540558
209 4.316373983616401
210 4.350052016961393
211 4.017447417062547
212 9.39557275936344
213 4.2281267598819205
214 6.5758780279213545
215 10.006149070126943
216 9.20881147707671
217 9.441463247202442
218 7.942412262704359
219 4.085346058242455
220 4.384330071259992
221 4.318562119118387
222 4.485848700336064
223 4.851259070043637
224 4.659014610523726
225 4.5652800926164145
226 4.348916575057779
227 5.763033646821641
228 4.292031345639466
229 4.190151257544551
230 4.129621957962231
231 4.3389672896098475
232 4.768074849979113
233 3.955722646798542
234 4.510366260473987
235 4.38179220339407
236 4.565945532868184
237 4.133585311842537
238 4.238016596028961
239 4.331216190488493
240 4.389045169813273
241 4.584509130347055
242 4.596705265525291
243 4.318704498536147
244 4.404491850892588
245 3.6755788564978706
246 4.519973888000231
247 4.235202261975476
248 4.300302755517083
249 4.638563964204817
250 4.293670506685643
251 4.558833030277673
252 4.554244418005863
253 4.20590988311437
254 4.511732905815868
255 4.394915271880411
256 4.393597041883351
257 4.304587711690453
258 3.741264208358053
259 5.789724276766357
260 4.417403993715291
261 4.361873183959139
262 4.664497219647659
263 4.444667556063728
264 4.867957976661993
265 4.47159651946063
266 4.212027399206425
267 4.3265779459078075
268 4.2852430641509285
269 4.3481834425227825
270 4.547618217130616
271 4.912939677734619
272 4.477543239303614
273 4.398338038431851
274 4.24443132695107
275 4.287973300341327
276 4.23210755028229
277 4.395305844899402
278 4.246649026787651
279 4.315031081286979
280 4.429537130314048
281 4.331738059702612
282 4.246959576247381
283 4.3900677097183305
284 4.563865936380425
285 4.328847991237398
286 4.2466737037494315
287 4.048809222723963
288 4.14284543261077
289 4.337676845134977
290 4.4727161423418025
291 4.647989827595013
292 4.5582849276985105
293 4.361064919855956
294 4.469364876475332
295 4.582158847713435
296 4.178411588944735
297 4.388732923219304
298 4.55953115068332
299 4.249671412902423
300 4.516466259981379
301 4.398924802738038
302 4.2405691006387904
303 4.468982641451882
304 4.499401945036598
305 3.683407704309361
306 4.336335212565052
307 4.378975745417042
308 3.841404557399102
309 4.502608351959473
310 4.5903928434369785
311 4.3285497715817725
312 4.354476894910145
313 4.233045004436551
314 4.259507090311476
315 4.418054822671146
316 4.228273412638138
317 4.634511061434919
318 4.99826968596179
319 4.477715964574879
320 4.2076749261060895
321 4.711216568630201
322 4.91182010612781
323 4.193555116192866
324 4.525416339957879
325 4.351304796181225
326 4.297602501101993
327 4.206595334745466
328 4.216681536693475
329 4.350554186929927
330 4.265857882659311
331 4.424084198654075
332 4.604845756380538
333 4.254565558286139
334 4.3291070031045455
335 4.529510800719661
336 4.182560356607119
337 4.395717402451877
338 4.392661619949277
339 4.430240206799557
340 4.527912493819891
341 4.2848214550161625
342 4.456979097270779
343 4.624526105860619
344 4.09952494759276
345 4.300668558702911
346 4.23982847752399
347 4.973732459204873
348 4.6726051602699625
349 4.626004525586162
350 4.748761121714614
351 4.471279822518645
352 3.609620214567483
353 4.356773274050663
354 3.9667755104494424
355 3.865521106999385
356 4.057396413318786
357 5.908166006034826
358 4.575084815916297
359 7.931675283997384
360 9.26627852489189
361 9.091137037824598
362 10.547778057509918
363 10.159528813704867
364 6.82690706267052
365 9.471276250142902
366 10.66422321286531
367 10.407051988622356
368 9.607263141062905
369 9.36777463395636
370 11.285202443285794
371 11.43157225716598
372 8.890164449013934
373 6.939032910931834
374 6.049464347984928
375 7.586152370740589
376 8.06817108823931
377 6.80061203032223
378 8.528855422139484
379 7.254480002276579
380 8.188676629642737
381 10.099703794767038
382 9.713423971643424
383 11.650192669934093
384 9.574883753766603
385 10.462980148825487
386 4.105154123438282
387 4.04739987613337
388 4.121801140442216
389 4.3553258135468
390 4.4752387695217175
391 7.078277158173804
392 4.8829643508927205
393 4.630104484483066
394 4.5052497363459425
395 5.587095123394832
396 4.8254368519277335
397 4.658867214212754
398 4.216896847075212
399 4.432116952023993
400 4.256918374013822
401 4.448663794856038
402 4.567260266394898
403 4.288728456021157
404 5.296531675978514
405 4.453675110446383
406 4.284956247909153
407 4.548680347140528
408 4.673459142272265
409 3.975255232031842
410 4.243737343317655
411 4.418188809790284
412 4.101271096910372
413 4.221698787373035
414 4.827129227419645
415 4.76551110294451
416 4.233407467395495
417 4.3842957283449735
418 4.516426022167062
419 6.382602240380418
420 7.656249376594466
421 4.9832299379947225
422 4.372499958293888
423 4.1295131741845585
424 4.167699353649036
425 3.9073039412327586
426 4.75350159883
427 6.421219907048649
428 4.577228635288683
429 4.740160837680302
430 4.610449010236106
431 8.353901467330287
432 6.34876470613199
433 7.85430115003547
434 7.25078322727512
435 7.122724677324425
436 7.780682946208089
437 7.27397098521008
438 6.83457101442551
439 7.529607865089843
440 7.947439522628648
441 8.350624766827764
442 6.204736809980268
443 6.225080192726794
444 4.492331450685834
445 6.431926164509055
446 4.6123332259819385
447 4.45520941735274
448 6.238071928589947
449 3.55009020762094
450 3.8687487764487973
451 4.583492114971257
452 4.420934562133943
453 4.415539753194972
454 4.156184571972058
455 3.9107381552683216
456 4.681531152872283
457 4.171089267550688
458 4.437665355096849
459 3.9405753526221754
460 4.403155545188257
461 4.412542320829886
462 4.438546207772224
463 4.27593210664005
464 4.317012225813256
465 4.302142365004054
466 4.2463049236382
467 4.317902841679775
468 4.63767925693053
469 4.5553058106960265
470 3.8292195674659117
471 3.472264866331374
472 4.41328947057607
473 4.420104875603986
474 3.8172410894773607
475 4.385297194016589
476 3.9212650973990284
477 3.5022659049722
478 3.775853141431624
479 4.221928439440384
480 4.488930948326661
481 4.078201565652606
482 4.096396857109043
483 4.236142213927117
484 4.35053825904229
485 4.529462909197707
486 4.468785818979068
487 6.960208303849193
488 3.630159687192458
489 4.122465700560685
490 4.554599311799117
491 4.32756384114205
492 4.472947677597981
493 4.373430783969212
494 4.069448038422854
495 4.420906970538104
496 4.127379225409304
497 4.538248588496044
498 4.205201284451246
499 3.9653109724027127
