0 6.674432081509343
1 6.425036849537243
2 7.258209484707429
3 5.711738830477704
4 8.11924553959268
5 5.32770832392554
6 6.3286022451534665
7 6.787178688106241
8 8.157083909059608
9 7.042922630828082
10 7.412543206789867
11 7.307659749545296
12 6.604165381234091
13 8.230746102198951
14 10.282582325894204
15 10.665325995787143
16 11.843372676733345
17 9.873798475720804
18 10.030165235580862
19 9.75340408223279
20 9.643296069748628
21 6.734338541129105
22 8.841352054834081
23 11.797593119581633
24 9.592042966331267
25 10.474975224656099
26 10.938637618677381
27 11.447297831009683
28 9.660043753900855
29 9.416395936515492
30 9.006396461207059
31 7.698924265353198
32 7.269678485891835
33 7.478431157036774
34 6.554015110642816
35 10.077524651411032
36 10.92598749471833
37 10.070869673570428
38 10.44514579083203
39 9.45540707401479
40 10.869502488875005
41 10.614272022177499
42 10.924875478918851
43 9.727990702203947
44 10.158897683278301
45 9.25964390344504
46 9.775055469117149
47 8.935127544242906
48 9.12228613447709
49 9.746803777019133
50 9.47942015572637
51 10.107293332579948
52 7.1215305686980415
53 7.941716718456024
54 8.513996878510381
55 10.11309095628919
56 10.012950840856108
57 11.751174276145651
58 12.49295997710666
59 11.077981471279863
60 7.556506217389104
61 8.143854071836335
62 6.405516591026858
63 9.096961126705175
64 10.941041578106846
65 8.410731178196915
66 8.54693989750203
67 8.783059941657305
68 5.493893888011622
69 6.151275739569213
70 6.178426916982758
71 8.137352303567047
72 7.678861537090885
73 7.472481792024734
74 6.140192815050132
75 6.179254614195153
76 8.39478204569942
77 7.296286207766534
78 8.061987872573901
79 8.15289790503793
80 6.8061113703587255
81 7.601217332915006
82 7.623242438885615
83 8.53811651437499
84 6.940558752186868
85 6.679020254535358
86 7.576875453741
87 9.695548671948453
88 8.446195627789056
89 11.561133797231586
90 10.03709844672765
91 8.612862828171224
92 9.300082866710548
93 7.098316073386015
94 6.193395447349087
95 8.301168213296995
96 7.929216552751657
97 5.980469533318044
98 9.464888815737652
99 8.071434337866226
100 7.747515175185972
101 7.497098147496154
102 7.617555521041561
103 6.374027571558111
104 7.243610517300313
105 6.691563170160911
106 7.666294291491902
107 5.166672481253677
108 8.38372630824199
109 7.196674808063547
110 6.50816607249937
111 6.573858290047268
112 7.06470442827167
113 5.9267517841183395
114 5.331467831698543
115 6.774291880706718
116 5.88353871578148
117 6.7041281268307955
118 6.141995920407979
119 6.491663098643489
120 6.6501412746288935
121 6.096548888128359
122 6.517393634106452
123 7.04051987981459
124 6.244836361907991
125 6.602383611170523
126 6.574380926510442
127 7.515653059912017
128 7.301604356892151
129 6.702803189127548
130 5.306804390094336
131 7.404433415331685
132 8.851801148222185
133 8.619026338914352
134 10.001471099426546
135 9.82437182883252
136 9.844399042162808
137 8.535963732827188
138 5.8434878850267244
139 7.232037431837928
140 9.085077438154219
141 3.722596901924248
142 6.036817534469851
143 7.433776771389778
144 7.391207137994552
145 8.299350581135553
146 7.361781579958091
147 8.742043034419037
148 5.9966080944529505
149 7.621959938504079
150 6.404219246283906
151 6.905998360162367
152 6.845266313624216
153 6.06235303772302
154 4.256293373423356
155 7.6349854076376005
156 7.225720258298663
157 8.574520186173006
158 8.166779124413521
159 7.337319114035403
160 5.777716833530076
161 7.767527701710511
162 7.837133128388451
163 9.41550746230546
164 5.530898653951038
165 5.207519077565008
166 7.794055205216531
167 6.767901462880544
168 6.453337724637643
169 7.226324215208682
170 6.182358398818844
171 6.9118174357232425
172 6.005237990364994
173 7.318355180409054
174 6.429045984195846
175 5.709220607563162
176 6.14187611973385
177 6.346361893179874
178 6.3656072414553035
179 6.313170946223803
180 6.2095868348049414
181 6.651450904731857
182 6.950900624523491
183 6.997456973962973
184 6.919474127626279
185 7.34964712963149
186 7.0022944368314874
187 6.532309451498896
188 6.552591015490118
189 5.8870113386406935
190 6.627666155793442
191 6.5631813639247065
192 6.093056135434075
193 7.2269372643993925
194 6.032456828058796
195 6.235206969373609
196 6.326200566003407
197 6.056970073625516
198 6.753163539541233
199 6.73077586827422
200 4.975319940122885
201 6.561415500369982
202 7.125354681293971
203 7.105957745881428
204 6.440542281404233
205 6.7663919880825105
206 5.394341646060227
207 7.036962312736003
208 7.290086555610328
209 5.527362822676607
210 5.862171725667003
211 6.815059832806651
212 6.905107058400317
213 6.913124294367136
214 6.881002950528282
215 6.705540209644223
216 6.9355868354008114
217 5.921238460227604
218 6.420615426310561
219 5.828573239729998
220 7.0869330971656685
221 6.353401916980065
222 6.2658069048600336
223 6.660374114130648
224 6.495566956144581
225 6.550296587315373
226 7.629632165318228
227 6.569610559647067
228 8.36513336529286
229 7.328878552245084
230 8.8953996561663
231 7.399601718171002
232 8.286774553081246
233 7.582648694062495
234 8.341845906903517
235 7.57619258253799
236 7.857487171507655
237 6.662223907725111
238 7.0209323923529325
239 7.451861554793394
240 6.980015180314422
241 7.422536009278038
242 6.128902682424565
243 5.650159454992106
244 9.023856268840827
245 7.4679440785579025
246 8.106947821033174
247 6.48863574873905
248 6.14414556891955
249 3.6746467435373935
250 5.648291330956083
251 4.452372060830498
252 3.8438962576416644
253 3.1521135192062157
254 3.918953251585593
255 6.700656453640516
256 5.844319345414049
257 2.981688822838026
258 3.198893128289355
259 2.722084187163698
260 2.908572866878447
261 3.2945078575248847
262 2.75848999908476
263 3.26847530031333
264 5.405085797225899
265 5.280203929103601
266 5.647508873263286
267 5.500975785992534
268 5.280410112641045
269 4.806827304321299
270 3.4514319531440254
271 5.683797592003784
272 5.053303712818686
273 4.889453136897926
274 4.023020630836986
275 3.6393837510604716
276 5.481221673046012
277 3.337837103243167
278 4.503016949092564
279 4.480462455761776
280 2.978858372860186
281 2.9762493616930255
282 3.4272300054380183
283 3.1310652722660715
284 5.70100181990409
285 3.660824983070388
286 4.632441125300758
287 6.508937287346649
288 4.595932384641178
289 7.904928409231597
290 6.916841861480981
291 4.6184385500303415
292 2.9928165280078955
293 7.012506056273618
294 7.418085329209917
295 6.215950371125033
296 7.83849659491199
297 7.385293811901608
298 6.522579346971562
299 7.86596227162827
300 9.56965428511761
301 7.037371193015569
302 6.5084320977965335
303 6.965107325078216
304 6.535977988752708
305 5.962555438532605
306 8.43077172907966
307 5.988223220196766
308 5.470062303195001
309 9.048247680372459
310 7.982600139392965
311 7.959341288612971
312 8.22611781331809
313 8.65688632030611
314 4.822693495636542
315 5.113419703852436
316 7.068543260626412
317 8.185918686908659
318 7.0641785780717825
319 5.881435113533624
320 7.372714984475021
321 6.6055184712867305
322 8.324168478473817
323 6.77507263440997
324 7.741641045216145
325 6.518158720986377
326 8.128528485759498
327 7.910036648341142
328 7.440730777285203
329 8.51375477509905
330 8.387244365957796
331 7.7323173852204805
332 5.882170270980114
333 8.02874300349068
334 7.993220429391923
335 8.77738860420993
336 6.247349294413966
337 5.987747321219664
338 6.899902907186558
339 6.654595699912312
340 7.373026771831693
341 7.73579197821065
342 7.325247027047185
343 7.0104227886009856
344 4.152107150112077
345 7.0412311366547
346 6.875033604837358
347 8.982784295780336
348 6.9226824622178285
349 8.58748603671984
350 8.000772186157283
351 6.918902915620977
352 7.305224470683361
353 7.932019856010873
354 8.476661664501808
355 7.032340848870857
356 10.334504478654257
357 9.59197818266727
358 10.425791746712058
359 7.73406232840118
360 9.07173039142608
361 6.299738020669744
362 7.291737881553794
363 8.051003716164384
364 7.913084996200793
365 6.903635718159217
366 7.287056466932624
367 5.5681833092664625
368 5.959508315173387
369 5.644670838277953
370 6.128259114205577
371 5.9005613688632685
372 4.7241452321885085
373 6.520684336242446
374 7.190464181085004
375 6.816700618295189
376 7.578889699058561
377 4.939969166027118
378 4.51473954516781
379 5.107030720074101
380 5.384877663468653
381 5.6409607944083895
382 4.484744293856657
383 4.429941446397515
384 5.677020563100274
385 5.745992641453617
386 5.603348400197519
387 3.942651099194876
388 5.437420743719181
389 4.1487950497675
390 3.9560671876061244
391 6.097241119627635
392 4.801472534593838
393 7.751509501089101
394 4.847476514518018
395 6.500407865917426
396 4.81858615575208
397 4.3915232594103415
398 3.857340672057306
399 5.18317157460667
400 4.746924070814539
401 4.484772575698024
402 4.837820667843042
403 4.608191529839244
404 4.065792035850518
405 4.965591171261455
406 4.854191688538664
407 5.057272826121719
408 4.520448688049634
409 5.3048228678013984
410 5.670753699449036
411 4.926165147687104
412 4.495719450563827
413 5.6198601519667335
414 6.527823877192879
415 4.2544701349387966
416 4.845585342926342
417 5.282696263567194
418 6.025997260148853
419 5.035270281357386
420 4.903858349738205
421 5.436481201675581
422 6.5334845441864955
423 5.513257396459092
424 5.905056436569223
425 6.373405879755019
426 5.947679992981824
427 4.569362693278662
428 5.660410113011588
429 4.48350885228833
430 5.895880681348435
431 5.336728963167419
432 4.358463068774775
433 5.326159576716773
434 5.516371290594824
435 3.575242476278247
436 5.647475161911492
437 3.970167471644859
438 8.720170667641634
439 6.978023663009736
440 6.421738824913134
441 4.633664790303795
442 4.915115536547495
443 5.837924556741743
444 6.308992869823133
445 5.766827268333972
446 7.000072879804275
447 6.659610437655801
448 5.619238642182517
449 5.718408948894339
450 7.44291331420797
451 7.500466177854372
452 7.519525753441072
453 11.85381820586489
454 11.13294631066068
455 8.008908493469127
456 8.4445202748096
457 7.706475473015835
458 8.161355545978621
459 7.799378408856544
460 7.610554703853324
461 6.923488547248459
462 7.456053443756046
463 7.901098180696196
464 6.371307889793715
465 7.830607171111417
466 4.490386921107096
467 4.941654075858748
468 6.509224476108357
469 4.454116286494545
470 4.727227897695451
471 3.365320140437832
472 5.7505637651137596
473 6.794679352041796
474 6.259950790617836
475 6.976152297465566
476 6.032795674129678
477 5.996850409072848
478 5.525690895898437
479 6.086593362273227
480 3.6344215475678947
481 7.250396387798269
482 6.224742028825407
483 6.008913105981732
484 5.111622425222953
485 6.666169509716516
486 4.4560467463174955
487 6.253797580540403
488 5.6633276923409
489 6.148312168609745
490 6.356737075680316
491 6.44578819974419
492 5.509150109970011
493 4.697757825594813
494 4.953630658509755
495 4.169223193659862
496 3.709622488282268
497 6.351087885470644
498 4.860316397184106
499 6.2281923485676725
