0 8.959366751445911
1 7.816099040455447
2 7.582144861109379
3 8.232044818266933
4 8.569852458421048
5 6.490130483811598
6 6.843897702852944
7 6.487914466666423
8 7.618047269249056
9 7.093805384845221
10 5.879670865651341
11 6.2657104191825574
12 8.576120388745986
13 7.401286950888271
14 9.12531838735141
15 9.606372018069543
16 8.42775399411735
17 8.165708502475999
18 9.250209684368972
19 8.354294033954702
20 7.437057746818538
21 7.249153423757923
22 10.566993491368981
23 8.526998778640065
24 8.28874337718243
25 9.076607431432853
26 7.379703696876685
27 9.41091131832499
28 6.007728525107355
29 7.708064093710166
30 10.992854548995844
31 11.579284085167838
32 8.430337888990413
33 10.566452158817553
34 12.175454288755452
35 10.786634952686098
36 10.250684385632054
37 11.533028873266245
38 10.823150400466739
39 9.678546179167272
40 11.31459968772205
41 8.843183012967392
42 12.16249298009696
43 9.057010255489597
44 8.259876137474023
45 6.924573323772559
46 8.243400363426684
47 8.191311334221197
48 9.86018805256932
49 10.03988217283296
50 6.656723167353897
51 11.203187073096293
52 9.625149020967301
53 10.904000363680991
54 10.0821423414293
55 8.63027480844281
56 9.042479993211371
57 10.919837421285518
58 10.498194845924836
59 9.07968626725658
60 10.931078614736494
61 9.150403699498744
62 9.632128928365635
63 7.236229413268779
64 8.585153028254178
65 9.006532931433307
66 8.876233222002531
67 9.637725408529025
68 8.60729103953778
69 10.51830749003794
70 9.627593907677594
71 9.27117110907596
72 11.651121666238575
73 10.291374683114032
74 11.466220634012725
75 12.646485558427198
76 10.944739170313703
77 10.26273997082437
78 12.979598516070503
79 10.39883374303625
80 14.890145487318131
81 13.199800458483088
82 14.436527585650888
83 12.262741840765909
84 12.196672506958842
85 10.12735455391046
86 13.50685028430733
87 12.997257553982164
88 12.025937307293356
89 9.65239969145605
90 10.933089409658967
91 13.430942870918894
92 13.821640156798596
93 10.397529087110593
94 11.474546087598483
95 11.371871948155253
96 8.991220491821808
97 9.288058165950916
98 10.276241621139961
99 7.859946931684632
100 6.570287020039406
101 7.103436412553873
102 8.971377355058406
103 8.439626311104114
104 11.399421767609537
105 6.421999210658356
106 6.549148555594558
107 8.594618149397872
108 8.17685462382438
109 8.341494073494937
110 8.189667541753959
111 6.5608714429962065
112 7.219258084723201
113 9.165040803513214
114 7.79966732456799
115 8.77139247589985
116 9.032686603572998
117 8.070113954684524
118 9.637728137875424
119 8.3164948198902
120 10.11938627869838
121 8.996218310961877
122 10.030709491412267
123 7.103399530345942
124 9.315534835684035
125 10.014677403935604
126 11.322958619972423
127 8.859736468674736
128 9.684391360989816
129 9.990361751986915
130 8.786457130812565
131 9.842809655932239
132 10.039827173714555
133 11.140261084178098
134 9.272032553863347
135 9.232892614687152
136 10.042995052199272
137 9.736733993320115
138 8.08257155393543
139 9.720832518529237
140 10.30191168319975
141 8.766970999247778
142 8.722189600924873
143 10.092267449640817
144 9.327575775141023
145 7.639914475169894
146 10.418807821056227
147 10.043377688979207
148 9.17480881881409
149 8.44083783243028
150 10.129153811743812
151 8.122749578762887
152 10.584230591291966
153 10.6380820797054
154 11.026962611304741
155 12.93602997105459
156 10.8650252111586
157 12.396942417823158
158 11.137614347266085
159 8.695262013538054
160 8.425412861503943
161 8.940470317934379
162 11.504758444663581
163 11.64628106488704
164 10.639117256725786
165 10.326311861768794
166 9.04267876781299
167 10.892578094514727
168 9.150215344229471
169 10.96116561393205
170 9.08463194364957
171 10.570228837825976
172 8.90379323226636
173 7.563010285993822
174 13.61826980808041
175 12.583656298735429
176 12.942600301597816
177 11.927874404713975
178 12.72549587976162
179 12.432888431448948
180 13.088204501093315
181 13.026338065558797
182 12.605691018122473
183 9.32551245697034
184 10.693406447572332
185 10.897913674726796
186 11.80780570989484
187 13.921182095752304
188 13.633942782230159
189 14.166374726984362
190 11.754766085767354
191 13.329599733150205
192 11.455394734368408
193 11.64411862006174
194 11.176469086984314
195 9.107130272805616
196 11.148795016377239
197 10.974790865289208
198 11.5666395791803
199 10.955484094928487
200 11.069626308748221
201 12.577183780497629
202 10.275224816353095
203 12.294591797983825
204 9.785582066590885
205 8.893910448557262
206 14.093106077239385
207 9.629385118753305
208 11.052732538806671
209 11.822738688755473
210 13.94070827484933
211 7.6707637967935405
212 9.672858801081839
213 11.69479273976486
214 13.720909218492974
215 7.6403825878257
216 8.071110354082563
217 4.809515077872796
218 3.6577198464916845
219 8.939156460264439
220 8.197551667359072
221 10.143273565910825
222 11.749485288042926
223 13.101112770845264
224 12.067168770186914
225 12.991436625230241
226 11.71297833955412
227 11.780090043863042
228 13.668656411919878
229 10.656584000978127
230 13.043660830702231
231 12.47733749729396
232 13.239393057417795
233 14.613591978549241
234 11.82687975413908
235 14.430912452182492
236 11.317372109455647
237 13.823191100171929
238 12.729145224769823
239 10.89519405426839
240 11.961619692372885
241 11.025051297891626
242 10.849532678066053
243 12.130060488204277
244 9.904560661877747
245 9.403325779193679
246 11.03544451841994
247 11.640585119963243
248 9.361394348650204
249 7.238443685278001
250 7.645386737773305
251 9.065471742369416
252 11.19157730459908
253 11.993520530076582
254 12.764880738909582
255 10.722190987798959
256 11.013578359600066
257 11.936627414622734
258 10.682480677444946
259 11.717237850589504
260 11.480579946064815
261 12.343868080349997
262 11.224673478815356
263 10.851302439399182
264 10.923627821605958
265 12.133226659097817
266 11.889513296212948
267 11.639845926111947
268 12.543604950304905
269 12.256279964678782
270 13.110811235377573
271 11.588827494266212
272 11.3129242392968
273 10.89744274817716
274 13.608712832105704
275 11.336068695765952
276 11.791541016057726
277 10.737075696697083
278 11.84025237235849
279 13.461754692669567
280 9.52157036345416
281 8.602001904406523
282 10.51175062856913
283 12.223818368110061
284 12.23649719022957
285 12.093069750175504
286 10.079637837345052
287 9.525070269848232
288 8.284608855871209
289 9.588297097583247
290 10.688339493603221
291 11.397135931490737
292 11.612073848222659
293 12.498009943344963
294 13.032939447566074
295 9.461726103817046
296 6.433296805738124
297 10.32547311843937
298 11.657814897921423
299 12.230300950828092
300 11.349159914500099
301 9.37822176616069
302 11.956812678853654
303 11.532440017027584
304 12.936912578739483
305 12.542309109846913
306 8.269690317136313
307 9.78043281615297
308 10.533164385715422
309 10.327248218575708
310 9.856270393115082
311 10.703635605882747
312 11.437123145718925
313 9.927727592766358
314 10.499339709206287
315 12.377938143203869
316 9.353861052177932
317 12.48720161957041
318 14.145237175125594
319 10.274340996060651
320 10.51095448474472
321 10.234716982223615
322 12.902898240421736
323 12.207789412031735
324 11.320371960272539
325 10.370313275605591
326 10.314783555118444
327 13.001097648102697
328 10.470878226885983
329 10.047081535066305
330 11.192272288888892
331 10.649887406851567
332 11.51509389115463
333 8.435759605452391
334 7.6909149543401565
335 12.489738941493071
336 10.746935748137982
337 10.86362988323677
338 13.430540942399277
339 9.182833092716665
340 11.578940963808106
341 9.647735350948826
342 8.146506647998844
343 9.803764676635947
344 8.503258458689595
345 9.84186694455891
346 8.47434114447866
347 5.949393591150829
348 6.221894169205829
349 12.042150501001348
350 12.247269705160702
351 11.55445843931943
352 11.519880078933413
353 14.187107263217715
354 12.99373049276872
355 11.31851176872711
356 12.062132565026289
357 8.586967267958228
358 9.331351678892483
359 10.580248342050682
360 10.529656022551903
361 9.877461577163219
362 12.005330817715706
363 12.37144851547736
364 9.90444977009838
365 3.3844579215170723
366 7.377536972092943
367 6.5119103667368075
368 8.863662397260553
369 12.165545462729298
370 10.503253376313035
371 12.368284600045746
372 10.430991538330503
373 11.517989867687286
374 12.155042922236312
375 10.940807391348278
376 11.504285760647603
377 11.999330525247682
378 13.083364708975827
379 13.338235263076676
380 14.008889633146433
381 11.582381345795644
382 8.963513044746929
383 9.820448979028729
384 9.768514466253885
385 14.313277229936977
386 13.004519885459562
387 12.086554366854045
388 9.709331541914928
389 10.6840683919317
390 12.472068621155563
391 9.969370197481789
392 11.372064111837542
393 9.0701593272834
394 10.717578301324425
395 3.6176873003358723
396 4.035945719577952
397 4.24024828145939
398 3.7097250874114036
399 3.406304752035213
400 3.4261218930489776
401 5.494472919930276
402 3.3853709450450467
403 3.584970683040031
404 3.464372143716738
405 6.102937501447179
406 6.886421777428965
407 3.506210070758452
408 3.7766123840931742
409 2.759693913219373
410 3.9470713893314713
411 2.7326065206137087
412 5.5401674223518524
413 5.316660705655329
414 6.001893676069687
415 5.698504484050555
416 8.328179567244613
417 10.317907607597862
418 11.046324157521886
419 11.575230005714731
420 9.642005443308873
421 8.654856739264355
422 6.899949219338289
423 5.114010101281616
424 9.274463120779824
425 10.901471413411711
426 10.155900118866503
427 10.124552254206606
428 3.2207913135964343
429 5.756670366012062
430 5.732771850831196
431 3.556663739831316
432 3.7492424190003684
433 5.850223574920666
434 7.498580182191086
435 7.084254338089713
436 8.173763641299407
437 9.847984998831167
438 10.192294565065167
439 9.44585580037456
440 9.329919991803795
441 8.08154217840974
442 8.916111414405398
443 8.425918846828216
444 10.044394849122302
445 7.606592174063284
446 10.061433875730469
447 10.216293346700391
448 9.688672066293776
449 10.341304474282396
450 9.820907884826404
451 8.932653802239361
452 8.609783305878793
453 9.557175078704827
454 9.134608222745904
455 7.658608049982306
456 8.400301428164331
457 6.95367661887129
458 9.06825808995036
459 7.830491010837754
460 6.338154284347543
461 7.600713375035421
462 3.590997827273242
463 6.517532954431814
464 6.441717599896362
465 6.00787824517215
466 3.2413662773202505
467 3.621874898645163
468 3.5543833195834256
469 3.615136223731934
470 3.5462671188379407
471 2.7294003023499336
472 10.000548515169438
473 6.243804288622752
474 6.032545626276627
475 6.988214572839518
476 8.827768941153474
477 8.278794313161844
478 7.872203922215129
479 3.682763554117047
480 7.865813298498323
481 6.310030112201792
482 6.668854863449896
483 7.430984253236424
484 6.430735332674114
485 6.508268649087961
486 9.594708021583733
487 9.809055960246434
488 11.281194852579453
489 8.60595528899274
490 11.28099753936649
491 10.320795888037216
492 9.762002095715392
493 8.922029432883164
494 8.151865649844392
495 7.863030982037017
496 7.977487884313452
497 12.796167124396531
498 6.481617769908388
499 10.458005732056002
