0 3.883880462444734
1 4.8662899391663155
2 3.719278529706562
3 3.7663066545831896
4 4.026358066826019
5 3.999088109111227
6 3.674393886184042
7 3.919332131483754
8 4.009443411628628
9 3.6819150742365525
10 3.8908415538760224
11 4.282551676413793
12 3.778203808086905
13 3.490862199173016
14 3.7329740446903665
15 3.846931021220212
16 3.27762189696555
17 3.578100599118048
18 3.8715980982551184
19 4.881552724169807
20 6.474327937864232
21 3.4501291890249415
22 3.8391699972789914
23 5.561354746141845
24 5.383643076206257
25 4.705529300924994
26 4.020945807933762
27 4.124873460756148
28 5.025454515830515
29 3.845785894318028
30 5.248256042314484
31 4.08705488586653
32 5.125210166448701
33 3.639968457753595
34 3.5831525743409864
35 4.418366481293514
36 5.068455842358163
37 3.7271059953309584
38 4.818845492552669
39 4.226906276000896
40 5.076048835310665
41 3.434233635842122
42 4.010676940897797
43 3.9334090407609286
44 3.9619835134566643
45 4.509878571038753
46 3.694442741211866
47 3.4458350310278396
48 5.123550998947279
49 3.6723360297300416
50 3.8993427944744963
51 3.7744936709470176
52 3.9872541490363798
53 4.212886939017532
54 3.7420700644367453
55 4.054720907151939
56 3.6927847196770913
57 3.5529329153010236
58 4.603275924158008
59 3.6681638894102426
60 4.563149674411463
61 4.856413671419059
62 3.3736537735884204
63 5.409455866111069
64 5.120076060051934
65 3.3744115680589157
66 3.751503759594689
67 3.9672938149151333
68 3.744209008374376
69 4.133239105409646
70 3.9494837315750106
71 3.784827114206557
72 4.048198432628968
73 4.256992943347834
74 3.97843093311429
75 5.2822950236713675
76 3.92456323039472
77 3.8146399850798884
78 3.8888082444219667
79 4.2590742654464915
80 3.925252133377744
81 4.068403325504898
82 3.9342976854075316
83 4.227372109183057
84 4.199990670689026
85 5.525363333079913
86 3.3710177988695698
87 4.346488958674241
88 3.7150182712132813
89 3.8077936298015276
90 4.0632959552677645
91 3.519004919630955
92 3.4633401977368536
93 3.365259917448697
94 3.402455555486604
95 3.6975506768168174
96 4.022365540532031
97 3.8819397295445577
98 3.6281063862350402
99 3.9309945213487305
100 4.595968818736748
101 3.778343750582062
102 3.7872522929940455
103 4.301659018802711
104 3.665883012220198
105 3.5604857371098264
106 3.92738553592166
107 5.177226087367042
108 4.01659148275569
109 3.8291813571688538
110 4.748274840803832
111 3.9872357081962986
112 3.199558625836641
113 3.692452333764242
114 4.285002328948946
115 5.100577508202007
116 4.750549808286092
117 5.399680181327732
118 5.7547071034806905
119 4.550654936727285
120 4.296770401356527
121 4.665153987507237
122 3.8980559659326857
123 3.7140509027323336
124 3.80484783709587
125 4.035556462714559
126 3.62778775878631
127 3.7248381199111615
128 3.7691966777882606
129 4.44757934661682
130 3.9551331185143352
131 3.899708676240515
132 3.899575597908811
133 3.9737013872342692
134 3.7707312979698164
135 3.7137910767085334
136 4.214126258836149
137 3.766103689294038
138 4.164059493403153
139 3.728886666896104
140 3.785796254241066
141 3.581292316575825
142 4.000969674311768
143 5.915044844665537
144 3.4527521583719665
145 3.894922831327985
146 3.7938855475552327
147 4.21621791169192
148 3.6765594360189726
149 3.86645227300344
150 3.8142959877459797
151 3.8377416488258542
152 3.6656327878273194
153 3.4278250351570394
154 3.793416230966095
155 4.471098038653314
156 4.707248763433778
157 3.8689685286794515
158 4.429411180409889
159 4.000484556718202
160 3.635925131969712
161 3.648578872247519
162 3.7745876565411978
163 4.558862723973872
164 3.8926174487150553
165 3.9453280590287174
166 3.9811940143895725
167 3.906645435927079
168 3.7800700092543624
169 4.225391081123861
170 3.806265417395826
171 3.7187482007325583
172 3.299283611437992
173 4.802120576274946
174 3.584895479641348
175 3.796136710611898
176 4.508241037661781
177 3.8029469443657833
178 4.087495787280828
179 3.9183069672937902
180 4.998850162169735
181 3.676772955422626
182 3.248144241311507
183 3.74928955917367
184 3.9880316101190276
185 3.732323770572643
186 3.741637093028069
187 3.7472340734880647
188 3.82406183838293
189 3.9900120103320074
190 3.822184872191145
191 4.0504473432473045
192 3.5332261741802236
193 3.864014929584151
194 3.775945205026064
195 3.8085293309707615
196 3.8811669763179273
197 4.235497184448976
198 3.7452843005814405
199 3.423163630762114
200 3.338668222899463
201 3.4293531788213767
202 3.7258074406632185
203 4.278807108217011
204 3.690405190276804
205 3.406910491654712
206 4.680309992813743
207 3.4549757843949234
208 3.808489546345492
209 3.72325324272446
210 4.207479599879335
211 3.776462897938342
212 3.9849834748712567
213 3.752989150991907
214 4.801293242831417
215 3.661713300793973
216 3.56898133529964
217 3.5943044915788738
218 5.0017088310785445
219 3.629666984741078
220 3.712706671689291
221 3.9243786364327105
222 3.6356911896419715
223 4.255217855156939
224 3.811481479848554
225 3.67436333589843
226 3.7373198342763274
227 3.759681491305003
228 3.453690427771858
229 4.697892600485429
230 4.075841933216458
231 4.704214324434435
232 4.076236921278435
233 4.138688002706421
234 3.595778046392802
235 3.7689336804240052
236 3.519137406942589
237 4.25047633475885
238 3.647111573952301
239 3.5672957062912083
240 3.6987015553886513
241 3.748686615185016
242 3.8843331745030323
243 5.803569155155609
244 3.715222143965648
245 3.770609005442416
246 3.817844910323186
247 3.7365532503891212
248 4.157104042883959
249 4.322766573468147
250 4.227379335451754
251 3.7691784178198806
252 4.917360218517719
253 4.6237518752627365
254 5.601777554835513
255 3.828624822918957
256 4.008611238056559
257 3.8862301028205497
258 3.5737360438875228
259 4.365110663260825
260 3.6490492408388833
261 5.393072389037594
262 3.5939604718663007
263 3.8577144171170676
264 3.504965724794923
265 3.8726377804660252
266 3.8330631455166793
267 3.7774804739517975
268 3.795689870892949
269 3.9643759350599734
270 3.8981386780777227
271 3.5391327704172637
272 3.938890479138
273 3.574182937556604
274 3.740293088443009
275 3.7570794419256828
276 3.9434628979492974
277 3.4931539863847108
278 3.799678346661228
279 3.73637003895195
280 3.5996946584397844
281 4.133740280844355
282 3.5791957006168005
283 3.923683788286082
284 3.756102838120939
285 3.7382330560378194
286 3.751455205585823
287 4.208470399149299
288 3.64471008683472
289 3.705526303871613
290 3.602889588544129
291 3.8602817602574455
292 3.7327445110483595
293 3.781008877800911
294 3.9511227271159988
295 3.885610186937017
296 3.5419470579993786
297 3.728650600972492
298 4.256767685604192
299 5.1204308283606235
300 4.624930225593289
301 3.886248897332057
302 4.723727186625993
303 3.4635458548348215
304 3.8214737621684325
305 4.747390846124958
306 3.887870251239229
307 3.75692109560075
308 3.7114478166852116
309 3.845911837654139
310 3.7360042387295027
311 3.765666387350722
312 3.7664514013019947
313 3.8993331193296132
314 3.8536341938572463
315 4.581734847639329
316 3.8064106533437423
317 3.8371457313603683
318 3.924038775192306
319 3.5282344361553806
320 3.915395718740665
321 3.6229779637745927
322 4.03228619917896
323 3.63526217818232
324 4.0603227368121235
325 3.871652134013117
326 3.716377597408963
327 3.7842876229957483
328 3.6115692383004463
329 3.5544246586595474
330 4.0935297218977995
331 4.050684225034804
332 4.18204947789853
333 3.566008520773241
334 3.781068817628824
335 3.5472351903557
336 3.53768514256358
337 3.915703013118392
338 3.6933514965280168
339 4.384322608790036
340 4.1878428444225575
341 3.510212694285833
342 3.585133806997666
343 3.908345014326279
344 3.9069131870332576
345 3.908357488895015
346 3.8699384611172953
347 3.753024732242827
348 4.065578342967496
349 3.3776981584625267
350 3.7510418926474496
351 3.8676397081922826
352 3.796127084182709
353 3.6398705675487553
354 3.70483261215657
355 3.9702991127547107
356 4.022615150117901
357 3.6594666293205442
358 3.9522799787933938
359 3.8203027186372136
360 4.110503601039729
361 3.873576197076349
362 3.43112521186204
363 3.8621992567489603
364 3.6981624260203283
365 3.669785204261882
366 3.911064271402623
367 3.714346063469178
368 3.982309833767861
369 3.593608127888142
370 3.813464436221775
371 3.7575340201981327
372 3.763229638378466
373 3.894300837909556
374 3.8134900876415716
375 3.7107636998563964
376 4.3174101847594555
377 3.7451955968341157
378 3.763249338053342
379 4.1305667054387065
380 3.789866381743412
381 3.5069555322194095
382 3.746827607670132
383 3.864743668645728
384 5.218056030217469
385 3.816626570579511
386 5.374354148409268
387 4.835217229694467
388 3.837368050389538
389 4.19427219822975
390 4.091207074875873
391 4.033610932706993
392 3.5031273003365317
393 3.8465496907255488
394 3.3814400652784244
395 4.103101954716673
396 3.2185508572410377
397 3.9502804178055553
398 3.7269688409874853
399 3.527346277680274
400 3.675009053620979
401 4.281812139114633
402 3.884143147367575
403 3.997467593558764
404 3.762008575842974
405 3.7355591480014385
406 3.7965687634367398
407 4.065186325631935
408 4.777425291865022
409 4.129195297121213
410 3.7633743302011213
411 3.5456993699515778
412 4.2515244219217045
413 4.680426143932473
414 4.186889839236962
415 4.072864628041315
416 4.793336151652844
417 3.8581281610964506
418 3.962919365944347
419 4.389219709418896
420 3.2553315229454305
421 3.7811712524876113
422 3.6203754821782534
423 3.9148177107394266
424 4.30963484383483
425 3.6677228583493564
426 3.686700833914159
427 3.901251867023359
428 3.30268955546748
429 3.939174760046701
430 3.9276997723768443
431 4.026648213294656
432 3.7652647584871595
433 3.795286148034967
434 3.8468139864699995
435 5.252949248171045
436 3.594215789144007
437 3.63309105773718
438 4.048410785378422
439 3.7852766317684514
440 3.8209270322935542
441 4.214476798734763
442 3.6968785473337147
443 3.881065232050992
444 3.8317468530828087
445 3.5132670511623267
446 3.8325609277039447
447 3.741732882711009
448 4.421003454707181
449 3.938647446624111
450 4.691200954658055
451 3.4752971878646637
452 3.9504248406764755
453 3.7577768348497163
454 3.756599749509552
455 4.019496724143808
456 3.855425539169313
457 4.81048326827152
458 3.655855492318082
459 3.7906240882034794
460 3.6418439447331012
461 3.7125602521138528
462 3.5691313135721097
463 4.639153986311747
464 4.00879159063363
465 4.6772369735849555
466 5.743527745003712
467 4.126140850131126
468 4.837042058120171
469 4.002053064779297
470 3.663719957242665
471 3.9306567246282933
472 3.6605348518756777
473 4.2372058524154275
474 3.591363664507201
475 3.842474605021861
476 4.686399170617657
477 3.831922731131818
478 4.784402938672417
479 3.824486862311225
480 4.113798940715921
481 4.060203762305655
482 3.488846512908112
483 3.712955644595563
484 4.008063437725647
485 4.763313884114367
486 3.7325198629308654
487 3.908121722800558
488 3.8380082297724116
489 4.8861160161657216
490 3.601218540391537
491 4.558152308870467
492 3.954858647960379
493 4.261272173140197
494 3.8812962234130666
495 3.7289298322178657
496 4.219389096009651
497 5.475987649500862
498 3.9458931865518947
499 3.787325657132968
