0 10.537505420863454
1 8.014503415285699
2 8.58137812398017
3 6.973442334126931
4 7.211090553810468
5 5.472521121779439
6 8.261060217713064
7 6.096537607752942
8 6.858607860533832
9 8.535566860085957
10 7.155314057859502
11 7.825604121655401
12 9.246866477880836
13 8.057696126301352
14 9.91215792080883
15 9.321400892109088
16 8.67011823298259
17 7.3617611629416935
18 7.763478489385406
19 6.412756604915524
20 6.72198763980144
21 7.086542586024593
22 7.771471641902594
23 4.356150717027386
24 7.853821004103437
25 7.451023655670468
26 7.809636240862931
27 7.358780642548366
28 6.974743655885812
29 7.273647048883546
30 7.906657186790328
31 6.457433636155767
32 6.503577627133286
33 6.505666290060127
34 5.997052058158577
35 8.002088528447093
36 9.161705133574396
37 6.556148010549857
38 6.960602832845191
39 6.679418587422148
40 7.225268703724664
41 8.797307574387993
42 7.719980848050704
43 10.164753298362795
44 8.620940865860009
45 8.00092573183347
46 8.37828012129659
47 8.586266832291647
48 9.450506712863373
49 8.980572021600002
50 7.4169723366333224
51 7.305579552780551
52 7.2117067752537425
53 8.34339372776963
54 8.513680110597164
55 7.613869229011494
56 6.113547197375174
57 7.896479425972459
58 8.665148973080074
59 8.360633631430664
60 8.742986620539039
61 7.059556245168721
62 6.731516803649648
63 7.412673338131219
64 10.16788769547782
65 7.975737895488282
66 7.919723154567601
67 7.6750247893352554
68 8.72282732667828
69 9.345157120305036
70 7.427747021631561
71 7.616488105874355
72 7.562108821153502
73 5.525530529385594
74 6.200081274578503
75 3.888242240692576
76 7.5053018260462805
77 7.968317249462067
78 7.134732878603913
79 7.751853243123165
80 8.036348361625876
81 6.9065997083646
82 8.69166147494637
83 8.208655861407644
84 6.333108605533762
85 6.554736574228855
86 7.146208782475817
87 5.083776644867407
88 6.5862068060309795
89 9.014138412184227
90 7.246369068528273
91 8.038933922363329
92 8.85470611863756
93 9.045434062464832
94 9.157982202826693
95 9.638267641321644
96 7.823950330690223
97 7.746798601554318
98 7.330850771309694
99 8.379342316254746
100 8.55894118782489
101 8.249425911106265
102 8.793550669763134
103 8.162223541340273
104 7.121151510082111
105 9.403176268934287
106 8.256312472651988
107 7.958446339990923
108 7.457912930275469
109 10.682611876510983
110 8.788199159641144
111 8.332036033902744
112 7.3770244250323085
113 6.853932643917052
114 7.253910724565548
115 10.279791353856387
116 8.508087717402635
117 9.387258455853354
118 7.190417135926355
119 8.52908072754137
120 10.291506395993384
121 7.81350906800374
122 8.038921370264225
123 8.322612574569336
124 8.706560309026251
125 7.463346878558335
126 5.665232311506182
127 8.693441803617036
128 6.248280784501539
129 6.550170534242338
130 6.997028199077302
131 7.881852686611274
132 9.191188094053203
133 8.817009961147598
134 7.576075074133109
135 8.787962831989871
136 9.176475038594935
137 10.13265099773286
138 8.889749573557422
139 9.270671274498966
140 9.35577878255192
141 9.493924935829071
142 9.68112410506193
143 8.989737667052822
144 8.968739598196143
145 7.960906350720521
146 7.914094648767455
147 9.823875958233124
148 6.388106983480905
149 8.408374322538068
150 8.53397960872376
151 8.200839464560596
152 8.162466624341574
153 7.036036102156232
154 5.961538255429482
155 7.832691715378565
156 7.333401323162626
157 6.596208952184492
158 9.465384747317637
159 9.00490599684084
160 8.914542296261828
161 9.178819844771002
162 8.24676735186643
163 7.971709817309504
164 7.749418292856306
165 8.953066201186306
166 9.310283950853572
167 8.580204352203989
168 8.226653512043953
169 8.843458654922182
170 5.885525004618246
171 6.269920606711614
172 7.253095767990109
173 7.729766430431838
174 7.366225454711442
175 10.028341459325562
176 9.49396054194396
177 7.042373193174928
178 8.581582630914093
179 9.049277847808714
180 8.892984425889825
181 7.352657908912987
182 7.2816939463389705
183 8.451777444410684
184 7.728281524061374
185 7.410286921032138
186 6.92691430228016
187 6.995639784046388
188 7.226640695436875
189 8.605419799802181
190 6.748263075965771
191 6.2525992979841325
192 9.118547368319055
193 7.237718768752594
194 7.82894312971206
195 8.685550655640917
196 8.937317899375468
197 8.605908197117886
198 9.153436112835495
199 8.37375457783505
200 9.273921125043893
201 8.285342110836778
202 6.780796635328469
203 6.940777030670701
204 6.935295892081186
205 6.90732846402754
206 8.49124968203126
207 9.654145476976081
208 9.258140289179059
209 9.151265219601719
210 9.67555869033633
211 6.96643766640066
212 7.8290573631799
213 9.403252025268243
214 8.891655769709669
215 9.001107115944482
216 8.804684626427123
217 8.55879238069076
218 9.115375220345054
219 6.181130186367939
220 6.968396606322657
221 7.344828518679503
222 7.230177320866961
223 7.147068896091541
224 7.138439963399683
225 6.487128870439786
226 7.254340120068115
227 5.968088678869652
228 7.782323777246611
229 6.381027966341681
230 8.838016244347479
231 8.850073919307864
232 9.479207308717008
233 7.025513987543531
234 7.12229158707323
235 7.773935405426308
236 8.185054163366921
237 7.8702108794430545
238 8.625059004535931
239 7.212071620156617
240 8.772311262227184
241 7.129880458077125
242 5.007659460497064
243 7.114939326087862
244 7.6023375974111715
245 7.723688839136854
246 7.5414173699986735
247 7.239351405073805
248 7.618541814835176
249 8.287659113013365
250 7.2534896860623475
251 8.478897945276227
252 6.419456795000911
253 6.125867467763367
254 5.872404385649929
255 7.936185410158391
256 5.816506506382127
257 3.8307755653819813
258 6.702794851848471
259 7.685637618065415
260 6.683623858543231
261 5.255247297356847
262 6.784674310599754
263 4.887965059990607
264 5.590828146596286
265 6.612323255654184
266 8.00458846145691
267 3.7429718768841878
268 4.616272557682533
269 6.162451449902565
270 4.26675727383854
271 7.3073275591869615
272 7.140542422833268
273 8.418238680038458
274 7.882580851313118
275 9.75958738599214
276 7.349266151042477
277 7.075396569572552
278 6.251445444081212
279 7.708174277248208
280 6.900669220865825
281 9.904191083586367
282 7.71604352276643
283 9.879996797370596
284 6.336068048736735
285 8.522934302328927
286 7.16253661157196
287 9.39196367321422
288 7.767914894857161
289 8.354686008937275
290 7.506541361480195
291 9.675655550227761
292 7.466764852156994
293 7.310035508122698
294 7.859596300431013
295 7.3121460796576665
296 8.34433241338024
297 6.383581575244613
298 8.689016620677192
299 8.834279518098025
300 8.200205925945124
301 6.898682859591674
302 8.143997256327507
303 6.241883661423556
304 6.8936049214300095
305 8.206134608381499
306 6.892266938306071
307 7.645385160778803
308 6.327582173849115
309 6.44617068739074
310 3.9793540866164223
311 3.9074293363599653
312 7.054201748166348
313 4.258083787381318
314 6.537919219249388
315 5.493489273681294
316 6.81207608112157
317 6.818517498007067
318 5.747731414478839
319 7.381230705134766
320 8.339743389571995
321 7.243370702927654
322 6.073322653352421
323 7.441867175016163
324 7.6990197145291965
325 7.27275886739147
326 8.464226915950585
327 7.957570670721968
328 7.190626650622543
329 8.558425415324495
330 8.329865125630786
331 6.36394088010798
332 6.248161988891027
333 6.047903698939151
334 6.624314878286058
335 4.007485253567461
336 6.21804584354375
337 9.069314959272011
338 7.126854551735885
339 7.45677181197584
340 7.50498752941543
341 6.6125238001963815
342 7.660076816548683
343 6.086344483057687
344 5.317350281841358
345 6.3488717451424765
346 6.02887926687178
347 3.622760707727551
348 5.565362777726381
349 4.046862867168038
350 3.9554298051255925
351 5.877040546505548
352 4.784615957780666
353 7.4807920851781855
354 7.611306287836378
355 6.7041139262757
356 7.673464701346837
357 6.767621806831118
358 7.22830159650763
359 7.908867929095136
360 7.4606928753295465
361 7.968560628488139
362 6.7293908969445315
363 4.096888847466239
364 5.664261406224668
365 7.7479540124898785
366 4.523275857062902
367 5.120020448867782
368 7.157186016968412
369 6.602470371291675
370 4.499015310038889
371 4.170812304936364
372 5.7235907393269585
373 6.001805896448731
374 6.252184060648367
375 3.769047785355138
376 4.956674819419656
377 8.03742690503336
378 7.447649265802636
379 5.507704709885376
380 3.936524206231738
381 7.7005514425565105
382 8.044555485751234
383 7.978393446795723
384 3.7973521020106604
385 3.833365684757097
386 4.635422737477601
387 6.589887277145061
388 7.023131487622126
389 6.639164816621237
390 7.971118239379466
391 6.8448749632278245
392 6.940232590918436
393 5.778176271170495
394 4.058431549488569
395 4.000496333971814
396 8.118115706423014
397 4.994969288179226
398 3.843737494939577
399 6.766235920938345
400 8.025318496705554
401 8.682561995807484
402 7.497395126732507
403 5.927088413956441
404 6.655686356478693
405 6.96734419966859
406 7.11290106365821
407 8.202507124519926
408 8.223026755773642
409 10.057579168741873
410 11.440241290043081
411 8.892106735562624
412 7.2396275206809415
413 6.262537028582805
414 7.551621902413463
415 7.685591623763896
416 8.100642434860358
417 8.327098530773823
418 7.375247518794857
419 7.879958158033469
420 7.4970333429887726
421 9.584398158183753
422 7.5958879284696685
423 7.705916965888231
424 8.063505078015227
425 9.220577913631697
426 8.113710404168328
427 8.231223509135223
428 8.68063641657607
429 7.00510931596519
430 9.487072649173697
431 9.32964745247883
432 7.779819083939944
433 8.633055371186568
434 8.468792089900417
435 6.525742423560251
436 7.958418578632373
437 7.049840861628594
438 8.031172582183467
439 8.328325103926586
440 7.395428312296577
441 8.687251626772335
442 9.265248756929033
443 7.876403396441613
444 7.740982168399854
445 7.619486445931758
446 8.39535191768914
447 6.845103722102056
448 3.8666642046910353
449 5.211418873136184
450 5.011891323542539
451 6.318918122265351
452 6.587149774281675
453 5.515733009398354
454 7.857424691624974
455 6.977664777957711
456 7.219953449352848
457 9.527457378769215
458 8.907296705595751
459 7.58540794846881
460 6.71447159429342
461 8.98535490367814
462 8.10650440026049
463 8.20409125092186
464 7.546553290467179
465 8.971397814753157
466 8.464727859803432
467 9.64418801920408
468 8.181164169071831
469 10.214840966180686
470 8.980074484217194
471 9.238976185423292
472 8.995781697290496
473 8.781679152924003
474 10.17476026991767
475 9.117638772400117
476 8.715885742045442
477 6.629416297977326
478 8.636862071088846
479 9.276181228782301
480 8.663518513172798
481 7.244967273745134
482 9.640462506658965
483 8.728298291099518
484 9.313606756477583
485 8.45964427293502
486 8.696917423644058
487 8.14589714286821
488 6.885257750747491
489 5.325960176061556
490 5.781050203809453
491 5.868819794786369
492 4.813053884865207
493 5.500652589817381
494 6.3782360500431245
495 6.437546939380672
496 8.4241050560239
497 6.348049857566997
498 8.697138393809656
499 8.02231198091027
