0 8.854833778511509
1 10.553701597926887
2 8.710160597514209
3 9.69132990171566
4 8.985900491592902
5 8.547343948695113
6 11.23356247592965
7 9.88752848417582
8 9.085752233853773
9 7.722254716837392
10 7.983019620869243
11 8.790405983434212
12 9.186955788329891
13 6.587343394396046
14 6.423646190910741
15 8.991728326997887
16 7.99643603695339
17 6.850701912553623
18 7.0468009410755865
19 4.752993213455883
20 5.1679097626854595
21 8.279325825980994
22 7.871888497151645
23 6.103660499528125
24 9.279302217802716
25 4.177712498462728
26 4.263755025293365
27 4.658688940583544
28 4.40689233847206
29 7.634040865118455
30 5.401677820845323
31 7.88994551680674
32 6.8985593095708655
33 4.379433355589164
34 6.152705677795629
35 4.615633877568758
36 5.883210821164482
37 8.340506282504188
38 7.390574471618126
39 6.163716777763427
40 4.817515402826835
41 4.542927218759115
42 4.605602446762102
43 8.07238999303629
44 5.388868165405408
45 7.222597636642195
46 4.411324282452698
47 5.354207330253578
48 6.034374748564348
49 6.480818216908837
50 8.549973481288934
51 5.752162961189763
52 6.79562859454459
53 5.072580932714553
54 6.816708335827896
55 7.998060437311377
56 5.1364014752170055
57 7.483292288024832
58 5.262597228018659
59 5.298275221033138
60 6.747327044260055
61 6.0239793432397315
62 6.381614870510246
63 4.860498379873723
64 4.8489242396035115
65 6.102314487010306
66 6.058661280303155
67 5.9752375892466345
68 7.35113753498137
69 5.42546495823531
70 4.932333029956206
71 4.736057560575164
72 4.875390866986929
73 5.054138256342271
74 5.20158846078351
75 5.030810535094549
76 4.482637352013305
77 3.942041880875879
78 8.025884561087002
79 4.124484379810934
80 4.622109011580336
81 6.120708735627827
82 4.987447973544111
83 4.395838002986429
84 4.565688158358734
85 4.184528391414632
86 4.619450533552732
87 4.203159803491661
88 4.8372582058994915
89 4.532699418927748
90 6.837601335025479
91 4.612385390869084
92 4.629558243220406
93 4.4514870346233435
94 4.315973354649774
95 4.591562637135233
96 4.7859564790483
97 4.1610905092569075
98 4.200775400125106
99 4.388753842831424
100 4.458891986753143
101 4.18285535941216
102 4.420178614750998
103 4.873754169604001
104 4.418852714268003
105 8.006428865710536
106 4.61649708037067
107 5.223985383797287
108 5.002531790861325
109 4.460105616916539
110 4.778923141723846
111 4.720428794488527
112 3.802487525492211
113 4.997515000262774
114 4.739574391437241
115 7.96102516403451
116 7.301086168611381
117 4.738667382109648
118 4.913330684368803
119 4.822677541920782
120 6.253510507469442
121 4.826340070353933
122 4.717815412755235
123 4.7281648459053685
124 4.919517613988282
125 5.103951218945696
126 6.7537765269602374
127 4.880752506792287
128 6.506189630844018
129 5.051977604097712
130 4.620001570627709
131 4.995408387240336
132 5.2794918666952695
133 4.920795319339792
134 4.805422425082175
135 6.901413930782351
136 5.089585590694654
137 4.96159257827447
138 4.739256439775808
139 6.448474228338108
140 6.634889658219161
141 7.850855225426943
142 8.586511665711768
143 9.004851120439175
144 5.047335905496553
145 4.818633599942055
146 5.350955918880902
147 6.347566720543991
148 4.7393317651623486
149 4.847933190698204
150 4.907873810298607
151 5.065751038825517
152 4.819288817425862
153 4.8658219603747455
154 5.094196738573336
155 4.827416522455228
156 5.2089630896265815
157 7.977447124263988
158 4.684265403865577
159 4.668688182618262
160 7.116793485452528
161 6.283714192065918
162 5.037697498929661
163 5.946130705912843
164 5.459353948026827
165 6.194256491139668
166 6.286337101147549
167 7.2162957340861515
168 7.840049378952102
169 6.99227815836236
170 6.542827855092573
171 6.287652875753039
172 9.923159360250548
173 9.138119859245672
174 7.936966433382457
175 4.286079455977191
176 4.582188078547142
177 4.198600823267703
178 4.805375950450647
179 4.567942146860317
180 3.8358821843656994
181 4.349658286695956
182 4.343418771275222
183 4.175992282752325
184 4.361033723941986
185 4.01702455337912
186 4.022290033482779
187 3.7956486680597705
188 4.319551707804796
189 4.456268498703542
190 4.527108666341718
191 4.540255336485263
192 4.386018417341496
193 4.014039937004996
194 4.026698761066414
195 4.145106577769197
196 5.142556432735034
197 4.948172515097575
198 4.147767242377736
199 5.241167714702393
200 4.157233430512226
201 4.679300539823323
202 5.237994864776078
203 4.283855698636206
204 8.454070589475508
205 7.208689205558695
206 4.526274450588374
207 4.179822827227729
208 4.303628280136906
209 5.9816688830726665
210 4.623053528455362
211 5.758006668847039
212 4.352049644090699
213 4.398887359604366
214 4.436330053535593
215 4.641913783357846
216 4.428704050093459
217 4.535419358787268
218 4.8334457465664125
219 6.027640882584011
220 5.620559945668849
221 5.8072096139685705
222 4.655032824953561
223 4.232874309828929
224 4.5270441386571045
225 4.388247816053795
226 5.404832327008655
227 4.2386435193085195
228 4.35305768998331
229 4.3154730391396345
230 4.514751254874999
231 5.8461825433811905
232 4.5975196368407625
233 6.670540962954199
234 7.396574529089139
235 5.386125379006716
236 6.146174130069107
237 7.6011761011041585
238 5.217610294275305
239 5.92252267141165
240 7.192640067677136
241 7.418860490871541
242 8.441455280714292
243 7.779305147137348
244 6.48943713282646
245 4.442687575847929
246 6.075893608296813
247 7.564342300757047
248 7.179173516468351
249 8.773757893326287
250 6.871749966352893
251 7.772639457273377
252 5.9052720993242245
253 6.576392947462733
254 6.623563662306173
255 7.679650019458247
256 6.905535119569768
257 6.303575003258516
258 4.4616287970909525
259 3.877027009850402
260 4.325048019119226
261 4.1636448904668075
262 3.987816450999109
263 3.968192496459808
264 4.490294395075141
265 4.354869578572254
266 4.348992884065771
267 4.031082686205653
268 4.266158103529739
269 4.0464541128895855
270 4.363587164160294
271 3.9903725370472007
272 4.615155561812995
273 4.191102237550032
274 4.860095916212025
275 4.370145259495678
276 4.395898210750681
277 4.317317588006302
278 4.454372081114294
279 4.541830434445785
280 4.75111963685287
281 3.8482798605424304
282 4.195981204565478
283 4.198283955369481
284 4.155214158675592
285 4.339335082993938
286 4.157797166166012
287 4.398535485133798
288 4.620994072848447
289 4.465140608096542
290 4.584764784551024
291 6.127282719949824
292 8.878733777549183
293 7.34746662138089
294 6.12663065241197
295 4.618271199013442
296 4.670863688422182
297 4.17914870456712
298 4.437382041875744
299 4.297687953717926
300 4.054401617951737
301 4.592146450411499
302 4.817823717377437
303 5.75249980798616
304 5.29526545577347
305 4.972278664273558
306 4.752647960306188
307 5.0578236681712125
308 4.62413469792458
309 6.472918722492309
310 5.597853134006087
311 6.681673529099426
312 5.11607857263897
313 4.434935863563377
314 4.609241293280625
315 4.488372127894472
316 4.715120665864179
317 7.93408053179048
318 9.092381156654499
319 6.403455290404572
320 6.428992733394225
321 4.777138466899407
322 4.952349845896295
323 7.419726914997162
324 6.455632922266253
325 4.704464544050196
326 5.292350925919394
327 4.547687635414665
328 5.064245141406482
329 4.71729001717932
330 4.586624306041722
331 4.645410582561219
332 5.221015132973145
333 6.37664629181825
334 6.106496569272899
335 6.754433959120741
336 6.326513271921717
337 6.485925953126718
338 9.918655925324165
339 9.195475205538816
340 8.99397314548384
341 9.61102295224116
342 8.471660351380594
343 10.238757788050055
344 8.711824643444542
345 8.612585549587811
346 10.308109315201786
347 8.144996014651527
348 9.244140547668792
349 9.948089255652608
350 10.556378930773791
351 8.936907511525773
352 10.97772576480474
353 8.722043196869146
354 9.130846064360137
355 9.48672474391819
356 8.947800275048337
357 9.758431322140037
358 10.634745129675016
359 11.086489933728727
360 7.901025516735795
361 9.798836564317618
362 8.282305075945438
363 8.27714508567145
364 9.119082768354296
365 8.504134589571636
366 9.67399972265489
367 11.647956741603533
368 9.63563056622837
369 10.585923047261211
370 9.14619109427697
371 8.74569080420867
372 9.323149558664902
373 9.898042422404684
374 8.789807675147175
375 10.385782935469056
376 10.55021769802053
377 10.45169415081183
378 8.383308772345291
379 9.123173313713718
380 10.434063597834044
381 9.786066632681864
382 8.702950352368154
383 8.739388531607371
384 10.025208511895856
385 9.435852861232075
386 9.658961257811379
387 11.420649384117798
388 9.321261538266395
389 8.862915421388424
390 10.09298840461799
391 10.744421389991436
392 10.401885229669722
393 11.288159428049305
394 8.81313220372045
395 10.620535890130798
396 11.199782523784169
397 8.83324364768621
398 10.225756127579729
399 8.918765265297898
400 10.437112309098767
401 10.436816520000837
402 10.255884883288719
403 9.614918206757464
404 8.722884568501062
405 8.260518547480853
406 6.308867693855581
407 4.59061865547515
408 7.330685386029248
409 7.652145798493876
410 7.543540074132688
411 7.323133433799376
412 7.121536472521171
413 5.985615071368564
414 7.6610928437720505
415 5.072174712100135
416 5.814158117284903
417 6.756268236355553
418 7.338794343952939
419 6.232058314680685
420 7.898023019834377
421 5.591601095796458
422 7.295730290892087
423 8.782232762137342
424 8.286846361213685
425 9.261199681851075
426 8.6415083829672
427 7.756123264620086
428 7.966186003060527
429 7.970678495303967
430 9.80988615327712
431 7.683531889189915
432 6.9906942626397885
433 8.556403762073234
434 4.729860844620423
435 4.848354294333607
436 7.431875259691562
437 7.229932702177325
438 7.602418645706474
439 8.088655163370996
440 5.338861248668583
441 5.035492111321507
442 5.566012576731312
443 7.377641070328185
444 8.143328334575685
445 8.197448240706755
446 8.701784679856013
447 7.437478072962985
448 8.069591876137745
449 8.649168570079446
450 8.863279816608978
451 7.163795720379117
452 6.632267689366404
453 8.185400462740063
454 7.610036859570828
455 7.115943305820298
456 7.854581139175798
457 6.33206054209246
458 8.93110719394257
459 7.677148560478808
460 6.854072098761575
461 5.048729930859483
462 4.895745119033007
463 7.270802237864364
464 8.590906231506372
465 7.1707422561126535
466 7.767209312307953
467 9.312372833955438
468 7.316167129204192
469 6.9078657362278
470 7.216377616011129
471 6.660875045555297
472 6.711112359965191
473 7.20845917017671
474 8.700975162222571
475 8.164220603058322
476 9.237366326957785
477 11.26451132807945
478 10.807749665748837
479 10.828714048607042
480 9.938613697632281
481 9.755249195625716
482 8.90534485874567
483 10.12394205880526
484 9.943579614571895
485 10.249183683653852
486 10.458963327388142
487 9.053756500848502
488 10.469803777489407
489 9.114409998972272
490 8.765344042432723
491 10.045212688155074
492 9.624082502783843
493 11.147704792384161
494 8.956031579925984
495 8.737827521027961
496 10.749457606576998
497 9.50702272854032
498 9.009788722020199
499 10.505896119831144
