0 6.873888336193123
1 5.06668867774853
2 4.875962633901993
3 4.24545357469708
4 4.242150170106616
5 4.186870868961988
6 3.8761889987308917
7 6.843870834918754
8 5.371359258306328
9 5.357368852928319
10 3.963737896391831
11 3.998538607982335
12 6.994289818661152
13 5.823088205116187
14 6.980956009852442
15 5.527265150292952
16 8.224547710065792
17 8.16101311487588
18 6.2323839652307
19 7.6247455191965825
20 6.670439941932084
21 8.49977081922586
22 7.51426878131887
23 9.171907210742859
24 10.0153425959578
25 9.553190942597755
26 11.05028864087311
27 11.024493053406323
28 9.705594220065644
29 9.994088999549069
30 9.8623934333056
31 8.629661563105481
32 8.735305548279964
33 10.35901436942726
34 10.98005834986672
35 11.509871510920998
36 11.865070942561083
37 10.92589362027206
38 12.19017110004696
39 11.985369238612842
40 11.758605031233646
41 8.790771092611477
42 8.717835089084135
43 9.262085542257976
44 10.849878268544018
45 9.039579743314706
46 8.612010047039787
47 9.924999293639548
48 9.550212989590058
49 9.679309856154727
50 8.875003748532146
51 9.437659679801186
52 8.879759923732074
53 8.956430974592331
54 9.932044882125846
55 8.660888911007984
56 8.412217297326826
57 8.348715433980805
58 8.281220317286795
59 8.474457914060546
60 8.874186504234048
61 8.105808370397769
62 9.26812655930402
63 10.700802324239078
64 9.715195387328658
65 10.551534486325469
66 8.169315014198993
67 7.758677628720812
68 7.097584693093962
69 6.803525268358448
70 7.345040031257607
71 7.759165238381332
72 4.870676568725168
73 9.917061535270255
74 9.876253251002417
75 9.176953777695275
76 10.068203333093276
77 7.085792502243484
78 7.26686437302833
79 9.890656229622966
80 10.011106219433326
81 6.458853887010185
82 7.983156023254848
83 4.968960650220405
84 10.953159429543492
85 8.97133128133984
86 10.08871960155726
87 10.010366587729933
88 9.337021617528602
89 7.246571348057753
90 6.826682488949646
91 9.026898806624942
92 9.550497010296235
93 10.054352580281154
94 9.203114629920373
95 10.493496892422575
96 9.464527711145074
97 8.158911270756708
98 7.788319396834799
99 8.320981072694355
100 7.1748000471435285
101 8.526009837767454
102 7.852341265058383
103 10.490866749786782
104 9.87720448568819
105 8.754561039780603
106 8.595209567047043
107 9.644255412057202
108 10.014152610503185
109 10.596909701710217
110 12.540492531260005
111 10.296815041272788
112 12.946322714896143
113 12.67235937252014
114 11.548328103066911
115 11.946524011436845
116 12.078418440507097
117 11.373622273153874
118 13.06941927432807
119 12.249507083346069
120 12.697785711054351
121 11.169385924703468
122 10.773145462749921
123 11.166541513135652
124 10.766375304326845
125 11.097148862944106
126 12.427359322724973
127 10.257172853374982
128 10.152698136566231
129 10.749404554562732
130 9.93000328037037
131 9.161837331038624
132 10.183215269307773
133 10.620812643312307
134 9.638753427464861
135 9.626713840108737
136 11.258628674101342
137 10.5316826726247
138 9.839913736191635
139 11.548444033322287
140 12.072989710687086
141 11.098195606030881
142 10.055499183510989
143 8.345263331234488
144 9.722094549543153
145 10.579251587414918
146 12.063487227115743
147 9.980931791527505
148 11.281082627673381
149 11.0284236903354
150 12.202565339460099
151 11.274462931633007
152 13.307309078124986
153 12.985821033231295
154 12.002578981628426
155 11.998606361640597
156 13.504388508068425
157 12.081457134254116
158 11.495149721361807
159 13.087869504566669
160 11.940152817066332
161 6.906072841640316
162 8.113660918339333
163 12.216844497135488
164 9.404428427505586
165 9.280173436436488
166 10.449310148571037
167 8.645764797816591
168 6.872668271405908
169 8.700182180488262
170 10.890620521040049
171 11.097507429257108
172 9.693712873201264
173 11.960467469296942
174 12.256936035200784
175 9.205222986029943
176 9.930919988081572
177 9.690431060980435
178 9.84874992465081
179 10.44396571177716
180 7.902191701610013
181 8.50323373050356
182 11.632636617275496
183 10.3000508490622
184 8.489917822730787
185 9.8232047192928
186 10.262679766714847
187 9.737900480284788
188 7.942826857977207
189 9.003407704745214
190 9.638213639668216
191 8.70739272974108
192 9.547516844030982
193 9.042283126623609
194 10.767016522265319
195 9.097064447561875
196 10.640604860383366
197 10.668351803859355
198 9.47607218531158
199 10.805606573860585
200 10.63273858812125
201 9.828986114974615
202 11.034003826858106
203 10.567183357846757
204 9.232292120823436
205 9.036617237137785
206 11.51808009991193
207 11.319838865915598
208 11.70044470722413
209 9.748815491108395
210 13.83560314848763
211 8.18532718412806
212 12.498939434582498
213 10.701683933763604
214 8.36318997266467
215 7.838930029013759
216 10.916507151187037
217 10.493478514783956
218 7.803508738202219
219 10.01944987075986
220 10.291297514251307
221 6.257352057322122
222 9.137220020130055
223 12.436165978999886
224 10.908960862429451
225 11.231067400886808
226 11.44260415152861
227 13.120928964351396
228 11.159329525095165
229 10.97567098573501
230 10.00193818591229
231 11.089239438564043
232 10.044332827593877
233 9.885019176900078
234 13.145005792019015
235 9.719373951587384
236 7.5318348622439295
237 8.15765802862975
238 13.321278193211901
239 10.063398408640412
240 8.154821931154114
241 9.545635588842693
242 8.519183578805634
243 9.967161801303261
244 11.443707952683685
245 10.724476175206592
246 9.818898330882764
247 8.057136940264218
248 8.884311476336077
249 6.048584791185764
250 8.327625999022207
251 9.188586979409548
252 9.179318977274937
253 7.2447889017710425
254 9.10043222037659
255 9.182072237570315
256 10.075353319222737
257 8.09639086483556
258 8.779806585880024
259 7.678220728047806
260 11.121307950183194
261 9.30157688118993
262 10.28912141501637
263 9.586624589704245
264 11.166844033649111
265 10.325681833605202
266 10.863414196058264
267 10.38334067654311
268 8.423429128863715
269 11.042540591988573
270 10.209152370172541
271 10.613878040801751
272 7.414054509420802
273 8.859005567192117
274 10.817980515960802
275 11.446031621600532
276 9.900836944641991
277 8.306321891904899
278 8.75981827044585
279 10.737328649594701
280 9.735239164463767
281 11.914454144280425
282 9.784320852281219
283 11.162264894275767
284 11.469728105898746
285 10.859082975375433
286 12.257147117317295
287 11.607783390360996
288 10.951736555418261
289 11.055364396440845
290 12.391270034192928
291 11.19078453649092
292 10.742216007034083
293 12.138136532875283
294 9.996318344610174
295 11.024522179285565
296 9.831577241546995
297 9.876629159399448
298 9.0105875401113
299 10.118329790389351
300 8.463726440896101
301 10.925018479285704
302 11.374213372050974
303 11.802287364394823
304 10.263440002064327
305 10.653001753367253
306 11.573453441510411
307 10.322164044733734
308 12.04514462755377
309 10.492817729233582
310 10.965428693453653
311 8.43006450435753
312 9.741319105347607
313 8.975126605256175
314 10.805634616046612
315 8.499683342036713
316 8.280451945047854
317 7.690095035635091
318 7.653392854784111
319 8.996036134396583
320 9.490988421959464
321 9.238698454383428
322 10.635550021003093
323 7.276614058922277
324 6.6114831753301475
325 10.894120703334876
326 10.80413877894802
327 10.852512997878524
328 11.141840590229627
329 10.13105529666607
330 12.620787465413077
331 11.160850287689538
332 11.128206393307412
333 10.731361873323538
334 11.530141974430693
335 7.862305874445893
336 8.265851800864207
337 8.273866536802094
338 4.512225614081644
339 7.385274765266281
340 4.275492859502277
341 4.849961125206081
342 8.607329405684661
343 8.013171169556443
344 6.379678006910965
345 4.839718580295366
346 4.565575078666959
347 6.008411176779576
348 4.536700105512997
349 5.923487613177502
350 4.553731692419294
351 6.4520319780906705
352 4.395039585525914
353 4.5938453057001585
354 4.218506017089724
355 4.648982973708418
356 4.349534741397873
357 4.376898855907642
358 4.518205959588123
359 5.281307649816345
360 4.376793181100459
361 4.601746444506803
362 4.355430699660345
363 4.574327455545094
364 4.47108886669738
365 4.391180862198094
366 4.530059367069858
367 4.2036476856767155
368 4.324904960178697
369 4.364163387073226
370 4.513974502209713
371 4.0750137886971105
372 4.392438507862343
373 5.59145402104718
374 7.046614411759422
375 4.3644110113014625
376 4.562575154839422
377 4.617496687986934
378 5.021514837863279
379 4.05932330049701
380 4.040428079673077
381 4.233532717460781
382 4.040268321485676
383 4.897767434376901
384 4.425943609126469
385 4.439814590731372
386 4.58404624012211
387 4.363202572553207
388 4.153032146077032
389 5.626160988831383
390 4.448496243636114
391 4.3434822117526695
392 4.974773409008677
393 4.580698118132235
394 4.17836874697933
395 4.539348062820018
396 4.8540995652541845
397 4.2937135487101195
398 4.456738515530956
399 4.1358711924523615
400 4.2720606248136335
401 4.534682710722228
402 4.46124829249004
403 4.255749171809092
404 4.320242873914215
405 4.0680153710861555
406 5.775400494730129
407 5.358754527031019
408 6.316658883551695
409 6.030315954575745
410 6.287952517907428
411 7.758246783921219
412 6.929201128411566
413 5.568532652933436
414 3.738452673901818
415 9.963301420011362
416 9.698442849301582
417 8.732393669243544
418 6.347752509251261
419 6.7231541452795875
420 7.024101063380815
421 9.559427856230709
422 7.714627623801101
423 7.218254286328162
424 4.216371817214899
425 6.334872819675706
426 6.551062772490636
427 6.900705990668213
428 6.95835562730304
429 5.772737178385995
430 6.4790467726628265
431 8.544733445104209
432 6.746520798249308
433 5.7463998575522135
434 12.657346782686323
435 12.399171034613257
436 10.320295190584316
437 10.254099509518609
438 10.392524832803028
439 10.345598632976285
440 11.756378772768441
441 10.99784433910995
442 10.769316730514044
443 9.896142586419748
444 5.571908861104712
445 6.722839372418086
446 7.4410237880204155
447 7.246507364738213
448 5.712404626367564
449 5.58920743200339
450 4.462497976645413
451 7.0379622205679695
452 7.424176653069377
453 7.9186299285063155
454 7.202755818004486
455 8.142758131771755
456 7.281001103974677
457 9.780847984060063
458 9.307058704742612
459 6.780295272792556
460 9.794940129186706
461 8.231481532183047
462 8.814885181965472
463 8.211229835412999
464 8.119110984726849
465 4.703884947625734
466 8.19811227361983
467 7.7901982571777015
468 7.686037269717775
469 6.5908881432124
470 8.397283391236495
471 9.160039316188447
472 8.069052360492664
473 9.391986758838923
474 9.390302303082626
475 8.229655885664073
476 7.617312881614714
477 7.339765936863556
478 4.778126014146901
479 4.20399432852373
480 8.128904224034533
481 5.025794592510648
482 4.591741976186378
483 4.285939000200353
484 4.479826504202122
485 4.156591829477443
486 4.515392463986801
487 4.41783448205555
488 4.460667357597984
489 4.223827987374027
490 4.383324830599004
491 4.31192306152809
492 4.34069588314814
493 4.583658104364674
494 4.358421842346421
495 4.435957250786958
496 4.334703319306667
497 4.6052459042878375
498 4.227110669443447
499 4.389648416256755
