0 4.1768340129162045
1 4.559528766015663
2 4.98157100250529
3 4.215847489685606
4 4.045258935367236
5 4.300661580864666
6 4.011250781290317
7 4.546181618639789
8 4.178225383283427
9 4.171053069306523
10 4.259863536596935
11 4.201478481346418
12 4.526173384955286
13 4.387393428051584
14 4.252504946875248
15 4.372531769482616
16 4.287784542965314
17 3.9491592715367587
18 4.325169107757964
19 4.20454889655188
20 4.517578582106014
21 4.173069250496868
22 4.661470389072409
23 4.419678891541207
24 4.525983374305509
25 4.248534080288952
26 4.445179279636545
27 4.339260368775995
28 4.151507604905525
29 4.283620930323145
30 4.376528877022357
31 4.624085754862565
32 4.147081358767353
33 4.422315368821515
34 4.237914200334511
35 5.008509409055481
36 4.354163017537144
37 4.257756717707663
38 4.291773077427174
39 4.588058705759449
40 4.222388679250605
41 4.321240836245139
42 4.518666783369553
43 4.2181763193379656
44 3.994392227790442
45 4.235789291144162
46 4.776627572038274
47 4.0306164222159255
48 4.499571540123499
49 4.255220875581693
50 4.3944396864905695
51 4.402811715749776
52 4.499871047735607
53 4.147418185731977
54 4.332742652412136
55 4.190985809790233
56 4.47252246593596
57 4.139683239080681
58 4.483225637873529
59 4.065004544844331
60 3.993839706330384
61 4.288534427853854
62 4.268701145403542
63 4.247348900299867
64 4.203418372832581
65 3.7425013290181393
66 4.196876853277443
67 4.7837414261460385
68 3.9726830304994034
69 4.069065710267589
70 4.032733166026317
71 4.091835733383568
72 4.347251387401611
73 4.105912914409802
74 4.493397700359336
75 4.408907294674519
76 4.541621177255282
77 4.532750641658477
78 4.189590199415492
79 4.000010916966093
80 3.997426147253906
81 4.451102294877124
82 4.223527887856736
83 4.339038257477206
84 4.657391326746223
85 4.100306957308336
86 4.475512540969938
87 4.47149681016896
88 4.335949479823301
89 4.048277926247684
90 4.174832128619261
91 4.411650172847119
92 4.146513663966854
93 4.471637187535162
94 4.589920050775583
95 4.36130073652217
96 4.1948299273506775
97 4.4247187504315475
98 4.31997334984637
99 3.9785546881847353
100 4.313598373915151
101 4.0955783397608805
102 4.071046593051567
103 4.3892791853316355
104 4.076103708225922
105 3.4089072705216545
106 3.755604617051947
107 4.023430625117963
108 3.7509508879808404
109 4.126464850617893
110 4.003539829679077
111 3.6678498756496145
112 3.6991982344123717
113 4.141418433056409
114 3.7591016552104053
115 4.079275767990853
116 3.697669974326545
117 4.211374560861426
118 3.905431764875481
119 3.8085091969641276
120 3.4473096740713127
121 3.901110520253463
122 3.9780671655159066
123 3.517960731390258
124 3.9212492007278588
125 3.8589315066077146
126 3.8452587580582693
127 3.9306527951426893
128 3.8099601717698945
129 4.010869682294886
130 3.946951974612816
131 3.8145644416370015
132 3.6817703334195486
133 3.8734579379884044
134 4.048480202554117
135 4.110517955841743
136 3.5586830178450177
137 3.5631603886288383
138 3.8104503673469883
139 3.847667565324372
140 3.833998490600056
141 3.6498023662406216
142 4.01451114661277
143 3.728426375888357
144 4.051576076801872
145 3.9102599073089603
146 4.102479244351543
147 3.7961683069427643
148 4.215200836752689
149 3.5668448535347776
150 3.5486511551827062
151 3.8443603412251037
152 3.4634241480976478
153 4.001614090444731
154 4.077565912258795
155 3.881529480446637
156 3.909455607739266
157 3.955137020038149
158 3.8069817314800316
159 3.5176212516037926
160 3.772643924853811
161 4.326993853278389
162 3.6127015108287424
163 3.876047976896571
164 3.8035808989460818
165 4.576529969551275
166 4.413797619295212
167 4.39861025233785
168 4.626824640581282
169 4.597503387902463
170 4.339471994066695
171 4.543062872254593
172 4.664366349922984
173 4.0665743059910415
174 3.9882844263109645
175 4.196383389920494
176 4.256806948467238
177 4.15662734754227
178 4.423077435482479
179 4.210601950345652
180 4.3591747772884055
181 4.1655635656001895
182 4.343868084090556
183 4.102947771483469
184 4.131839016172905
185 4.458451610871951
186 4.473956982658467
187 4.257902227001372
188 4.620479513921119
189 4.667637740761928
190 4.461797445683326
191 4.51807583618
192 4.365966437381762
193 4.447657441380223
194 4.826611346181477
195 4.997248039247852
196 4.656273183939078
197 4.2462728821969895
198 4.4068542381017055
199 4.327892322719814
200 4.463243273807087
201 4.3050130734271885
202 4.775702331544458
203 4.136232212560073
204 4.681391444883944
205 4.330075326853412
206 4.193469194632654
207 4.312132683771656
208 4.304787504412993
209 4.368949114350476
210 4.478468399591574
211 4.096338383085693
212 4.63057660646174
213 4.590312714589309
214 4.525664905695413
215 4.322262153033795
216 4.697350599110518
217 4.630889447541619
218 4.116936153715416
219 4.7194335095754125
220 4.617106839746676
221 4.3582696158294265
222 4.633424285414849
223 4.394358771048956
224 4.988553883791646
225 4.266995891884911
226 4.614336457224335
227 4.249190129745579
228 4.2600511687842415
229 4.277475423701099
230 4.6875522952086
231 4.271585216128008
232 4.270774774208582
233 4.474281429889867
234 4.444271160104616
235 4.419606200522426
236 4.148090789307491
237 4.415446539531857
238 4.276912059870541
239 4.208031952510253
240 4.191479018053975
241 4.486524578039161
242 4.927696601044399
243 4.310187991309614
244 4.6357130573013565
245 4.353392317268805
246 4.140130418533083
247 4.5856068855855465
248 4.38013195423249
249 5.099361041021192
250 4.7569200303569925
251 4.373436404078591
252 4.496291690671425
253 4.154577079316383
254 4.434296268174482
255 4.437068671551301
256 5.069935742379363
257 4.567392019755611
258 4.605815987403082
259 4.989710328853973
260 4.603532109244856
261 4.412307078507286
262 4.242352218317374
263 4.558549580681891
264 4.449145834413364
265 4.45618412841373
266 4.239193715832523
267 4.307575440025653
268 4.725729700153968
269 4.393623201227179
270 4.559841335747898
271 4.179470237181864
272 4.291425113063785
273 4.614334157965659
274 4.521017689760462
275 4.468275186856693
276 4.624989001892294
277 4.42486110037312
278 4.44879999550352
279 3.990234172729436
280 4.409370206902682
281 4.419213434158041
282 4.52363897084762
283 4.390323535954291
284 4.152580061408543
285 4.947763146344201
286 4.448596993930873
287 4.147321250665473
288 4.066484525594854
289 4.678871068643976
290 4.213445470594716
291 4.314132477669023
292 4.268380475344015
293 4.204054634083997
294 4.363078040477084
295 4.497320733048777
296 4.451519363900136
297 4.253876278937175
298 4.318133574661649
299 4.2214169843713485
300 4.279269245061571
301 4.468667078654552
302 4.861451228303891
303 4.614422038166023
304 4.3658975067899775
305 4.190789104864762
306 4.359496087501528
307 4.446444530635065
308 4.5936990384325584
309 4.236433118350297
310 4.461825747657146
311 4.215379721604219
312 4.429913808919304
313 4.5691379012321205
314 4.610071030618045
315 4.548112561846684
316 4.230382223938678
317 4.165601743362273
318 4.426224012549648
319 4.513542812299276
320 4.3090250430053425
321 4.755244124748381
322 4.425201377003304
323 4.451528152072768
324 4.749382887701473
325 4.658605285364209
326 3.9570326825560396
327 4.998722051428837
328 4.215463618495365
329 4.2080928047227655
330 4.536263222084682
331 4.703580156136438
332 4.216527113474258
333 4.382325069275195
334 3.7994182571747697
335 4.289092036398559
336 4.073237363509879
337 5.007949320906402
338 4.29751318513407
339 4.868840967375063
340 4.572456782253006
341 4.304907574699294
342 4.339010152691898
343 4.176652927283758
344 4.261760525926194
345 4.472298760146876
346 4.395284484665314
347 4.393208306256851
348 4.022946135175655
349 4.30235928934341
350 4.518657997103346
351 4.288866397700334
352 4.365256201328513
353 4.4200705846337645
354 4.229444025694061
355 4.264717882825419
356 4.276588507616009
357 4.354311897825857
358 4.291631660389736
359 4.275034551944232
360 4.813584198015079
361 5.349000511857812
362 4.508170560405232
363 4.329051728886616
364 4.105176690929118
365 4.504081683083171
366 4.427339049270007
367 4.428474264850171
368 4.35863795861389
369 4.403894185373674
370 4.511099201291537
371 4.49494242774642
372 4.455378703952242
373 4.039466415387138
374 4.047478611882839
375 4.668424186799526
376 4.7703109164275865
377 4.308065623419474
378 3.9944977949065597
379 4.242115993195229
380 3.8594474999417927
381 3.417203496711864
382 4.055716527650755
383 4.724732527620282
384 4.350416593390802
385 3.598517076320978
386 4.374354015688928
387 4.1296043325929555
388 4.155346709505251
389 4.178224999579949
390 4.2975565154700455
391 4.694891863486468
392 3.844441244205515
393 4.272581192058892
394 4.52440631192556
395 4.590150076318284
396 4.834713446500428
397 5.120001104055247
398 3.969768035655454
399 5.062727159217704
400 4.327258071184149
401 3.9134458542944817
402 3.835185681655019
403 5.454293880213979
404 4.721460213661114
405 4.477943454998494
406 4.075384780263023
407 4.887008893725851
408 3.776015642746551
409 4.660578236606779
410 4.362453268674357
411 4.7686636774424
412 4.182614935007506
413 5.32916951440244
414 4.141078522595091
415 3.79683625944664
416 4.075029704538003
417 4.146240502282372
418 3.8832092985121314
419 4.221988278821116
420 4.263966385998704
421 4.14983298796458
422 4.446947914340109
423 5.228568935324377
424 3.843307045605502
425 4.309781233595164
426 3.615468697243136
427 4.011207933616143
428 3.795916333840429
429 5.023740201860162
430 3.9767383301386143
431 5.379331255834746
432 4.798205056725142
433 4.972476709152477
434 3.905725721146937
435 3.7618538923194302
436 4.057194845324818
437 3.8629807852633657
438 4.1191390831260835
439 3.683442376331252
440 3.6312450418047852
441 3.6688554995767784
442 4.844217429705123
443 4.436930455484827
444 4.200588424109381
445 4.751608596081794
446 5.569517870237664
447 4.660370607939046
448 4.431516808742738
449 4.311153590279269
450 4.006102297864679
451 4.5040360199728315
452 4.29445559222211
453 4.725073672183867
454 4.372699066313205
455 4.337784150417331
456 4.3929269585314135
457 4.199017793870843
458 4.516793466315606
459 4.095929340634921
460 4.003237127809463
461 4.133647846803106
462 4.269441943291362
463 4.256386280115109
464 4.438161321773199
465 4.492012740643836
466 4.510312605422392
467 3.940760010796447
468 4.44396913420025
469 4.3901455918907795
470 4.401934199364715
471 4.47423786864398
472 3.8011698332559205
473 4.172534195235371
474 4.364226222638435
475 4.156903467772734
476 4.736348701027489
477 4.654147051987671
478 4.136716257466611
479 4.283902662688395
480 4.177722734645546
481 4.135425203649329
482 4.446032140286813
483 4.173538545265943
484 4.1224496445939085
485 4.274697977064946
486 4.1407263686301325
487 4.281222619512664
488 4.4261220089513404
489 3.8629125176767714
490 4.039561724348582
491 4.38871942092055
492 3.65351519466704
493 4.44057495790263
494 4.440406306077526
495 4.2059519019032665
496 4.376425471858669
497 4.267461363952209
498 4.369136628675188
499 4.571019613666799
