0 12.466560015173403
1 14.306151757072882
2 13.889600514048253
3 13.360707979664896
4 13.820451256353008
5 14.049728022308502
6 12.682863448055308
7 11.829389031681183
8 12.953823087362633
9 12.217143945320636
10 11.951136469970853
11 13.084066846478692
12 12.379367898314536
13 12.017431841513993
14 11.643690893679747
15 13.329020848884596
16 12.46550297157423
17 12.132179911552656
18 12.400328914416514
19 10.092425084908179
20 11.84383724768602
21 15.0720128113921
22 13.691404893531903
23 11.798441010163339
24 12.850497443540771
25 12.504820051124408
26 13.139760896614359
27 12.58264027135052
28 14.183166043295387
29 13.661722101527696
30 14.153267953503214
31 13.336772515561988
32 14.027031819440515
33 14.808567705097149
34 13.893824159750585
35 13.639442684513108
36 13.527025046881013
37 13.804385420324389
38 12.782652487555088
39 13.69594859126554
40 11.080677344852786
41 14.398961807211501
42 13.063236908572932
43 13.939977900023598
44 13.203378011558595
45 13.356343213982063
46 13.450371864067664
47 13.657277007421389
48 13.362414681345026
49 12.759065517018865
50 13.047736504347254
51 13.362728818636858
52 12.851644431382669
53 13.092501540649632
54 13.11269171388509
55 10.587545467692639
56 11.565651837721557
57 11.257138126459417
58 10.560941069163219
59 10.056022260969954
60 14.37047928400906
61 13.239543255033018
62 14.348693445369614
63 12.47650383841978
64 13.277354631159273
65 12.501210321778162
66 12.678367490878793
67 12.123933312496476
68 12.152070900124826
69 12.262725564525786
70 12.730238863466685
71 13.086088851492393
72 13.608618978541156
73 13.208756631287676
74 12.674762691807393
75 13.128445324907007
76 13.521268327365568
77 12.89596414225958
78 13.625927224065986
79 13.21654564713201
80 12.531918287841938
81 14.561626855158497
82 14.394650186873104
83 13.685229123239406
84 12.876467821713412
85 13.762013523245743
86 14.286188280026844
87 13.949582205752561
88 14.786827400868303
89 13.309349148373482
90 13.463972811547828
91 13.905436843288385
92 13.899162324691854
93 13.53914274347185
94 14.361881981121664
95 14.849729788886822
96 14.470183242967456
97 14.07111388144045
98 14.291525960137484
99 13.357507694855727
100 13.40132384821563
101 13.064304441446032
102 12.64474197869961
103 12.962485466938093
104 13.455589193310669
105 13.076247211592646
106 14.661963217127123
107 12.429173168384029
108 13.035273505661815
109 14.318469566745527
110 9.639569663918733
111 11.562809730800376
112 10.944987904497722
113 9.535252416301395
114 10.598648689765295
115 11.207067412524681
116 12.375561318100067
117 12.780169326747089
118 11.5306180806015
119 13.05398328163102
120 13.685859490592748
121 14.208070636271998
122 12.521206241270809
123 13.554757397111397
124 12.587495889318538
125 12.337183255412029
126 11.37510483208896
127 14.290499212591149
128 13.297621729179639
129 14.182999480038395
130 13.494552849278683
131 14.36163875390914
132 14.395187223792876
133 10.954528460305692
134 11.192772149312834
135 10.654467978911434
136 9.308867844409422
137 10.37342420767018
138 11.266560837791884
139 11.047975854850517
140 10.344809722287938
141 11.841773026164939
142 10.62303698674367
143 10.964794399159695
144 6.346023567258679
145 3.0225676028828117
146 10.050262728185935
147 9.379546730467277
148 10.775362431645922
149 10.207123561557983
150 10.749802236773808
151 10.341605003788052
152 10.507303745235014
153 11.90925735412524
154 11.177198143308434
155 9.954885641409618
156 10.442130469739539
157 11.184267583492156
158 12.145499087554533
159 10.386395267558711
160 11.144572904180814
161 9.986599055244836
162 11.442751615757855
163 11.36266412904031
164 11.777708257304957
165 11.078284343149551
166 10.929623811100297
167 10.67587167153061
168 11.599344532974332
169 10.391081465435363
170 11.312396134811987
171 10.8223662631866
172 11.334730469946726
173 11.2720648877765
174 9.974405158099204
175 10.377673771323863
176 11.205573961550808
177 11.094163353053078
178 9.826588393545977
179 10.391164580228013
180 10.77492466425606
181 10.875986391352695
182 10.756820305827324
183 11.28332811890374
184 12.925966226521936
185 13.274990685865628
186 13.62687403155872
187 13.590948943871409
188 13.821711312107134
189 13.732813381370692
190 12.032484452890316
191 13.36136867914895
192 13.419125810884028
193 13.77676563797504
194 12.869755700163944
195 13.26657678340186
196 13.320725916327875
197 13.286955500585542
198 15.164566235470566
199 13.874125037621594
200 12.192077899973695
201 12.931945694666238
202 14.062077366837377
203 14.216173014374974
204 12.736923984743925
205 13.952238902982025
206 13.57284429877611
207 13.608845247441664
208 13.334266976809996
209 12.809708793318647
210 14.63971338477393
211 14.00824593839062
212 13.43570179516399
213 14.660528835446792
214 12.17136201594436
215 12.248265118714189
216 13.40210646229622
217 13.049809094640867
218 13.729494796976102
219 13.886842792889972
220 12.357003063743859
221 13.270287634006355
222 14.57431571839367
223 14.052837083552498
224 13.306806610935048
225 13.842034850207375
226 12.967553413600509
227 11.659532484645862
228 10.259058237242748
229 11.00398435858169
230 11.52048426677906
231 10.837846243778472
232 11.937474827080313
233 10.254877769042697
234 11.849993832816674
235 10.176142902054576
236 11.238695271365033
237 10.670877237928506
238 11.006195982930684
239 10.922090022146975
240 11.734076236571024
241 11.204538962903776
242 9.511788504028326
243 10.28522263606813
244 11.522421177449916
245 11.080421708986615
246 11.66034155376064
247 11.472349080651533
248 9.735223752714063
249 11.107006834489503
250 11.447274819250348
251 11.11926463825307
252 11.003699652097788
253 11.297000172161024
254 11.078967942280595
255 10.70936851817497
256 10.3199899951685
257 10.83641010149328
258 9.265474033164468
259 9.703106489382163
260 9.100838721210168
261 11.589426240437097
262 10.926115296736478
263 10.717111934050077
264 13.055787927518672
265 10.384012374445248
266 12.823080905487817
267 10.991461784775641
268 11.471210619223566
269 11.257131168084305
270 11.930842811459295
271 11.870523990989177
272 11.645310253947475
273 11.870522822856367
274 10.759152524698857
275 11.213351555111046
276 11.132711869092589
277 11.850930269418749
278 11.810421729312363
279 12.250767798207633
280 12.131990349804918
281 12.580505997197685
282 13.287517803582123
283 11.356510486436042
284 11.460729590698193
285 11.99409352868051
286 13.66663847186498
287 13.476261415474541
288 13.74338235574874
289 13.134683625770013
290 10.487376053465821
291 13.07613428741514
292 12.443184041128859
293 12.00625812893218
294 12.447606495622153
295 12.451579767473625
296 11.814217606843014
297 12.048321553946641
298 12.065628026446731
299 12.225094218165456
300 13.38130918102798
301 12.8781071880501
302 12.392504025414148
303 12.319662133960891
304 12.23592342686492
305 12.088584478368487
306 13.707667199280001
307 10.471607054354534
308 13.085318889746809
309 12.463947332154785
310 13.846503804632627
311 15.013855782666996
312 12.691813400808915
313 13.51218937686735
314 13.325282879940328
315 12.663902077833264
316 12.799247592551723
317 14.24818808826898
318 13.502077531806368
319 13.655997981130344
320 13.633224412116405
321 13.478997864801556
322 12.416155707241728
323 13.421193080038881
324 12.903875689983686
325 13.569298797357995
326 12.91612627898312
327 9.448668441599057
328 11.352270855280771
329 11.896387921862802
330 11.60473672678477
331 11.199189264346519
332 11.36302880633577
333 11.504457269824808
334 11.0418758243385
335 9.777573124555996
336 10.967169636840287
337 10.506924865236384
338 10.413465234719599
339 10.698588822999229
340 10.554342917955655
341 11.031379593366893
342 11.262360368592859
343 10.97348483385978
344 11.366592567091493
345 11.28865720600959
346 11.70837858719775
347 13.153188230460408
348 12.964979345050414
349 12.967466689090054
350 12.918300012061474
351 13.342465591270098
352 14.477303204055332
353 14.886484734012438
354 14.094174155161996
355 14.072657108661348
356 13.298859021771309
357 12.761369742792441
358 12.830429513470017
359 13.627626432593804
360 13.855386909805832
361 12.915873519419238
362 13.299489245379764
363 13.121164252884375
364 12.548305238627213
365 13.17730967417036
366 13.669456931010924
367 13.572252473180958
368 13.380862524230128
369 13.041602276469815
370 13.665904620554912
371 14.143537528826053
372 13.47237708213203
373 14.50369853348682
374 12.993255259385936
375 12.789714766211034
376 13.177550511357596
377 12.615514508020814
378 13.033098389902392
379 11.90683206387792
380 12.621073460166112
381 12.265725655704365
382 11.622068138417477
383 12.591364167844938
384 11.735002976801363
385 12.144100139485483
386 12.414632088147046
387 12.318592191693236
388 12.696543226953954
389 13.802190140511687
390 13.485679663545879
391 10.402130471033034
392 11.511081056284615
393 11.0101759626335
394 10.674821201575583
395 11.122260383102383
396 11.130379635677915
397 12.868438055127127
398 13.795171158786134
399 12.909596766760185
400 12.199890691896318
401 10.707034295267931
402 11.92432837780859
403 12.863330873844664
404 12.222900792124733
405 13.118461089833797
406 12.308820743449177
407 12.908801311995616
408 13.694914023587012
409 13.121922938327375
410 13.387242497296672
411 13.2776057501067
412 12.90069261642522
413 13.304143439740635
414 13.444027028404777
415 13.56281736174909
416 13.638738810760222
417 12.744559031080838
418 13.384739983525812
419 14.12536697282028
420 12.23012612162986
421 14.10471540623736
422 13.409235670567499
423 13.182755949957384
424 12.707072311839202
425 13.131857540840848
426 12.97478914960511
427 12.945069746860892
428 13.466747888129746
429 14.040843559428799
430 13.649267234855023
431 13.47139580011775
432 13.708835412806144
433 13.56497410395664
434 13.20139535822276
435 13.75009174174335
436 13.267330745799322
437 12.993353356676558
438 13.005861581726702
439 13.216315302583059
440 12.942670048483516
441 12.214772040443572
442 14.010309208205987
443 13.19040334524849
444 13.116257928599673
445 13.186949674269682
446 13.701014903516262
447 13.337215600079485
448 12.410892173311709
449 13.517974084375604
450 13.152648759395975
451 13.690280888367765
452 13.693266603461943
453 13.901304374900892
454 12.563708209572379
455 13.85987382982185
456 11.637863978619174
457 12.63879195372024
458 13.285175890505936
459 12.466315812774852
460 13.476758624185477
461 13.88807294052987
462 13.176394737421019
463 13.150245333665538
464 13.526512649535317
465 12.390702820216596
466 9.621602587775229
467 11.141353172118125
468 10.613388228035891
469 13.12759727705736
470 13.79085244982058
471 13.87320686778849
472 13.762143175313353
473 12.624437577599691
474 13.002191695742034
475 13.821333010098064
476 13.803134593439674
477 12.815793611281219
478 13.460629137673735
479 13.316609054298388
480 12.339865014822948
481 11.986277483828536
482 11.259975342044367
483 12.17592462210204
484 12.31618170635132
485 12.301146411757456
486 11.974429272252063
487 12.032122559325446
488 12.556036286033025
489 13.443526275953923
490 13.63599580860756
491 13.605758863564688
492 12.990714982194586
493 13.958325027184074
494 13.619408254603764
495 13.095713105576763
496 13.83885494708167
497 14.47095200249563
498 12.61689176940119
499 13.232766467689746
