#Frame    total[bond] total[angle]   total[dih] total[vdw14] total[elec14]   total[vdw]  total[elec] total[total]
       1     285.0726     768.2776    1219.5986     354.2505     4523.1349    -740.4050   -7081.7422    -671.8130
       2     321.0229     757.3054    1203.8803     356.7779     4523.3725    -736.1275   -7017.8995    -591.6680
       3     307.0906     783.7225    1200.6486     341.8617     4472.8270    -759.7583   -7067.9148    -721.5228
       4     329.5657     770.9989    1197.7981     348.2217     4469.7018    -743.7662   -6877.9905    -505.4704
       5     302.5869     808.4283    1201.9153     336.9364     4485.6536    -744.8071   -6972.1149    -581.4015
       6     305.4443     767.0666    1201.1773     338.7050     4477.2186    -746.3589   -6931.8209    -588.5680
       7     309.9653     785.0053    1193.5230     336.6584     4492.4234    -746.7175   -6927.4873    -556.6294
       8     329.6743     805.4980    1216.1072     328.4923     4469.8766    -745.9518   -6978.6186    -574.9219
       9     288.2429     821.0728    1201.8604     348.9962     4486.2883    -732.8096   -7001.7117    -588.0608
      10     291.7609     776.6592    1204.5639     336.4534     4447.0784    -755.9646   -6960.0704    -659.5193
      11     289.1273     802.6461    1201.4140     346.2125     4460.9266    -735.3382   -6932.4931    -567.5048
      12     306.2178     801.5392    1204.1496     336.7628     4466.6897    -719.7636   -6967.4388    -571.8432
      13     335.5968     785.2359    1219.2519     334.9365     4513.1829    -734.0975   -7050.7045    -596.5981
      14     301.9743     775.5190    1214.5462     351.7410     4511.4637    -722.4630   -7057.7095    -624.9284
      15     365.2211     803.3004    1211.6465     332.1045     4470.6414    -759.9249   -6987.5580    -564.5690
      16     317.7950     791.7033    1220.6993     337.3017     4486.1504    -753.2201   -6886.1744    -485.7448
      17     304.8188     764.6062    1231.6798     342.0579     4520.4843    -752.9378   -7035.3842    -624.6749
      18     310.8666     788.7483    1198.7734     335.9016     4497.1397    -749.8117   -6902.8652    -521.2472
      19     279.4672     801.3444    1195.8350     358.3610     4489.3638    -739.3256   -7048.6938    -663.6481
      20     308.8859     793.2298    1191.9248     350.8822     4461.8723    -748.9158   -6962.0822    -604.2030
      21     298.0617     817.3458    1231.2441     354.7681     4469.5887    -746.7331   -6980.8993    -556.6240
      22     336.0263     808.2810    1219.0661     358.1326     4463.0164    -736.4021   -6947.0526    -498.9323
      23     313.3124     785.9662    1209.7077     332.8054     4470.7719    -755.9432   -6965.2547    -608.6343
      24     298.9398     840.6064    1194.0400     344.5806     4484.3402    -748.1760   -6924.0520    -509.7210
      25     306.9933     770.0739    1204.6210     350.0538     4471.6367    -735.2348   -7085.0583    -716.9144
      26     316.2798     809.0303    1204.6138     334.1735     4484.5479    -738.3059   -7048.8535    -638.5141
      27     329.6596     773.5173    1180.7021     344.9640     4466.1470    -751.8136   -6952.0255    -608.8491
      28     304.5055     773.3597    1224.1807     336.6569     4476.2132    -745.8425   -6884.9319    -515.8583
      29     327.0769     838.4593    1205.5045     327.1419     4452.9328    -764.8004   -6894.4960    -508.1810
      30     278.4437     802.6167    1205.4123     341.3915     4465.2417    -764.4712   -7024.9486    -696.3138
      31     304.8601     805.7798    1214.9792     351.1994     4465.2427    -770.8608   -6984.6858    -613.4854
      32     297.1038     798.3466    1210.1663     348.2643     4498.4247    -763.3126   -6940.7253    -551.7322
      33     315.6973     855.6703    1217.4691     343.1540     4490.8014    -746.0106   -7039.0178    -562.2364
      34     287.1187     802.2813    1208.0413     347.1186     4449.4049    -766.3349   -7056.3552    -728.7251
      35     307.2355     828.5555    1215.3937     340.6871     4439.5319    -749.7882   -7050.5027    -668.8871
      36     298.5531     826.9161    1211.2158     338.7298     4473.1827    -732.7021   -7071.5114    -655.6160
      37     299.3317     820.3385    1203.7465     328.0493     4473.5690    -740.9714   -7014.0393    -629.9755
      38     333.5218     790.0087    1208.7150     339.5793     4438.6472    -744.4475   -7097.1354    -731.1108
      39     311.7376     793.3196    1213.0941     348.3772     4494.2338    -758.7488   -7050.3933    -648.3797
      40     314.8511     779.3888    1229.2822     346.6461     4513.2773    -755.1441   -6984.1451    -555.8436
      41     278.9804     805.2914    1203.1152     337.8548     4447.3764    -735.4872   -6937.7902    -600.6592
      42     321.9924     793.5038    1222.6830     348.8377     4462.5516    -738.1111   -7037.3297    -625.8722
      43     302.6490     786.3938    1202.9005     353.0901     4546.2136    -740.5557   -7119.3108    -668.6194
      44     282.5540     765.8470    1218.5411     346.4971     4494.0542    -737.3487   -6991.4404    -621.2957
      45     306.9437     774.9954    1188.3284     348.5989     4490.4101    -735.0381   -6997.8769    -623.6385
      46     339.2936     790.9136    1197.9457     352.2316     4459.6047    -756.4175   -6965.9724    -582.4006
      47     311.4174     849.0069    1189.6099     354.8848     4480.6867    -736.6864   -7062.7931    -613.8737
      48     297.4820     773.1983    1212.8470     350.9536     4482.7904    -741.9426   -6999.6821    -624.3534
      49     315.0779     830.7309    1204.1265     352.1299     4503.8227    -752.0034   -7167.1197    -713.2351
      50     296.2152     783.3578    1219.7568     347.7735     4504.9755    -747.5399   -7111.0578    -706.5190
      51     298.7007     775.1470    1216.8604     333.9480     4492.1258    -732.7932   -7037.3692    -653.3804
      52     315.3681     808.6432    1220.8651     335.9399     4465.1141    -740.6062   -6995.7659    -590.4418
      53     305.3690     778.7051    1214.3025     348.2805     4461.2038    -737.8606   -7090.9744    -720.9740
      54     326.5763     796.6880    1191.4698     338.0910     4498.4287    -768.0899   -7056.0155    -672.8516
      55     322.0011     798.0191    1243.5320     338.9219     4473.2571    -750.2795   -6946.8212    -521.3695
      56     329.7749     805.7258    1207.9231     344.8901     4477.1238    -741.9878   -7016.9244    -593.4745
      57     307.4515     788.4159    1194.4255     347.2604     4472.5867    -741.5149   -7007.8700    -639.2450
      58     333.8688     799.3643    1208.3057     330.9563     4477.3611    -738.8209   -6947.3305    -536.2951
      59     328.5679     827.4491    1206.2661     338.2970     4465.9221    -726.7758   -6993.8377    -554.1114
      60     315.6691     770.3147    1202.4312     325.0314     4474.4303    -749.4550   -7011.7578    -673.3361
      61     319.8903     773.0766    1214.7238     352.9620     4488.7650    -755.4683   -7056.7059    -662.7565
      62     302.1425     810.1411    1199.6778     349.5668     4506.6467    -746.9162   -7069.7266    -648.4679
      63     317.6985     809.7518    1198.5912     337.8224     4495.9715    -738.9823   -7033.8921    -613.0390
      64     275.8641     780.4749    1205.7252     347.5368     4461.0901    -748.4634   -6964.5806    -642.3527
      65     304.0670     802.3181    1191.1014     344.5422     4483.4706    -735.1807   -6931.9616    -541.6430
      66     284.1062     797.1512    1209.0717     346.9202     4531.3734    -741.3151   -7030.6022    -603.2946
      67     305.3699     789.1869    1201.4337     343.2999     4488.7127    -736.5178   -7012.5115    -621.0262
      68     320.2237     808.7856    1212.8499     347.3458     4468.5127    -728.7201   -7000.0912    -571.0936
      69     294.4265     809.3892    1201.8030     352.7441     4467.1787    -750.0217   -6963.9841    -588.4642
      70     301.0576     769.0039    1192.9857     346.1484     4472.8133    -750.5239   -6971.3265    -639.8414
      71     292.4986     811.6938    1207.1849     348.6161     4509.9675    -742.3395   -7118.4013    -690.7798
      72     322.5396     773.2522    1215.3524     339.9291     4490.0961    -747.8536   -7044.4666    -651.1507
      73     308.1875     828.6639    1185.0685     332.1463     4477.8324    -765.0383   -7116.5835    -749.7232
      74     306.6590     775.4680    1193.4709     343.1909     4483.6900    -738.1766   -7099.0818    -734.7797
      75     312.9626     822.6926    1207.1419     344.7413     4467.3406    -745.3209   -6990.2565    -580.6984
      76     314.8181     759.0641    1205.4428     347.7995     4456.9897    -754.4659   -6881.4992    -551.8508
      77     328.0404     804.5535    1203.9638     347.6568     4458.7996    -748.2801   -6953.1756    -558.4416
      78     313.2389     790.3486    1210.5203     349.3132     4478.5628    -753.1728   -6983.4675    -594.6565
      79     303.3823     809.3284    1209.5754     356.0748     4505.3769    -742.8530   -7030.8124    -589.9276
      80     286.1896     812.1443    1226.2112     354.6000     4510.9071    -764.9293   -7080.1999    -655.0770
      81     312.9966     822.3310    1213.0893     343.8215     4464.1541    -761.1115   -7022.3914    -627.1105
      82     333.1569     804.3595    1199.5564     326.7263     4458.3620    -745.2268   -7029.0740    -652.1398
      83     285.7665     788.4863    1198.4307     338.1543     4448.7416    -746.4236   -7072.4864    -759.3306
      84     317.4767     813.3209    1205.9047     340.5955     4469.5363    -751.6661   -7095.8432    -700.6752
      85     310.1481     824.3412    1227.2464     348.8095     4458.9019    -739.0887   -7030.0894    -599.7311
      86     305.0042     790.8357    1225.9796     340.2689     4490.7312    -754.2133   -7137.8505    -739.2442
      87     326.3910     786.3231    1211.0878     343.0741     4479.1196    -742.3960   -7026.6744    -623.0748
      88     303.6115     809.2652    1201.4263     328.0619     4469.1849    -757.5394   -7095.2323    -741.2219
      89     313.0374     783.6926    1221.7361     346.6893     4506.7418    -734.6614   -7143.8628    -706.6269
      90     290.8050     806.6337    1228.8962     340.2817     4516.6654    -742.7044   -7188.1893    -747.6118
      91     329.2544     759.8483    1218.0045     331.1295     4461.3868    -731.7828   -7030.6941    -662.8534
      92     317.5827     769.4016    1206.5427     335.2956     4481.4946    -731.9477   -7079.2633    -700.8939
      93     315.6156     811.6494    1216.8002     329.4590     4470.0922    -754.7979   -7005.1363    -616.3176
      94     314.8104     799.7128    1192.1237     339.8824     4470.3446    -745.5986   -6980.8252    -609.5500
      95     289.8468     783.9570    1192.2774     338.0264     4515.1532    -714.7744   -7050.2140    -645.7277
      96     325.0733     813.6152    1209.8741     340.9409     4470.3237    -743.5651   -7065.2054    -648.9432
      97     295.0407     841.4284    1191.1136     332.4835     4477.4234    -728.9364   -7129.5358    -720.9826
      98     282.2495     861.9129    1223.0015     341.6822     4478.5052    -735.2911   -7078.7084    -626.6482
      99     303.0971     784.4179    1191.8087     341.0207     4475.3833    -757.5855   -7073.1973    -735.0552
     100     289.9278     818.9585    1198.9110     347.2478     4486.1421    -748.3210   -7018.3200    -625.4539
     101     330.2607     805.7292    1232.7948     335.2522     4489.4938    -768.1523   -7085.2051    -659.8267
     102     309.0502     767.9856    1215.5810     348.8692     4488.2650    -723.8487   -7187.4681    -781.5659
     103     299.4612     785.9314    1206.3560     346.2832     4494.9031    -731.2943   -7050.3312    -648.6906
     104     311.9949     768.4562    1216.4565     349.1939     4503.1492    -759.6207   -7023.1878    -633.5577
     105     289.0928     754.9267    1210.2347     350.9352     4493.5868    -751.4342   -7112.0998    -764.7577
     106     293.6513     776.7284    1194.3737     336.8671     4449.9327    -739.7375   -6962.6734    -650.8577
     107     286.7223     754.4399    1199.6148     345.2328     4514.4816    -730.0243   -7027.6973    -657.2302
     108     282.7102     787.8728    1240.0073     342.2066     4496.7604    -760.3850   -7061.2770    -672.1046
     109     304.4300     817.1791    1197.7214     348.6490     4487.3541    -747.0350   -6987.3150    -579.0164
     110     300.1767     777.4264    1199.7545     346.2635     4481.7696    -746.7549   -6930.0337    -571.3980
     111     313.9038     787.9948    1207.9682     333.2352     4458.9236    -725.7083   -7126.3780    -750.0609
     112     296.9522     786.0728    1214.0263     335.4035     4471.2980    -749.7750   -7091.1084    -737.1305
     113     308.2638     781.8919    1186.1654     351.9626     4465.8018    -761.0644   -7031.0623    -698.0412
     114     289.3644     810.0087    1215.5056     340.7155     4447.8340    -756.5685   -6882.0597    -535.2001
     115     327.7488     832.5843    1196.8695     344.6757     4451.8883    -730.6564   -6918.8064    -495.6962
     116     280.5461     807.7664    1200.5265     334.6672     4434.9328    -751.2130   -6829.9636    -522.7377
     117     296.4179     762.8577    1206.5355     345.4787     4479.8488    -752.9657   -6933.2915    -595.1186
     118     327.1704     806.2427    1205.6556     330.0199     4486.8508    -765.6647   -6908.2574    -517.9827
     119     284.6349     811.4585    1221.9765     362.0629     4482.8664    -747.4482   -6998.5215    -582.9705
     120     292.9973     809.5021    1209.3781     352.5148     4492.4695    -742.1400   -6944.2769    -529.5552
     121     319.9541     786.8481    1206.0726     337.6118     4491.9455    -767.8773   -6938.5485    -563.9938
     122     319.4914     825.4739    1206.4835     330.7151     4467.0945    -757.5995   -6929.3227    -537.6639
     123     315.5860     800.5261    1201.7827     335.3276     4481.4562    -748.9378   -6984.0644    -598.3237
     124     323.7548     770.0326    1216.1808     330.8982     4473.5914    -746.5602   -7045.6346    -677.7370
     125     308.1493     753.2042    1204.6957     348.0870     4497.7667    -723.1486   -6995.1612    -606.4068
     126     293.0331     813.9160    1226.7774     347.4798     4478.8705    -743.5207   -6976.8264    -560.2702
     127     313.6557     779.8023    1204.8906     350.8824     4453.7226    -735.2265   -6988.2663    -620.5392
     128     322.3045     784.8752    1191.9022     341.0462     4492.4262    -750.9557   -7090.1614    -708.5629
     129     307.5779     799.3882    1217.0650     357.9322     4475.6703    -760.0636   -6983.4827    -585.9126
     130     305.8754     812.6300    1213.1785     344.6244     4525.2482    -753.7580   -7143.9323    -696.1338
     131     301.8853     805.2130    1193.7540     352.9156     4468.2677    -757.7707   -6937.6018    -573.3368
     132     311.3635     790.8502    1190.0147     352.6781     4489.7778    -743.4385   -6978.4581    -587.2124
     133     286.5271     761.8838    1197.8644     354.7877     4510.3410    -757.0502   -7104.4059    -750.0522
     134     289.5348     785.4170    1174.7527     346.9800     4462.7220    -722.6682   -7117.2356    -780.4973
     135     310.3519     828.3585    1218.3835     345.0972     4473.2743    -745.7278   -7084.6920    -654.9544
     136     310.6019     804.6626    1216.0020     350.6601     4447.6516    -746.2638   -7040.6585    -657.3441
     137     331.4679     810.1782    1195.8408     339.0106     4475.0659    -756.4732   -7112.0550    -716.9648
     138     317.6606     797.7701    1199.3673     345.9365     4407.6789    -759.7042   -6976.6162    -667.9070
     139     286.2504     772.7496    1211.5423     347.5727     4460.1310    -730.5106   -7014.9278    -667.1924
     140     298.8587     788.6528    1191.1405     344.2828     4500.6639    -743.1389   -7082.0989    -701.6391
     141     317.9133     773.9815    1204.2082     352.6411     4499.0669    -742.1406   -7037.8288    -632.1584
     142     286.3435     797.2516    1202.1562     367.9870     4484.1591    -749.6800   -6950.3301    -562.1126
     143     309.2559     800.8845    1192.3679     353.8885     4517.5209    -733.3383   -7090.6772    -650.0978
     144     318.9472     774.3886    1210.1631     351.1173     4492.1177    -739.2725   -6982.8195    -575.3582
     145     304.5475     798.5586    1207.8938     347.3135     4455.0593    -741.7033   -6953.3608    -581.6916
     146     291.5410     796.6623    1206.6849     343.2810     4488.9541    -740.1008   -6989.8969    -602.8744
     147     313.5995     787.4529    1220.1598     332.4145     4408.8621    -752.6727   -6988.0565    -678.2404
     148     308.5028     814.9222    1202.3023     338.0203     4446.9970    -754.7822   -6995.5967    -639.6343
     149     307.3336     798.4860    1197.9201     351.1643     4440.1941    -745.2065   -7037.9610    -688.0695
     150     293.9845     815.7430    1197.1426     336.7306     4436.1246    -770.3821   -6972.2171    -662.8739
     151     293.4833     790.6719    1185.7539     342.6562     4447.5361    -731.9679   -7071.3906    -743.2572
     152     274.1350     827.3373    1202.0885     338.0678     4465.3484    -752.1992   -6963.9876    -609.2098
     153     302.5169     775.8363    1194.2894     346.5768     4454.7345    -745.3461   -6973.6776    -645.0697
     154     308.8103     820.6149    1205.2183     350.7402     4485.8407    -756.3272   -6970.8933    -555.9960
     155     308.0751     821.0442    1204.0742     332.7531     4364.2647    -753.8480   -6825.8323    -549.4690
     156     312.5596     782.2432    1210.5495     347.8932     4469.0169    -733.5710   -7085.4427    -696.7514
     157     307.0509     809.3153    1206.7898     336.3544     4450.4796    -749.6140   -7013.1904    -652.8144
     158     296.3757     794.0893    1195.4024     339.2704     4460.3566    -750.7212   -6957.3693    -622.5961
     159     296.8066     790.6364    1214.6669     346.7654     4422.5562    -744.6086   -6966.2876    -639.4646
     160     299.0649     801.8709    1201.7121     337.1647     4415.7309    -752.2365   -6856.5400    -553.2330
     161     311.9129     798.1100    1184.9141     346.8391     4458.1680    -724.6089   -6900.7810    -525.4458
     162     308.5407     763.4137    1174.5598     339.7545     4417.7104    -756.1440   -6780.1271    -532.2920
     163     304.6811     768.2990    1215.2625     352.3554     4438.9180    -740.4799   -6970.0540    -631.0177
     164     316.6442     804.8115    1208.2321     328.3243     4421.2140    -750.7234   -6856.6297    -528.1270
     165     285.3049     818.8822    1207.4219     341.0333     4495.0111    -743.2152   -6892.7096    -488.2714
     166     308.0670     803.5786    1203.2286     346.2386     4492.6395    -742.7569   -6882.4687    -471.4733
     167     296.4141     804.5273    1212.4356     340.0367     4461.5988    -748.7705   -6961.3138    -595.0718
     168     300.1805     818.7904    1200.9819     339.7214     4446.1111    -734.4389   -6977.7456    -606.3992
     169     316.1312     793.8840    1217.7828     339.7922     4455.5026    -737.2776   -6928.3666    -542.5514
     170     280.5303     819.2099    1187.4362     330.3172     4451.4125    -744.6941   -6983.8014    -659.5895
     171     280.9915     781.5762    1190.6106     341.6864     4441.7349    -749.9727   -6947.2502    -660.6233
     172     303.8419     799.3920    1219.3352     347.9174     4449.5735    -754.2995   -6882.3083    -516.5479
     173     323.5338     801.8990    1221.4727     333.7604     4417.2214    -759.9490   -6891.6056    -553.6673
     174     286.3718     782.6402    1205.0061     354.8317     4475.7325    -754.1306   -6879.8536    -529.4019
     175     296.3018     789.1998    1204.5226     342.9299     4426.3681    -752.2167   -6901.0578    -593.9523
     176     317.9771     812.4762    1188.4317     341.7811     4438.3926    -745.9580   -6819.7470    -466.6462
     177     300.0344     801.9251    1217.6672     339.9038     4438.8782    -773.9403   -6856.9317    -532.4633
     178     305.9286     795.3092    1197.5209     355.1846     4468.2699    -737.5417   -6855.0788    -470.4073
     179     286.8938     808.7360    1193.6568     349.0931     4461.0754    -730.2875   -7009.3140    -640.1464
     180     292.5771     810.8154    1217.9308     347.4233     4453.5642    -745.7897   -7082.1249    -705.6038
     181     266.1536     800.9229    1205.5786     342.1157     4468.9580    -766.9418   -6991.7324    -674.9454
     182     287.9971     801.2367    1209.0882     352.7911     4465.7056    -759.2320   -6992.1985    -634.6118
     183     329.4030     777.8308    1217.7976     337.7230     4432.5332    -747.4415   -7066.9688    -719.1227
     184     280.0217     839.7007    1205.7825     348.6285     4435.6572    -740.8544   -7036.8001    -667.8638
     185     305.8369     795.5608    1226.1565     358.7914     4485.4551    -750.0659   -6963.6096    -541.8748
     186     299.5813     781.4503    1202.4428     345.4558     4432.9021    -752.4241   -6957.7007    -648.2924
     187     322.0433     818.0938    1194.5546     342.4177     4464.6607    -749.4928   -6979.7535    -587.4762
     188     301.0679     807.9347    1220.8401     344.8244     4426.4891    -758.2340   -6931.7196    -588.7973
     189     286.0061     834.1738    1198.5038     345.8185     4473.4295    -738.5085   -6983.2971    -583.8739
     190     291.9974     845.8462    1217.3761     348.0136     4455.3108    -771.5707   -7014.6208    -627.6474
     191     312.2839     773.0867    1217.7093     352.0966     4478.6809    -766.6383   -7052.5914    -685.3724
     192     303.3103     821.7685    1229.5965     339.0236     4467.2390    -749.6932   -6956.7957    -545.5510
     193     285.4958     812.9192    1197.5487     342.4543     4461.9658    -748.6601   -7008.7516    -657.0278
     194     329.5055     801.7431    1199.3736     349.1956     4490.3927    -770.5958   -6991.1126    -591.4979
     195     324.2599     787.4869    1211.0423     330.8578     4474.4630    -734.8342   -7088.7083    -695.4325
     196     307.9029     815.6230    1181.0589     349.9678     4472.2029    -761.8217   -7022.9396    -658.0057
     197     315.7454     778.3750    1205.5636     350.7785     4503.1240    -745.9822   -7085.6881    -678.0838
     198     291.0344     808.5266    1188.0340     358.8166     4478.2499    -767.9872   -7009.7156    -653.0413
     199     308.9448     759.3079    1193.6812     340.5099     4500.7849    -745.3940   -7050.2861    -692.4514
     200     301.9588     820.8777    1202.6448     346.5027     4431.7705    -731.1033   -6913.1499    -540.4986
     201     291.9553     795.5367    1212.5711     346.2096     4493.7535    -751.0268   -7137.8364    -748.8372
     202     314.8126     770.4148    1200.6169     341.2012     4483.8270    -752.6262   -7083.1395    -724.8933
     203     306.6938     806.8660    1201.3532     345.8673     4470.0394    -747.8669   -7039.3858    -656.4328
     204     298.3901     819.2370    1215.9279     325.6805     4457.5686    -739.1816   -7031.2000    -653.5775
     205     289.6254     844.1068    1211.9966     331.3962     4460.7789    -748.8072   -6983.9863    -594.8896
     206     287.5990     779.6846    1216.3319     350.2668     4515.4810    -752.1179   -7081.9857    -684.7402
     207     315.4845     824.7359    1207.1036     325.6655     4492.2766    -758.0019   -7078.7795    -671.5155
     208     336.5096     826.7025    1207.9165     334.3973     4453.8332    -752.2000   -7055.3027    -648.1435
     209     297.8663     819.2141    1205.8242     347.5518     4505.4670    -762.2716   -7005.6302    -591.9785
     210     297.2591     807.0179    1209.0388     350.9161     4476.3654    -738.8035   -7076.3391    -674.5453
     211     318.3106     786.8090    1188.2776     336.6537     4487.0566    -753.5495   -7055.5296    -691.9717
     212     292.5778     801.1320    1222.4765     343.4049     4476.3427    -763.5098   -6999.7371    -627.3130
     213     299.1435     774.8395    1216.0151     344.9906     4486.8233    -743.1525   -7041.8176    -663.1582
     214     308.2224     798.3530    1213.6451     345.5226     4475.7574    -752.7332   -6925.8095    -537.0422
     215     309.0395     792.4475    1225.9672     352.5755     4449.6717    -748.4426   -6989.4386    -608.1799
     216     275.1186     789.0823    1212.3470     342.7790     4520.5054    -737.1001   -7004.8531    -602.1207
     217     299.2371     830.6358    1204.1304     349.5731     4499.8073    -754.5545   -7015.6294    -586.8002
     218     313.9153     789.7569    1206.3251     357.7388     4506.0010    -753.1940   -7006.6015    -586.0584
     219     317.2596     789.9206    1218.6511     350.8931     4484.1067    -759.9159   -7060.5769    -659.6617
     220     324.4200     787.5315    1198.5738     333.9383     4464.5123    -745.2890   -7020.2484    -656.5615
     221     291.7142     788.1147    1196.0390     341.3973     4496.2796    -744.9322   -6981.4746    -612.8621
     222     325.0256     776.1348    1186.6752     347.1533     4461.5958    -739.4471   -6968.6444    -611.5068
     223     293.9619     821.6565    1192.4297     339.4681     4467.9472    -738.2187   -7055.6731    -678.4284
     224     318.6382     817.3600    1207.5183     342.9080     4431.8992    -757.5265   -6956.2637    -595.4665
     225     308.8402     821.8245    1224.6531     344.5324     4476.9115    -763.8375   -7029.2101    -616.2859
     226     314.4747     803.2989    1211.1846     335.9354     4482.7505    -758.4906   -7079.7087    -690.5552
     227     307.6843     790.9548    1207.7335     341.6528     4462.1610    -740.9352   -6941.6966    -572.4454
     228     302.7466     788.7384    1215.8643     333.2981     4427.6761    -751.6338   -7048.0907    -731.4010
     229     344.9650     798.6227    1197.6543     341.3466     4461.1949    -748.5185   -7081.7473    -686.4823
     230     292.4993     757.3989    1208.9526     351.4403     4494.7740    -771.0410   -7002.2520    -668.2279
     231     313.2389     790.8268    1216.8830     338.1663     4448.7344    -736.9158   -7089.6580    -718.7243
     232     301.1692     844.3599    1198.3344     331.1761     4449.6804    -747.6575   -7026.7258    -649.6634
     233     310.0815     826.5971    1228.0100     342.4701     4498.2604    -773.9239   -7011.9199    -580.4248
     234     292.2473     802.2445    1217.6074     336.3006     4455.0735    -748.2139   -7074.9582    -719.6989
     235     316.5483     788.5896    1218.9775     346.7673     4511.7311    -751.7896   -7056.3281    -625.5039
     236     315.5605     769.2101    1222.2242     344.5304     4504.3006    -745.9286   -7037.2748    -627.3777
     237     289.5109     825.9855    1200.7086     345.0648     4492.1019    -763.5093   -6989.5738    -599.7113
     238     316.5426     811.5468    1197.3806     328.3646     4440.6753    -743.6565   -6921.8107    -570.9572
     239     285.6234     809.3072    1198.6126     357.9466     4460.2801    -750.8662   -6918.2700    -557.3664
     240     288.4166     800.5012    1201.5113     343.0523     4485.5683    -748.9145   -6889.1803    -519.0450
     241     309.4335     782.1720    1197.9763     338.3185     4475.1755    -756.3320   -6950.4592    -603.7153
     242     293.2725     798.3961    1208.1028     343.6941     4471.1161    -752.4564   -6989.1548    -627.0295
     243     311.4681     800.7492    1213.5533     345.1560     4468.2505    -754.2138   -6952.2008    -567.2375
     244     323.4059     811.9828    1197.3837     346.8619     4481.0276    -745.7156   -6931.2190    -516.2726
     245     300.4228     803.6415    1222.8091     337.9780     4503.0988    -759.0610   -7089.4809    -680.5917
     246     334.7177     769.8570    1186.3010     339.6799     4486.8522    -758.2217   -7084.4819    -725.2959
     247     331.6906     812.0288    1205.3801     338.2141     4482.3364    -762.3105   -6989.8955    -582.5560
     248     296.9109     782.7490    1173.6871     340.7866     4477.3448    -738.4783   -6952.7265    -619.7264
     249     334.7363     795.8626    1199.0579     357.3177     4478.8056    -760.3284   -7002.8891    -597.4374
     250     301.5359     800.2025    1206.1218     335.0643     4436.8669    -759.0234   -7004.0032    -683.2352
     251     308.7531     786.4341    1201.2770     343.0568     4499.3204    -757.1510   -7048.4248    -666.7343
     252     290.3291     767.2462    1185.0132     355.7827     4474.0768    -732.8872   -6963.4025    -623.8417
     253     281.9051     820.8673    1195.4291     352.2453     4469.0952    -738.9583   -6977.7333    -597.1496
     254     319.1319     809.2612    1186.1308     331.3447     4451.6080    -755.6552   -6964.4502    -622.6288
     255     301.4308     806.0971    1223.9260     334.2969     4479.1216    -740.0802   -7044.1860    -639.3938
     256     293.5448     805.8205    1213.9863     346.4673     4477.9287    -763.8855   -7027.0900    -653.2280
     257     316.3734     806.2883    1185.3255     358.9645     4461.9138    -753.8295   -6962.4134    -587.3775
     258     298.9964     794.4841    1191.6211     354.4926     4510.1575    -764.4587   -7017.7660    -632.4729
     259     296.3357     833.8533    1202.5433     347.3331     4482.1031    -744.3773   -7006.9062    -589.1150
     260     296.0523     784.9938    1202.0468     345.4766     4497.2444    -758.4958   -6936.7494    -569.4314
     261     302.0007     801.3474    1218.3290     346.5353     4476.0035    -744.5997   -6915.5643    -515.9479
     262     301.1288     800.3120    1197.3821     343.0584     4516.5101    -731.9340   -7082.8984    -656.4410
     263     308.8577     810.4461    1214.6122     336.0716     4493.1764    -752.0902   -6943.3017    -532.2278
     264     311.0143     793.3242    1206.5111     339.9030     4497.1491    -737.9461   -6939.9788    -530.0233
     265     325.1677     776.2060    1203.9911     353.9339     4508.4430    -744.3731   -6939.5081    -516.1397
     266     340.1139     780.0398    1208.5122     328.7070     4504.8963    -757.8708   -7065.4784    -661.0801
     267     297.7303     795.4916    1224.0680     355.5731     4491.0732    -728.5739   -7068.2954    -632.9330
     268     319.8163     768.3621    1209.0325     335.9061     4472.7753    -770.4235   -7010.4149    -674.9460
     269     314.8623     807.1272    1189.9642     350.2239     4460.6811    -721.1482   -6962.7748    -561.0643
     270     305.6848     754.8276    1194.9324     331.0152     4487.3445    -769.5591   -6981.0657    -676.8204
     271     332.1059     802.0910    1215.1085     345.7878     4475.7717    -743.9367   -6996.7737    -569.8456
     272     301.5671     801.6906    1192.6270     361.9474     4517.5195    -739.4720   -7004.4455    -568.5659
     273     310.0896     783.9392    1197.1593     343.1643     4462.1279    -756.4691   -6975.9710    -635.9597
     274     323.5836     781.5544    1203.9942     351.6338     4492.3670    -754.5262   -6974.0259    -575.4192
     275     301.2934     809.6102    1183.8025     333.7929     4480.3048    -762.6704   -7047.8192    -701.6857
     276     319.4374     809.8889    1209.2457     334.2112     4450.0125    -729.3173   -6862.4348    -468.9565
     277     303.6552     819.2656    1211.3511     330.2416     4492.9837    -757.0413   -7011.0853    -610.6293
     278     330.2443     767.7745    1206.9575     348.8673     4479.1553    -749.0603   -6996.6386    -612.7000
     279     331.2822     771.5184    1202.4946     336.7220     4485.4575    -769.3674   -7009.8043    -651.6971
     280     295.0734     787.4048    1212.0143     356.7552     4505.5605    -742.4492   -7027.4029    -613.0439
     281     320.6783     816.0119    1217.2349     337.4099     4459.8147    -758.6319   -6956.5232    -564.0053
     282     322.0334     813.9071    1202.8297     322.5937     4477.4385    -730.6683   -6992.7419    -584.6078
     283     292.7184     790.5274    1197.8273     343.4427     4473.2137    -754.6155   -6870.8711    -527.7571
     284     331.8752     796.8705    1185.1194     323.2463     4439.1721    -732.2745   -6936.5060    -592.4969
     285     312.8731     801.7991    1211.4394     340.8220     4497.3600    -739.3270   -6963.2803    -538.3137
     286     270.4466     822.0370    1232.4525     363.6890     4511.5405    -754.1669   -7100.5600    -654.5613
     287     292.6895     784.2711    1206.9027     347.0820     4466.3496    -744.2056   -6948.5177    -595.4283
     288     295.7948     818.0158    1194.7025     338.4071     4456.0259    -751.2584   -6903.4280    -551.7402
     289     341.6295     814.5065    1210.5327     341.4693     4437.6067    -749.9213   -6978.2153    -582.3919
     290     322.0639     798.4074    1189.6981     350.7469     4462.4179    -750.9142   -6918.3796    -545.9597
     291     291.2980     833.9271    1202.0106     338.5704     4438.9027    -762.1310   -6868.9753    -526.3976
     292     310.0765     774.2915    1225.8426     342.3034     4475.5619    -754.0274   -7020.8288    -646.7802
     293     301.4092     808.3820    1198.5451     346.0930     4452.0468    -757.6366   -6953.3580    -604.5185
     294     340.2853     750.5154    1201.5798     338.7563     4477.5802    -748.9671   -6990.0714    -630.3216
     295     279.4500     819.7116    1187.7618     344.9061     4468.1734    -752.7332   -7055.3787    -708.1089
     296     307.0906     782.2024    1202.1710     334.5274     4424.1443    -739.9325   -6984.4884    -674.2851
     297     312.0512     759.1698    1213.5150     343.8810     4469.1364    -766.1614   -6951.5453    -619.9533
     298     305.7883     796.6971    1213.1050     348.7134     4465.9233    -763.3187   -7018.3322    -651.4238
     299     325.4232     754.8072    1200.6557     337.5116     4458.9129    -766.8835   -6952.2906    -641.8636
     300     304.6653     782.4516    1186.5558     343.9638     4474.5257    -760.6005   -6997.7934    -666.2316
     301     314.2949     750.7161    1198.9445     322.6616     4492.7601    -765.6561   -6950.3831    -636.6620
     302     314.3560     822.5705    1215.2287     348.4358     4491.0927    -742.6695   -7000.5524    -551.5381
     303     299.4118     800.0975    1212.1625     342.6846     4451.7046    -760.6603   -6896.3127    -550.9120
     304     325.3592     783.4007    1197.1787     336.0228     4464.4382    -744.1921   -7028.7581    -666.5506
     305     324.4359     797.4853    1188.7857     341.4511     4453.8045    -751.5829   -6912.0335    -557.6540
     306     311.6572     822.1832    1205.5626     339.0525     4439.8701    -742.7030   -6939.2415    -563.6189
     307     325.6509     834.0790    1173.5692     331.7237     4464.9877    -745.8717   -6934.9795    -550.8407
     308     326.6392     810.0665    1219.5050     332.0901     4439.2644    -753.1865   -6904.7702    -530.3916
     309     303.7065     802.5812    1206.9148     345.6560     4474.0922    -746.3313   -6928.4492    -541.8297
     310     324.9268     780.8389    1203.0739     333.3793     4457.3314    -763.9713   -6893.0671    -557.4881
     311     313.6171     817.9039    1210.5144     345.6660     4486.8242    -777.7111   -6875.7303    -478.9159
     312     307.5639     785.0884    1212.1904     348.9899     4498.8168    -765.1820   -6944.4844    -557.0170
     313     309.7159     781.5864    1188.6085     343.3153     4487.8834    -752.9289   -6853.9695    -495.7890
     314     276.3603     762.9164    1184.3577     346.7286     4481.4854    -745.7701   -6895.6210    -589.5427
     315     347.4142     763.4164    1187.4885     340.5974     4423.9793    -755.8139   -6891.1735    -584.0917
     316     313.8852     790.3264    1205.6568     348.0485     4502.4493    -747.1893   -6951.8795    -538.7027
     317     292.0972     800.9731    1214.7269     348.7348     4493.1229    -750.4086   -6988.3717    -589.1254
     318     310.0835     802.5663    1205.2982     344.4213     4484.2922    -746.9887   -6968.8956    -569.2229
     319     316.6709     776.7851    1231.1946     338.9011     4495.5302    -755.8557   -6925.7688    -522.5428
     320     304.9759     783.4079    1211.4142     338.4853     4484.9172    -732.3081   -6946.2403    -555.3479
     321     313.1097     777.4248    1194.9737     339.8097     4443.1189    -730.2825   -6919.7830    -581.6288
     322     310.5005     829.6346    1180.2768     333.2951     4484.0591    -744.8233   -6943.8150    -550.8722
     323     311.8978     814.1425    1200.5283     344.0750     4500.5272    -736.3593   -7015.3005    -580.4891
     324     296.3920     803.9418    1210.4471     345.8551     4475.3589    -747.4016   -7047.1540    -662.5607
     325     289.2661     780.4903    1217.3140     360.9666     4493.6392    -756.8115   -6969.7145    -584.8498
     326     330.0862     775.9331    1203.6802     335.5184     4466.9877    -751.0907   -6877.7741    -516.6593
     327     323.0284     787.1010    1216.2554     342.1151     4445.6189    -742.2557   -6904.6891    -532.8260
     328     298.8459     780.7212    1186.8226     349.2338     4479.8029    -758.9013   -6853.0993    -516.5744
     329     288.7606     811.3999    1216.1814     353.9479     4463.6569    -745.0911   -6899.4354    -510.5797
     330     308.5331     830.7233    1210.8604     346.2259     4429.7381    -738.4722   -6825.1627    -437.5540
     331     309.8431     844.3215    1193.3553     348.9377     4476.9674    -729.7781   -6905.6624    -462.0155
     332     310.7173     783.6047    1220.7929     339.4745     4473.2632    -747.6287   -6868.2396    -488.0157
     333     294.2287     816.0648    1214.2224     349.0548     4469.9131    -750.1383   -6887.9155    -494.5700
     334     290.2306     790.6164    1219.3824     349.4647     4450.8648    -737.5267   -6881.1555    -518.1233
     335     267.7617     810.9759    1208.7201     358.4352     4511.5430    -755.4448   -7045.1531    -643.1620
     336     280.5599     814.2445    1219.2080     346.9078     4451.2094    -748.8646   -6961.0228    -597.7578
     337     292.8981     844.4865    1216.3809     347.1769     4491.9159    -749.0798   -6939.4000    -495.6216
     338     288.5001     755.8049    1209.5744     366.0508     4470.7137    -765.5682   -6993.1396    -668.0640
     339     341.9743     773.8533    1217.9761     348.4332     4444.8370    -741.8672   -6989.1796    -603.9730
     340     304.4442     788.5853    1230.6438     341.8558     4453.1642    -763.4168   -6954.3947    -599.1183
     341     300.7278     777.3980    1202.6772     344.6533     4446.6352    -748.8686   -6882.1027    -558.8797
     342     304.6635     784.2108    1208.4346     338.6819     4425.3110    -746.0089   -6966.9072    -651.6144
     343     300.1837     830.8565    1194.0503     340.5979     4442.9297    -739.5934   -6945.4038    -576.3790
     344     311.5304     794.4305    1218.0714     353.0009     4504.8068    -760.5345   -7098.7570    -677.4515
     345     332.6294     779.5712    1197.7443     340.9843     4468.6526    -747.1251   -7000.5807    -628.1241
     346     292.9825     805.7654    1200.1118     347.5829     4479.0320    -769.9910   -6955.9407    -600.4571
     347     304.9144     791.2684    1204.1298     347.1779     4479.2109    -769.8267   -6953.4130    -596.5383
     348     304.9519     827.3783    1197.2376     344.4884     4455.9972    -760.9568   -6992.6121    -623.5155
     349     311.9856     803.4498    1207.8282     340.4369     4508.9975    -743.0237   -7018.2311    -588.5568
     350     304.1945     805.0075    1202.9066     355.0712     4482.4815    -718.7869   -7081.9018    -651.0275
     351     314.9823     792.5431    1186.5042     337.2040     4446.0854    -739.1098   -7056.7161    -718.5069
     352     308.4588     814.9146    1192.3889     337.2931     4425.6632    -766.9975   -6954.7230    -643.0019
     353     307.6438     764.8644    1208.7834     339.5738     4464.3717    -756.4044   -7056.8939    -728.0613
     354     295.6160     796.3429    1197.8976     341.6919     4509.5612    -757.2174   -7008.8550    -624.9628
     355     300.1165     806.3104    1206.6341     357.3675     4496.3261    -754.9380   -7048.4992    -636.6826
     356     322.5900     783.3066    1207.0048     348.6973     4475.3946    -746.0286   -6999.6282    -608.6634
     357     323.4728     793.3649    1219.0224     335.4347     4444.6628    -753.1007   -6949.3360    -586.4791
     358     277.6329     779.2007    1202.0086     341.4339     4487.3222    -754.5743   -7076.8923    -743.8683
     359     299.7988     764.6621    1203.5864     352.4500     4510.2060    -742.5917   -7120.0874    -731.9758
     360     290.8833     803.5317    1230.6449     343.5875     4471.7791    -750.0487   -7021.1851    -630.8074
     361     305.3632     806.4344    1197.7450     341.1880     4475.3589    -757.9437   -6940.7321    -572.5863
     362     329.6147     791.4892    1202.4008     340.8113     4437.3740    -738.2846   -6981.6884    -618.2830
     363     304.1930     792.8822    1232.3536     335.8867     4472.8336    -746.9402   -7071.7404    -680.5315
     364     326.4258     790.7654    1204.9155     333.1357     4474.1389    -749.7348   -7020.8068    -641.1603
     365     292.9135     821.1426    1215.3167     348.2554     4480.0659    -748.4178   -6958.5613    -549.2850
     366     267.6829     802.8685    1214.0835     344.2121     4492.6087    -752.9942   -6978.4180    -609.9565
     367     316.5712     800.4275    1193.6248     343.1312     4487.7539    -757.8165   -6923.3379    -539.6457
     368     313.2495     793.8241    1206.4669     345.2787     4471.0728    -746.5997   -7011.5465    -628.2541
     369     294.4251     835.5729    1216.6098     342.7695     4461.8866    -753.0973   -7025.8183    -627.6519
     370     300.6848     758.8443    1200.6928     345.0749     4465.7803    -741.4081   -6993.3510    -663.6821
     371     292.1180     767.3125    1206.1729     343.8252     4515.0904    -751.6916   -6951.8092    -578.9818
     372     299.4843     789.1008    1212.2596     337.4808     4477.5608    -750.3775   -7029.8746    -664.3657
     373     326.9705     761.5721    1207.2090     341.0103     4488.4859    -748.7295   -6939.6084    -563.0901
     374     324.2026     804.2957    1197.3949     347.5050     4458.9789    -741.9809   -6917.9928    -527.5965
     375     317.7261     774.9552    1203.2190     330.4711     4473.8046    -750.8909   -6943.8713    -594.5863
     376     300.3593     806.8033    1230.2772     327.4082     4498.3977    -740.7045   -6974.0994    -551.5583
     377     303.8585     813.9267    1190.5691     318.1433     4469.1654    -753.1576   -6842.7770    -500.2717
     378     284.5707     781.9419    1228.6559     343.9515     4494.2250    -753.5250   -6932.1998    -552.3798
     379     283.5177     816.9579    1190.9859     340.1462     4468.9205    -754.4892   -6901.1675    -555.1285
     380     307.6020     791.8028    1189.4853     345.3713     4447.9441    -775.8293   -6955.1329    -648.7567
     381     300.4626     772.8129    1226.6829     351.2077     4482.5464    -753.3783   -6958.2609    -577.9267
     382     316.3796     811.4479    1214.6588     335.9195     4468.2116    -752.4461   -6919.4091    -525.2379
     383     309.4582     800.2428    1221.0020     337.1155     4496.1048    -747.0841   -6933.5017    -516.6626
     384     290.1747     799.8853    1201.3678     335.0198     4491.0476    -757.9397   -6945.2802    -585.7246
     385     294.2305     795.7097    1223.4486     337.2973     4498.8259    -748.8729   -6985.2805    -584.6415
     386     314.9053     816.3966    1208.1088     342.8902     4487.5364    -746.5276   -6912.1900    -488.8802
     387     304.5433     801.9690    1227.7783     339.4792     4469.7759    -772.9371   -6922.3244    -551.7158
     388     318.5344     802.2746    1195.3191     336.2191     4465.6019    -750.0832   -6960.4063    -592.5403
     389     296.6790     802.7623    1219.6466     349.8708     4477.9981    -766.1132   -7032.2897    -651.4461
     390     304.1381     763.6528    1212.2738     342.3803     4503.9870    -744.4479   -6909.5619    -527.5777
     391     334.7582     774.1495    1216.6929     335.2885     4477.2753    -742.9829   -7042.1289    -646.9475
     392     289.3531     813.3732    1166.6880     353.6644     4461.9829    -764.1027   -6993.5455    -672.5867
     393     305.9709     765.4836    1204.8268     351.7189     4481.3409    -733.4080   -6985.8218    -609.8888
     394     288.7028     814.7375    1214.5836     340.2410     4519.4021    -756.1106   -6934.4627    -512.9063
     395     296.6726     804.0552    1217.4416     354.0520     4482.7516    -743.7459   -6935.4344    -524.2073
     396     309.5753     774.1864    1203.2968     336.1851     4496.6136    -764.9873   -6914.9969    -560.1269
     397     294.4422     799.4809    1229.1866     333.6540     4448.5670    -737.8615   -6916.4555    -548.9863
     398     315.7454     811.8002    1203.9390     347.0886     4501.4536    -765.0423   -7040.4276    -625.4430
     399     287.3548     812.5545    1205.1095     340.1480     4468.6910    -732.8458   -6938.4580    -557.4460
     400     295.6676     788.8386    1235.7015     349.5402     4525.4134    -745.9097   -7045.8881    -596.6366
     401     298.7427     800.3740    1205.1356     352.2733     4469.1347    -745.0098   -7048.9719    -668.3214
     402     304.9857     784.1493    1226.1350     341.2043     4472.8996    -761.1042   -7080.1101    -711.8406
     403     321.8563     794.8817    1214.1222     346.4632     4488.3499    -752.9668   -7099.6418    -686.9353
     404     303.8310     753.3483    1219.6070     333.8026     4476.6960    -751.6803   -7094.1859    -758.5812
     405     294.7677     803.9899    1200.5077     336.4477     4492.6944    -739.9734   -7007.9403    -619.5063
     406     329.3555     813.4111    1204.4066     340.5340     4488.4996    -737.3353   -7030.0458    -591.1744
     407     296.6054     766.0665    1234.2396     342.9952     4513.6139    -772.3559   -6968.1852    -587.0204
     408     279.1448     774.7994    1228.1804     354.4198     4506.3334    -754.6101   -7004.7580    -616.4902
     409     307.4667     820.7229    1208.3611     336.8575     4482.9511    -762.2608   -6959.2723    -565.1737
     410     293.1429     811.9014    1227.3179     334.6154     4539.8858    -736.1571   -6987.1851    -516.4788
     411     319.2430     765.4303    1207.0949     343.7298     4467.6485    -751.5115   -6980.8217    -629.1867
     412     285.2594     823.0985    1228.2074     338.8435     4478.8334    -757.5870   -7019.8175    -623.1624
     413     316.2080     820.6287    1208.4753     343.0121     4508.7038    -725.8059   -6992.1044    -520.8825
     414     290.7783     795.3835    1215.5244     347.2424     4491.9225    -753.8460   -7013.8557    -626.8506
     415     307.8986     797.5287    1215.9991     333.6339     4528.3508    -770.3792   -7087.3420    -674.3100
     416     325.4517     803.0230    1203.3428     331.5568     4489.8229    -752.4172   -6932.8058    -532.0257
     417     306.9847     797.7376    1209.6445     350.2941     4464.3538    -744.9867   -6996.3930    -612.3650
     418     318.7944     756.5611    1236.7985     342.9601     4504.7223    -773.6543   -7003.6892    -617.5071
     419     301.7594     770.7808    1203.6583     337.5300     4468.9069    -735.1575   -7037.3090    -689.8310
     420     338.2847     801.4607    1195.9555     327.3308     4491.0151    -739.3470   -7006.2545    -591.5546
     421     314.7500     827.2927    1205.8314     346.6897     4456.1754    -765.8509   -7080.8753    -695.9869
     422     330.3869     798.3156    1204.4985     342.5268     4488.4394    -730.7406   -7062.9628    -629.5363
     423     327.4818     792.7353    1203.4421     345.6320     4480.0605    -752.4862   -7003.9841    -607.1185
     424     293.0557     749.6038    1205.0656     342.1443     4475.9058    -764.5881   -6970.1770    -668.9898
     425     277.1217     784.9143    1213.8988     339.0029     4498.0529    -756.2315   -7024.1908    -667.4317
     426     301.6232     811.3355    1222.0111     342.2273     4485.3713    -752.4928   -7002.9386    -592.8630
     427     291.2622     768.1011    1213.5049     335.1450     4499.0937    -736.5577   -7012.9717    -642.4226
     428     308.1356     831.1636    1225.4360     344.5988     4474.1760    -749.7383   -6999.8198    -566.0482
     429     291.3967     785.1760    1195.3962     341.7863     4499.3684    -765.1557   -7042.3659    -694.3979
     430     323.2984     813.1466    1205.8350     334.1158     4426.6113    -756.4232   -6919.8533    -573.2695
     431     292.6295     803.1549    1211.6174     351.2043     4442.4782    -747.0996   -6989.0441    -635.0594
     432     326.4076     805.7271    1208.7546     344.6042     4477.1458    -744.3198   -6985.6612    -567.3417
     433     298.6021     805.5005    1218.5854     344.2916     4478.2956    -765.4416   -6900.6544    -520.8207
     434     306.6701     817.7998    1200.7710     331.4739     4492.4314    -777.5933   -6940.1883    -568.6353
     435     303.7710     795.7109    1209.5615     331.1678     4466.8224    -750.1768   -6958.1526    -601.2957
     436     292.1583     780.3716    1208.1676     341.1682     4484.6791    -755.4604   -6939.0583    -587.9738
     437     304.1243     753.9574    1184.3105     336.0176     4481.8319    -751.1168   -6836.5633    -527.4383
     438     309.0420     758.1829    1212.8494     349.5469     4454.1234    -753.3889   -6848.4074    -518.0518
     439     322.1580     825.0548    1231.5884     330.1001     4446.7314    -751.5250   -6843.2411    -439.1332
     440     317.5951     778.6976    1199.3858     341.4771     4473.7421    -755.2777   -7003.8426    -648.2226
     441     301.9189     790.1735    1209.3300     342.7504     4454.2479    -754.2969   -6933.5162    -589.3924
     442     298.4051     792.0032    1209.8699     333.8532     4512.8462    -756.1991   -7002.0760    -611.2976
     443     326.7164     833.5971    1204.1398     328.4870     4470.3065    -758.3396   -7010.9990    -606.0921
     444     299.1940     756.7125    1240.2947     348.4096     4484.2230    -769.0925   -7020.8986    -661.1573
     445     295.6296     754.6786    1209.7523     331.1299     4497.2099    -746.4124   -7028.8414    -686.8536
     446     284.8102     791.3276    1205.3293     339.6379     4509.0373    -759.7165   -7043.5734    -673.1477
     447     300.3951     786.6375    1202.7107     343.4575     4502.1395    -766.1931   -7008.2689    -639.1217
     448     304.4742     768.3709    1177.8671     346.6249     4505.7700    -754.1028   -7059.8442    -710.8399
     449     301.0449     837.1036    1205.9565     354.2015     4513.9733    -757.6107   -6966.1052    -511.4362
     450     291.5635     804.2837    1202.4692     345.5592     4495.3234    -751.5704   -6911.5980    -523.9694
     451     312.6639     763.8038    1182.5106     343.0015     4494.3946    -753.4670   -6927.7608    -584.8534
     452     300.9380     809.0562    1231.3504     342.1629     4486.5469    -760.0738   -7042.1228    -632.1423
     453     341.2703     810.1853    1204.3355     329.8555     4461.5291    -750.1809   -7087.0712    -690.0764
     454     285.9484     831.6695    1213.7394     344.5693     4473.8683    -764.1325   -7083.5601    -697.8976
     455     301.7288     838.8327    1198.8816     341.2517     4477.9862    -743.8861   -7004.3179    -589.5230
     456     312.0200     815.0795    1199.8845     346.2615     4497.8910    -739.0564   -6948.0140    -515.9338
     457     312.3663     818.1979    1197.8646     332.5377     4447.2996    -738.0116   -6929.6931    -559.4386
     458     294.4736     773.0027    1216.3022     348.7105     4479.6451    -748.2007   -6888.8988    -524.9655
     459     294.7053     766.4310    1178.8400     349.9286     4472.7809    -752.7801   -6927.6653    -617.7596
     460     311.4524     773.7936    1232.8431     345.7618     4509.1119    -744.8778   -7012.6471    -584.5621
     461     305.2838     777.1496    1208.6989     330.6507     4467.6342    -747.2924   -7035.7674    -693.6426
     462     315.0033     811.4966    1221.7460     348.4010     4475.6993    -732.4864   -7054.8234    -614.9635
     463     328.5037     795.9578    1194.3592     335.2249     4462.7008    -738.6050   -7010.5350    -632.3937
     464     292.2721     788.9723    1228.6087     336.4066     4516.3067    -759.8994   -6970.2474    -567.5804
     465     326.5376     767.7931    1212.3258     347.5465     4488.9013    -749.2934   -6941.6301    -547.8191
     466     299.6171     789.7263    1230.2982     343.1544     4500.8471    -757.1997   -6982.1354    -575.6919
     467     309.8467     801.3680    1201.1237     353.1474     4479.7640    -767.3835   -6956.7257    -578.8594
     468     287.7082     770.6780    1212.2019     332.1231     4494.3545    -752.9764   -6863.7436    -519.6545
     469     285.6795     786.3044    1173.2647     339.8356     4493.0601    -734.8226   -6984.4145    -641.0929
     470     332.2397     797.8553    1229.0750     350.1900     4482.3146    -750.2117   -6960.4403    -518.9774
     471     281.9533     805.0215    1201.7428     342.4032     4463.0097    -756.8655   -6883.6464    -546.3815
     472     311.7143     795.2909    1192.4377     350.4416     4499.1535    -747.0969   -6932.4627    -530.5215
     473     309.1072     787.3734    1211.2704     355.8095     4458.2740    -769.2527   -6908.5198    -555.9380
     474     295.9412     826.1015    1203.6423     348.4514     4462.5865    -735.4655   -6884.2705    -483.0131
     475     285.0884     793.9831    1207.8532     359.0430     4464.3710    -765.3916   -6911.5950    -566.6479
     476     267.6771     799.6850    1214.3335     337.7157     4486.5264    -725.8063   -7000.9961    -620.8648
     477     306.3645     809.8278    1224.7293     353.2942     4504.8637    -761.9220   -7019.3606    -582.2029
     478     307.6019     793.3154    1209.9677     355.3305     4485.9907    -755.8732   -6895.8919    -499.5588
     479     324.4055     810.0193    1218.6360     339.1103     4449.0338    -759.8952   -6943.4511    -562.1414
     480     304.0313     810.3061    1243.5771     347.4771     4496.2835    -762.3565   -6994.0659    -554.7472
     481     300.7163     766.0344    1206.7834     348.3925     4477.3797    -724.1871   -7014.4543    -639.3352
     482     299.5591     810.2799    1200.6567     339.1921     4501.1849    -746.0104   -7067.6463    -662.7841
     483     294.6135     763.9791    1212.5465     347.2095     4497.7446    -743.4990   -7046.9096    -674.3154
     484     302.6668     812.7544    1212.6231     356.6074     4440.8663    -744.8880   -6972.8970    -592.2670
     485     315.5999     819.4451    1223.5513     344.3405     4488.0964    -759.0975   -7102.6105    -670.6748
     486     312.4803     794.2197    1201.3707     349.6793     4472.4266    -742.0832   -7104.9781    -716.8848
     487     326.5845     785.2438    1205.3277     347.6693     4511.3566    -758.3336   -7134.7097    -716.8614
     488     299.9619     797.4685    1180.8505     347.8091     4484.3185    -748.0561   -7069.0971    -706.7446
     489     288.3923     772.5105    1201.3525     339.5045     4462.4773    -752.0874   -7032.3369    -720.1872
     490     311.5386     796.7292    1218.9378     331.7219     4447.6304    -743.1824   -7058.8088    -695.4332
     491     308.8940     778.9622    1204.1378     348.9918     4475.0261    -744.9788   -7110.3702    -739.3371
     492     318.8056     804.7624    1190.4944     342.3518     4461.7533    -751.7615   -7051.3323    -684.9264
     493     309.3016     812.7983    1197.9556     341.2893     4465.5264    -748.1981   -7108.9092    -730.2361
     494     305.6183     751.5864    1201.6962     338.5928     4453.6277    -741.4026   -6987.1404    -677.4216
     495     299.5135     801.5961    1218.9865     344.0830     4468.2569    -753.1687   -7046.3542    -667.0867
     496     290.8440     799.5603    1219.3958     352.1925     4476.6022    -746.9896   -7000.9474    -609.3421
     497     300.1760     767.6357    1219.2438     346.8496     4516.6748    -752.9207   -7014.0658    -616.4067
     498     324.1504     766.6737    1202.9210     347.3341     4473.6464    -730.0540   -7080.4288    -695.7572
     499     316.7409     810.4156    1207.2452     332.4017     4452.6096    -756.2187   -6983.2469    -620.0525
     500     295.5675     828.4387    1195.8557     340.0450     4458.1842    -753.5398   -6923.2736    -558.7222
