1 1.3329377174377441
2 1.1224578619003296
3 1.1056203842163086
4 0.6163424849510193
5 0.5425984859466553
6 0.6017615795135498
7 0.5569601655006409
8 0.3917408883571625
9 0.40839728713035583
10 0.3979044556617737
11 0.41667598485946655
12 0.45227479934692383
13 0.4943104088306427
14 0.6876329779624939
15 0.6223931312561035
16 0.578911542892456
17 0.5049111843109131
18 0.46113353967666626
19 0.3819102346897125
20 0.3267103433609009
21 0.32304447889328003
22 0.3556162714958191
23 0.4018484950065613
24 0.4955873191356659
25 0.5040069818496704
26 0.4603460133075714
27 0.563809335231781
28 0.43255338072776794
29 0.4634523391723633
30 0.4352017045021057
31 0.5665953159332275
32 0.48066475987434387
33 0.47654229402542114
34 0.5558673739433289
35 0.5493722558021545
36 0.5291563272476196
37 0.9573180079460144
