0	0.0
1	0.7418665885925293
2	0.7485462427139282
3	0.7649445533752441
4	0.7911396622657776
5	0.7387452721595764
6	0.7570278644561768
7	0.7484042644500732
8	0.8583953380584717
9	0.8057134747505188
10	0.8885506987571716
11	0.7932106256484985
12	0.7843055129051208
13	0.808996319770813
14	0.7869627475738525
15	0.907646894454956
16	0.8339189291000366
17	0.7164428234100342
18	0.7971829771995544
19	0.8447754979133606
20	0.7942624092102051
21	0.8538200855255127
22	0.8033206462860107
23	0.8441399335861206
24	0.7978057861328125
25	0.7283017635345459
26	0.8571697473526001
27	0.7379648685455322
28	0.8424299359321594
29	0.7834293246269226
30	0.8197954893112183
31	0.7568920850753784
32	0.7818084955215454
33	0.8683130741119385
34	0.7923644781112671
35	0.8372573256492615
36	0.8534348011016846
37	0.9017063975334167
38	0.7997676134109497
39	0.7954014539718628
40	0.8577826023101807
41	0.8919059634208679
42	0.8307023644447327
43	0.7640294432640076
44	0.8195235729217529
45	0.8143564462661743
46	0.8544158935546875
47	0.906516432762146
48	0.8084613084793091
49	0.7913529872894287
50	0.8265182971954346
51	0.8042541742324829
52	0.847819447517395
53	0.8165339231491089
54	0.7872848510742188
55	0.8036710619926453
56	0.7825514674186707
57	0.7324086427688599
58	0.7506412863731384
59	0.8478989005088806
60	0.7621569633483887
61	0.8031583428382874
62	0.7898663282394409
63	0.7768468856811523
64	0.8678996562957764
65	0.8119262456893921
66	0.8321284055709839
67	0.8178746104240417
68	0.8060175180435181
69	0.8508704900741577
70	0.8008120059967041
71	0.7659360766410828
72	0.8319618701934814
73	0.8198079466819763
74	0.7827188372612
75	0.797788143157959
76	0.8259896636009216
77	0.85924232006073
78	0.8134352564811707
79	0.8820213675498962
80	0.8233752250671387
81	0.8433461785316467
82	0.851966142654419
83	0.8403944969177246
84	0.7952747941017151
85	0.814041018486023
86	0.8004902601242065
87	0.730018675327301
88	0.7752228379249573
89	0.8060974478721619
90	0.8110709190368652
91	0.86473548412323
92	0.8233755826950073
93	0.8368933200836182
94	0.8433213829994202
95	0.814829409122467
96	0.7970848083496094
97	0.9179534316062927
98	0.8552517294883728
99	0.7971858978271484
100	0.8854922652244568
101	0.8730360269546509
102	0.7788937091827393
103	0.8283224701881409
104	0.8168136477470398
105	0.9086858034133911
106	0.808431088924408
107	0.7787243127822876
108	0.7397944927215576
109	0.7896811962127686
110	0.9058858156204224
111	0.8278727531433105
112	0.7963518500328064
113	0.8336634039878845
114	0.7927232980728149
115	0.8970296382904053
116	0.7774873971939087
117	0.8498269319534302
118	0.7305057644844055
119	0.8393012881278992
120	0.8295506238937378
121	0.8790880441665649
122	0.7976006865501404
123	0.7887255549430847
124	0.7755038142204285
125	0.7249292731285095
126	0.8995770215988159
127	0.7817711234092712
128	0.8026344180107117
129	0.8629137277603149
130	0.8066356182098389
131	0.7972853779792786
132	0.763332724571228
133	0.8054161667823792
134	0.7752687931060791
135	0.7297971248626709
136	0.835994303226471
137	0.8164345622062683
138	0.8089216947555542
139	0.8912385106086731
140	0.8235036730766296
141	0.8137938976287842
142	0.843494713306427
143	0.8108165264129639
144	0.7710466384887695
145	0.8544816374778748
146	0.8114269375801086
147	0.8277607560157776
148	0.8368651270866394
149	0.7660546898841858
150	0.8616751432418823
151	0.8048664927482605
152	0.8232238292694092
153	0.7911841869354248
154	0.7999357581138611
155	0.7908024787902832
156	0.8561425805091858
157	0.853025496006012
158	0.7938872575759888
159	0.8436089754104614
160	0.8513241410255432
161	0.797014057636261
162	0.8671149611473083
163	0.9105451107025146
164	0.7593914270401001
165	0.7825841903686523
166	0.8306877017021179
167	0.8367156982421875
168	0.8221982717514038
169	0.880057692527771
170	0.7972779273986816
171	0.8595340847969055
172	0.8236013054847717
173	0.8529582619667053
174	0.833779513835907
175	0.8156639337539673
176	0.8301159739494324
177	0.8188202977180481
178	0.842650294303894
179	0.7850874066352844
180	0.8070726990699768
181	0.7953139543533325
182	0.9044886827468872
183	0.8832476139068604
184	0.8646441102027893
185	0.7930033802986145
186	0.8456715941429138
187	0.8566350340843201
188	0.747968852519989
189	0.8461718559265137
190	0.8982237577438354
191	0.8576952219009399
192	0.8304077386856079
193	0.7805059552192688
194	0.8624139428138733
195	0.7767190337181091
196	0.916653573513031
197	0.7966209650039673
198	0.7884172797203064
199	0.8270279169082642
200	0.7361046075820923
201	0.7603334188461304
202	0.828079879283905
203	0.7837873697280884
204	0.8123117089271545
205	0.7252632975578308
206	0.7827132344245911
207	0.773743748664856
208	0.7451105713844299
209	0.8005316257476807
210	0.7977224588394165
211	0.7965629696846008
212	0.8690003752708435
213	0.8701154589653015
214	0.8392941355705261
215	0.820462703704834
216	0.8667783141136169
217	0.8662919402122498
218	0.7599191665649414
219	0.880210280418396
220	0.8990727663040161
221	0.7781286239624023
222	0.8431339263916016
223	0.8874093890190125
224	0.8928909301757812
225	0.8759503364562988
226	0.7821122407913208
227	0.768892765045166
228	0.8660433292388916
229	0.8118921518325806
230	0.7467531561851501
231	0.8261820673942566
232	0.7990054488182068
233	0.8174607157707214
234	0.7934532165527344
235	0.8643977046012878
236	0.8051966428756714
237	0.8840634822845459
238	0.813715934753418
239	0.8114588260650635
240	0.7951804995536804
241	0.7877885103225708
242	0.7883486151695251
243	0.877812385559082
244	0.8755268454551697
245	0.889957070350647
246	0.7948836088180542
247	0.8864683508872986
248	0.7857394814491272
249	0.8245084285736084
250	0.8693243861198425
251	0.8910990953445435
252	0.8344233632087708
253	0.7844243049621582
254	0.7947462201118469
255	0.7948092818260193
256	0.8188881278038025
257	0.7867857217788696
258	0.8459156155586243
259	0.7804684042930603
260	0.8631454110145569
261	0.7750400304794312
262	0.7940141558647156
263	0.8088949918746948
264	0.815726101398468
265	0.835289478302002
266	0.748065710067749
267	0.8287939429283142
268	0.8370574712753296
269	0.84054034948349
270	0.8148825168609619
271	0.7816880345344543
272	0.8031543493270874
273	0.8530531525611877
274	0.8617842197418213
275	0.8033238053321838
276	0.7379360198974609
277	0.8308192491531372
278	0.8333636522293091
279	0.7722935676574707
280	0.7170752882957458
281	0.8632369041442871
282	0.8595213890075684
283	0.8290078639984131
284	0.7400057315826416
285	0.8664185404777527
286	0.8115015625953674
287	0.785464346408844
288	0.7394339442253113
289	0.7482938170433044
290	0.827379047870636
291	0.8068475127220154
292	0.7549046874046326
293	0.7690930366516113
294	0.7378448843955994
295	0.8026511669158936
296	0.7437178492546082
297	0.8886668086051941
298	0.8224037885665894
299	0.8491997122764587
300	0.8416523933410645
301	0.8405647277832031
302	0.8122461438179016
303	0.7632367610931396
304	0.7163968086242676
305	0.7860077619552612
306	0.8133115768432617
307	0.8847586512565613
308	0.8824759721755981
309	0.8117340803146362
310	0.7997077703475952
311	0.8207954168319702
312	0.7622649669647217
313	0.8109963536262512
314	0.8336548209190369
315	0.8408508896827698
316	0.7612919807434082
317	0.8831780552864075
318	0.8141608238220215
319	0.8384627103805542
320	0.7958288788795471
321	0.8002989292144775
322	0.8541231155395508
323	0.7685644030570984
324	0.7423577904701233
325	0.7925983667373657
326	0.734333336353302
327	0.8457913994789124
328	0.7882676720619202
329	0.7900900840759277
330	0.851651132106781
331	0.8018979430198669
332	0.8386751413345337
333	0.7240433692932129
334	0.7497909665107727
335	0.7855197191238403
336	0.7482151985168457
337	0.7579829096794128
338	0.8209441304206848
339	0.8675345778465271
340	0.7849145531654358
341	0.8344451785087585
342	0.7932494282722473
343	0.7698327898979187
344	0.7326186299324036
345	0.810806155204773
346	0.8585203289985657
347	0.7929790616035461
348	0.8184677362442017
349	0.8070852160453796
350	0.7284123301506042
351	0.7423334717750549
352	0.7870699763298035
353	0.8279087543487549
354	0.8781063556671143
355	0.8290684223175049
356	0.8795936703681946
357	0.8607729077339172
358	0.9354065656661987
359	0.8781856894493103
360	0.9285093545913696
361	0.7507022023200989
362	0.8239784240722656
363	0.9152871966362
364	0.8695777654647827
365	0.8268938660621643
366	0.818549633026123
367	0.8057591319084167
368	0.768306314945221
369	0.8552752137184143
370	0.8730397820472717
371	0.79522305727005
372	0.8154329657554626
373	0.7681160569190979
374	0.7960509061813354
375	0.7637468576431274
376	0.7997075319290161
377	0.7762183547019958
378	0.7702789902687073
379	0.8001352548599243
380	0.7992401123046875
381	0.8147069811820984
382	0.7838740944862366
383	0.7460946440696716
384	0.8633655905723572
385	0.8711647391319275
386	0.817901074886322
387	0.819553792476654
388	0.7801374793052673
389	0.8252013325691223
390	0.8045273423194885
391	0.866327166557312
392	0.7088305354118347
393	0.7761955857276917
394	0.8623763918876648
395	0.7301731109619141
396	0.7533389925956726
397	0.8131117820739746
398	0.7368214726448059
399	0.8800716996192932
400	0.864940345287323
401	0.7900921106338501
402	0.7814478874206543
403	0.8376950621604919
404	0.8782902956008911
405	0.8043040037155151
406	0.8187515735626221
407	0.7942163944244385
408	0.8043832778930664
409	0.7701237201690674
410	0.8223356604576111
411	0.8276692628860474
412	0.7804591059684753
413	0.8354525566101074
414	0.805188000202179
415	0.8326889872550964
416	0.8122086524963379
417	0.7969284057617188
418	0.8261855244636536
419	0.7133172154426575
420	0.8425806760787964
421	0.8085958361625671
422	0.8747528195381165
423	0.85796058177948
424	0.8375148177146912
425	0.8180751800537109
426	0.8538159728050232
427	0.8445537090301514
428	0.8571708798408508
429	0.8300667405128479
430	0.8175390958786011
431	0.882440447807312
432	0.8846621513366699
433	0.8339487910270691
434	0.831544041633606
435	0.7931637167930603
436	0.899243950843811
437	0.7938805818557739
438	0.863493800163269
439	0.7744370102882385
440	0.7989354133605957
441	0.8124500513076782
442	0.881554901599884
443	0.8436403274536133
444	0.846524178981781
445	0.8902289271354675
446	0.9688733816146851
447	0.8041002750396729
448	0.8299881815910339
449	0.8763456344604492
450	0.8724439144134521
451	0.9444513320922852
452	0.8535303473472595
453	0.8977215886116028
454	0.8485199213027954
455	0.8017153143882751
456	0.8770427107810974
457	0.9529734253883362
458	0.8614813685417175
459	0.8419739007949829
460	0.7932203412055969
461	0.8773345947265625
462	0.8226879239082336
463	0.869569718837738
464	0.8470246195793152
465	0.8332357406616211
466	0.883561372756958
467	0.8227351903915405
468	0.8708061575889587
469	0.8768026828765869
470	0.9586927890777588
471	0.832204282283783
472	0.9035817384719849
473	0.8624812364578247
474	0.8586457371711731
475	0.8648755550384521
476	0.8701109290122986
477	0.8822889924049377
478	0.8852927684783936
479	0.8590152263641357
480	0.8955807685852051
481	0.8439105153083801
482	0.8208512663841248
483	0.9104966521263123
484	0.8538883924484253
485	0.9210002422332764
486	0.9155750870704651
487	0.8034473061561584
488	0.9415702223777771
489	0.9256435036659241
490	0.8561093211174011
491	0.8877177834510803
492	0.9170747399330139
493	0.8476659059524536
494	0.8547333478927612
495	0.7859582304954529
496	0.8968816995620728
497	0.9341391324996948
498	0.8768543004989624
499	0.9598442316055298
