0 3.833010937492424
1 3.877689106767624
2 5.156593110890712
3 6.33803260470086
4 3.8106727761457924
5 4.485968262693092
6 4.3438437675480905
7 4.710331286725293
8 3.584010128970084
9 3.6021996947189567
10 7.08203822326741
11 5.971000881888639
12 4.921956646263404
13 4.939942811275974
14 5.963490715673798
15 8.83126585112595
16 8.103059373162049
17 6.874214057108463
18 6.128899720353274
19 7.065039854414553
20 7.996554633197639
21 6.673690108913261
22 6.660436365822166
23 5.4955912338237285
24 5.859568855501122
25 4.000427982183718
26 4.017372138709874
27 6.142041994363051
28 3.84632406225453
29 5.276932192613846
30 4.252279206669101
31 6.337304489156205
32 4.134903852202701
33 6.585880265908014
34 6.650414207519482
35 5.16190552442606
36 5.590198135583432
37 4.804260464281192
38 3.809286388061375
39 6.450108683759353
40 3.557255768463041
41 6.474272678492035
42 3.620052719994519
43 7.529085363292743
44 3.7602305785249217
45 6.5368638934306365
46 7.177267500675153
47 8.857831609180302
48 6.372455167298501
49 6.32077694942631
50 6.141529507754044
51 5.0889960823874825
52 6.9333929098828575
53 3.9572472755852637
54 5.65570431997957
55 7.5324393445138265
56 6.70136987594689
57 7.435054587297676
58 5.2332390372886195
59 7.007878659054477
60 5.950875834215476
61 3.6133948753669087
62 7.349202453477398
63 4.0004192723005945
64 4.938635917861754
65 3.7591072156810768
66 10.7930305188691
67 8.459394425423314
68 10.038373532329206
69 11.1780715667005
70 9.601933489208028
71 8.409982181025544
72 9.755985101024331
73 8.175464358206714
74 9.97332203193488
75 7.564487085139518
76 10.148016597208628
77 7.471418463415981
78 3.904523058533782
79 5.585199157052935
80 4.354374934375046
81 4.807453302649996
82 4.101747556207518
83 4.021433877515363
84 5.630306796761621
85 5.5302388589565865
86 3.6875203245043444
87 6.267224875937687
88 5.7518779157685165
89 10.197542756897347
90 8.076180645455647
91 12.262768644700655
92 7.311375007507042
93 10.056390802954333
94 7.585519435099354
95 8.941177458191774
96 9.071792313955566
97 10.60906763378975
98 12.445674119386045
99 11.411258826799026
100 10.691707267452308
101 9.310052886757472
102 9.833975994323676
103 10.457235598311433
104 9.760553299027874
105 7.654371764095085
106 7.901120389671936
107 8.519521486440674
108 8.960675141151253
109 10.02871459121275
110 11.017364081685862
111 9.951220244336104
112 9.534674314691296
113 10.38276275653919
114 4.7937372957720985
115 3.665977023406178
116 3.3854938969092725
117 6.761713658429052
118 4.627081880621552
119 3.827528407603717
120 4.985412320181337
121 4.357467095521608
122 8.74942415981801
123 7.773692922486672
124 8.424280067870702
125 9.577155278575534
126 7.324722161834311
127 11.158315646162967
128 8.356102191600948
129 8.575854476321604
130 7.66295815797287
131 7.828160837809212
132 3.721547327458849
133 3.7641153681225465
134 5.765029341923531
135 5.450348571770425
136 3.5852656406916057
137 5.0278784574289155
138 6.216906828371244
139 5.920079338785701
140 5.7799049083858485
141 4.9094766343491445
142 5.541898011693242
143 4.313692178708261
144 4.893148344713275
145 3.5248185097759026
146 4.00103490870054
147 4.234999403157664
148 7.327974202152389
149 4.001715521056615
150 4.1309276342547205
151 3.6138376123632057
152 5.779217020872928
153 7.529816678527122
154 4.039751207749783
155 5.027226169410465
156 4.097752293025135
157 3.706546259789045
158 5.092694659307566
159 3.9605119545704586
160 3.5269923906198777
161 5.774748735463751
162 6.518192945772979
163 7.954556578617602
164 5.795136346077197
165 5.634807019003151
166 7.4631732228389325
167 7.215521396280178
168 3.890670884062715
169 4.82082387417756
170 4.419370338518357
171 5.340933461897081
172 7.00674543871093
173 6.976836096032355
174 7.610967280163082
175 8.942507485502713
176 4.107344858892889
177 3.8850401223003117
178 3.967672548022828
179 6.405471492748325
180 6.867849413657238
181 6.024624850755764
182 10.563347699698959
183 9.741610248760857
184 9.898723553240558
185 11.512949143069523
186 9.246883099198184
187 9.070380198488554
188 9.287744241557439
189 8.947849812185554
190 7.358326700160056
191 7.801260661375624
192 8.07479452780027
193 7.391575396841489
194 9.895016956299598
195 7.304485131591731
196 7.993200249078815
197 7.130542347984937
198 7.704722764116401
199 6.015755924876461
200 6.693171290010586
201 7.313275103670522
202 5.144996373036981
203 5.041902843271046
204 6.110179247882717
205 5.013040140762965
206 3.460128756904273
207 3.6121461201793434
208 5.358046051124546
209 4.0345861346741385
210 5.267546492215044
211 3.931568566336261
212 4.0716258450107095
213 3.5902844757262957
214 4.972505967740686
215 3.662421986294454
216 4.721294972109619
217 5.080814276902571
218 4.250163429077001
219 4.089263023626834
220 6.058528531158644
221 5.50421254947684
222 3.6774976778610347
223 3.8288200367912277
224 4.612005757391203
225 3.9185969063806754
226 3.8688013642972527
227 4.192969614803182
228 5.604701112198842
229 6.008644225095411
230 3.8969655908508267
231 4.069349959436342
232 3.7727647978131738
233 4.602679679510056
234 3.9357868214334744
235 3.7544078356668615
236 4.2972829935598815
237 4.7091440865837475
238 4.020670991860874
239 3.7597594058094512
240 3.6145910286165606
241 3.8727350904989217
242 5.221314435795444
243 4.436000595073938
244 3.8503912462049756
245 3.892058127885352
246 3.6158365717883303
247 3.8863607550627437
248 6.878400738565553
249 5.609123557930979
250 4.029468057319224
251 5.339882716635522
252 6.076769000460504
253 7.596324037910298
254 4.926502314599892
255 5.808418854002542
256 5.502007402178863
257 3.9935431651552737
258 5.76305869933614
259 4.119962977842447
260 4.220229726058078
261 6.5421571059613335
262 4.079539184188713
263 4.605513129020998
264 5.169831206634447
265 3.878766100786577
266 3.815689416311437
267 4.510607055100473
268 5.42209803277944
269 6.745335448316323
270 7.4915552876195735
271 5.5835255182676855
272 3.9108462722072366
273 4.736315156615338
274 5.091765041144577
275 5.792828562344134
276 3.5594526586806414
277 4.609871372311423
278 3.927618132998552
279 3.4193257445748366
280 3.7371215759120124
281 4.286524136420961
282 3.8748133518083074
283 3.8889927597114187
284 3.8616050704716334
285 4.065336261344938
286 4.211222193924809
287 5.919838409492639
288 5.189419678449358
289 3.8163561823895797
290 4.149942071863215
291 3.444775909737999
292 5.354119434118084
293 3.7128140232602016
294 3.710676296689527
295 3.4494969813624405
296 4.564995173347486
297 5.8510542218872486
298 5.166617329034537
299 6.350812870380742
300 4.61169904780067
301 5.092048825522138
302 3.7894524465663215
303 3.6648732205068586
304 3.97014334857005
305 4.147849624600692
306 3.8741643113279363
307 3.753892494522565
308 5.844591296575183
309 5.644266284769486
310 3.948463512154364
311 3.9307701899527947
312 4.979228681522056
313 8.70038083270939
314 6.963773857419665
315 7.866261270405403
316 4.554494925404884
317 5.758737606698185
318 7.362983790403206
319 7.541346803172375
320 7.3644038829443765
321 5.984331180184757
322 5.556461363653366
323 5.148413128714437
324 5.777106127358247
325 3.719557682294481
326 3.8082915717174357
327 3.855769824472275
328 4.0708928901245605
329 3.8154491314329704
330 3.889184917701065
331 3.9898591822187126
332 6.262843017025637
333 4.604706295692244
334 3.7767488985358675
335 4.906840868929314
336 5.2946689200700625
337 4.093933576663101
338 5.059447037831841
339 4.768877112637281
340 3.981709589715181
341 2.8902473134501254
342 3.734816903498892
343 3.836630146275648
344 3.761805130730182
345 4.751793901232479
346 3.373475715453725
347 3.9884132020071514
348 5.099031867104863
349 6.274808792396165
350 4.3657120371589695
351 5.400945101683198
352 3.699984686414019
353 4.734104503414728
354 3.9192497903759875
355 7.361508520734384
356 4.031987401384344
357 3.737158726206672
358 3.93746892043822
359 3.7525378442169117
360 4.102083890515678
361 3.656413241537863
362 6.4645495213139625
363 3.8132487850207073
364 8.229227105004771
365 5.552456395402293
366 3.6693068170252383
367 3.9715744027433333
368 4.160960385867296
369 3.679878667996759
370 3.631312123334606
371 3.7728560770003656
372 4.018462666456516
373 5.212118362016749
374 3.6820977576446023
375 5.729359329976102
376 5.0249720193069765
377 3.658170556549341
378 3.9289666848929623
379 3.676178090557175
380 3.5844551292181763
381 6.054659785710297
382 4.019472616565831
383 4.39373056225625
384 4.35080367523751
385 3.165163724446864
386 3.8702673420900786
387 4.174831905478433
388 5.5751183709560435
389 4.580269876232542
390 4.6006385486413865
391 5.747979936224547
392 3.8616961686908664
393 6.077127718165093
394 7.133791238277268
395 7.268461253928057
396 5.629929257701558
397 3.680109263866089
398 4.13869690641385
399 3.687140836996675
400 6.4884341182295024
401 3.349552376869697
402 6.102141103688103
403 3.5651597925876324
404 3.6887567239662404
405 4.999803015942594
406 3.492189474555395
407 6.180964445362955
408 3.584245651231244
409 3.4604078393047044
410 3.4771974583569185
411 3.809277021286291
412 5.244676206027859
413 4.996078738566302
414 3.8785069488436688
415 3.452739733469254
416 4.019142259246831
417 3.981013184124434
418 3.8845729326613414
419 3.699565844820857
420 4.2255141067562585
421 3.888600511973228
422 3.9060033164065846
423 3.766987650976845
424 3.8048403639201136
425 5.573537599810351
426 3.9773839191003977
427 4.787985260119444
428 3.6038187398237564
429 3.850020166846731
430 3.700510564735084
431 4.354274327708414
432 3.729930797535389
433 3.9441980964358576
434 4.052781871661317
435 4.00407931107363
436 4.536690593054616
437 4.31676994742695
438 7.425832073798966
439 6.278891171714412
440 3.5035223042506516
441 8.024822098995491
442 6.169307521393373
443 3.872441228238959
444 4.026698980613075
445 4.3223534650874536
446 3.7256788942385746
447 7.971801602450694
448 3.7225514866235363
449 7.9601024052027505
450 3.808360840334687
451 3.7534628874181073
452 4.543083543546397
453 4.037206032081332
454 3.8379641927609525
455 3.674258992367956
456 4.021119889499073
457 6.618837211541253
458 3.8526134856363976
459 4.269950751270871
460 3.995816090163468
461 3.985242497857046
462 5.601607622291791
463 6.046783135159536
464 3.8733182338316707
465 4.964690452912133
466 3.704130787321477
467 3.8472971298867784
468 7.050118301972689
469 4.236973310562749
470 5.94955064519996
471 5.062957959124146
472 6.36637108874649
473 4.173526096563168
474 3.832892253570362
475 3.603719700382364
476 6.1759109520220346
477 6.024589209527555
478 5.652899898447048
479 5.612216565501115
480 3.4867087349296186
481 3.181710162765932
482 3.7958957951153067
483 3.7027979462754916
484 6.0063641716429945
485 3.9137915392100178
486 3.9485227265122353
487 3.748630031817991
488 2.7852542999132486
489 5.092349661240816
490 3.6607614983089927
491 6.670248584827744
492 6.448472630998964
493 5.713228684977621
494 6.4285640132871915
495 8.832720228086961
496 7.899757063076575
497 4.720969551291959
498 3.7399064364123826
499 4.081456579919794
