0 4.921138856515176
1 4.423319228537414
2 4.807366502374064
3 4.26020456863552
4 4.81991732869158
5 4.255909786005844
6 4.910577586432208
7 4.211821401248482
8 4.116595502157474
9 4.228279275544045
10 4.236332382683771
11 3.5301814779922616
12 3.9516948957226115
13 4.699975515491883
14 4.6249480810994354
15 4.35612309665591
16 4.3176935540136645
17 4.197207015855708
18 4.1840114194417515
19 4.79196390625044
20 4.483293410148227
21 4.503127091729306
22 4.563309797541946
23 4.208511884924369
24 4.0689629988343246
25 4.412470823888655
26 4.92923927598821
27 4.7374173125494226
28 4.46666859507924
29 4.243298067137937
30 4.71097788737788
31 4.023588564847399
32 4.175233631338278
33 4.271639370173806
34 9.488800855468634
35 7.790874766737184
36 7.853931229014959
37 7.604466318864091
38 9.100841516193423
39 4.712076568505487
40 4.607607126376207
41 5.217684563449772
42 8.892243063231131
43 3.9269893461064833
44 4.283719847220798
45 8.102322151299187
46 5.279220602442674
47 8.06478640841927
48 4.065028196431073
49 6.562650957963923
50 9.08891012431095
51 7.18391559545391
52 8.616982041818252
53 11.268464952496812
54 10.039190710227409
55 9.624787685676191
56 9.366575021885676
57 11.79091468737926
58 9.355771165363857
59 10.970003512447002
60 10.291043857311061
61 8.608897034175866
62 5.27697437531034
63 5.554337120325602
64 6.14971536700074
65 5.556282865151359
66 5.806348168316101
67 6.038976028385535
68 5.674292686466067
69 5.791188402994556
70 4.6271378845770155
71 4.615107960199651
72 4.223468937636315
73 5.244310137398603
74 4.346634853412826
75 4.420369935381668
76 4.361166397585267
77 4.706599100530933
78 3.491913059050187
79 3.442156056452255
80 4.46309914610029
81 4.447013404408119
82 4.288532548337593
83 4.995708440645288
84 4.382165321818268
85 4.482522415477518
86 4.281753155501291
87 6.49109938782138
88 4.216174395724063
89 5.1077977401893575
90 6.065114850614237
91 4.5300572416013765
92 6.561120107146522
93 8.84499099688491
94 9.168608340011764
95 6.363489749348686
96 6.925154935306109
97 4.886679938761429
98 4.085167110423702
99 4.563790414072824
100 5.418730655925372
101 4.3567564555763285
102 7.705818061867407
103 4.465000160440546
104 5.093457389903644
105 5.387024850138854
106 6.1330621425919585
107 6.851827604700922
108 6.7032945314795995
109 5.546469134789325
110 4.8844560261123675
111 6.061581440847265
112 6.470629401753832
113 6.020249909102465
114 5.504370976425659
115 5.596063047459747
116 5.85416452112179
117 4.916904606892715
118 4.158595265799632
119 4.639240642492262
120 4.596015345713447
121 5.0389418106705595
122 6.896865141410381
123 4.708758100687288
124 4.746964441382116
125 4.853885426214683
126 4.54054262843336
127 5.0256678308873965
128 4.771638446730538
129 4.602758930880489
130 5.4434094161088895
131 4.937154730382127
132 4.579159053125875
133 4.408751509475528
134 4.406570551884196
135 4.489602351645274
136 4.352079854707584
137 5.0706759630269564
138 4.910036962144985
139 4.431261076586794
140 5.122471174147164
141 4.644979527965515
142 3.9697593545933207
143 4.327982742010366
144 4.42816936248669
145 5.428924597141981
146 4.759253460158176
147 4.5242612665599635
148 5.0356444953854576
149 4.929629313664768
150 4.774524803125405
151 5.152713993690771
152 4.383872068506188
153 4.77768817708414
154 5.572430974002268
155 4.4240929856500895
156 5.920302598416543
157 4.945026381272464
158 4.869227431121773
159 5.117569076254792
160 4.531274383341981
161 4.968944009076146
162 4.660311717032386
163 5.008515445749673
164 4.858502394278223
165 4.30067430232055
166 4.906662658260683
167 5.056720229219003
168 5.104680843684228
169 4.995519622659448
170 5.002344797623271
171 6.013120714946264
172 5.259193961469363
173 4.681291979776023
174 4.497470355539709
175 6.053060296284439
176 5.182660819820104
177 5.968335852122899
178 5.158371565197423
179 4.469384962873104
180 5.549632291229583
181 4.44500187545383
182 5.537102833426147
183 4.943779004316981
184 5.162230618195009
185 5.737686586321344
186 4.820316172959576
187 5.869942952857269
188 5.6697236120777905
189 4.667547317416972
190 5.107479916349982
191 4.996881417328066
192 4.643169641650003
193 4.83079043664378
194 4.798659490741295
195 3.954196361409684
196 5.011584176355807
197 4.837892716609643
198 7.7855907187643725
199 6.775090628855402
200 4.0690100605008235
201 4.882578461962549
202 4.262097008523942
203 4.3960189498731195
204 4.691577076894072
205 5.876139646492162
206 5.05712102626286
207 4.829992807111719
208 5.4078759270587415
209 4.916290395335878
210 5.161769443352165
211 4.544756884783844
212 4.599437967257743
213 6.34572356898624
214 5.65108841382959
215 4.5450279951459365
216 4.968390858207164
217 4.279336583911169
218 4.948318722922532
219 5.666977413291636
220 4.86758279832948
221 4.672819478538947
222 7.478575483330799
223 3.9899801618467055
224 4.130391641485836
225 6.266590295120982
226 6.883131257935215
227 6.365207804712398
228 5.119018750959472
229 4.151010041656814
230 6.987714900040461
231 4.549343556163
232 5.8569983863610275
233 6.973867329929398
234 5.561549211896376
235 6.986043150250724
236 6.662737605250846
237 6.989399166400355
238 4.76233729438694
239 4.132272782853669
240 4.486372225606677
241 4.537906421253812
242 4.204141638034852
243 4.621994138869804
244 4.449815027355939
245 4.441499251915937
246 4.361905247910744
247 4.517571554189219
248 4.595929494075016
249 4.167223739108721
250 4.657608532927173
251 4.63727111314059
252 4.4227651344708185
253 4.18015472634708
254 4.506455719990012
255 4.700859983713317
256 4.544749368858398
257 4.417560873798257
258 4.783536970338795
259 4.668631122362397
260 5.1328446785134405
261 4.630850241598343
262 4.45190774495262
263 4.769692080689283
264 4.57333800144072
265 4.40750011054646
266 4.448879640070939
267 4.349519187559749
268 4.735719058202951
269 4.666856206081859
270 4.411205253430071
271 4.418167297532097
272 4.250196194684466
273 4.621020466181781
274 4.206520893558333
275 4.719944397104943
276 4.255501575443799
277 4.155181351480341
278 4.423465019797828
279 4.335569060199486
280 4.56425404930603
281 4.417332569401886
282 4.250875205295773
283 4.307201228389177
284 4.445835621091964
285 4.287873781744037
286 4.185521285913393
287 4.923113783958708
288 4.214545243988199
289 4.426056474649111
290 4.176027767818008
291 4.299829281021498
292 4.671169273740898
293 4.164452394748653
294 5.159092942433184
295 4.95286391619223
296 4.4307154076751205
297 4.621588471695983
298 4.531175201216572
299 4.47474604352904
300 4.387921444120985
301 4.103768165985153
302 4.576385302280641
303 4.507628924848277
304 4.444719404218822
305 4.478145657284256
306 4.462764067256049
307 4.532267537301134
308 4.312411086591275
309 3.954500162502092
310 4.426157825932024
311 5.468593180467446
312 4.547647202035575
313 4.415474461847365
314 4.50220937804533
315 4.515827672314842
316 4.437124752058252
317 5.015755869518392
318 4.432194300468029
319 4.362250734355876
320 6.08674964681751
321 4.403550618930678
322 4.298498963596376
323 3.9275006214283383
324 4.582197788081317
325 4.506123776766843
326 4.590147993450763
327 4.77055636727199
328 4.598971054771216
329 4.426141212886539
330 4.010263258537327
331 4.304578997872344
332 4.192010456516949
333 4.52575624417354
334 4.446014998783847
335 4.695560290068762
336 4.478558853002375
337 4.352590239916393
338 4.1371315815929375
339 4.504578273954816
340 4.536734085418066
341 4.451368506126491
342 4.4024202597852895
343 4.87506854492054
344 5.090578836899945
345 4.295733951242859
346 4.37063230829724
347 4.892471553993864
348 5.142143802994546
349 4.500366181264063
350 5.354661925218144
351 4.3501454929267656
352 4.647766199602495
353 4.588022451876023
354 4.505966811246137
355 4.305616560877948
356 4.4649599655980685
357 4.390445944023824
358 4.358433373420399
359 4.588845299069237
360 4.926655383705862
361 4.834873276968661
362 4.723054361979567
363 4.665507511447579
364 4.305892971781589
365 4.33670783286303
366 4.462127835684441
367 4.547677648098619
368 4.473089281891918
369 4.328082074465144
370 4.715697157346143
371 4.92063598995996
372 4.51000447269811
373 4.406707117726164
374 5.0461722813717405
375 4.541871674903174
376 4.448181226608926
377 4.69521822885017
378 4.455301440422968
379 4.192420756184008
380 4.70359941176905
381 4.462728477054024
382 4.2221910885891285
383 4.72103790604422
384 4.470112952537231
385 4.127444715904679
386 4.66223310988638
387 4.4932503121910266
388 4.38459000588379
389 4.490342912003431
390 4.6065071142118015
391 4.228215613883882
392 4.388525624054312
393 4.55449419860143
394 4.514924596817672
395 4.948015374363528
396 4.2089393298917965
397 4.371385349353472
398 4.507335158489678
399 4.638480582873133
400 4.44062488289315
401 4.00112017363812
402 4.313200473987328
403 4.405172776841835
404 4.762240546012524
405 4.607839451986199
406 4.37008242368487
407 4.662959637485891
408 4.721718211270245
409 4.62375429412263
410 4.3944914908446675
411 4.361279655037501
412 4.965253559218359
413 5.007686167491204
414 4.30080630483898
415 4.2999501319743345
416 4.366799412552887
417 4.375878579093654
418 4.387716947551924
419 3.85418978040519
420 3.726345509792449
421 4.370112257772544
422 4.394426359262457
423 4.386313596032176
424 4.341869244660638
425 4.1465860527660645
426 4.272372393216403
427 4.283591402149381
428 5.484673079673228
429 4.473628332825144
430 4.567744699044449
431 4.507741516820031
432 4.425070267401776
433 4.537757723645115
434 4.012157893994808
435 4.4442155475333625
436 4.319469511099151
437 4.298204596539246
438 4.156427305292905
439 4.3307004849179025
440 5.1288273018522865
441 5.673156980147107
442 4.415324700818777
443 4.545144980989216
444 4.297808907565277
445 4.245582918764299
446 3.9892445525866562
447 4.7181314686015625
448 4.5076997807178865
449 4.366305326259478
450 4.542438555829478
451 5.096488949775324
452 4.270905624252733
453 4.3595226713919555
454 5.029892683746926
455 4.698883503149936
456 4.339314883010426
457 4.696725144410381
458 4.657080739185605
459 4.465612787017025
460 4.369085961502899
461 4.510778377495075
462 4.595781560861083
463 4.250221878961677
464 4.48344370907045
465 5.096838421326279
466 4.918273200625431
467 4.413080391426428
468 4.559457595699467
469 5.456982318846068
470 4.505038627593583
471 4.358363881380018
472 4.460995802613082
473 4.7214253027853506
474 4.307038484667503
475 4.75541308921968
476 4.413117539739815
477 4.663226673130668
478 3.9141719688500807
479 4.424700786238234
480 4.419910800804375
481 4.306134514319433
482 4.6362327763446265
483 4.513523252101657
484 4.495948479643143
485 4.222996056574202
486 4.664882165283986
487 4.685561920398697
488 4.518531001308441
489 4.147348566554751
490 4.611920378609428
491 4.391763041572433
492 4.720646022703468
493 4.049744763689278
494 4.44072501970805
495 4.202082290552155
496 4.2205450062289716
497 4.529365497125068
498 4.501465357737722
499 4.454314055233845
