0 8.23044362753833
1 7.611239907036211
2 4.6357735482235025
3 6.26272811036238
4 6.453886799018769
5 5.599042843540607
6 4.070960435067922
7 7.037120709227612
8 5.061070378492808
9 6.603330680240881
10 5.778260014409886
11 6.72157622093436
12 6.385721829825698
13 6.381579719250744
14 7.8028329947440325
15 6.773161083871066
16 8.537993689122311
17 8.065989642037051
18 9.684074324713116
19 8.757461322183625
20 10.766663189727677
21 9.283089813777252
22 8.884726495673606
23 9.701556720365552
24 9.687375277395981
25 10.226066054676048
26 10.022294560528843
27 10.787366099768642
28 9.896183427455611
29 9.78615591954328
30 8.83872888373999
31 7.401591629371888
32 8.317338704919916
33 6.960106084814282
34 5.310552923975902
35 5.151131597524797
36 4.720807383778484
37 7.309166744594456
38 6.824574800084642
39 6.774791328724505
40 5.228057088782104
41 6.259394105799908
42 5.702696005311022
43 6.936379090728939
44 6.285921910126066
45 6.169907319228219
46 6.015628280433431
47 8.08455246523534
48 8.435178990687438
49 9.373112798821616
50 8.164498119221298
51 9.464626730613933
52 6.285009681227023
53 7.208597052599615
54 5.7124494102353305
55 6.89154917574734
56 5.186040734619608
57 6.247660096779634
58 7.3980683712469855
59 7.6434030811091205
60 8.263787746524686
61 6.937262995407388
62 6.918146657042106
63 7.352464019489579
64 6.574101272543103
65 5.4787319542301995
66 7.764760367866711
67 7.494455580843714
68 6.33838370094704
69 5.954444727373093
70 5.598502452744068
71 5.951349912233876
72 7.340028910655411
73 6.736730118811003
74 7.126779592877634
75 9.188137794202431
76 7.621252668003169
77 8.339750208175406
78 6.089549232757483
79 10.808091654347814
80 9.921750893838848
81 9.842951541275257
82 9.553113712391625
83 9.788951999988608
84 9.836035660999118
85 10.647086030501413
86 7.954957907615173
87 8.26285628512887
88 7.366016669387306
89 8.691633986613809
90 7.421560105240282
91 7.337925314897645
92 8.347483258368143
93 6.182227482082889
94 7.589340780824478
95 5.896084447990057
96 7.478132416922317
97 8.156164914274543
98 7.223712812575182
99 8.08655502425922
100 7.564182430136176
101 8.235325149898603
102 7.685892007933404
103 8.961813944301431
104 7.292378221242064
105 8.432014206817717
106 8.281725404563149
107 7.25467738482551
108 7.789364262700391
109 7.340638069272862
110 8.735231521778818
111 6.897749727490828
112 7.380233481867821
113 8.144311300336371
114 10.994114102977147
115 10.289871853196649
116 6.992358685408284
117 7.476509301238893
118 6.223827651477029
119 8.66240271690299
120 8.95343715064579
121 9.741885754224983
122 6.574774832738886
123 5.808598951327362
124 5.966963016015679
125 6.5275533307179385
126 6.05887616986371
127 5.944120598470418
128 6.639724613083514
129 6.19160647982669
130 7.555048335284967
131 6.907732257494886
132 5.898461574860997
133 7.077839548169952
134 6.20959329609005
135 6.588624788888366
136 5.2995191050379145
137 6.654314314627056
138 6.902488700815297
139 7.575657308706519
140 7.564882450912905
141 6.812021835231582
142 8.878642679960405
143 7.085514414133101
144 7.4072087082966
145 8.8310991886013
146 6.806756845671551
147 6.437096254289356
148 6.255985515473267
149 6.222507220714586
150 5.9773565014361125
151 9.576856612783493
152 7.9660735649797605
153 7.082123453078589
154 9.01405774462161
155 8.656763924215221
156 8.652853131081931
157 7.918058818675475
158 9.170744153691292
159 8.41152343915409
160 9.267404410759617
161 8.356314675602217
162 8.917908414773358
163 8.079728229460308
164 8.637289955330733
165 8.592422086898612
166 7.472580671629332
167 5.849355675129722
168 5.147622031590365
169 7.027633441021154
170 6.54779915377242
171 6.490821405952893
172 6.391726642077931
173 5.643111359557442
174 5.224057679115427
175 7.2855889434792624
176 7.632867897273783
177 6.757807172547286
178 5.382692876315569
179 6.400266125707425
180 9.075647449639664
181 7.761434025832113
182 8.93727462261207
183 8.38584815445839
184 8.00541987178241
185 8.19194555251571
186 8.595084892997127
187 8.505532488394344
188 9.637988883155955
189 10.050097555903944
190 9.812287770430776
191 9.177876887401055
192 9.51086212341182
193 9.840053676817824
194 10.121765514753708
195 9.288519186840666
196 8.79499077861578
197 7.942999332409224
198 9.49100567783428
199 8.554701898907856
200 7.796046539337891
201 8.49805790924255
202 7.309662948350729
203 9.042435648245794
204 6.506075230791978
205 7.66692384579061
206 6.957078822966033
207 4.549903746549008
208 6.127757990963291
209 6.006561286950786
210 6.889365954164046
211 7.350612842744855
212 8.159594508453642
213 7.2166335249990174
214 5.8238597855935526
215 7.003583500276726
216 8.749724466728088
217 8.677662702829796
218 9.934384158265587
219 7.332071142961393
220 6.652441292213203
221 6.629499006040559
222 7.7986840212601125
223 6.341583535814698
224 6.03981940984078
225 5.829881233556554
226 4.448793355678796
227 7.3030589755620685
228 6.180011633032944
229 5.597272642216639
230 3.2900160585352287
231 3.9592897044051916
232 8.50663950098802
233 7.476229751711525
234 9.275318202280424
235 10.033705155036738
236 10.498749973616416
237 9.318015575025933
238 8.237940899716442
239 7.845471572946486
240 8.191410853084657
241 9.003447891648264
242 8.534053585940978
243 7.50719896689212
244 8.113939393594752
245 8.53592522964118
246 9.027123981317692
247 8.183427897336825
248 9.720176844517484
249 9.331449271207303
250 8.52891649521072
251 7.317686347375882
252 8.928816374661805
253 7.4351109743152595
254 6.5190106130903125
255 6.721821696614059
256 5.755493575490143
257 7.713708771246372
258 8.234011428950488
259 8.520359124916737
260 8.6152610277931
261 9.18134379414531
262 7.542164231456859
263 7.7824976169583415
264 7.612386256094994
265 7.72332676987213
266 9.968123184572185
267 8.823936072412641
268 9.229002032926726
269 8.477536954523718
270 8.923446049272219
271 8.641774262500306
272 8.280300849016472
273 8.847478911524572
274 8.783480031070876
275 8.998782700851981
276 9.112128590917631
277 9.452361555215118
278 8.682905092725028
279 7.766190300177142
280 10.021973876498963
281 10.47621881788769
282 9.59142404772747
283 7.766236003327049
284 8.970751836555486
285 9.327255374984208
286 7.97095003810081
287 8.235507498429422
288 8.560209204340923
289 9.216668680637474
290 9.078599268680508
291 8.714321437738665
292 7.6419189173267625
293 8.260170185827107
294 10.35314472977611
295 9.362314429382742
296 9.901938087722641
297 9.817258466110257
298 8.54122437398443
299 9.415313595047161
300 7.566876682012165
301 8.076049407473796
302 6.373573400220078
303 7.729440859184623
304 5.726335558752727
305 7.196585783022108
306 7.15200554806264
307 6.787745157417618
308 7.502922676510751
309 9.475652245247527
310 7.7013320895994815
311 7.514918166348175
312 8.39450547695919
313 10.291296097144183
314 9.393936964912346
315 8.60138701159085
316 7.673270099479296
317 8.828227560276709
318 8.027947772802909
319 6.551628058273999
320 9.07912478614668
321 8.133002100306843
322 8.703053041766584
323 6.14485211380564
324 6.545433307867483
325 7.072394142260174
326 7.610512875083738
327 4.135918328837101
328 3.6069582779064047
329 4.3803725458177825
330 3.504014096837043
331 3.7876178539012706
332 9.043905113935327
333 9.468168882858926
334 9.825870986240067
335 10.572403396428816
336 7.59598106297482
337 7.057812155462553
338 3.979153836989758
339 5.58073713313271
340 7.53086746740887
341 5.884162463347064
342 4.704067789007575
343 7.08031044654412
344 6.630724792520577
345 5.184189691977142
346 5.38486598186527
347 5.0454806520340645
348 6.361445539170552
349 7.244354615455106
350 7.463398442711472
351 8.074953889686777
352 9.11683238499989
353 8.485261098661006
354 7.774141567705324
355 10.913283305244766
356 10.242517551141615
357 7.491499341833002
358 8.848099694287466
359 7.12580410967327
360 7.649505526355022
361 7.68638959027113
362 5.855165720056389
363 8.223851011383163
364 8.264140986963445
365 7.973289365781375
366 8.757180669068562
367 8.750917576381344
368 8.226529539965577
369 10.223397659017765
370 8.994475685843119
371 8.246242981738348
372 8.669621257493667
373 7.955315585406332
374 8.500096940402885
375 6.7548998493000925
376 6.109181966138152
377 7.517302679430386
378 8.07431610781895
379 3.6033631071908836
380 4.267059125418916
381 3.904231049452933
382 4.234906509362413
383 5.4467822819887415
384 7.255347957197381
385 3.802817106413893
386 3.5367797494175046
387 3.8726801790889906
388 3.7833112833591733
389 3.834169485930694
390 4.176124567075752
391 3.706082208421283
392 5.604414974296839
393 6.771150511570504
394 5.219109581263456
395 6.393905768084705
396 3.782396479984651
397 5.225645813868024
398 6.595442436144869
399 5.952899170830835
400 4.567691511542239
401 6.730170244983939
402 6.055392232761542
403 5.633730276332853
404 7.552679034158163
405 6.26946045575697
406 7.84167352748917
407 9.186355575475597
408 6.2004999873152595
409 8.286742963381142
410 8.100529558501007
411 6.129784039600845
412 8.422606329545605
413 11.57751221020711
414 10.807967953234597
415 10.165193313144878
416 10.699268023364334
417 10.206183386706456
418 10.818275011505367
419 9.746419664860765
420 9.64982317584177
421 10.245232138057581
422 9.767271791182935
423 10.317599229104259
424 10.554432782900093
425 10.341275141374236
426 10.931297271467244
427 10.171016426559897
428 9.570323203546415
429 10.488541759564866
430 10.054063552424342
431 10.208134832913181
432 10.981682045534622
433 10.927469491461617
434 10.503259692770637
435 9.646181893548784
436 10.350347087552837
437 9.832075969174417
438 7.177290168700461
439 6.30514636911119
440 4.456584664941929
441 5.140336461516776
442 8.477159193521596
443 6.972745392762848
444 8.668026630195254
445 8.030054210268933
446 9.437157686855512
447 8.149077688253424
448 7.578282870547192
449 7.446320169390017
450 8.03936385009344
451 8.999593156955251
452 9.084610995460721
453 8.327160055286397
454 8.072140366506474
455 9.460453525126416
456 8.698354713336968
457 7.714969323638311
458 8.253474425865777
459 8.658797962015502
460 8.104461119055543
461 7.316713976464166
462 7.401580303110058
463 7.816837703048626
464 7.603206869664017
465 7.8174084342271275
466 7.660313472585614
467 8.35345442551896
468 8.055842173676158
469 8.444661527647316
470 8.724447619351162
471 7.547378800510309
472 10.280310038122423
473 8.707952854367438
474 9.389341243432751
475 6.559771519341189
476 7.763816870858034
477 8.237920432952652
478 8.304863701033403
479 7.956637310772071
480 8.143532526569402
481 9.08049342350581
482 7.233432746626251
483 8.456135689281659
484 9.16907098902485
485 7.558555603705839
486 8.314075438614424
487 8.8922148996784
488 9.262732992676208
489 8.747823286503282
490 9.177311437903136
491 8.668830771136486
492 8.993342845726335
493 9.240384090267588
494 8.885053181022167
495 9.533990583444234
496 9.469970430025477
497 9.187666256366827
498 8.342399158371336
499 8.953994130662219
