0 4.349461119592394
1 3.8871423938872907
2 3.699371538079239
3 4.002868779504103
4 3.8654404087531726
5 4.332018702185911
6 3.57954668104596
7 5.066361970431823
8 4.363598109984619
9 3.7438300939771816
10 4.020208236293117
11 4.021502654109934
12 4.309887125430577
13 4.233395777988798
14 3.402007350245967
15 3.8251424859088927
16 3.917075396125451
17 3.6213225862297587
18 3.7838905348651486
19 4.8928541624419175
20 4.075303768036219
21 5.413985299724066
22 3.814112900529453
23 5.455664831718353
24 4.559789984447077
25 4.137435127047779
26 5.02516093309395
27 6.207623498498366
28 3.6975967117741018
29 3.950055562281004
30 5.093686913013948
31 4.172870723647833
32 3.544039403659546
33 5.345314128114287
34 4.055288420162726
35 5.84439756384742
36 4.158680613483278
37 3.9715148854233924
38 5.611180422094273
39 3.4711029890367375
40 5.439554146341919
41 3.793419798541615
42 3.840946981553064
43 6.254393632563543
44 3.6739548739204535
45 3.821416234952333
46 5.286616593447697
47 4.32344160464358
48 4.542452692618754
49 6.811432183083265
50 6.064447489982269
51 3.9865299566553523
52 3.8694101025028886
53 5.97384041603513
54 3.9214209791255934
55 3.9317836259132894
56 3.940347699339638
57 4.295040273511981
58 3.8440156877128326
59 3.7910286663654627
60 3.702647079394603
61 3.8741273151864037
62 3.7999439154434564
63 4.087498858380524
64 3.741608194636083
65 3.804901381009823
66 4.15122224578271
67 3.8312905537183917
68 3.8260195250855498
69 3.9111089081982384
70 3.901519258749486
71 4.390069661311262
72 4.354781617205673
73 3.5527412587770457
74 3.7052009108657944
75 4.238705146639333
76 3.760759615616507
77 3.9141658889433093
78 3.680771090444948
79 3.8537367298246754
80 4.396137705626735
81 3.809533501762643
82 4.0518107706998
83 3.846937466444107
84 3.804784975608966
85 5.137414292669109
86 4.165236288360037
87 3.788255377704299
88 4.3483057644213785
89 4.810790498164314
90 4.945316965320653
91 6.220072188049693
92 4.122168983772021
93 4.032691831428805
94 4.315459385708253
95 3.9256417744587457
96 5.516050527078256
97 5.690374424593596
98 5.3134060874458715
99 3.9703841820948402
100 3.9422743594530374
101 3.7985384515066767
102 5.5523657269493745
103 5.338724918656013
104 3.8495441717814196
105 3.982112825058653
106 4.5169294267375255
107 4.8014137464252675
108 3.6153844899648995
109 3.8323606279138556
110 3.839515866502363
111 3.8378845209577035
112 3.720382468834725
113 3.930163167967722
114 4.767546787966844
115 4.199178971638406
116 4.421189288985082
117 3.836736179795408
118 3.1542150549003924
119 3.717509567282739
120 5.7532810857265675
121 3.906983668614066
122 4.043050083387678
123 4.2003239335411084
124 4.481292523032493
125 5.249677968136194
126 4.559672136958144
127 4.432158418489263
128 4.0341139361703195
129 3.7529660245870913
130 4.9161046701094975
131 6.016406267868619
132 3.9696870158830664
133 4.10313310708437
134 3.532712337176516
135 5.110659874597793
136 3.8893237697432763
137 3.7624156948230203
138 3.8342473566564403
139 3.9729669246180057
140 3.707163510507147
141 3.8464098150990402
142 3.683262871701015
143 3.4783731128286814
144 3.904044301391071
145 3.7956010275506777
146 4.127108134269145
147 3.8122687447366435
148 3.8153224526780143
149 3.7503969320092048
150 3.8339613677706863
151 3.790075479179637
152 3.8822759042893247
153 5.577327360040642
154 3.521887004502437
155 6.207603512890388
156 5.819064829960443
157 3.981341906629897
158 3.8414884853185836
159 5.723232091830943
160 6.035215923444582
161 4.260431778464657
162 4.6625980365627555
163 3.587514376202405
164 4.647938981043995
165 4.254472067005687
166 3.7755881864761487
167 3.745172985545741
168 3.9812648450121495
169 5.150675170390854
170 3.911577953127301
171 5.2065131996553164
172 4.026690587111879
173 3.7199857845644146
174 4.134748666382616
175 4.175831885747976
176 3.939206059687962
177 3.815882403749565
178 5.872662674855838
179 8.108614948676067
180 7.609998737545704
181 5.682526806945669
182 3.875958624638481
183 4.075136499339439
184 3.737356353572245
185 3.7874073768213226
186 4.830912584987716
187 3.771537658937338
188 3.3021557576589387
189 4.044505756923247
190 3.6598005272731595
191 3.709690901460158
192 4.293937914743688
193 3.6602085225418404
194 3.70663610889746
195 3.7781042468747454
196 3.796438805841567
197 3.711746848015831
198 3.7896975577042205
199 4.129030564022403
200 4.040868950776065
201 3.731862053114042
202 4.922344740756256
203 3.71743653982387
204 3.869762801754276
205 3.7914031526254033
206 3.7120639925860934
207 3.750062677565931
208 3.737606518072863
209 3.819708219845445
210 5.516282349541642
211 5.027032441400126
212 3.7988400695865465
213 4.6541803003492985
214 4.0325094586125525
215 3.5692031168998093
216 3.8098818374168144
217 3.7983184224960005
218 3.91625154316437
219 4.771292813302823
220 3.73819864324202
221 3.6054423356786267
222 3.86274312967258
223 3.961605633750087
224 3.8977768968961284
225 4.182013158957448
226 3.8219822489914645
227 3.8869010937941733
228 3.9257901308476484
229 5.54758058931249
230 4.190072004836678
231 3.723510709673542
232 3.827977053171942
233 3.9712884170811624
234 3.8345471944257414
235 3.5227939144303932
236 4.8416197013786615
237 3.7304346367679133
238 5.5710047379755965
239 3.617065277670558
240 3.909552949107296
241 6.228591906350351
242 3.609460187912804
243 3.6999885015497695
244 4.136142503609412
245 4.913015487819252
246 3.901214356262244
247 5.762079056007141
248 3.734922188444832
249 4.042868175569197
250 3.9188699722560503
251 4.168551657038393
252 3.690311843501212
253 5.213933885714068
254 3.7549014589024026
255 3.845303297663012
256 3.9676480627195474
257 3.9666760890935593
258 3.9458024676486203
259 3.741271393322211
260 4.09148531339438
261 3.9290073560518195
262 3.5625182586303854
263 3.2435441446128457
264 3.67047243114222
265 5.203377330599808
266 4.194960679452292
267 4.547458875730897
268 4.109108021783085
269 4.093309626670933
270 3.941314134148312
271 5.726546874772282
272 3.96217323132699
273 3.7668094037735345
274 4.37198985732154
275 3.862995241374517
276 3.875970853784743
277 4.00990162293536
278 4.0026576328011885
279 3.9758883141652253
280 4.1650873271527304
281 3.7793484275515867
282 7.319029520655752
283 5.778457300355575
284 3.546224730303268
285 3.7558059971461035
286 3.5406624972440177
287 3.6658197131731947
288 3.813163092385986
289 3.8243042005969734
290 3.631857616343853
291 3.751057535050133
292 5.781400342713599
293 5.24676322519641
294 5.4428088387107705
295 3.9515044857877815
296 3.880727565192183
297 4.167678792634255
298 4.498302848521087
299 4.127782792843771
300 4.440790736009045
301 3.7765932289938107
302 3.7987248702247385
303 5.388219504938191
304 5.949782906079114
305 4.0011178342996585
306 5.631571013702245
307 3.7570382176940815
308 6.58332163733255
309 5.7888793551249975
310 3.8900699450560623
311 3.685084334215922
312 4.290852776784872
313 4.361601190210542
314 4.635203588469892
315 4.02113799596936
316 4.0912105967561345
317 3.97806302967443
318 4.466054118173643
319 3.5897674172249507
320 4.833815362632814
321 5.862244830291162
322 3.870373187829768
323 3.9897767819093968
324 4.6540705602770975
325 5.829922106343715
326 5.977886690024793
327 3.742213210072436
328 5.68277420332696
329 3.8644345223161123
330 3.866492555946102
331 3.78448010257195
332 3.7842786187008834
333 5.981642757894439
334 5.086365844424236
335 6.0389512813562805
336 3.7549188595519714
337 3.690963322883243
338 5.94897340890293
339 4.345357454819322
340 5.957345050834954
341 6.022817176639374
342 5.871042947110963
343 6.6805631820837545
344 4.14084959900223
345 3.7561645711733727
346 5.998676917882947
347 6.698275677980657
348 6.130101247066012
349 3.8292231402037684
350 5.834943866020535
351 5.139214134438278
352 5.992762113654756
353 4.289991968299644
354 3.623454875041702
355 3.892665457432403
356 6.055977134109378
357 3.940117211451023
358 3.7944212338372765
359 3.89761526096728
360 5.092430041097159
361 3.904928868492991
362 3.885939629779002
363 7.066797136915043
364 3.891516809776417
365 4.0365819986455955
366 3.5259581837602036
367 5.209997129503444
368 3.9241263422491324
369 3.4849171692383205
370 4.47275857396112
371 4.136706209569713
372 4.168828915953906
373 4.508799516903785
374 4.087502381608378
375 4.120672875636418
376 4.353237429997605
377 4.083082272547051
378 3.7601236718072593
379 5.243078071336201
380 4.192464034507912
381 3.834009486533627
382 4.013852100302072
383 3.97826802535248
384 3.7878335729008255
385 3.6639079813754933
386 4.10210178141517
387 5.077681818911084
388 3.82158801666662
389 4.402594773755112
390 5.059365337588577
391 3.9336475548754612
392 3.792739932554171
393 3.8283154256911605
394 3.8996872435521306
395 3.8299370309429275
396 4.03888152113962
397 3.810037539700432
398 3.9016591645826644
399 3.975640024590215
400 3.6843259748712125
401 3.741427655569087
402 3.705173652933118
403 3.748988782063218
404 3.830359939784623
405 3.700264499901799
406 3.8873666179066135
407 4.050615483122239
408 3.8547119954209936
409 3.6450460543501
410 3.8721697222240623
411 3.7398260671830434
412 3.885611999779752
413 5.493337666516815
414 3.8629384065542536
415 3.7330869909657496
416 3.8931447004705975
417 3.765218177749855
418 3.625095409314504
419 3.960321549234843
420 3.8073293096993424
421 3.6783332246256046
422 3.691969689868614
423 3.9564511292159485
424 4.097988707489388
425 3.789655891990046
426 3.8428851888370397
427 3.893301655741766
428 3.8666041919939733
429 4.026044137538495
430 4.056794348737653
431 4.325184721757135
432 5.486150499002498
433 3.7707076576418435
434 4.139537630905743
435 3.9013211189502
436 3.9779784948186143
437 3.7643111565236205
438 3.763939606395306
439 3.8459021640118443
440 5.360891052976789
441 4.499646004268966
442 4.56301946164112
443 3.8202507725945085
444 3.986375909616045
445 3.4717707062614287
446 4.10405226979847
447 2.8641743078055435
448 3.9634002081582422
449 3.85306694638758
450 3.8677783669051853
451 4.08047322842001
452 3.835633084331557
453 5.931169997022322
454 5.624950405223264
455 5.409403316820651
456 5.969712493264546
457 5.427850726832824
458 3.9657903114942332
459 3.8251675920599677
460 3.8414727128202504
461 3.745789029282234
462 4.492208092588639
463 4.073638087905202
464 3.9059303596226522
465 3.804155384273686
466 4.917611307086496
467 4.662983329317344
468 4.981011537946476
469 3.854736778288512
470 5.487837445716388
471 5.539924982341991
472 5.757481578816819
473 3.9679411426375863
474 3.823223388048256
475 3.8387841717315
476 4.036107013226016
477 4.633074479100796
478 5.516218384360968
479 3.8614057200596155
480 4.086955788121017
481 3.7527710372442145
482 4.89098741803935
483 4.07455916265495
484 5.051977224616598
485 5.690834539550109
486 3.9160735706574883
487 6.106410463118547
488 6.148310714031432
489 4.130274176969069
490 8.862623602882527
491 7.453619960747578
492 8.158967301257276
493 8.32290130465407
494 9.31715084878482
495 8.630584370096344
496 8.549010296429083
497 8.197221895922942
498 8.538811585770636
499 8.267235338878026
