0	0.0
1	0.6520987749099731
2	0.6763143539428711
3	0.8099352121353149
4	0.7640582919120789
5	0.6632975339889526
6	0.6283296346664429
7	0.6448597311973572
8	0.7026751041412354
9	0.8328781127929688
10	0.6817582845687866
11	0.8916236758232117
12	0.7454110980033875
13	0.7514204382896423
14	0.7002522349357605
15	0.6563360095024109
16	0.6455541849136353
17	0.7745854258537292
18	0.7512268424034119
19	0.6264086365699768
20	0.6309517621994019
21	0.7171119451522827
22	0.6417198777198792
23	0.7251530885696411
24	0.5730351209640503
25	0.6512880921363831
26	0.711676299571991
27	0.6911259293556213
28	0.7830975651741028
29	0.648388683795929
30	0.8106533288955688
31	0.6977601051330566
32	0.8020517230033875
33	0.6842396259307861
34	0.6972629427909851
35	0.7133516669273376
36	0.6616536378860474
37	0.7661950588226318
38	0.8766566514968872
39	0.7623298168182373
40	0.7337260246276855
41	0.7242254614830017
42	0.7837128639221191
43	0.7287922501564026
44	0.6248731017112732
45	0.6868749260902405
46	0.755648136138916
47	0.7273887991905212
48	0.7484347224235535
49	0.7113096714019775
50	0.774808406829834
51	0.7746227979660034
52	0.758725106716156
53	0.6940598487854004
54	0.8170140385627747
55	0.750084638595581
56	0.707750141620636
57	0.6563855409622192
58	0.6407918930053711
59	0.9100212454795837
60	0.6693164706230164
61	0.7461913824081421
62	0.7801437973976135
63	0.7465059757232666
64	0.7530199289321899
65	0.8203140497207642
66	0.7417959570884705
67	0.8044626712799072
68	0.5971129536628723
69	0.6919340491294861
70	0.7697125673294067
71	0.743991494178772
72	0.7333233952522278
73	0.6591781377792358
74	0.7628661394119263
75	0.6710575222969055
76	0.6887691617012024
77	0.7499871253967285
78	0.7649363875389099
79	0.7861983776092529
80	0.784244954586029
81	0.6471806168556213
82	0.6994593739509583
83	0.7940827012062073
84	0.7013189792633057
85	0.7422857284545898
86	0.9477065801620483
87	0.8193378448486328
88	0.8032822012901306
89	0.8038996458053589
90	0.7341520190238953
91	0.8140852451324463
92	0.6600344777107239
93	0.7336954474449158
94	0.8257293105125427
95	0.6371860504150391
96	0.789473831653595
97	0.7147320508956909
98	0.6831893920898438
99	0.6996752023696899
100	0.7005888223648071
101	0.5657445788383484
102	0.6809912323951721
103	0.6468169093132019
104	0.6564819812774658
105	0.7800652980804443
106	0.7135562896728516
107	0.7472503185272217
108	0.817683756351471
109	0.7779377698898315
110	0.7845821380615234
111	0.6718952059745789
112	0.7542095184326172
113	0.7170703411102295
114	0.6545699238777161
115	0.7938900589942932
116	0.8164727091789246
117	0.8171142935752869
118	0.7086513638496399
119	0.7612867951393127
120	0.7972443699836731
121	0.8149055242538452
122	0.8013180494308472
123	0.8427903652191162
124	0.8248968720436096
125	0.7036657333374023
126	0.7248356938362122
127	0.7555747032165527
128	0.8047289252281189
129	0.762133002281189
130	0.7303023934364319
131	0.7150533199310303
132	0.7321584224700928
133	0.6958456039428711
134	0.7715951800346375
135	0.8188035488128662
136	0.7903226017951965
137	0.7128552794456482
138	0.7338918447494507
139	0.7055955529212952
140	0.7580313086509705
141	0.8274602890014648
142	0.7360274195671082
143	0.8321285843849182
144	0.6866177916526794
145	0.6630579233169556
146	0.712157666683197
147	0.826554536819458
148	0.7898451089859009
149	0.7626650929450989
150	0.7912079691886902
151	0.7716680765151978
152	0.8510212302207947
153	0.7740214467048645
154	0.7590352892875671
155	0.68012934923172
156	0.7477326393127441
157	0.7789069414138794
158	0.6594575643539429
159	0.790960967540741
160	0.6466357111930847
161	0.8596032857894897
162	0.694155752658844
163	0.8020023703575134
164	0.6834204196929932
165	0.6689341068267822
166	0.6789594292640686
167	0.7108783721923828
168	0.7414723038673401
169	0.709296703338623
170	0.7879788875579834
171	0.663025975227356
172	0.7739406824111938
173	0.7724624276161194
174	0.6903033256530762
175	0.7433772683143616
176	0.7425283789634705
177	0.7337974905967712
178	0.7803232669830322
179	0.6902323365211487
180	0.7981700301170349
181	0.8277158737182617
182	0.7266132235527039
183	0.7641547918319702
184	0.7849572896957397
185	0.7670764327049255
186	0.695277214050293
187	0.714074432849884
188	0.6477420926094055
189	0.7236151695251465
190	0.7056339979171753
191	0.6444416642189026
192	0.742261528968811
193	0.7264822125434875
194	0.7850251793861389
195	0.7444289922714233
196	0.6378958225250244
197	0.6389729976654053
198	0.714562177658081
199	0.8900349140167236
200	0.712973415851593
201	0.7560262680053711
202	0.7780470252037048
203	0.7862167954444885
204	0.7578073143959045
205	0.6675074100494385
206	0.7707040905952454
207	0.7337185144424438
208	0.7541908025741577
209	0.8000783324241638
210	0.7954956293106079
211	0.7441046237945557
212	0.7215496897697449
213	0.6718805432319641
214	0.6684043407440186
215	0.7502835988998413
216	0.733368456363678
217	0.6805915236473083
218	0.7781961560249329
219	0.7432211637496948
220	0.8283393383026123
221	0.7713216543197632
222	0.7779278755187988
223	0.741838812828064
224	0.7861502170562744
225	0.7172701954841614
226	0.7830514311790466
227	0.677158534526825
228	0.7820038199424744
229	0.7983074188232422
230	0.7390256524085999
231	0.6594937443733215
232	0.6103355288505554
233	0.871746301651001
234	0.7688140273094177
235	0.7622061967849731
236	0.8581864833831787
237	0.7101512551307678
238	0.769074559211731
239	0.7183480858802795
240	0.7128982543945312
241	0.7904002070426941
242	0.7014850378036499
243	0.5572124719619751
244	0.7191106677055359
245	0.7449553608894348
246	0.7459204196929932
247	0.7635343670845032
248	0.825575590133667
249	0.7170424461364746
250	0.6428703665733337
251	0.8178532123565674
252	0.7202547192573547
253	0.8034404516220093
254	0.6541924476623535
255	0.7518081068992615
256	0.7499162554740906
257	0.6900025606155396
258	0.7073777318000793
259	0.8162000179290771
260	0.7302228808403015
261	0.7575874924659729
262	0.8583172559738159
263	0.7761452198028564
264	0.8469125032424927
265	0.8326758146286011
266	0.7612930536270142
267	0.8089942336082458
268	0.7310696840286255
269	0.7949960231781006
270	0.7644564509391785
271	0.7259188890457153
272	0.7055535316467285
273	0.7411455512046814
274	0.7554683685302734
275	0.6647255420684814
276	0.6841204166412354
277	0.8489877581596375
278	0.6850560307502747
279	0.7436171770095825
280	0.7557805776596069
281	0.7070872783660889
282	0.663846492767334
283	0.8125175833702087
284	0.6827901601791382
285	0.656133234500885
286	0.6895334124565125
287	0.7323376536369324
288	0.6479013562202454
289	0.7105199098587036
290	0.7348161339759827
291	0.7235714197158813
292	0.7946808338165283
293	0.6843652129173279
294	0.6545451879501343
295	0.805156409740448
296	0.7544934749603271
297	0.6309869289398193
298	0.9442650079727173
299	0.7319026589393616
300	0.7526980042457581
301	0.665913462638855
302	0.6562370657920837
303	0.7006847858428955
304	0.7257934212684631
305	0.731065571308136
306	0.797707736492157
307	0.7903026342391968
308	0.8055692315101624
309	0.7580500245094299
310	0.719028890132904
311	0.6910843253135681
312	0.7679435610771179
313	0.6982215046882629
314	0.7030676603317261
315	0.8038934469223022
316	0.7746188640594482
317	0.6193280816078186
318	0.7742217183113098
319	0.7125967741012573
320	0.7405616641044617
321	0.6229636669158936
322	0.7028520107269287
323	0.7034153938293457
324	0.7127160429954529
325	0.6326481699943542
326	0.8451064825057983
327	0.7572208046913147
328	0.7004963159561157
329	0.7088088989257812
330	0.7527402639389038
331	0.7391965985298157
332	0.8056935667991638
333	0.7419390082359314
334	0.6239314079284668
335	0.7130904793739319
336	0.6781774163246155
337	0.741747260093689
338	0.7155907154083252
339	0.7669150829315186
340	0.7020436525344849
341	0.7880539298057556
342	0.7001362442970276
343	0.8243647217750549
344	0.737066924571991
345	0.7174031734466553
346	0.8214892745018005
347	0.7102426290512085
348	0.7318680882453918
349	0.7207690477371216
350	0.7626227736473083
351	0.675654411315918
352	0.888968288898468
353	0.6936381459236145
354	0.7082743644714355
355	0.7955245971679688
356	0.762229859828949
357	0.7692096829414368
358	0.7785284519195557
359	0.7248375415802002
360	0.7797380089759827
361	0.8961651921272278
362	0.6476794481277466
363	0.7643612027168274
364	0.8568947315216064
365	0.7424296140670776
366	0.7736148238182068
367	0.8436790704727173
368	0.7814716696739197
369	0.7592720985412598
370	0.7696220874786377
371	0.7894440293312073
372	0.7449154257774353
373	0.7265546917915344
374	0.6999529004096985
375	0.7439960837364197
376	0.7578326463699341
377	0.7279456853866577
378	0.7409237027168274
379	0.6874351501464844
380	0.7667988538742065
381	0.8431647419929504
382	0.761067807674408
383	0.6810736060142517
384	0.8084891438484192
385	0.6462832093238831
386	0.6841943264007568
387	0.8159398436546326
388	0.6900288462638855
389	0.796392560005188
390	0.7211412191390991
391	0.8204427361488342
392	0.7987674474716187
393	0.6783608794212341
394	0.7598463296890259
395	0.6895654797554016
396	0.7758123278617859
397	0.7869921326637268
398	0.8082991242408752
399	0.7583504915237427
400	0.7378038763999939
401	0.8543928265571594
402	0.7689581513404846
403	0.7177318334579468
404	0.6241277456283569
405	0.7331709861755371
406	0.7287615537643433
407	0.6905462741851807
408	0.7762786746025085
409	0.7019050121307373
410	0.6637261509895325
411	0.7118237614631653
412	0.6357725262641907
413	0.7068005800247192
414	0.8201615810394287
415	0.6307287812232971
416	0.7183645963668823
417	0.7332028150558472
418	0.631851851940155
419	0.6770973801612854
420	0.7250563502311707
421	0.716412365436554
422	0.6368179321289062
423	0.6601505875587463
424	0.7391652464866638
425	0.837419867515564
426	0.7901021242141724
427	0.7396364808082581
428	0.814337968826294
429	0.7117499709129333
430	0.7615880370140076
431	0.7213237285614014
432	0.6996686458587646
433	0.7776641845703125
434	0.7459325790405273
435	0.6718953251838684
436	0.7390545010566711
437	0.8529260754585266
438	0.7053581476211548
439	0.7842140793800354
440	0.8251909017562866
441	0.7903904318809509
442	0.8260165452957153
443	0.7263306975364685
444	0.8668928742408752
445	0.7796357274055481
446	0.7432518005371094
447	0.6896865963935852
448	0.8488967418670654
449	0.7707468271255493
450	0.7928544282913208
451	0.8892502188682556
452	0.7811615467071533
453	0.7406067252159119
454	0.6961618065834045
455	0.7553772330284119
456	0.7200338840484619
457	0.6625437140464783
458	0.6281539797782898
459	0.6969873905181885
460	0.676719605922699
461	0.7257900238037109
462	0.7127240896224976
463	0.6822638511657715
464	0.6682534217834473
465	0.8518904447555542
466	0.7888476848602295
467	0.8132553100585938
468	0.835420548915863
469	0.7576109766960144
470	0.7021112442016602
471	0.7399366497993469
472	0.7217762470245361
473	0.7529123425483704
474	0.7611153721809387
475	0.7169402837753296
476	0.7221457958221436
477	0.6409873962402344
478	0.6719712615013123
479	0.7329403162002563
480	0.7856526970863342
481	0.7319568991661072
482	0.7613065838813782
483	0.5908018946647644
484	0.7320289611816406
485	0.7616423964500427
486	0.6552509665489197
487	0.6508573889732361
488	0.7450389266014099
489	0.7513291239738464
490	0.738211452960968
491	0.6843995451927185
492	0.757293701171875
493	0.6588679552078247
494	0.6685822010040283
495	0.7710286974906921
496	0.821942925453186
497	0.7425188422203064
498	0.7982841730117798
499	0.7319281101226807
