1 1.083486795425415
2 0.8236578702926636
3 0.6508280634880066
4 0.5082880258560181
5 0.3677642345428467
6 0.34445270895957947
7 0.3268424868583679
8 0.30476853251457214
9 0.32889750599861145
10 0.3152090907096863
11 0.2955114543437958
12 0.3460533022880554
13 0.49427762627601624
14 0.5663173198699951
15 0.616996705532074
16 0.5807135701179504
17 0.4399891495704651
18 0.41186970472335815
19 0.33482372760772705
20 0.3529015779495239
21 0.3858335018157959
22 0.37353411316871643
23 0.49382466077804565
24 0.4326073229312897
25 0.49017134308815
26 0.5613343715667725
27 0.6321617960929871
28 0.6819015741348267
29 0.46398258209228516
30 0.6529554128646851
31 0.7422963380813599
32 0.6686913967132568
33 0.40912970900535583
34 0.3349554240703583
35 0.3895587623119354
36 0.4716584384441376
37 0.4345329999923706
38 0.5175995230674744
39 0.6575950980186462
40 0.6539117097854614
41 0.6895029544830322
42 0.6729682087898254
43 0.7628822922706604
44 0.724844217300415
45 0.6295393109321594
46 0.7061306834220886
47 0.5970262885093689
48 0.729430079460144
49 0.7026536464691162
50 0.5008710622787476
51 0.5512106418609619
52 0.43470072746276855
53 0.48377180099487305
54 0.4776604473590851
55 0.483031690120697
56 0.5936610102653503
57 0.6602995991706848
58 0.638997495174408
59 0.5673642754554749
60 0.5195592045783997
61 0.5636245012283325
62 0.5455432534217834
63 0.4822404384613037
64 0.43779516220092773
65 0.47723129391670227
66 0.4939761757850647
67 0.49395185708999634
68 0.5307679176330566
69 0.5434716939926147
70 0.49676957726478577
71 0.5585797429084778
72 0.4098472595214844
73 0.4247579574584961
74 0.5135433077812195
75 0.4481695294380188
76 0.4896531403064728
77 0.4899689853191376
78 0.5644655823707581
79 0.6315290927886963
80 0.6376038193702698
81 0.5494365692138672
82 0.533958375453949
83 0.6205368638038635
84 0.6469479203224182
85 0.6608908772468567
86 0.4501526653766632
87 0.48941317200660706
88 0.46037301421165466
89 0.46607643365859985
90 0.45764386653900146
91 0.36918264627456665
92 0.33356231451034546
93 0.3591713011264801
94 0.3178304135799408
95 0.3347569704055786
96 0.35852357745170593
97 0.3669918477535248
98 0.36301660537719727
99 0.4191685914993286
100 0.5525679588317871
101 0.6056305170059204
102 0.8245729804039001
103 0.7264707088470459
104 0.7265896201133728
105 0.6260814666748047
106 0.5332441926002502
107 0.4971078038215637
108 0.4723007082939148
109 0.4787406027317047
110 0.5290969610214233
111 0.4645240604877472
112 0.455774188041687
113 0.4235225021839142
114 0.5025277733802795
115 0.5942549109458923
116 0.49825766682624817
117 0.4919126033782959
118 0.5504245758056641
119 0.6317281723022461
120 0.7774573564529419
121 0.7919787764549255
122 0.8069944977760315
123 0.8710896968841553
124 0.8910934329032898
125 0.8786130547523499
126 0.8132681846618652
127 0.8990075588226318
128 0.9373387694358826
129 0.8499937057495117
130 0.8607861399650574
131 0.931817352771759
132 0.8193633556365967
133 0.7044594287872314
134 0.8075287342071533
135 0.692541241645813
136 0.8590826988220215
137 0.8264638185501099
138 1.1093474626541138
139 0.9816284775733948
140 1.2946627140045166
