0 6.35002706598627
1 6.101291458270872
2 6.0586504392537055
3 7.051564642768717
4 6.819271985109314
5 7.383789585942908
6 7.819876316986634
7 7.190269025661888
8 6.335642892982193
9 7.3442023645930306
10 7.271449939223273
11 6.8854293858907125
12 6.363656112412029
13 7.359247247390945
14 6.20850792381307
15 4.141495251598312
16 3.8169250146084264
17 3.661414042537296
18 3.8647094343509796
19 3.799287978052523
20 4.631825260162557
21 4.085295413461154
22 4.301941024095099
23 3.8379483610130496
24 3.9531316467154083
25 3.866867258410432
26 3.6658747818131707
27 3.8480232184376555
28 3.6853037612363906
29 3.7361890478695083
30 7.249871024954362
31 7.357393162161164
32 6.764522644789563
33 6.417802816759307
34 5.9513782351830695
35 6.700694975625585
36 6.862442414960395
37 6.575114651276499
38 6.90220718094897
39 6.906983131673248
40 7.784049647048459
41 6.094022723722252
42 6.0818645424287725
43 4.213748635696808
44 4.388476358870226
45 7.362207148915439
46 6.964716372739143
47 4.554173615932083
48 6.634187898987171
49 6.821979126872975
50 6.272208233397885
51 6.158104617622531
52 6.0410334841332745
53 6.093635120799385
54 6.873508364153969
55 7.236305170495399
56 5.1672573219973525
57 3.8753480849382695
58 7.733399201463256
59 4.880292787135631
60 3.8245884558155674
61 3.7938425240444316
62 5.987371156920108
63 5.483221378919952
64 6.91344927716622
65 7.2913418734151945
66 6.884890875101771
67 4.73069921847564
68 4.265071861836218
69 6.0747618859041195
70 5.855362207686597
71 5.235817774207439
72 4.842766651148836
73 5.264299376439809
74 6.919807717035583
75 6.173850094440044
76 5.334022175016309
77 3.629342763600281
78 3.85980436908644
79 3.8367578360449186
80 7.7427970150235845
81 5.590009920279146
82 6.823214804148374
83 4.02612041547041
84 3.49074021572224
85 4.295369976157544
86 3.4137927916012334
87 5.672925173841289
88 7.10110710527109
89 7.722282015100021
90 6.520504484219417
91 7.349624402527792
92 6.5352893231789135
93 8.040426737698574
94 3.700451807811179
95 6.440683289260645
96 8.976291755229397
97 3.76287857869593
98 6.943369897835316
99 6.411305424856099
100 6.760348223437006
101 6.809170924180354
102 6.7061975849411155
103 6.6499109203264135
104 6.15519729747793
105 5.50511688777702
106 4.819735515183272
107 7.914850272902637
108 7.830780464368512
109 4.4485018441111235
110 6.595389470560989
111 3.8334777992789837
112 7.527528151960011
113 7.677825399987023
114 5.313052532158745
115 6.978807203678689
116 6.167306022091621
117 7.263644501219433
118 6.542186083166293
119 4.708746438912301
120 3.8389263130832276
121 6.4526188402700155
122 7.796484754140756
123 7.3789985485355105
124 3.8544372203942845
125 6.104588876624827
126 5.905832736857283
127 6.3946846876134575
128 6.195644031316715
129 6.070940036687069
130 6.923019642005338
131 7.842227554943379
132 5.493054068384865
133 4.299011581500883
134 5.906250502724277
135 5.604656165023129
136 3.808981780220232
137 5.7495243639219105
138 5.665024783557699
139 6.283474560338907
140 3.909781755240835
141 3.8105844282164405
142 3.9937510674326315
143 5.745003070175946
144 3.526021441514589
145 3.807410169736892
146 5.986898988387799
147 5.5914761846220005
148 6.0801754554959215
149 6.404876563408656
150 4.320989340761518
151 7.115715155788504
152 5.932167260660122
153 4.643159741060229
154 7.454660847211158
155 5.644834944812994
156 6.120079015274352
157 4.620183119336757
158 5.418042837356795
159 5.600697629793326
160 3.5865670734372475
161 3.719429763328509
162 3.865636326623574
163 4.664114295081665
164 7.0557024400054935
165 3.6507354285521734
166 6.243376769110815
167 5.20832241443923
168 8.572156096487708
169 3.7713978928235417
170 6.290887450266185
171 5.69170150773604
172 3.6420558854584315
173 5.181853262036298
174 3.770043515180161
175 5.971295703203595
176 4.650963913089087
177 4.991817654837151
178 5.646814976899321
179 4.781196280296158
180 3.7283785140117747
181 3.4394132606737915
182 7.009612594158805
183 8.17412678574609
184 5.9190043746194485
185 7.423354364584289
186 7.163821506883986
187 7.822135559823639
188 6.898972664753551
189 7.1631532866206244
190 6.986983741617143
191 8.425374090699872
192 8.56837992807369
193 7.447958781021718
194 8.748466001736732
195 3.954085120998442
196 3.90127396250504
197 3.6795676591689
198 3.1439420850879274
199 7.782000482745629
200 4.793306884525688
201 3.7486821074977046
202 3.8175441539861605
203 6.276337752565597
204 3.9215173721919605
205 5.685954860033782
206 3.7537810909992113
207 3.705022419624257
208 5.734903093489781
209 4.511868873263905
210 3.611168743048489
211 3.8050800645272655
212 3.7778078677047615
213 3.948755328645978
214 4.355716706425514
215 4.3077692880926985
216 3.558623859248413
217 3.717855940206397
218 3.699412791022748
219 3.975624906485016
220 4.3973195381312795
221 3.9177691770286787
222 5.659786794599807
223 3.9873401199614658
224 3.820080109372166
225 3.7172625788645766
226 5.664022024450788
227 4.198149334102368
228 3.624170291049923
229 3.8301882534115674
230 6.320495240044715
231 4.1328829594639584
232 3.7213072610259137
233 3.988091217377586
234 3.7914545147402205
235 4.102670769391625
236 6.191473432950471
237 8.23769365436182
238 9.064572056756557
239 3.6617370612873414
240 5.6656978347201035
241 3.753770252613732
242 8.876990055926536
243 8.34353881694464
244 6.5283163343109205
245 6.318863641977234
246 6.430845077689097
247 8.039762789367387
248 7.38536613708506
249 5.889727261613711
250 7.564692752244166
251 6.150329267137398
252 7.622763944572652
253 8.445773734171407
254 9.470161490155833
255 8.782169035919255
256 7.1678424836424774
257 6.93039677422701
258 7.54246625301195
259 9.15765762892311
260 6.230238824601923
261 7.304532795435348
262 6.1727642538499055
263 7.318680356326652
264 3.4501638962689296
265 3.807375893098339
266 6.2036706224725355
267 3.9182375064109
268 3.839336854610458
269 3.1996013983591785
270 3.5675997756623037
271 3.70826575550094
272 4.531190742708607
273 3.669291226966536
274 4.239527866848863
275 3.9688057289649423
276 5.848926894298974
277 3.8808121925263483
278 3.580705455754289
279 4.036980799233429
280 4.306890719155218
281 5.235800463614956
282 5.37352214475516
283 6.430985031529791
284 7.182804817097417
285 7.236951704045423
286 9.139004451927894
287 8.052428409412547
288 9.732697932597315
289 9.530727362061844
290 7.893582792631625
291 9.569541442789523
292 9.52000492099898
293 7.923943394544482
294 8.564559424139656
295 8.36663148073486
296 8.99480425715323
297 6.590592749869475
298 6.3553684457391695
299 9.49795329213817
300 6.734291398210848
301 7.321334967929956
302 8.122835914553942
303 8.105812241724278
304 8.706657841843086
305 6.750979508062856
306 8.910391495175169
307 7.715484313370369
308 7.464286825847061
309 8.084569760679392
310 6.550019489649795
311 6.350805612557947
312 10.078351782859894
313 7.038967812118256
314 7.493861700042726
315 8.685449217171643
316 9.639347547840318
317 10.302241142107887
318 8.693299820063986
319 10.638207194497591
320 8.28777559582123
321 9.022963952049745
322 9.376482813249341
323 8.18762357074633
324 9.455093290425527
325 10.53875031534573
326 7.983378608499252
327 9.917766084671817
328 9.289403314389544
329 9.480738377055092
330 9.057842872606699
331 7.156223661610407
332 5.73510146601587
333 7.176649999901287
334 6.452436268191329
335 9.397903334220612
336 9.681032133639054
337 8.184251697338873
338 8.900634790689745
339 7.935248205303059
340 8.413734961348949
341 8.558649875069607
342 8.141197367201631
343 7.513838486937883
344 8.2562933436462
345 6.997783778200791
346 6.782130417438099
347 7.185303775017404
348 7.276353459659937
349 7.432068161306691
350 7.702738468251327
351 7.834413765109692
352 8.781789934004843
353 8.199668326487295
354 7.048041228230959
355 7.173803929130631
356 7.395843367070263
357 8.14920591705628
358 7.289342271823907
359 5.074837755748155
360 5.7878778522802365
361 8.70546442033611
362 5.995963918481674
363 6.481453588044717
364 9.398775216070215
365 7.60037568928066
366 10.004076789695898
367 7.2406800537463685
368 8.07419164998081
369 6.382244872462399
370 9.445422804720515
371 9.206809841251218
372 10.69722021846998
373 8.88538022502468
374 10.15647007840482
375 7.635032393550427
376 7.927773976456678
377 9.375965005162138
378 7.857983669382287
379 7.861879469296785
380 8.922147788484322
381 9.452032311410344
382 7.64492142455169
383 7.897941445857009
384 8.954343791025817
385 6.391828044037774
386 9.64269504822751
387 7.849060821084152
388 8.48537365572195
389 9.346140483202891
390 8.447895083864159
391 9.28057424853651
392 8.148650801551387
393 6.314685189018785
394 6.283340632282778
395 10.275407422510597
396 10.358501821748431
397 10.087927578332158
398 8.047584364236737
399 9.273393518043916
400 8.980345414470195
401 8.988423201189152
402 10.956406407415896
403 8.771727093546795
404 10.285626733847383
405 9.440920424424114
406 10.285904767988404
407 8.272970790522804
408 8.634565518578672
409 8.083825659427172
410 7.719080516116997
411 8.788752803994983
412 8.70324468733197
413 9.227347899102545
414 9.369028981595674
415 8.58845861466037
416 9.164963143272976
417 8.202031010632856
418 7.750337226935003
419 9.753678939739526
420 8.39996449610792
421 9.15494937573139
422 8.654109451150287
423 7.947375993927931
424 6.959847246514304
425 8.97139537641249
426 9.733408354064814
427 7.524595090637147
428 9.175685467243333
429 9.520690781755748
430 7.951868489792275
431 7.835188405773174
432 9.654999182553706
433 11.467472158434276
434 9.462216166172942
435 8.935081859054806
436 8.18403443070477
437 8.071512241725722
438 9.14330460772427
439 7.510993424799292
440 9.863351816484066
441 8.206428566664671
442 9.530016004669775
443 9.231119998341814
444 6.358050734223197
445 9.09478096939543
446 8.699906910359859
447 9.421355621037163
448 9.399415311305338
449 8.594319302840017
450 6.5761761473794005
451 9.171973963474699
452 9.604970333294446
453 9.632322799359564
454 9.301815504765727
455 9.54224595526929
456 9.099373194427084
457 10.181151291303074
458 10.286086741775147
459 7.523546200224782
460 9.490373915371448
461 8.30658953935807
462 7.409428840559082
463 6.925787630140457
464 7.995873905863926
465 9.285240907021002
466 8.103139000828044
467 7.491577746059101
468 8.900320907597374
469 8.326239536070615
470 8.66385602628344
471 6.6970398884472955
472 7.899291232118721
473 8.51345088663433
474 6.6914724910151175
475 5.992824202120936
476 8.73209028509592
477 9.869290392071548
478 9.146643893843821
479 8.689758008579604
480 9.741773160293908
481 9.47008673087728
482 9.827955939292488
483 10.450612652087614
484 9.219775305787243
485 8.379987668638925
486 9.518529206127148
487 9.410475432432882
488 9.536955292995328
489 10.261879134828707
490 8.234154263312162
491 7.421637634247861
492 7.925193715421378
493 8.886385007889324
494 8.738684337922589
495 8.890309511388638
496 9.507975205459857
497 9.779619153193881
498 9.361519372777249
499 9.446727022853263
