0 8.064301933239975
1 6.586101109870826
2 6.795296361776119
3 8.93122184927576
4 6.75586813166925
5 7.839602089722333
6 5.496238032874446
7 7.667328859811703
8 10.235332732948141
9 5.0199715152388364
10 7.972860160908539
11 8.442737888235394
12 5.576617960974404
13 5.862472023267983
14 7.68482596841208
15 3.8390205183651545
16 3.8570959252819144
17 4.547690446529105
18 3.7503318632997993
19 3.6004372008545418
20 3.7818473705425224
21 3.9270761032723533
22 3.7628015079941957
23 3.443256485713666
24 4.256556279228151
25 4.589250021165597
26 4.249758356990728
27 3.8926447119688303
28 3.7041324808083513
29 3.9557634594781197
30 4.160175784439046
31 4.189166410155058
32 3.634660508064011
33 3.449067705200848
34 4.029542485657236
35 3.594906881112019
36 3.900842421265743
37 3.8086626616474506
38 4.606909297646261
39 4.482013836336898
40 5.509804705793287
41 8.566692151662188
42 7.546304597693071
43 8.836121129055071
44 8.231548594190523
45 4.167363135535513
46 7.028493617112088
47 4.578178973560586
48 6.9129370558489045
49 4.642733950041367
50 5.662004379343545
51 4.625361974003391
52 4.311749123416914
53 5.02012996920096
54 5.0007714605433105
55 4.943225451047206
56 4.703048806885775
57 4.03109262175621
58 4.214607806879038
59 3.5446104960429903
60 3.668647746225471
61 4.778619082786816
62 4.204544957724031
63 5.371840862899523
64 7.8337138572890606
65 8.87099900263038
66 7.645024107070802
67 8.316282814305431
68 8.924306790821383
69 8.270150304101758
70 8.66529171791999
71 6.395530222092995
72 5.784662794372603
73 4.758337200258308
74 4.696368844223345
75 4.2979303970547456
76 3.8123468722911156
77 4.06705117919636
78 7.757426729177889
79 7.746333072129174
80 7.1192627315098145
81 8.140677686140544
82 9.45174825697998
83 7.85095777442027
84 8.746628737507958
85 9.488011844191302
86 5.136351318021522
87 4.165002011931338
88 6.129400754008574
89 4.556400992964244
90 5.73295113478502
91 6.4107687835402976
92 6.556306105137504
93 9.968463261291578
94 4.192142682381745
95 6.298088104772155
96 8.954776898897395
97 7.9061023919969395
98 3.9693298650977824
99 6.132325720850253
100 7.458184669872782
101 6.112419599854759
102 6.7404574872858785
103 8.972378671450654
104 8.906506816732943
105 4.627972730724532
106 9.142473877076553
107 10.444824875880194
108 10.721896060699601
109 11.61060380639707
110 11.405553823852111
111 8.118950566455139
112 9.413751597091276
113 7.315113591809678
114 7.837649112160675
115 9.174961844363823
116 12.00007238967565
117 10.790214456037287
118 8.330519883722982
119 7.385724677529499
120 11.034912616722176
121 10.340338838931165
122 10.370905791761933
123 9.565412227378427
124 11.901154237275552
125 10.342085187467198
126 9.770856857950664
127 11.942517369757942
128 11.546865852455074
129 10.312957707152496
130 12.082375719797593
131 9.733617299958071
132 10.793609986130782
133 12.007179961937831
134 11.877951547472735
135 11.349236024450475
136 7.314574236518372
137 9.960954076564995
138 8.359030041547197
139 10.32770516591108
140 9.847177037580845
141 9.963829776416508
142 6.6666824868417685
143 7.51087062418024
144 8.333445738149946
145 10.45101671151085
146 8.829122794856175
147 7.449933606773349
148 4.126446363232682
149 4.446825209820058
150 8.541177152540511
151 9.293226805313841
152 8.135754908430243
153 7.679562744780203
154 5.945363162859714
155 6.569791146414346
156 6.832111252044401
157 5.9719603542112285
158 4.368104140502585
159 4.7758585627689385
160 4.230602028558188
161 5.791942252845855
162 4.392705005802669
163 4.415625016267913
164 6.618356479764633
165 5.9495808613496175
166 4.777125906681669
167 5.4623149710145
168 7.838470562232688
169 7.939190525267251
170 6.5725504706459335
171 5.094189088010497
172 5.211312044435165
173 5.4553771697692115
174 4.9554508703169295
175 4.862602991390887
176 8.39711814716475
177 6.563080173207143
178 4.133138713953384
179 4.883073924500153
180 4.942693070090955
181 4.665029785117536
182 5.700092624531403
183 4.678016576787802
184 5.1940345536548325
185 7.278345939649921
186 4.9691888113854406
187 6.440408498881566
188 4.42388337116657
189 5.9661927153782806
190 4.201920643321824
191 4.760033794230299
192 5.302495096561091
193 5.28402386712838
194 4.921553899603489
195 4.874402837465473
196 6.700649387325501
197 4.88024255871528
198 4.5052556942558315
199 4.936822461266835
200 5.291062622829057
201 4.041818184631847
202 4.829491793749854
203 4.662980520949232
204 4.682154689034111
205 3.51972021465061
206 4.050047166826774
207 4.3715433821763945
208 4.247460709848286
209 4.387304803023223
210 5.319021761095112
211 6.036639157001304
212 4.772351993419986
213 7.272421035091864
214 4.319982065242862
215 5.723885277943603
216 3.799177464601691
217 4.1667852777089
218 4.828948999539615
219 4.74849420933764
220 4.508258073217735
221 5.063211494497453
222 5.427905427006428
223 4.500448390355297
224 5.037136212320319
225 5.690361469637344
226 5.617660009013072
227 7.6830413753541045
228 4.004707249573647
229 4.538670526843768
230 6.161231581346968
231 6.904861571310647
232 6.815528715230055
233 7.280882389992416
234 4.035850091134042
235 4.449639660337087
236 4.936507850653476
237 5.420945860228779
238 4.405985487077977
239 5.997425110367954
240 6.003378390071087
241 5.197668864390537
242 4.300896568997417
243 4.503681464542923
244 4.100159893465204
245 4.178946669164588
246 5.020042721225133
247 5.96574977506374
248 7.1547635258560796
249 10.294688088287238
250 10.048447838710182
251 8.379804589323948
252 8.078075929579967
253 6.062742099110518
254 11.900847876482654
255 11.429471222661782
256 10.289746659165829
257 10.633677505496916
258 9.100519199207929
259 10.980679691225214
260 8.185809000590055
261 11.880995464567697
262 8.338152133581925
263 9.52105396938968
264 8.980832395584791
265 11.582725853564092
266 10.24946233694659
267 11.334362783243655
268 10.505435210764976
269 10.450369490558941
270 10.672024132698054
271 8.921290309734752
272 10.654246646380283
273 10.052451174339279
274 9.654300302673061
275 12.395081869038066
276 11.384259830273283
277 10.230492914102467
278 9.835266466973021
279 11.33376488638131
280 12.54574720389337
281 10.705062926659451
282 11.394408252844364
283 10.508408135596762
284 10.300816293173522
285 11.005796267921388
286 7.912801526950191
287 11.474539639903394
288 10.528311450202125
289 9.992522470887799
290 10.646295606919395
291 10.499244800510752
292 11.530814832473153
293 9.501250022127008
294 11.998084271341531
295 9.843435407373804
296 10.040984591633448
297 12.332455021883455
298 9.880917087855055
299 12.120819151850423
300 13.211082414999149
301 14.237649109170706
302 12.972133557082865
303 12.732159862310592
304 13.136651118434356
305 13.804815859588638
306 13.069798230023252
307 10.579758342380211
308 13.63307355994561
309 13.291946555765753
310 11.736845037934227
311 12.835695038404237
312 12.772639116033037
313 12.538667273569493
314 10.472588809182694
315 12.04850044986776
316 11.309001122069242
317 11.358236131379162
318 11.644996311969953
319 12.26732258812314
320 10.865822984439525
321 11.0252159650976
322 10.139437593902892
323 12.428607113298797
324 11.692856425607546
325 12.676404922553463
326 12.38593983384339
327 12.814985288926614
328 11.962823902504363
329 12.903861801843098
330 11.077605756390982
331 11.398122034528486
332 12.634108727780621
333 13.026205150437953
334 11.851145423497142
335 12.07154934644045
336 12.272262541045786
337 12.045496670981315
338 12.914831510188431
339 11.019743677736772
340 11.97188021321325
341 5.380264118666706
342 3.9305560573153504
343 4.974082164438036
344 8.48735921511679
345 9.365611035562267
346 8.487914816305214
347 8.308883474482716
348 8.943501508473076
349 9.015184887280592
350 8.427599666632291
351 8.165652876297788
352 6.927857431101794
353 8.832757013854085
354 8.201006438158872
355 6.564578645081568
356 8.034965278480735
357 5.4181039679450285
358 4.092205772869146
359 5.11061043298223
360 4.095444867338905
361 4.273702912600972
362 4.267075376915616
363 5.806078957360069
364 5.635625371782766
365 4.121413725315916
366 5.047163121972094
367 5.327933105853935
368 4.367963825989763
369 5.609003224997315
370 5.678915653475566
371 9.163435639195589
372 7.374882452762143
373 8.175115223776086
374 7.88897174006092
375 8.758440156408108
376 7.270038765954322
377 4.952163496832187
378 4.601009322337606
379 4.312661377698446
380 4.372587542101676
381 5.9740992078380515
382 5.022822501204216
383 4.486788073969534
384 3.721591401932616
385 4.311077676656621
386 6.973775060433645
387 5.469367429624167
388 5.302481381775022
389 4.066945569444835
390 4.537838838025789
391 3.9997618959164387
392 5.289825779879962
393 5.904836289723737
394 4.430928234237891
395 4.857096566229445
396 3.772617314970857
397 3.790998183768375
398 4.176154807102238
399 3.878096338931013
400 4.2700506763991175
401 4.089141767989287
402 4.102104917216498
403 4.784226061522747
404 7.357620719052016
405 4.325700631588301
406 4.062325572364561
407 4.115142777096939
408 4.973921044132382
409 4.500860067366582
410 3.8139415556198104
411 4.524575826539947
412 10.762667321313202
413 8.431819053143727
414 9.360129134384632
415 7.803913710950514
416 8.05844610444464
417 4.804527553947185
418 5.384826791834678
419 4.740938963739691
420 4.011876530486669
421 4.261887596438614
422 5.427724617414714
423 3.979950806847613
424 5.04053533503898
425 4.4298892238314425
426 7.172520395016015
427 8.375810624510104
428 8.542680694321989
429 9.084071680154448
430 9.20282670855586
431 8.234706188965394
432 3.4850547488770305
433 3.6779793890608428
434 3.4908737602406825
435 4.237532828931491
436 10.783583192883496
437 9.878336893903306
438 7.541556480196178
439 7.1897881861431685
440 10.317258566670992
441 8.200953159850338
442 9.53348612679085
443 8.29229952786158
444 9.06075399005194
445 6.482817937843502
446 3.792892453956772
447 7.166330425295951
448 4.99560509042875
449 3.5445565765332203
450 3.8402894086785033
451 4.431982554144396
452 4.228551766238325
453 5.077390625094411
454 3.871738308111278
455 4.077464071852669
456 4.054219899572903
457 4.091824385316735
458 3.3731791354645217
459 4.241649423978164
460 3.7939774726955053
461 4.7181106862457804
462 3.8972157989138716
463 4.738097280258855
464 4.190611265386677
465 4.300099182055869
466 4.441525001877873
467 3.521020825523564
468 3.4430683826560635
469 3.947456297588989
470 3.3819956300493725
471 4.245424432103792
472 3.724225474089838
473 3.9456296330470764
474 4.181555556836044
475 3.7324792811967478
476 4.361223933561547
477 5.245133439648504
478 4.064000802650207
479 4.905014871144843
480 5.395180541471843
481 7.754005460084354
482 7.663960840183676
483 6.7367797640596665
484 8.184208862856854
485 6.805289965642295
486 7.6594756665031305
487 8.131024013072045
488 4.45207418005764
489 6.133986518312756
490 5.283485257190255
491 7.278219675898709
492 5.022569813922343
493 6.008707173986308
494 6.619256423843064
495 7.444395788394115
496 4.929488731232464
497 8.088753659433658
498 8.47797861193312
499 5.798779829969228
