0 10.163588126827513
1 9.620363405840752
2 8.9299508236561
3 8.075109277855411
4 10.841915971017674
5 8.189683409909662
6 10.245158823011506
7 7.919427410997074
8 7.74300938306696
9 8.83924232618741
10 8.77762336502274
11 9.09809384288431
12 10.646675122987945
13 8.822001727644228
14 11.741634393207788
15 11.451406723597575
16 8.45763179017114
17 10.910098168822637
18 8.762740891115499
19 7.856708524756126
20 9.919334262568817
21 9.559877547949222
22 8.152042697281226
23 8.075944344518659
24 10.25007045589036
25 10.012822786816873
26 10.800814346950878
27 9.225663482536692
28 8.124837435121899
29 7.5874378949162615
30 8.43816756398567
31 8.424523389196596
32 6.597982910447636
33 9.528093262944621
34 10.066268716736024
35 9.575014886745208
36 9.153122901622906
37 9.475143713878543
38 9.277048540286257
39 9.896408183092264
40 9.499641824526812
41 9.932338490258655
42 9.344185567984457
43 8.686632066045465
44 9.63341358248477
45 9.148308609128886
46 6.559336895845553
47 9.197777829030496
48 10.940603375315364
49 9.433891568778812
50 6.5140794052265
51 9.319439792619265
52 9.698134549896741
53 9.083792735173532
54 8.950071556184637
55 9.90961909349521
56 8.48329554696437
57 8.155520484095282
58 9.167628009311725
59 8.761155448895144
60 8.395704418204758
61 9.006717577891365
62 10.828733241946658
63 10.99957567692516
64 9.487433048826068
65 8.871448338203827
66 9.40520565577783
67 9.068603564134069
68 8.329790551528822
69 7.975512745616908
70 8.302618330706466
71 7.810245483490161
72 4.8983508436799195
73 10.333874170443378
74 9.280512871738692
75 10.346769978644609
76 9.675507897539934
77 10.344580436964902
78 9.692383780901018
79 11.482167931560937
80 8.283096058244176
81 10.985924628420214
82 7.850893766850609
83 7.282604299449279
84 9.672142925081724
85 11.339986366435982
86 11.401856877326614
87 10.794363469895368
88 8.925561851082604
89 9.066807847885004
90 10.006581792688953
91 10.152154732688219
92 10.031041305758912
93 9.783440422094058
94 9.795033790564894
95 9.267284705780522
96 10.396624123336572
97 12.861116639313588
98 12.22999373436584
99 11.983474685059363
100 12.327007236238591
101 11.76158386442792
102 11.017732389302564
103 12.780450480334036
104 11.580850588131316
105 11.93659768969011
106 11.643593706570448
107 13.044231059701904
108 11.080663242045254
109 9.757310527098172
110 10.661095913268328
111 12.636337331637625
112 14.680355383406766
113 11.480323529233083
114 12.163000364675447
115 11.466475923638777
116 11.878709838458938
117 10.13429066659045
118 10.297291681116466
119 11.97408974375224
120 11.297828622127932
121 12.230951594214156
122 14.672922652038716
123 12.023766538661922
124 12.329367242984961
125 12.900008465432288
126 9.250024231685838
127 12.74656848381383
128 10.650631833661235
129 10.03606226170281
130 10.527236842616949
131 12.40258009637752
132 10.259271805302362
133 9.866184410615755
134 11.764154854032874
135 13.144496972884383
136 12.005403926566473
137 12.422680643145753
138 13.267634595306088
139 9.837306705479048
140 10.225519584607396
141 8.814562193520619
142 8.17396679333887
143 9.24446627702191
144 8.870106662022613
145 8.944146764572453
146 9.273702980635719
147 7.329412676516096
148 9.743533773960023
149 9.827218031447327
150 9.032954536240334
151 8.118812169861286
152 9.846580986639575
153 7.512993384684274
154 10.201318793135238
155 8.606657980725926
156 8.076471761041546
157 9.105766995656332
158 8.994166401840483
159 8.842409325463432
160 10.367422883141213
161 9.585126010598367
162 9.51940429278166
163 7.797169250156686
164 7.608170164226372
165 10.545007290316892
166 8.723897102428811
167 8.830733730709929
168 10.529192513741886
169 9.274806753942013
170 11.183446203141234
171 9.185021154196649
172 9.426855317721008
173 9.68034579292807
174 7.53234285304276
175 7.417260140805502
176 10.233284109436724
177 11.77242699085848
178 8.64547864398059
179 6.314071975233401
180 7.9238536114681555
181 8.067844458112887
182 7.337217957293124
183 9.179015290548557
184 8.717379205453408
185 8.40376387084156
186 8.7682171382963
187 9.784920339704241
188 11.503113048337745
189 9.318793922187776
190 9.831005737419032
191 7.946199639077794
192 9.674645351969888
193 10.282896893716336
194 8.845285481523415
195 9.244751527378904
196 10.431440878667624
197 8.434486093498982
198 9.434823435769434
199 11.193952335197054
200 9.438780181727248
201 9.452538069213938
202 10.774547135843099
203 9.569176397583279
204 7.696047737135809
205 8.452187809490995
206 8.745669104371716
207 9.845008200231135
208 9.287247093757792
209 8.399093082905294
210 9.856298852983073
211 9.879031323192322
212 9.936346624952035
213 10.734184662773886
214 8.816214550847704
215 8.248500739025149
216 9.04374662055865
217 8.470694237642602
218 8.95111925261332
219 9.26783947273694
220 8.143226593972125
221 8.300273775409941
222 10.788069541009296
223 9.63411567544885
224 10.896560065293448
225 7.507731454209233
226 9.986943754602795
227 11.130321853475994
228 8.478844953608357
229 9.416160960051648
230 9.419990436567383
231 9.976008345387289
232 9.350807389846494
233 9.188925773083668
234 9.056735911415107
235 8.666060692172653
236 9.905243152120367
237 8.724708587487145
238 8.714336621612091
239 7.758076197477238
240 9.989010156957528
241 9.5374435720639
242 9.797976234024603
243 9.621973031910253
244 9.589166342092394
245 10.104824545717811
246 9.926449445130345
247 10.521253323917229
248 10.399706362420185
249 10.132753284568345
250 11.122091946556912
251 9.275300583433511
252 10.068059784509611
253 10.640706175150516
254 9.88142422270149
255 11.654737610916248
256 10.517885097496196
257 10.648262920034542
258 10.176433984975029
259 10.501367621922935
260 10.17550801131998
261 11.710536561582144
262 10.47405952794606
263 11.158381031843206
264 10.926583900407175
265 10.60369546541416
266 10.299380292262528
267 10.808845450206551
268 11.405612410690459
269 9.579984294489286
270 10.555233324322051
271 8.9702446117061
272 10.682008335151787
273 9.625833915653654
274 8.8439719833457
275 9.453748994739069
276 10.124763321001344
277 8.016656599216876
278 9.260255378305573
279 9.90460622820027
280 10.24198190123754
281 8.566566236343057
282 10.6109975181407
283 10.496324957048692
284 11.04266057688052
285 9.569224840147198
286 11.017565286161176
287 8.684330320249483
288 10.623983095270331
289 12.125790356494328
290 9.13959199944284
291 10.74353064295328
292 11.033201636998132
293 11.239227244885214
294 10.6603192456783
295 8.846457380668658
296 8.362924036784245
297 11.93476473651024
298 9.329093816265571
299 10.84837908499143
300 10.83717903979729
301 10.395954398241122
302 8.448294118160007
303 8.56602221525062
304 10.214594087195238
305 9.306356873458954
306 9.428990868787265
307 11.513087194044122
308 10.573156753285886
309 9.862083979339289
310 10.732530349884048
311 8.68512202936448
312 9.133659946623297
313 8.826018279655779
314 9.507332890948684
315 7.963612490141488
316 10.087248185547413
317 8.262146230573657
318 9.628239478931
319 7.888413201991189
320 9.501954469322383
321 9.84403354544406
322 8.2743019266422
323 8.394585867709877
324 9.195707569415209
325 9.612077622929077
326 9.049102912262036
327 8.963519298454981
328 10.220433008232886
329 8.180913631337823
330 9.25307456923071
331 8.33704861983373
332 9.710133176458267
333 9.2953632905551
334 7.883491175381154
335 9.010868679938547
336 8.637764286566417
337 7.377840141873384
338 9.033307091725048
339 9.304663823497428
340 6.928123540605343
341 8.339379809026243
342 8.880066579077234
343 10.71812211213994
344 9.532309422161886
345 8.68272057215655
346 9.590758321716756
347 9.471895402262124
348 9.462439442194912
349 8.973796948639409
350 7.678774310242075
351 9.43276745448643
352 5.533219650315887
353 7.688567213031897
354 7.254433103804126
355 6.780388276726888
356 9.989914684987367
357 7.68104621025538
358 8.073457096401642
359 9.998127913518342
360 8.457436774868055
361 8.948371549597484
362 8.838655997231326
363 8.375040535546953
364 7.504925603474669
365 6.630815644180752
366 9.025058175849946
367 9.64197918827444
368 9.713002514417829
369 10.607366277617249
370 9.758825186601964
371 9.283136197149219
372 8.07331547278763
373 9.057922914478919
374 10.022100755196856
375 7.606147906662831
376 8.98948574385249
377 8.9004187504446
378 8.420193015543727
379 3.8202083855424203
380 3.94290506406894
381 4.1170278262576945
382 3.624506037421081
383 4.6848070249847265
384 4.7274051639672745
385 3.91920986639905
386 4.489398005091988
387 4.78099451357006
388 4.599559866866446
389 4.4271256711634885
390 4.40557610435102
391 4.5382554514333595
392 4.295585011385516
393 4.414060238001385
394 3.875451219747933
395 4.273390402432216
396 4.537845112948886
397 4.39190773432427
398 4.259111807403763
399 4.233817210032641
400 4.620777773326368
401 4.383711929365212
402 4.439737743506578
403 4.220207340356996
404 4.23287066861173
405 4.978717455048031
406 4.37127201224855
407 4.323302342482045
408 4.265530561113028
409 4.695499717751449
410 4.718715864021899
411 4.2371023575165365
412 4.482054586378643
413 4.167107546169482
414 4.483408527261679
415 4.509472759365907
416 4.276557473951772
417 4.1757852902482275
418 4.681383380367564
419 4.624312256512075
420 4.680596735459226
421 4.596633536817533
422 4.4137278868039616
423 4.478749796341617
424 4.563395002178863
425 4.265358823816889
426 4.748583552506672
427 4.481199252550178
428 4.680298576474632
429 4.217729576988828
430 4.451978329955022
431 4.6517335086065215
432 4.659529322123817
433 4.530504587603305
434 4.420159053518495
435 6.82280668138281
436 4.575270876522639
437 4.398161015095052
438 4.182469329389093
439 4.392257203575617
440 4.2740747619282615
441 3.8444053251087773
442 4.373616888646612
443 4.37387891256284
444 4.360389027961415
445 6.59302395185433
446 4.71811814917242
447 6.896246619409556
448 6.065454979159816
449 5.927086798156744
450 6.969710155751248
451 6.361174480879433
452 5.812673709611151
453 4.92765487754735
454 6.413830137079316
455 7.102050654542066
456 5.076884112544265
457 5.092728660304365
458 4.867128579443975
459 4.9766569951715285
460 4.739978821983007
461 4.874808754393167
462 5.145138112211193
463 4.539078713612923
464 4.29369628072325
465 5.367213605437886
466 4.890331094210737
467 4.304677230329283
468 4.880140568943821
469 4.873064559605464
470 4.9679748733246765
471 4.435154719021236
472 4.744254790276372
473 4.60950509946315
474 4.955459054379872
475 4.8060949925435485
476 4.775545874923161
477 4.910554620489427
478 4.798437471080631
479 4.537242450129548
480 4.999535767115832
481 4.498447553420076
482 4.936727319693401
483 4.751892630368419
484 4.391983783428887
485 4.596824749733434
486 4.859081054601873
487 5.028464365852656
488 4.481109752444808
489 5.7396263892646635
490 4.95721221190298
491 4.539639743510363
492 4.902941845638566
493 4.204546247707144
494 4.863657284213307
495 4.961319678366888
496 5.494902448105535
497 4.406300776918702
498 4.549901135611727
499 4.829665986555902
