0 4.193687228921488
1 5.970802581769641
2 3.7362013529811735
3 3.5743789946836495
4 3.5523759059176854
5 3.9447367643433116
6 3.8612193416050316
7 3.353811961580114
8 3.2775897470151687
9 3.63036902020047
10 3.839649259900355
11 3.9086894258261897
12 5.9482838128960225
13 3.69773643711161
14 3.2794593548641577
15 3.525623223769361
16 3.4387181734363095
17 3.6706944313806007
18 3.5586578195894263
19 3.770700085733804
20 5.831338383831991
21 3.0080056937366617
22 3.762615024007099
23 3.4441735767108037
24 3.571834471466632
25 3.242677872293608
26 3.0155740190309843
27 3.613746311814165
28 3.8753789389018825
29 3.462498238297459
30 4.470097151618068
31 3.800421631103815
32 5.675823155179604
33 5.238790799650026
34 3.4137951263505677
35 3.805684252187765
36 3.8609380629321253
37 3.9240370322779072
38 3.868734812790956
39 3.40930795279911
40 3.058644092302445
41 3.476596565239649
42 3.5039042476653424
43 3.7206651490987834
44 3.837351358053282
45 2.874148638613588
46 4.054891313323163
47 3.719126286240924
48 3.371742636067801
49 3.7202488395122324
50 5.215693782472857
51 3.8749644457201984
52 3.761291237132637
53 3.1160946460301346
54 3.470414981305736
55 3.8775866295021904
56 3.770940788852148
57 3.847475332015884
58 3.2637141908123937
59 3.6951591538653803
60 3.754987209051544
61 3.624699110430073
62 3.6813894663374587
63 5.016185638204583
64 5.321038549932797
65 3.846769755480002
66 3.7860059842071685
67 7.336150445441952
68 6.572795933077856
69 3.368578871905701
70 5.410952562327725
71 2.9650764957393263
72 3.174543164328088
73 4.81856755337413
74 3.8002514605713045
75 3.690722565178123
76 5.497555327218525
77 3.4337135069686493
78 4.622713877437739
79 3.6612666089503536
80 4.950895012302445
81 3.4950501744316025
82 3.356660207250775
83 3.7026913884864383
84 3.6164009139279796
85 3.8379308532240826
86 4.093559508965967
87 3.400583578906584
88 5.007681447250291
89 3.5252121054402754
90 3.725628462049472
91 5.065592533539523
92 8.306255884200656
93 6.9412470406695075
94 5.456443197266609
95 4.921943148691749
96 3.1016252369623283
97 5.035215241507827
98 5.828697380643572
99 5.479985694635475
100 4.829007416593294
101 5.349541971684528
102 5.252623201577595
103 5.180674585152236
104 5.037999389462909
105 4.326087928337852
106 3.6389944817248234
107 4.771311430302022
108 6.242696239552568
109 3.1099175598224753
110 4.285312748565536
111 2.9498909756955456
112 3.246163933732295
113 3.015259021312102
114 3.23208166118835
115 3.216512228886327
116 3.319017978497143
117 3.217876470001468
118 3.534311636435995
119 2.8192976139841988
120 2.696692172957466
121 3.2704025156423397
122 2.822523355677829
123 3.628443067395029
124 3.368283685274427
125 3.509865243681976
126 2.914179271406187
127 3.474397874343755
128 3.473418493028581
129 3.5189876896697876
130 4.036291048338179
131 2.938988098912192
132 3.624462837473972
133 3.299409631737179
134 3.6875628555354747
135 3.4391589999407275
136 6.1784266751417665
137 3.271603422586532
138 5.802789049030817
139 3.2802813777785365
140 3.51567559694506
141 4.7768936525018395
142 3.2433177626718765
143 2.9167783718127804
144 3.2803363692731855
145 3.58819520016618
146 8.404712710781881
147 5.686814119453562
148 5.965674810051956
149 5.889708896691957
150 3.5549228325834985
151 3.2646735153653723
152 3.0299053438679473
153 3.9584534327146477
154 4.407658064103674
155 3.286088648576255
156 3.7398783453196285
157 5.0214559873071085
158 3.746191594848368
159 3.952561014334848
160 4.007569850712102
161 3.5303167672083835
162 3.5005638206679115
163 2.9911650728491286
164 3.8063222779466455
165 3.8622614616810713
166 3.4568094807560454
167 3.650078792908277
168 7.161768527208648
169 5.284171805529512
170 4.10163770393034
171 3.438874787705797
172 3.457754677923762
173 3.4869758368213755
174 3.4178306934797265
175 4.130675312335573
176 6.826143713026325
177 5.444379155526385
178 3.3374005828429976
179 5.731137597791327
180 6.035059493543134
181 7.5173245099649915
182 3.347536832121258
183 4.7553147255715995
184 3.2466720396042628
185 3.6709674466037328
186 3.5073139163593336
187 3.774506343526602
188 3.866945278455806
189 4.533624330857105
190 3.215099435363903
191 4.787189760118497
192 4.284254865794201
193 4.750751523517248
194 4.989563019912119
195 5.237974631358109
196 6.175755386741218
197 3.398244367011661
198 3.585712180318475
199 4.247194852680678
200 3.5116419267490713
201 4.936948997573803
202 3.657570826901385
203 3.814070425015744
204 3.6129677364668136
205 4.253598603618402
206 2.9966805981005744
207 3.523307408496319
208 4.112935134242587
209 6.0611646970037
210 7.090174816661255
211 7.029060216633407
212 6.364219633022324
213 5.70634608426511
214 2.9526588581258464
215 4.355024763321116
216 3.5773337797660862
217 3.456707262819752
218 3.8302300532406783
219 3.8483856022946097
220 3.784380575792114
221 3.904974930582078
222 3.704517587403674
223 3.129545148862376
224 3.961527417107348
225 3.162951670488116
226 4.926614744985353
227 6.258082344798971
228 3.4611283420848498
229 3.1874963888643726
230 3.3440192869074785
231 3.141837007509076
232 3.7627373078074733
233 3.2860878952263994
234 3.6604979594868996
235 5.8454682990414195
236 5.267926063415737
237 3.12043530493898
238 3.175505455227604
239 3.4391398657975176
240 3.3797415279456433
241 3.149901879262873
242 2.7444076075485713
243 3.6443739844092335
244 3.9001575272773032
245 3.785124370244439
246 3.465826745272757
247 3.586718303195132
248 3.9240467543308966
249 3.368407478321795
250 4.924463672831048
251 4.174748821908806
252 3.6551958331718604
253 4.992155529874867
254 5.266825153138015
255 3.64818715141641
256 3.9934321878227865
257 4.690355401005003
258 3.5312321189345446
259 6.056913506247389
260 3.5479951220075576
261 3.2986211330114443
262 3.7652148652823247
263 3.7097387214379056
264 8.420329122760952
265 5.482642037121304
266 4.375370799284722
267 3.1859272237294594
268 5.975680052044783
269 4.003505504254789
270 3.7800865832759163
271 3.451428552698609
272 4.5844223678919835
273 4.4441142613892595
274 3.560496933245493
275 5.234963668443317
276 3.526387865318712
277 3.973634806113167
278 3.4037565738022155
279 3.7044649383361015
280 3.6973138475467753
281 3.679395077071683
282 3.5731954529950025
283 3.96639425318513
284 3.441551755600007
285 3.1194568474906794
286 3.8109556788650316
287 3.528639383199118
288 3.3112709980879345
289 3.3444684177511355
290 4.222985730276867
291 3.3612579128636377
292 3.6443303184942812
293 3.489785904617475
294 3.518575440757189
295 3.92713909139602
296 5.821880875699028
297 3.455456489257558
298 3.415142066819146
299 3.2871589426282166
300 3.6289900665342327
301 3.717620520950979
302 3.660988705288207
303 3.3646716243402794
304 6.953539854058298
305 5.263592047605141
306 4.029712914675529
307 6.575622384450876
308 5.488714779080722
309 4.34185869637742
310 4.3234766739662644
311 5.767996028802406
312 3.019748821493076
313 3.794448829726103
314 3.9254127547835562
315 5.894049740472367
316 3.6805077752566784
317 3.5792633086309027
318 6.1862418489539355
319 3.8189733180876777
320 3.214061708044131
321 3.568074077415203
322 3.540941972190968
323 5.918658412723448
324 3.946871309881217
325 5.7522130595756265
326 3.2007434733755975
327 3.0263254802251924
328 3.1399680570229846
329 2.936355715026772
330 3.0569760701534916
331 3.8391235906556034
332 4.572846655318674
333 3.3672502625446614
334 2.974272380703349
335 3.592732395532464
336 3.794495997849529
337 3.800349705118645
338 3.440988478546996
339 3.396868403117553
340 4.055292148251859
341 3.903521015413276
342 3.022321536470201
343 3.448977095079358
344 3.8435757485821163
345 4.706356356596655
346 3.425312849617666
347 3.527459583147722
348 3.8201286154367287
349 2.804976558246935
350 3.714242312292543
351 3.9959868256038895
352 3.0337924577751747
353 5.69473112576621
354 5.563289553888973
355 3.702698912330776
356 6.814476740000877
357 6.62760152125
358 4.434102897259908
359 4.615646084467938
360 6.135660648569035
361 5.168903804917201
362 3.80536973833109
363 6.0578112058625715
364 5.099748178276913
365 5.410653269909614
366 5.295211796653376
367 4.5754533355047835
368 5.070556379215321
369 6.227328195767618
370 5.360927660896324
371 5.399294695254892
372 5.4272352000924275
373 4.709235374159249
374 4.381466927121366
375 5.801017174034881
376 5.810799235166986
377 5.107811242830789
378 3.2330003810715158
379 3.751483225264596
380 4.300745645958401
381 3.708894877653066
382 3.3085428917446733
383 3.7975043247487728
384 3.2323056045033254
385 3.021525721753772
386 5.733457779353748
387 3.712938245850145
388 4.097144029464904
389 3.3525328956057208
390 6.387109316018222
391 3.589401169856823
392 3.5398234054205813
393 5.64348514151211
394 2.957924683976312
395 3.462149077878247
396 3.4262876384083287
397 3.2175094774273725
398 3.6369408464048374
399 2.890532251168612
400 5.237059607411648
401 5.096282735786957
402 3.5269719514113094
403 3.0314311493352992
404 4.568252996799389
405 3.6733919764810095
406 3.516848481879107
407 3.2086461608875116
408 3.959239023803305
409 3.03937153254491
410 3.7265673544720284
411 3.2937819563812667
412 3.7353081248210493
413 3.5982349064998846
414 3.570855928119537
415 3.7703003680685874
416 3.398769383397852
417 3.141238962387124
418 4.486853479774179
419 3.7431729733608874
420 3.0188690073068716
421 4.1341342860160735
422 3.360405458938148
423 3.246304234316401
424 3.8788768269803975
425 7.866132123339942
426 6.080572320450945
427 5.120258481302866
428 4.091180628587245
429 4.884276780854438
430 4.9947625866513965
431 5.473371865151547
432 6.44366865359867
433 5.98367096444674
434 6.156692957504025
435 4.985068842219882
436 2.937658600173971
437 3.5809268950457547
438 3.2285168528042085
439 3.589719550618858
440 3.7020038506082606
441 5.776610283843967
442 3.074203248622095
443 3.0270972148570054
444 3.6700384994876964
445 2.9676355634984826
446 3.229947215725486
447 2.8185709758779947
448 3.858884697959528
449 4.182913334448705
450 3.2628227683286912
451 4.045819408589238
452 5.736839815848208
453 4.615901109241908
454 3.4721582369006048
455 5.633125773062134
456 3.5889932356561776
457 3.6522819036783996
458 2.809651379141916
459 5.451629506400409
460 3.476673516631216
461 3.1445538973845126
462 7.263828091404641
463 4.460685109873133
464 3.619718291440164
465 4.218228275747132
466 3.8462943081182086
467 3.9596055730105175
468 3.729154112911207
469 3.426124606949513
470 3.6355895674040446
471 3.4032628119888844
472 3.655713331367271
473 2.9526708857465827
474 4.496671218082747
475 6.495490395493429
476 3.3813520689700813
477 3.7683260199517417
478 3.50612788302075
479 3.3170853841128753
480 3.543021600194484
481 2.985968077263166
482 3.377837343010836
483 4.209308262231924
484 3.209821900740249
485 3.147322018318625
486 3.644686650407894
487 3.6466297776845633
488 3.030955116834041
489 3.5315837899737543
490 3.168097277799867
491 5.589153678087553
492 5.643343603225686
493 3.85074310989199
494 2.892861523826559
495 2.813611039144874
496 3.6214177202157245
497 3.2982768356873042
498 3.215737832215792
499 4.937672731423093
