0 8.354601102272106
1 8.781561007788712
2 5.07309320809376
3 4.9437984159896144
4 4.57984872370234
5 4.4722912387837574
6 4.366081079313026
7 5.3911508225941045
8 6.978458468575246
9 4.31388628518052
10 4.126401639365682
11 4.426709855190168
12 4.496675906155202
13 4.34758969355115
14 4.320877528619396
15 4.714172179245144
16 4.448113288239225
17 4.125772202766286
18 4.693429180719193
19 4.598028935378492
20 4.276465412677596
21 4.694235959178993
22 4.242454650735569
23 4.031928314710829
24 6.2077103661647115
25 4.847377455529437
26 4.640584894602517
27 4.326274692718811
28 4.38111921379789
29 4.409654367453657
30 8.372195417482258
31 6.981029815455367
32 7.725248083249969
33 5.063585646344598
34 4.7554389489555
35 4.326293557645998
36 4.318955057459001
37 4.6029992610374295
38 4.7096327538695375
39 6.691917016752416
40 4.794625839053267
41 4.3892187872827915
42 4.719734485256998
43 6.3556858610242255
44 7.344232047822453
45 6.913565287685543
46 7.57733095750398
47 8.776638496304992
48 8.85665444175786
49 5.121260640342824
50 6.807826658569188
51 10.687648164269351
52 9.855745413305586
53 9.246953907782284
54 10.421342026323243
55 10.074245406109739
56 10.137455874111653
57 9.9325836493738
58 10.405766978555109
59 6.828686342546011
60 6.753937321178732
61 8.06871453197492
62 7.5900190150518485
63 8.142145427728776
64 7.311903123642246
65 7.131651291090456
66 8.712041439068264
67 6.535671825139532
68 5.926471404398543
69 4.599089901354681
70 4.744843089472165
71 4.396286312280878
72 9.289687392309459
73 6.615734323732348
74 8.40397657938407
75 4.524975615319599
76 4.613344466262267
77 4.459735179885842
78 4.631317221625622
79 4.893123933793319
80 4.5001095688187185
81 4.179893339561735
82 4.520473681452972
83 4.610863357993823
84 4.578873685730617
85 4.782087797278492
86 4.805388577150297
87 4.490561241877688
88 4.400492020897938
89 4.276807388805418
90 4.8154971850035615
91 4.494665000877826
92 4.4449463033985195
93 4.550460538384474
94 4.815939258266758
95 4.380040729343712
96 4.439054885446403
97 4.357256251710737
98 4.5403756520054
99 4.4298216835450965
100 4.552216058620756
101 4.941639360299217
102 4.05508457586315
103 4.21174602483046
104 4.5278470513722056
105 4.370417228963018
106 7.53902152311309
107 4.549253595120493
108 4.611470615112997
109 4.540961441909198
110 4.473569751442447
111 4.293115901325996
112 4.379240356502087
113 4.353434650909177
114 5.11382183277495
115 4.898734209692412
116 4.306816396652547
117 4.643628084850419
118 4.493147373074546
119 4.5509612532938615
120 4.772813119389984
121 4.826649343191048
122 4.583833630936704
123 4.258180307900152
124 4.3061306914905515
125 4.528682414055345
126 4.5941470708643
127 4.125332643032932
128 4.9143891827559365
129 4.440520529556653
130 4.5080328087915325
131 4.611116866135052
132 4.544935170685709
133 4.594660112630047
134 4.515343378410466
135 5.898465592619854
136 6.609259719754257
137 4.271230977605212
138 7.777771333028769
139 7.446961091952894
140 3.8522948382418893
141 7.24381941632347
142 4.818430044670241
143 3.9349739278101628
144 4.635420052298025
145 4.392422828180115
146 7.352888684053374
147 6.376297251691859
148 6.875227602991526
149 7.014936832686444
150 6.214308315824629
151 4.8773566813289895
152 4.414725132167136
153 4.555065677005868
154 4.800119376030646
155 4.390923394608246
156 4.49994953419888
157 4.724815959686425
158 3.924576304303612
159 6.3924875631682605
160 10.19617124046919
161 8.329161990541875
162 6.968329049539269
163 6.914372336283612
164 8.795776450686944
165 9.577397590035757
166 8.119338946519731
167 7.910694845925392
168 7.600822389830307
169 6.328750438878683
170 8.297004311438396
171 4.276375735830627
172 7.417551378827066
173 8.559273931305507
174 9.057003972518505
175 6.314884332943186
176 6.869077153429912
177 6.2904026977346374
178 8.05254161567017
179 7.513150815797494
180 9.220369320590779
181 10.668474623429505
182 11.349499913658288
183 11.618790335051445
184 11.377623622058056
185 10.377496612264215
186 11.474027695017707
187 11.043048853919782
188 10.725820596925706
189 11.412156852064603
190 12.260103517655867
191 10.229759780832335
192 8.761805285149014
193 9.913603165343991
194 9.106091269448244
195 8.943154964026245
196 9.157913872805258
197 8.050671401408596
198 9.572547774904315
199 9.34112246297885
200 6.9217355461496695
201 10.024259192620136
202 9.479967596446652
203 11.238838153790082
204 11.473877162126808
205 10.688916560253283
206 10.69774233424912
207 10.022855991458698
208 8.993220133902067
209 8.81558160162035
210 9.464825902744641
211 8.923566387717413
212 5.505674986636685
213 4.617580611555506
214 5.024158061102932
215 4.871105635570501
216 4.101961934369514
217 8.925659721403457
218 7.8495981899214575
219 9.169011338387012
220 8.98771840061925
221 11.51175063736947
222 9.887356157250208
223 7.871726545184626
224 7.472737329665145
225 6.790390238997577
226 4.770379756688642
227 4.524564495192998
228 8.735306506088365
229 6.320706578556399
230 8.465615627907486
231 10.262019482993933
232 4.805885734695131
233 4.373572019868867
234 4.535956039130683
235 4.360372405975864
236 4.664240755954208
237 9.382519705947498
238 8.085777512148677
239 8.705603976282191
240 9.947664026880162
241 8.82008674058307
242 10.494061484979076
243 9.404706792165838
244 8.512468364807765
245 8.657742701076847
246 8.274140983471254
247 8.706569261886527
248 8.05852124186399
249 10.81594840962547
250 10.388111500463275
251 12.749953445307398
252 13.463456085072702
253 9.088209979833767
254 9.051418861570571
255 10.196229702124416
256 9.215238577689327
257 10.611758684547603
258 9.160284665538127
259 8.873806174198993
260 9.983725721669805
261 8.62436706884043
262 8.025879710237275
263 9.059806662175868
264 8.062027764348809
265 9.322558861733135
266 7.873150315379426
267 5.586598314627349
268 7.451220347508239
269 7.271915324314083
270 9.046519341237168
271 6.749653611777044
272 8.659225274477906
273 6.800216295501833
274 8.125800930136606
275 7.4326005198531435
276 7.751717687377564
277 11.56152959185163
278 10.833444755264905
279 11.669445214496356
280 11.21737691619788
281 11.80827936249133
282 8.916039315689002
283 9.868037505602954
284 11.699050340323216
285 11.441220041955377
286 11.797863497992902
287 12.50329301500203
288 10.32573320016722
289 10.936549836293592
290 11.054491111878113
291 12.002251186006587
292 12.56561181247397
293 11.745274958937678
294 11.359064414036572
295 11.140273195828462
296 11.120785153840083
297 11.752939340054096
298 12.755516290848487
299 9.441059137371395
300 10.409488495723249
301 10.329578285369585
302 11.651899374576246
303 11.087452345829249
304 10.525739474275035
305 9.697492960214321
306 9.84570319142486
307 8.618996457208135
308 9.223886548502305
309 6.951209243034282
310 10.296530829495198
311 9.96179631586164
312 10.696535410907996
313 8.719687739277155
314 9.245530459266961
315 10.446900998965353
316 8.534562003014193
317 9.954011298798012
318 10.614672528117643
319 11.902643144617418
320 11.13017492628325
321 12.855920602994791
322 11.262472361136377
323 11.811275567488828
324 11.740911178807789
325 11.142890300707528
326 9.953117120809793
327 7.906775302281619
328 6.730970581382722
329 8.697278792852204
330 8.412206833054952
331 6.672121817315539
332 8.47686788538909
333 10.575633228194395
334 11.114948081054218
335 10.85964155444942
336 10.83641367318865
337 9.997602433229634
338 10.58857957064647
339 11.505561868275906
340 10.1018980195478
341 7.933453461115432
342 10.003640433756962
343 8.137594374759178
344 8.75113769691974
345 8.674374245277122
346 7.091410003588953
347 10.561147985068306
348 9.307697410694953
349 8.100705165056397
350 6.730534478783237
351 6.984524525786978
352 9.89250287544727
353 9.885114568063996
354 8.821992227998152
355 8.537060236376417
356 7.990858279755448
357 10.947037896983309
358 8.077783485181072
359 4.056343955724212
360 7.829833270542857
361 8.248891404497309
362 9.189608823349753
363 4.343550110567903
364 4.700754911228295
365 8.470430060424857
366 6.368741181828978
367 4.525072801799561
368 6.1984560908537105
369 4.5438094507217475
370 5.794351916947699
371 5.632385591203642
372 4.603104371257445
373 6.084856961039143
374 4.734813315785518
375 4.783768542200084
376 4.591267792126044
377 4.267727963265184
378 4.99274096078286
379 4.962269820429249
380 5.000460588978165
381 4.279453105336487
382 4.27367401428817
383 4.429610810183196
384 4.873240833633614
385 4.323571218437001
386 4.29169271851278
387 4.539867089901687
388 6.64945063446991
389 5.131829915103557
390 4.687851928386909
391 4.621115482372986
392 4.75074631664571
393 9.396264559820318
394 4.620389383873677
395 8.987725504244386
396 8.034671104995109
397 6.8174757842439355
398 5.20470285510621
399 4.546952841511566
400 4.254590015388444
401 4.833399646228431
402 4.550691205628989
403 4.693408170674478
404 4.45199443000018
405 4.300157583601833
406 4.144967158673801
407 3.7557334295156837
408 4.389133312840834
409 5.97907742307958
410 4.370418356195785
411 4.887834840498135
412 4.56014019200361
413 5.869888245289818
414 5.673015059109082
415 4.593900862381113
416 4.57393311547139
417 4.927084035584797
418 4.472018992304153
419 4.893256950334996
420 4.568746871799536
421 4.9947911050619656
422 4.369752688186375
423 8.21353230646689
424 3.883719492250115
425 4.754597752980211
426 4.357400517683051
427 4.207024955439377
428 4.794942156493623
429 4.295292629393878
430 4.448614966464448
431 4.456558063538685
432 6.1050865665794944
433 4.637003098936567
434 4.2923223408458115
435 4.427245720323631
436 4.365735466538324
437 4.497762086085088
438 5.572972335619609
439 6.308407013119082
440 4.181365086603032
441 6.149741875373436
442 4.294798515022575
443 4.977898874668166
444 4.5128952221876855
445 4.677943773288961
446 4.742041909776276
447 4.707557735812913
448 4.4174190248084
449 4.695718730473956
450 4.603555597219813
451 4.897579897483345
452 4.126396108088234
453 4.390464792507346
454 4.207319650458795
455 5.136631047488319
456 4.410428926512903
457 4.969151623044039
458 4.70196481968521
459 4.8198509234529245
460 4.721893874831522
461 4.730115320610557
462 4.714082835791657
463 4.4662535084634944
464 4.30352690506476
465 4.968296783631653
466 4.727292225368166
467 4.078671783572423
468 4.434474412938419
469 3.516647951056469
470 4.071566509204355
471 4.252518863125311
472 6.2082672344312915
473 4.031123364831528
474 3.8259964304143903
475 4.9564762757711645
476 4.65465675560135
477 4.483307307268079
478 6.802420270720443
479 7.507648844055269
480 4.424620711104305
481 4.295673433758098
482 9.641451054496581
483 7.019558189478387
484 6.180917882582596
485 5.140279333056233
486 4.588271877191815
487 4.365259496647025
488 4.578646040368714
489 4.5139574442204555
490 4.538416310520374
491 6.213238002748828
492 6.531370737826329
493 6.287600367878879
494 6.483042546180089
495 6.149690476217657
496 7.48015628083513
497 4.23575704357787
498 4.258311351885862
499 4.875422153032796
