#Frame          CA.CA
       1   15483.3477
       2   15392.6257
       3   15564.4804
       4   15376.2654
       5   15292.5882
       6   15690.1620
       7   15666.8421
       8   15416.2034
       9   15453.7493
      10   15357.8913
      11   15572.2120
      12   15808.1268
      13   15819.6214
      14   15442.2894
      15   15432.2017
      16   15348.4169
      17   15382.0094
      18   15356.4720
      19   15742.9105
      20   15519.8873
      21   15365.4555
      22   15708.0911
      23   15295.4775
      24   15678.0228
      25   15697.8509
      26   15640.8873
      27   15704.5574
      28   15572.5505
      29   15418.1891
      30   15606.3091
      31   15238.0397
      32   15340.9616
      33   15925.5553
      34   15402.7589
      35   15499.1951
      36   15756.1254
      37   15356.9954
      38   15011.8949
      39   15473.5760
      40   15332.5865
      41   15617.4742
      42   15612.2604
      43   15731.1437
      44   15600.2753
      45   15094.8379
      46   15521.1511
      47   15416.4317
      48   15348.0658
      49   15575.2457
      50   15302.0379
      51   15330.2225
      52   15247.4341
      53   15499.6006
      54   15558.7713
      55   15118.6247
      56   14972.9696
      57   15380.2025
      58   15395.6680
      59   15561.3439
      60   15625.0817
      61   15099.1908
      62   15118.3376
      63   15216.2761
      64   15002.9978
      65   15436.3271
      66   15251.7730
      67   15320.0209
      68   15401.8714
      69   15377.2802
      70   15392.2356
      71   15318.6324
      72   15461.7278
      73   15574.8347
      74   15362.6036
      75   15112.3695
      76   15221.3733
      77   15220.8719
      78   15152.2581
      79   15232.4895
      80   15535.0792
      81   15391.9397
      82   15621.0526
      83   15593.3836
      84   15657.0261
      85   15494.2760
      86   15406.1439
      87   15540.6674
      88   15538.3307
      89   15668.8763
      90   15361.9502
      91   15654.7265
      92   15107.7848
      93   15485.2868
      94   15379.3087
      95   15656.5652
      96   15344.6760
      97   15137.4988
      98   15448.8832
      99   15614.2221
     100   15491.2894
     101   15413.6138
     102   15242.2351
     103   15551.6644
     104   15662.2524
     105   15064.1370
     106   15550.2168
     107   15954.1085
     108   15401.9708
     109   15579.3465
     110   15321.0273
     111   15719.7847
     112   15275.6141
     113   15287.0663
     114   15075.5723
     115   15193.4165
     116   15594.5886
     117   15373.8442
     118   15305.5840
     119   15547.0776
     120   15720.2547
     121   15501.4735
     122   15392.9339
     123   15639.3017
     124   15319.5505
     125   15608.3731
     126   15866.4551
     127   15617.3523
     128   15927.4226
     129   15834.7306
     130   15670.4864
     131   15640.4585
     132   15613.6413
     133   15336.4467
     134   15434.3485
     135   15452.4216
     136   15547.7472
     137   15568.7870
     138   15729.8751
     139   15297.9215
     140   15399.2115
     141   15817.4772
     142   15769.3710
     143   15679.4561
     144   15402.5576
     145   15048.4123
     146   15601.7607
     147   15843.2196
     148   15402.1416
     149   15732.6834
     150   15501.0123
     151   15476.7818
     152   15696.2456
     153   15612.4867
     154   15514.6189
     155   15263.9904
     156   15250.8803
     157   15631.9744
     158   15385.1083
     159   15290.9119
     160   15422.1993
     161   15848.1145
     162   15466.8679
     163   15550.6624
     164   15725.4646
     165   15668.7633
     166   15910.2074
     167   15650.4492
     168   15554.1171
     169   15821.7172
     170   15472.3301
     171   15620.0397
     172   15318.5145
     173   15352.0925
     174   15141.9680
     175   15920.1827
     176   15634.0902
     177   15385.1063
     178   15661.0262
     179   15881.3554
     180   15897.4526
     181   15721.5539
     182   15960.4048
     183   15455.9503
     184   15616.4202
     185   15658.3978
     186   15286.9333
     187   15714.1768
     188   15798.4239
     189   15410.7294
     190   15694.2979
     191   15719.7668
     192   15741.5691
     193   15679.7181
     194   15885.6305
     195   15576.3521
     196   15687.1418
     197   15762.5400
     198   15788.8575
     199   15753.1794
     200   15709.8874
     201   15614.1832
     202   15860.6584
     203   15484.7517
     204   15702.4170
     205   15301.1309
     206   15466.7405
     207   15374.8131
     208   15860.6743
     209   15873.9123
     210   15742.1739
     211   15452.8431
     212   15718.1412
     213   15736.7346
     214   15875.2192
     215   15787.0104
     216   15599.7541
     217   15366.3721
     218   15992.9281
     219   15711.7663
     220   16051.1282
     221   15716.2817
     222   15518.7800
     223   15743.6301
     224   15750.3909
     225   15815.5353
     226   15446.0482
     227   15659.8413
     228   15807.9568
     229   15862.8434
     230   15868.7118
     231   15604.6939
     232   15651.4083
     233   16164.8243
     234   16011.4987
     235   15941.2085
     236   15745.3160
     237   15311.5866
     238   15328.1724
     239   15471.2870
     240   15685.8567
     241   15414.5612
     242   15661.0239
     243   15493.2449
     244   15413.3343
     245   15535.9030
     246   15661.0412
     247   15470.9209
     248   15233.0330
     249   15581.1253
     250   15507.3772
     251   15363.9010
     252   15376.8505
     253   15607.7929
     254   15357.8838
     255   15562.7785
     256   15466.2188
     257   15638.9070
     258   15641.8606
     259   15873.8432
     260   15724.8515
     261   15925.5914
     262   15843.1836
     263   15459.5009
     264   15972.3302
     265   15912.0640
     266   15810.2121
     267   15701.5882
     268   15227.9769
     269   15670.8603
     270   15289.5405
     271   15569.1794
     272   15486.7057
     273   15593.0076
     274   15428.1688
     275   15663.1555
     276   15112.7098
     277   15952.3027
     278   15474.3359
     279   15282.4793
     280   15472.3337
     281   15446.4246
     282   15855.9194
     283   15707.5195
     284   15271.7753
     285   15698.3576
     286   15500.8601
     287   15267.4777
     288   15590.7290
     289   15605.4406
     290   15335.6657
     291   15612.1453
     292   15800.6022
     293   15961.9498
     294   15547.0902
     295   15655.0138
     296   15643.8423
     297   15713.7885
     298   15295.9480
     299   15485.3178
     300   15486.3105
     301   15700.5121
     302   15094.3403
     303   15384.9040
     304   15526.8396
     305   15419.9311
     306   15343.8462
     307   15450.8408
     308   15274.1212
     309   15494.5004
     310   15846.8512
     311   15441.2177
     312   15567.7870
     313   15260.0774
     314   15152.6568
     315   15361.6531
     316   15399.1973
     317   15538.1746
     318   15412.1078
     319   15502.4800
     320   15557.8890
     321   15479.6427
     322   15480.4111
     323   15743.0994
     324   15666.7310
     325   15844.0934
     326   15589.0539
     327   15868.0380
     328   15820.9344
     329   15568.8093
     330   15730.5175
     331   15502.9748
     332   15758.8237
     333   16130.7157
     334   15819.1328
     335   15994.5509
     336   15902.1618
     337   15317.4314
     338   15791.5604
     339   15998.5983
     340   15811.5108
     341   16121.3246
     342   15796.8303
     343   15997.2248
     344   15932.1842
     345   15487.5535
     346   15507.5736
     347   15723.4301
     348   15869.8442
     349   15799.9738
     350   16224.1266
     351   15929.9416
     352   15341.4728
     353   15496.4582
     354   15935.8043
     355   15991.0198
     356   15738.2582
     357   15946.1369
     358   15740.9029
     359   15779.8975
     360   15896.7459
     361   15413.0925
     362   15761.4562
     363   15797.0446
     364   15509.8426
     365   15473.7607
     366   15448.7667
     367   15664.8855
     368   15373.4948
     369   15615.9456
     370   15841.8525
     371   15601.4367
     372   15397.7492
     373   15738.6565
     374   15733.5722
     375   15493.0231
     376   15567.8389
     377   15541.0301
     378   15703.7674
     379   15662.4037
     380   15516.7537
     381   15619.2633
     382   15630.7314
     383   15420.7679
     384   15731.8897
     385   15656.4657
     386   15503.8279
     387   15679.4833
     388   15444.0680
     389   15354.3086
     390   15558.8144
     391   15448.0707
     392   15383.9604
     393   15424.2867
     394   15475.9143
     395   15288.5701
     396   15490.9884
     397   15302.6817
     398   15627.7327
     399   15513.1810
     400   15367.4674
     401   15390.7366
     402   15328.5838
     403   15542.9975
     404   15650.7984
     405   15335.7968
     406   15584.1489
     407   15437.7782
     408   15678.3852
     409   15473.0845
     410   15607.5593
     411   15486.8467
     412   15783.3726
     413   15362.7206
     414   15628.0687
     415   15609.9497
     416   15703.4857
     417   15698.5253
     418   15707.9855
     419   15659.3449
     420   15951.7041
     421   15550.2333
     422   15338.1720
     423   14934.5427
     424   15715.7917
     425   15345.2331
     426   15328.8561
     427   15565.5638
     428   15431.6412
     429   15484.1808
     430   15421.7195
     431   15784.2912
     432   15607.1422
     433   15752.0089
     434   15847.9054
     435   15660.7214
     436   15669.7882
     437   15662.8723
     438   15591.6533
     439   15236.3391
     440   15240.4718
     441   15375.5492
     442   15637.3506
     443   15230.1362
     444   15698.8051
     445   15483.2052
     446   15588.6767
     447   15458.7544
     448   15659.5934
     449   15472.8126
     450   15331.5373
     451   15514.0033
     452   15539.0340
     453   15561.4326
     454   15745.2578
     455   15324.8956
     456   15670.1932
     457   15534.1366
     458   15484.1728
     459   15549.8867
     460   15802.1469
     461   15556.0241
     462   15728.1500
     463   15537.7945
     464   15227.8873
     465   15599.2916
     466   15232.3023
     467   15218.2364
     468   15493.4204
     469   15321.0257
     470   15347.8359
     471   15471.9262
     472   15566.5857
     473   15563.2001
     474   15409.4367
     475   15379.5411
     476   15592.3887
     477   15392.0145
     478   15548.1861
     479   15405.0709
     480   15586.8638
     481   15486.5034
     482   15622.3326
     483   15419.3559
     484   15131.7434
     485   15635.0710
     486   15633.8064
     487   15626.6421
     488   15779.4472
     489   15277.1545
     490   15351.8686
     491   15490.0043
     492   15850.8764
     493   15764.3480
     494   15564.4039
     495   15571.5462
     496   15440.2462
     497   15745.6681
     498   15255.5084
     499   15543.9938
     500   15701.1803
