1 0.47582659125328064
2 0.34022727608680725
3 0.33598771691322327
4 0.3007698357105255
5 0.35764560103416443
6 0.3455134630203247
7 0.36200544238090515
8 0.3640848398208618
9 0.572235107421875
10 0.5392241477966309
11 0.6145231127738953
12 0.6252614259719849
13 0.4650970995426178
14 0.44726869463920593
15 0.5609632134437561
16 0.5476819276809692
17 0.5914039611816406
18 0.4771786332130432
19 0.38355007767677307
20 0.4163205027580261
21 0.40322762727737427
22 0.340506911277771
23 0.3324490785598755
24 0.40600886940956116
25 0.38487157225608826
26 0.3337591290473938
27 0.40486565232276917
28 0.4947056472301483
29 0.3658447563648224
30 0.4114774465560913
31 0.31794482469558716
32 0.36875367164611816
33 0.28765302896499634
34 0.3422802686691284
35 0.30513858795166016
36 0.3095710575580597
37 0.39056137204170227
38 0.6068627238273621
39 0.6162986755371094
40 0.44163981080055237
41 0.3489038348197937
42 0.3424038290977478
43 0.37381213903427124
44 0.3778678774833679
45 0.3811120092868805
46 0.4813399612903595
47 0.4169367551803589
48 0.4837961792945862
49 0.4501868486404419
50 0.38893261551856995
51 0.5072724223136902
52 0.467670738697052
53 0.37988248467445374
54 0.515788733959198
55 0.4169968068599701
56 0.4423750638961792
57 0.43384072184562683
58 0.49838531017303467
59 0.41379663348197937
60 0.3755273222923279
61 0.3294832408428192
62 0.29854816198349
63 0.2981690764427185
64 0.2947203814983368
65 0.286120742559433
66 0.34035974740982056
67 0.3665271997451782
68 0.4780151844024658
69 0.3360978066921234
70 0.3183218836784363
71 0.39810672402381897
72 0.4015798270702362
73 0.34735146164894104
74 0.29065415263175964
75 0.3502054512500763
76 0.3697493374347687
77 0.34224584698677063
78 0.34290504455566406
79 0.38370218873023987
80 0.3699844777584076
81 0.3751077353954315
82 0.483585000038147
83 0.5259224772453308
84 0.5146504640579224
85 0.7721412181854248
