0 4.03796093507768
1 6.760336107009485
2 7.985565823790195
3 7.310019510315706
4 7.46787837457855
5 6.890306140391116
6 5.822675411485237
7 6.443333557837687
8 6.377468387738622
9 4.093961063933404
10 3.407646682990529
11 3.6057779234266643
12 4.165699589986044
13 3.7743014910146915
14 4.6170699715791095
15 3.814021309788822
16 3.2130679802167306
17 6.061544320613877
18 6.052028538812126
19 3.51259474573145
20 3.685899773016485
21 6.995319219633519
22 7.553197655548709
23 6.550310502772229
24 8.765658046025159
25 6.449644723241006
26 4.112022125644874
27 2.9865787267615223
28 6.624170877301222
29 3.9732198050164236
30 5.0896141760750435
31 7.792894135719329
32 7.279346516745503
33 7.607766022827839
34 5.25600519253348
35 6.89725357911008
36 7.447020190971912
37 4.8697593139396265
38 8.24656226913829
39 6.253744480221672
40 6.651749374917675
41 4.132130306505227
42 4.004585440765822
43 3.2105031968854587
44 5.477821856053946
45 3.303001221759804
46 3.2726964993812215
47 4.128672483100861
48 3.6455221784881915
49 3.640497649843959
50 4.524617492669558
51 6.512095966016616
52 10.909705747469497
53 8.509276042360343
54 7.633809949114139
55 6.124920598610244
56 9.572246767412965
57 6.098870343877307
58 5.874243695100045
59 3.3366937026122274
60 3.4528776710145643
61 3.7096922326656268
62 4.117505699153762
63 3.644624862952729
64 3.3933504156109926
65 3.438028479795029
66 3.474982512641282
67 3.736924462826936
68 4.114066676442751
69 3.16697261400772
70 4.875209128369081
71 3.3072753584063634
72 3.78217194593889
73 3.5978944789563196
74 3.1660172318604602
75 5.725947160522581
76 4.893681778571017
77 5.967755237921861
78 5.582593379532851
79 7.137782278523147
80 6.051398481947102
81 9.816372916425971
82 9.286075317555962
83 6.252008222963396
84 10.159329943541708
85 4.771131062460208
86 3.897822016172291
87 5.082294137793975
88 4.322194479575155
89 5.644714508284139
90 9.030128339091467
91 6.542062405088822
92 8.413006263186617
93 3.9092670472291835
94 6.657626146815777
95 6.071962910557496
96 7.019982906900208
97 8.278051857877347
98 7.73195902566916
99 6.458972987347873
100 3.550373423400078
101 8.68341323065018
102 6.1552506866204535
103 10.1840285363352
104 8.275464745983328
105 11.223659686788858
106 6.891505996984216
107 8.384526509615425
108 8.227566751305428
109 3.6973456967917158
110 3.776050108305886
111 3.6472067191738007
112 3.3779305385554292
113 4.1082045941270176
114 3.599006309513314
115 3.3360776142074307
116 3.7843838695192886
117 5.857190724550007
118 6.213736916243165
119 6.903253808677644
120 9.318884301369904
121 8.529030569733363
122 3.285270703975204
123 3.5755902936695807
124 4.157543450171498
125 3.377138498681844
126 3.6074352689961624
127 2.7770828085942765
128 4.197833708481144
129 7.012661481540262
130 3.670375073724969
131 3.051566940395713
132 4.1838328608577084
133 3.4234409748550907
134 3.7667848980099676
135 7.349041163664218
136 8.62450165075708
137 8.47275570254538
138 7.349035605017213
139 9.117266821572464
140 6.202621564528263
141 8.74384565964989
142 4.2273329398739
143 6.736759575730462
144 3.647213854761989
145 4.003712653702387
146 3.634756310101382
147 3.8716139271797516
148 3.4026978044956797
149 7.173752279332533
150 6.48282602914014
151 3.161496102660511
152 3.83531333778841
153 3.647953905899165
154 3.584679684918573
155 3.768985218157141
156 3.6478344939536314
157 3.3485505519857415
158 3.5005486601985227
159 3.6067906884741054
160 3.73231044328939
161 3.7884280501381555
162 3.9134930112496087
163 3.516586471745511
164 3.6812597118425052
165 4.968799226329223
166 3.88927527760563
167 3.4056111406145
168 5.493075352640603
169 4.390449743055274
170 6.273460840729674
171 6.611079566766814
172 3.143890924319522
173 3.707022539098077
174 5.572855854173653
175 5.450803233958081
176 3.476406774530899
177 3.5972758177318167
178 3.4012308160843467
179 7.814262461901751
180 8.284024560334771
181 6.781322048769462
182 4.354739863549219
183 5.937109800985155
184 5.45882877248068
185 3.4991170448992825
186 5.364021729311491
187 4.680940928757042
188 8.8153694895336
189 9.820131405637218
190 3.8507996470023618
191 7.4622252467724834
192 8.5322741716961
193 10.615282789851774
194 9.502460151963767
195 9.318348543592904
196 6.443679011630275
197 8.674423174400774
198 5.811379595124212
199 5.86172756073525
200 3.6710244610833525
201 8.851709020332837
202 10.717929316706046
203 6.065084696533903
204 5.982250620946731
205 7.141924104454037
206 5.73482126203661
207 3.5563788829808014
208 9.159204669541714
209 8.167010165320189
210 9.578338353738339
211 7.173939092534554
212 7.47608759680522
213 8.35142322366366
214 9.547480256453541
215 11.761070656938506
216 7.499481263308533
217 3.923174775073518
218 8.231950282688057
219 7.734342459445329
220 8.015106256966067
221 11.301780520840854
222 7.522845401886544
223 10.636103928588149
224 10.247580102700256
225 10.725756968133638
226 5.35067806233619
227 8.0608881431791
228 7.803049098556037
229 10.457793588540403
230 10.701899988098184
231 9.468075859595107
232 10.457231441963321
233 9.277936339705382
234 10.007352496129476
235 6.988649078564099
236 10.000575305731301
237 7.997282814991828
238 6.898435994151563
239 8.96301178371299
240 7.676499987127028
241 6.80587005798804
242 7.318015654640741
243 3.1835464180782482
244 8.089874360794699
245 3.3236709671729914
246 6.724571376785828
247 5.492046885728761
248 8.334173537304371
249 4.937960706672321
250 4.870817377844201
251 3.417908801974885
252 3.557004005466972
253 3.1652390713411096
254 4.4262188441869235
255 2.7562920459660822
256 2.913439546404705
257 7.476306447715529
258 9.513667260695177
259 4.455492945582532
260 8.318255672090743
261 6.5573871223447835
262 5.40253780127994
263 6.448827405626488
264 10.428204323415063
265 8.64589380938981
266 3.6429461511695673
267 3.8113342277055517
268 7.627708787776545
269 6.900973315602469
270 5.616136416061732
271 3.514521448878834
272 12.026468401942934
273 7.786909042115506
274 6.481138726821845
275 7.637931218760379
276 9.076713325738888
277 8.975200751351036
278 6.8661777251904885
279 9.284133252979496
280 7.424204607463293
281 3.5083782312672267
282 2.9070121838119727
283 3.680774078820001
284 5.921196775666227
285 3.6428225983937703
286 3.6776450860250267
287 6.386896982013282
288 6.575723386200148
289 6.376116208944159
290 3.7090784025386845
291 4.261533363410882
292 5.401116935234479
293 3.2821350918688412
294 3.1165622528767805
295 3.744366914550271
296 3.6009447624974023
297 6.272728320418648
298 4.810527618575183
299 6.104769376132333
300 4.561750267336556
301 6.534108907808187
302 5.999952992864303
303 3.481147851191709
304 3.45281033662343
305 3.775823945316909
306 5.183845687629186
307 6.605294367092348
308 3.4705269795059537
309 6.529624528119969
310 7.392533778317628
311 7.770533978221014
312 7.242987785553721
313 7.987406234897541
314 8.250651216644945
315 7.209912351988816
316 6.094931979803809
317 8.331435359507552
318 5.327081639302472
319 6.388166237400175
320 3.2147368289076517
321 6.177874862925098
322 9.010200262329295
323 12.682177361021335
324 7.39697454143161
325 6.972072401789639
326 8.591227943404334
327 10.105000266849316
328 8.419270243627421
329 9.798341343353188
330 8.99858829089871
331 7.520642479150337
332 10.365008343748551
333 3.9356099700261593
334 3.183279277972839
335 6.06778655189082
336 8.555502581862433
337 3.4638156096056076
338 3.4223947375942068
339 5.711717276115082
340 12.796913639725448
341 9.074142231154195
342 9.547478176838995
343 8.330361528178424
344 9.726082912135999
345 8.926269405743163
346 7.346819613897046
347 6.19578480564016
348 6.5978574788593045
349 3.48191516722499
350 8.370518408989554
351 7.001543251548805
352 6.488168552273606
353 3.26447565731523
354 7.247593987043491
355 11.092273834506246
356 8.551586606181477
357 10.463249703283216
358 9.234164435495403
359 7.2993062730325216
360 7.6872089008545945
361 10.781772158464177
362 8.37111141162001
363 4.482359342924475
364 8.210459358571025
365 11.054125749641516
366 9.045211454773158
367 9.68714354702426
368 10.187897968076205
369 6.765441587937493
370 8.478243364579841
371 6.686939294281116
372 7.291519435916337
373 4.441426560858383
374 6.818109993753572
375 9.92352988820164
376 6.820535664115843
377 6.887142947696115
378 9.851653235211936
379 11.436864736139052
380 7.778862931130927
381 10.638315340871548
382 8.084596990806387
383 7.751369268965804
384 7.199933610583839
385 9.21510437471619
386 8.116474184478205
387 9.220916702622427
388 10.16352097562146
389 8.389588121878209
390 9.388068807137072
391 9.52592174133564
392 7.299110217471946
393 6.125149032669607
394 8.242616962388121
395 7.365736662836289
396 9.882813502899552
397 8.353116722400953
398 9.336186364335765
399 10.904102706454024
400 4.595136193887385
401 4.5424373163991465
402 5.245574495533891
403 4.513080514943492
404 3.388522453789867
405 4.203759928947628
406 7.726515811712973
407 3.6841649103590592
408 6.285842469455859
409 8.479288904749273
410 9.744344413468779
411 8.972557132420153
412 9.334905971558241
413 11.325241023934934
414 11.086593944262871
415 8.795991844764698
416 9.11320755364478
417 8.409166411788274
418 7.637685814085628
419 10.013912033433742
420 8.427942495779492
421 7.900386417009688
422 7.236765846192093
423 6.9765277179051965
424 5.976015275278312
425 9.97803019402831
426 9.446239858504844
427 5.745196144524194
428 8.667381199490125
429 7.322743099995542
430 7.56913969039496
431 6.801123040870414
432 6.388697007227772
433 7.151323195371383
434 3.8285698949769564
435 3.62237765434123
436 3.5342525481672378
437 3.613944921673977
438 7.911298053878436
439 3.941557386432431
440 8.297485723212615
441 7.1595726806891165
442 7.946918096818013
443 10.062910287332516
444 10.563418127767031
445 13.067511143019798
446 10.710337322163449
447 7.684053501216303
448 7.882713599118426
449 7.555295575002277
450 4.491466529014237
451 8.340490970795132
452 8.406611432298009
453 3.7690603807849423
454 9.914271806386617
455 8.532167393901704
456 8.020070915881874
457 8.579279825869204
458 6.645554663995873
459 4.345827092133934
460 3.592351744751014
461 9.183590848539112
462 10.946537102143358
463 3.8073508202138626
464 3.6721517943649316
465 6.136314933389942
466 2.8813823912305594
467 6.677169431293252
468 6.0086949629486845
469 5.720075765636008
470 5.824895296664009
471 8.025374357523287
472 7.258094504822057
473 4.608290259493069
474 3.0013337920400516
475 7.7368912011046005
476 7.317424960061576
477 6.550644757326911
478 5.8829521332983905
479 3.7376199914169534
480 5.234007903298265
481 6.786680418128089
482 6.094420427680087
483 5.450297230086533
484 7.626457264716941
485 3.7780178882485242
486 6.908724994989166
487 4.653994136350998
488 6.61589605945544
489 10.939676856151651
490 6.334227839091228
491 4.819238190114042
492 5.057942105612632
493 8.791822517231154
494 6.801751071889068
495 6.2208755915196186
496 3.089982946067378
497 6.531399063156274
498 5.384395150176195
499 6.1085644564616475
