0 7.317950452716029
1 5.973993469767285
2 3.617664881760628
3 3.849211046064969
4 3.828483119542104
5 5.8067912870246685
6 5.444634661866264
7 4.951922835343155
8 4.136365795155126
9 4.31002570669278
10 5.558742954620394
11 3.8771892829566914
12 3.888138040121338
13 5.478793411659938
14 3.7671149174078615
15 7.214018672963918
16 4.077397451082936
17 4.118382277361141
18 3.6823556987210613
19 5.156860049362303
20 3.9584977543717814
21 6.997765779057271
22 4.3675884728358705
23 3.803220873469802
24 3.7319827612737777
25 3.778691589678104
26 10.743668924308821
27 8.675174704863785
28 3.7754193046327953
29 4.361096602967646
30 5.284237420086639
31 3.8619494783472947
32 3.8137228660774705
33 6.031219339340159
34 5.383932381721695
35 7.099686148353794
36 6.748706030383581
37 4.024708436056612
38 4.134061520052744
39 5.42073645924484
40 6.2531048239803
41 5.304814389801521
42 4.106116636444609
43 4.7578725458016
44 3.9458626603301075
45 6.500969970272338
46 8.871860122800948
47 6.292471648133878
48 5.945747367920015
49 6.304867966812418
50 9.231503226980813
51 8.236261095899323
52 6.3416822317132135
53 9.731805693621228
54 3.5009525945493176
55 4.104226203037631
56 6.4940494615777
57 7.5109913491584965
58 8.336588600544061
59 9.051502701893833
60 6.954526502386184
61 5.89188868859474
62 3.941742145624776
63 3.765322178725505
64 4.205298326207106
65 6.9568323096981475
66 5.0049520831206475
67 3.789460165118963
68 7.246390730515173
69 4.983946794176149
70 6.52333398689115
71 3.7762443623578763
72 4.033593937115856
73 3.9952394125207205
74 6.718907080420734
75 4.19328500930431
76 4.127028912378389
77 7.478315565571829
78 8.542482907250358
79 5.350788230131039
80 3.741349439220004
81 7.845286963407195
82 3.7291035689714844
83 3.5242233908826455
84 3.7464754601126438
85 6.434926802731007
86 4.403359390688796
87 3.9342493399261103
88 5.049879179807458
89 3.8493293906610573
90 3.918613056755808
91 3.7830511939190217
92 3.9721418863514297
93 7.7009347027091195
94 8.04658839572908
95 5.984544180762549
96 8.115737073976737
97 4.098605976404362
98 3.6618835526529065
99 3.853541011345273
100 7.205961953315495
101 3.4162693200959318
102 3.769514453919745
103 3.9294092601036916
104 3.7834750076934434
105 3.9335950546871206
106 3.7630777227101895
107 4.985529272451949
108 9.010240044901058
109 4.4874977414892925
110 6.814522080827705
111 6.0446548886818
112 5.454478602552748
113 5.778711342658715
114 6.988566545420338
115 3.751565654818121
116 6.766370817264101
117 4.083642149045298
118 4.048867168782034
119 3.823020826458936
120 5.6096984119295445
121 9.18418420824542
122 7.988239845580114
123 4.00209033743301
124 6.80862715831617
125 4.074686420793079
126 7.592323389218867
127 9.277188569278291
128 8.389186599499029
129 3.993496367227069
130 3.8561339552428144
131 8.32329714434191
132 7.480637367211933
133 5.562546553139799
134 3.785931971309958
135 6.1330506348497265
136 3.959056701608965
137 8.554259362896616
138 3.913998022789728
139 3.8695952522097397
140 5.063614260794388
141 3.578961846067118
142 6.031878806537219
143 3.832670174576416
144 3.748679401523652
145 4.13704211960653
146 4.0139450405412225
147 3.8598890008946896
148 4.8043209612108555
149 3.8146307061211813
150 5.612424830005849
151 9.09396880864976
152 5.015670291485233
153 6.8508200798185275
154 3.72959447870699
155 3.9881292593904636
156 4.055193434618009
157 7.88595974680497
158 8.371794617085003
159 9.065853975589885
160 8.717294017964814
161 9.826008922689564
162 4.069830729456773
163 7.1132780263408835
164 7.7332326453057725
165 4.033488363517574
166 3.9052841185052936
167 4.542579919735359
168 3.8858275940065483
169 6.163128544050425
170 3.7597325695852004
171 6.3024023930271635
172 8.375030492969419
173 8.658455833420422
174 3.752608677091418
175 8.12573041954666
176 9.752752033432628
177 9.62345699908468
178 9.86986037980157
179 8.449560511013082
180 7.72814626251398
181 6.9502177905709654
182 10.390276318254433
183 4.627462639735129
184 4.031083940191837
185 4.246953602338906
186 6.45064656967953
187 3.9785557157204847
188 4.114399860096193
189 6.549394360880694
190 9.682205356176945
191 3.887162150927246
192 4.001885108839206
193 3.7915337305345256
194 6.917021392816231
195 3.7521377878179916
196 2.9263172417918066
197 3.366599228920736
198 4.5732031415718035
199 6.7436064675981635
200 3.9485829302419115
201 3.942704210306178
202 5.384135965049359
203 3.895014129825487
204 7.803630055438366
205 5.502222972823426
206 6.797567902386718
207 7.898967649197039
208 4.078199525834117
209 6.413951056045411
210 3.653341785091965
211 3.5548134173587607
212 3.797161796693711
213 3.472637183557609
214 3.639464286097669
215 7.10862460945046
216 3.715267902557181
217 4.094549417791283
218 6.289668043061255
219 3.703968003763907
220 3.7259800605325277
221 7.855042470006797
222 3.9710131926573284
223 3.7165353711558637
224 3.315299388649698
225 3.6723201937759304
226 6.4398542857459
227 3.7297699991046462
228 4.06850717702255
229 6.232109367399874
230 3.596437095001365
231 5.542237176487575
232 4.622313122401675
233 8.081391378941442
234 4.024269974887978
235 3.3242309818217755
236 4.765545526301279
237 3.6949722047666884
238 3.845900331183725
239 3.8368196540567925
240 3.8995760781973967
241 3.9902745502549384
242 8.951982231203154
243 7.764715399662698
244 8.586935007863229
245 8.419656911767781
246 4.020860663463184
247 3.6647093593788846
248 3.9214939942200444
249 9.63195643508534
250 7.533255092092214
251 6.8079796267512265
252 6.945995775711024
253 4.798300227032415
254 7.493675494664179
255 8.569414528389625
256 6.433272296195507
257 5.3585621377822985
258 5.771280919709
259 4.806845384600489
260 5.4753119585128305
261 3.82007987724022
262 3.9296030661648147
263 3.780949210164704
264 3.569651758671117
265 9.405981227128054
266 4.032792499522345
267 3.679749486353337
268 6.696883208674445
269 3.727612718033358
270 3.908254576758184
271 4.865055036981151
272 5.177817600465126
273 3.7120132085055904
274 3.8850569459097484
275 4.420771344763163
276 4.094543219263847
277 3.70481340599314
278 6.192551444733623
279 8.356988434957838
280 11.81404817672972
281 7.234785394102813
282 9.00041238465176
283 8.679901714939993
284 9.336808751455013
285 6.219711896975554
286 9.91021729832378
287 3.7199603794427287
288 3.732998707795883
289 4.000140080184122
290 5.759536197497325
291 3.960882342569588
292 6.309433797661286
293 5.471158761964495
294 6.3237209282153914
295 5.4886826190235904
296 3.9914228748027214
297 3.5627889632566765
298 8.073579134966154
299 7.597464648511998
300 7.869545022815212
301 3.7069532711005326
302 3.959220997030259
303 7.745744643417218
304 7.189667877496173
305 5.884007544407983
306 7.013693661840857
307 6.814061874816279
308 6.230155218434597
309 4.2469246083110095
310 3.791706248561414
311 4.133314460453621
312 3.792571708084404
313 3.910570750681513
314 4.56868940559997
315 6.765367802390284
316 3.841811746110863
317 3.888913747938693
318 3.868451651923482
319 3.8934062454978924
320 9.09632123300398
321 4.770801005098849
322 8.078175793643654
323 6.739385633820796
324 3.894462610637394
325 8.678882650342777
326 9.494181185895178
327 10.124997477192935
328 5.139364555185241
329 9.44497610030455
330 3.845145539943799
331 4.997091075960281
332 7.395514897050707
333 6.260229490128264
334 8.916704716937646
335 9.116933527820715
336 7.842132826229154
337 7.956133891745548
338 10.134822600255086
339 11.050069986510271
340 5.987753948494549
341 3.6583125439506996
342 4.444130256750165
343 4.633916817163369
344 6.486940603673868
345 3.8004117730724247
346 4.496578857750805
347 5.60671909521071
348 6.013910464641808
349 5.051721431936935
350 3.9188823465881764
351 4.182796667649583
352 3.939891909812829
353 5.009285035282486
354 3.96751735628278
355 6.067984656323326
356 5.24243140943424
357 3.8384352437274907
358 3.6887852502456635
359 3.8985631419464175
360 4.063899128529626
361 3.820975445301848
362 5.554962918751311
363 3.583856888089395
364 4.259905046855816
365 4.050579213088419
366 3.8669897216678173
367 3.6691495536571743
368 3.938254059399616
369 3.7487986025333155
370 3.7564298687864195
371 4.041286701582176
372 4.384493589471127
373 4.783112071171978
374 3.8736435713960566
375 3.7709248055332028
376 3.5077265894480925
377 4.036787666281566
378 6.91800944807308
379 4.152759746364889
380 6.0036237190841755
381 3.6011445984149937
382 8.016671224083199
383 3.137916256871007
384 7.986697871235704
385 4.624722270864107
386 4.532488316496943
387 3.9626389774834463
388 9.117919457228627
389 5.65259874553999
390 4.042123649747481
391 3.7707293988196082
392 3.8807337145123557
393 3.7203393772766606
394 3.635975036838341
395 4.011695704173295
396 4.357915105466485
397 3.7803564149140154
398 4.444828569368693
399 7.158672166526216
400 6.399522598657315
401 7.399501650453526
402 4.162761440419862
403 8.464675772971493
404 9.20180139251034
405 8.742054064079282
406 6.417841690197925
407 6.15525933277789
408 3.8963071142690286
409 7.927424206728872
410 3.787783658411283
411 3.380080086701416
412 5.224640752603321
413 3.8728973228406964
414 3.802672914865015
415 3.6693273612076394
416 3.7282700921981884
417 7.78259444637459
418 7.893408010153854
419 3.756831388850884
420 7.823346303273026
421 8.136024628312677
422 3.698806394721677
423 4.088650183953421
424 4.562982691378584
425 3.79340405973105
426 4.909826029009592
427 7.272718685364167
428 3.9494579108217076
429 4.815739372292198
430 3.872987065696752
431 4.064952881957907
432 7.934449536393831
433 7.567818112411277
434 9.752653057764869
435 6.619735291946757
436 4.545285613661208
437 5.988913671310905
438 10.44041002916895
439 10.170376955934149
440 3.115755432147331
441 7.021629400620238
442 3.899062252513867
443 3.682737761985988
444 3.7382845347698885
445 5.396933904544868
446 3.9918118166249776
447 3.483282555518794
448 5.2837760089495225
449 9.185363994121914
450 7.462293331241602
451 4.460592958088114
452 3.6874271882652248
453 8.039447213516251
454 3.836118251808536
455 3.792623639634193
456 3.8118073009698388
457 3.8912691916442768
458 4.033030666250041
459 3.978333446481699
460 6.145679770661481
461 6.146817460556497
462 3.8631952141277504
463 4.648288300018106
464 3.8195374761258116
465 4.04283620081273
466 7.676785745132841
467 4.196772424401232
468 3.812611481115192
469 5.670412400134415
470 3.7265001644351314
471 4.474492181066688
472 4.067600112038386
473 4.216705509797663
474 7.33575900775994
475 4.055480108744408
476 7.818410024906597
477 7.724733734575506
478 8.159524293840995
479 6.38502099010944
480 3.92580022232024
481 3.986865369488624
482 4.2924211010951465
483 5.438715945700127
484 6.9047639186275624
485 6.919003140089858
486 7.767305301046931
487 5.940162858683114
488 7.974743824938478
489 6.055164092718895
490 8.633165646282935
491 8.46717494264311
492 9.326772214374541
493 9.42780086866978
494 3.706070596611588
495 9.911840251333249
496 9.374353523130377
497 4.124927451070315
498 3.8620389405111806
499 4.082015563839581
