0 4.443411328101816
1 4.294725526917838
2 5.199083924280435
3 4.183491291433347
4 4.480496311946647
5 3.9563635581240404
6 4.295473263039834
7 4.420652349406508
8 4.050091743582573
9 5.468742479654899
10 5.542089479063859
11 6.10373363067331
12 5.621613273283247
13 5.517581152945172
14 6.084604137603045
15 5.42446055673589
16 4.86927988569468
17 5.645223899404619
18 5.418650841760876
19 6.716977524716662
20 6.398628910970684
21 5.535999003663177
22 5.639119538701561
23 5.5997521708468145
24 5.512342104537948
25 5.098415857614695
26 5.362567970843093
27 5.1021435510281945
28 5.015942594489915
29 6.377763890255457
30 5.31707218742214
31 5.570264293914955
32 4.890182893644951
33 6.652642816491923
34 6.799381137734485
35 5.735967459249635
36 5.25919376671415
37 5.59329976788453
38 6.137898778491252
39 4.500025917846009
40 4.64706453559556
41 4.899546737312539
42 8.196221851188511
43 5.5250585349095775
44 5.243131648126061
45 4.653126824560538
46 5.268679949720916
47 5.109345992268618
48 5.002996999756536
49 4.206541990045566
50 4.677477114969188
51 5.693167733764929
52 4.938889152325456
53 6.066117476441403
54 3.770711873402123
55 4.442172353236803
56 4.720826995751927
57 4.920763410716067
58 4.373284215920213
59 4.140777615259176
60 3.875776526449442
61 5.164364765872563
62 4.584404106203543
63 4.525103216915662
64 4.985197612151293
65 4.169577035186003
66 4.481851807713101
67 4.890414435164693
68 4.432272692217693
69 4.6002775725110885
70 4.476134829063126
71 4.801894419604648
72 4.717083905827772
73 4.27005673556972
74 5.624455342002639
75 5.844917343737205
76 5.113723974504963
77 6.528091742240519
78 5.374263484300025
79 4.442891024949369
80 4.325385997602724
81 4.898557912078584
82 4.503136387133349
83 5.145516817341337
84 4.632366531340005
85 4.709734529512603
86 4.846948356683872
87 4.406454641680851
88 4.803006506296464
89 4.550321159547326
90 4.192259111533997
91 4.787471377300007
92 4.492886840812625
93 4.505740817647227
94 6.527144627633053
95 5.37112161363457
96 6.718376402910049
97 4.229731500296756
98 3.912348785148471
99 4.512159115958686
100 4.598423661355111
101 4.4905577381784845
102 4.718889966715427
103 4.544009426787139
104 4.570168981117647
105 4.294828064057869
106 5.468706852845553
107 6.911275491184363
108 4.758021170506641
109 10.631880108798056
110 6.896068622443717
111 8.193687185994541
112 9.254271479564977
113 8.770328152415741
114 9.802445648300791
115 6.6493461949811135
116 7.865106948129546
117 7.9346581612510105
118 5.44733850839102
119 6.984086419971887
120 6.012317753280335
121 7.1523363297511136
122 6.900360914325434
123 7.342805345115665
124 6.919329425848651
125 8.432434130343562
126 8.267386531188938
127 4.842963392554372
128 8.589634114453945
129 8.184107222915307
130 8.34056967572685
131 7.5025684686167695
132 3.5003682590730962
133 6.4068472153911715
134 6.816720698985802
135 7.972457332987677
136 7.906083330419613
137 6.456202026257861
138 6.840271925559687
139 7.240593395702329
140 4.4075133275188
141 9.465658261169574
142 7.973195384528362
143 7.1907235268537
144 4.445782544118207
145 7.2440367779469685
146 5.144606280349741
147 5.03565516893909
148 4.805727110995565
149 4.933149728905021
150 5.682561992016566
151 4.55167750089772
152 4.965239210695026
153 4.209189182766811
154 4.437823650809011
155 4.284219728561938
156 4.526089600088148
157 4.407306033224708
158 4.809926374034052
159 7.996882259268618
160 7.997234772543631
161 8.279144651751142
162 8.717970605582162
163 8.92243463492672
164 7.899253556507354
165 8.17701168131594
166 7.845015752692643
167 7.988923038286
168 7.964492275030562
169 7.32937313647303
170 6.313155374195834
171 6.983468614230548
172 8.839514671199545
173 8.028784243975126
174 6.340011056094971
175 6.817962985054445
176 7.548717914059325
177 4.224560809883162
178 5.725366837932913
179 5.468237568997422
180 9.26263344971124
181 6.998018968640807
182 8.005053697154024
183 7.246766739806959
184 5.948667258966865
185 5.702336893229013
186 4.54649870266987
187 5.944334733620584
188 8.1851552138955
189 8.001190520429976
190 6.827692843297154
191 5.440633085717032
192 5.026247824611196
193 5.125946122427622
194 4.387731330511496
195 4.778478287820108
196 7.009240258002118
197 6.094864270807948
198 7.28953504133448
199 5.863533826646323
200 6.528543150799848
201 6.166947220782216
202 5.630215102832449
203 5.59710706054597
204 8.575683904934156
205 4.962755765853923
206 5.273346543689452
207 4.6083035397492695
208 7.446583116761503
209 4.622419525227506
210 5.065099555927574
211 5.48503381763501
212 4.11566336382569
213 7.802989260523384
214 6.991499721843892
215 5.019288189953781
216 5.930742708172578
217 5.667721632943834
218 7.317238402600168
219 5.094937965613975
220 7.113616715419311
221 5.90220086631524
222 5.873180216245764
223 7.391018921380272
224 6.3990406627286145
225 7.489029199210003
226 8.787277371488495
227 6.55361827490709
228 4.9753301201223215
229 7.545963012381385
230 6.774127055945416
231 6.86896336916346
232 5.051254954876358
233 6.433445037496988
234 4.811247910465881
235 6.227924248108951
236 6.1611322147665115
237 7.664684559441881
238 8.626722028210757
239 7.068005045992157
240 7.938597901363041
241 6.3456073943697415
242 5.4367279413573995
243 5.118975337222126
244 6.168868693797269
245 9.143087912742024
246 9.638299436388747
247 7.789971251539349
248 6.196924883006706
249 4.54343699286685
250 4.135137204484038
251 4.163128005951597
252 7.36364370662595
253 8.094183195515713
254 6.554454449922117
255 6.542685753956185
256 5.550706044866036
257 6.342822276213986
258 4.359853429750247
259 3.9116623261753403
260 6.003491974469238
261 5.53606309993708
262 4.977526646848732
263 7.840640619320345
264 5.599277769083969
265 6.70311398367604
266 7.336954016873942
267 5.765267584633429
268 5.487505827519164
269 4.964362384790453
270 7.476411885289006
271 5.673551158905897
272 4.743696270702035
273 5.537435440106265
274 5.722648198063948
275 4.859327736280045
276 5.027417809298755
277 6.169320312448353
278 4.308849486769538
279 5.495318470442819
280 3.5375123979452416
281 4.399754605501038
282 4.037245271310076
283 5.112222198976756
284 5.024325552809645
285 4.135871991957139
286 4.073533722201177
287 3.7151290263088925
288 7.040903857477324
289 7.652041475932987
290 7.92464322931028
291 5.12712057597387
292 4.599272946216999
293 4.426261029564006
294 5.3991428841728295
295 7.103949100957125
296 4.673953803539056
297 7.534794396407376
298 6.86460675395742
299 7.502284327914158
300 7.356356246146967
301 7.9070862217831674
302 4.254707809358577
303 4.768929873807941
304 4.128642815878738
305 7.273585124134965
306 7.383746052214503
307 6.602765481070801
308 6.666065926896685
309 4.091441284911363
310 6.102308828904908
311 4.6863375704682415
312 6.154074626481588
313 7.209753949293991
314 5.492812999726303
315 4.790806108628506
316 6.069839808181421
317 4.323591686254274
318 4.654007536547045
319 7.585651806355947
320 7.3666307462094105
321 7.489954241598193
322 8.182787085192937
323 7.649499247332119
324 4.197676691835472
325 4.286908867791291
326 4.0306372171409075
327 3.7374565921912604
328 4.493793349727793
329 8.394972611544446
330 5.788025501618678
331 7.514196536007422
332 8.484345043427112
333 4.513028015570264
334 4.279030049567488
335 4.527567155646578
336 5.028763647407695
337 7.622037239298747
338 7.237471710276546
339 7.477154719980491
340 7.711317052084795
341 8.50070676132874
342 4.817057189821296
343 7.349830489079019
344 5.0904009761606455
345 4.029406727380426
346 5.5799624574219875
347 4.34959324676214
348 4.5842967808925845
349 4.133917174323402
350 4.003128688374097
351 4.06744389772055
352 6.505273016767505
353 4.2795463018190825
354 4.026645570217541
355 4.405921659205612
356 4.8623036336153955
357 4.838365346971859
358 4.719574549229342
359 6.248113539819171
360 5.022795821086828
361 5.86290049175457
362 5.067672824682999
363 5.3739648184055495
364 4.926213267387312
365 5.724208945680521
366 5.315017082123029
367 4.906805331716916
368 4.49223993218827
369 3.929893801097385
370 4.202286061649993
371 5.784579002767731
372 5.231559501193028
373 5.204828165932468
374 4.583608176305285
375 4.1361506260578595
376 4.976371845850993
377 4.298247497993216
378 6.10535168086874
379 4.347655193277239
380 4.185295209924058
381 5.527037568081823
382 5.587228584178239
383 5.549662925977302
384 5.097261198489834
385 4.8017059240248345
386 4.782534164560894
387 5.227804692298075
388 4.404161713760762
389 3.6062674549949736
390 4.165697497773077
391 4.075714448677718
392 5.094342297467175
393 6.369194915736517
394 5.815751844128962
395 4.262010275717051
396 4.620199421284352
397 4.695332078182444
398 5.080908441013933
399 4.433039429686402
400 6.035201147262193
401 4.700438513821899
402 4.3654661264902614
403 5.276655748214531
404 4.360650345597279
405 4.7123133757109965
406 4.9122383078116
407 4.098278597559947
408 4.334970069712488
409 5.615269701998261
410 4.628023368832824
411 5.393180293588533
412 4.757996514142688
413 4.358209759921033
414 4.378530676660733
415 4.544863628571135
416 4.161636251517677
417 4.192093214709942
418 4.883187576874307
419 5.390474187944181
420 5.028681172339232
421 5.5744673835558665
422 5.207086316941409
423 5.358688384047181
424 5.196083081022796
425 6.4403685280430985
426 6.928819023296792
427 7.967786172235577
428 5.6987858274640635
429 6.021596720195828
430 5.395634232135623
431 4.4782872011679515
432 4.7640052314656876
433 6.387428953237154
434 5.356963908954738
435 5.860260741059146
436 4.217179081726345
437 4.566204706598326
438 4.481832158842222
439 3.8796096150263044
440 4.740449218431363
441 6.363136711414208
442 4.848107032398237
443 6.172263875435875
444 5.084456974282712
445 6.2160736990653636
446 6.003348156806559
447 5.909495726164642
448 3.698704952588145
449 4.795792681609176
450 5.900896800829005
451 5.199876492876341
452 4.4365755248488705
453 5.551765149352355
454 5.061938980439651
455 5.952950829048247
456 5.836155773382481
457 3.7434293113389114
458 6.23465250351288
459 3.8843486736484656
460 4.123620055400124
461 4.277832801522998
462 6.566318986707524
463 4.632593691844578
464 6.615402386651264
465 5.724859384109339
466 3.898583503924827
467 6.810094142749806
468 4.73125947794363
469 6.637473018390924
470 5.112448574167761
471 5.989921618539392
472 4.653035426132748
473 4.840398841205735
474 4.795667682455942
475 4.450374578863763
476 6.6317412853862905
477 4.51765648015207
478 4.722494005059681
479 6.074625215653114
480 4.611156167166998
481 4.889123487077397
482 6.380046824623456
483 4.278299779840274
484 6.719099258274229
485 7.197280293605554
486 7.708271032321841
487 7.672932656987548
488 7.655201673776433
489 6.912536320185216
490 7.267991479856513
491 6.809671145318049
492 4.112189852734072
493 8.44878213109133
494 6.024761295104471
495 6.459576613061441
496 4.886418356344098
497 8.560560528386782
498 5.322619071514785
499 4.1546763189396145
