0	0.0
1	0.660110592842102
2	0.6687977910041809
3	0.6549362540245056
4	0.6562947630882263
5	0.6556162238121033
6	0.6760087013244629
7	0.7483005523681641
8	0.6561909317970276
9	0.5767335295677185
10	0.6107900142669678
11	0.6855610013008118
12	0.6216632723808289
13	0.7508678436279297
14	0.7032147645950317
15	0.615404486656189
16	0.7138665318489075
17	0.6089748740196228
18	0.70820552110672
19	0.6625614762306213
20	0.7074283957481384
21	0.7389078736305237
22	0.7317737340927124
23	0.7043778896331787
24	0.7329346537590027
25	0.7190908789634705
26	0.7008622884750366
27	0.7019748687744141
28	0.7025405764579773
29	0.6495935916900635
30	0.6942386627197266
31	0.6983392238616943
32	0.7062792181968689
33	0.7019364237785339
34	0.7228665947914124
35	0.7505039572715759
36	0.7525858283042908
37	0.6880411505699158
38	0.7090988755226135
39	0.6584610939025879
40	0.7279744744300842
41	0.684955894947052
42	0.6334328651428223
43	0.6588076949119568
44	0.6584919095039368
45	0.7457607984542847
46	0.7548336386680603
47	0.6965643167495728
48	0.7035231590270996
49	0.70618736743927
50	0.7196254134178162
51	0.7283262610435486
52	0.7543896436691284
53	0.6844660043716431
54	0.7254552245140076
55	0.6640745401382446
56	0.7183631062507629
57	0.7101898193359375
58	0.6392359137535095
59	0.6682963967323303
60	0.6126871109008789
61	0.6229011416435242
62	0.7156760096549988
63	0.6804733276367188
64	0.6676984429359436
65	0.7018478512763977
66	0.684856116771698
67	0.6777365803718567
68	0.6573678851127625
69	0.691099226474762
70	0.663623034954071
71	0.66475909948349
72	0.7744284272193909
73	0.7469078302383423
74	0.6173344850540161
75	0.7155669927597046
76	0.6524319648742676
77	0.671143651008606
78	0.6779307723045349
79	0.6898013949394226
80	0.6430888175964355
81	0.7247692942619324
82	0.6815012693405151
83	0.6570733785629272
84	0.7146824598312378
85	0.7141642570495605
86	0.6482560634613037
87	0.6775609850883484
88	0.7690020203590393
89	0.6848315596580505
90	0.7263485789299011
91	0.6715196967124939
92	0.6670275926589966
93	0.651419460773468
94	0.7002034187316895
95	0.663812518119812
96	0.6604366302490234
97	0.7317999601364136
98	0.6621577739715576
99	0.6359593868255615
100	0.690276563167572
101	0.7370901703834534
102	0.6848662495613098
103	0.7158452272415161
104	0.730677604675293
105	0.6396243572235107
106	0.6773808002471924
107	0.648274302482605
108	0.6469470858573914
109	0.6950039267539978
110	0.6333908438682556
111	0.669087290763855
112	0.641737163066864
113	0.6713075637817383
114	0.6543859839439392
115	0.6993921995162964
116	0.6219611167907715
117	0.655348002910614
118	0.6694453358650208
119	0.7237944602966309
120	0.7117406129837036
121	0.6240724325180054
122	0.7307841181755066
123	0.710902988910675
124	0.7323793172836304
125	0.7421992421150208
126	0.672735333442688
127	0.6375532746315002
128	0.7117278575897217
129	0.6907089948654175
130	0.7751241326332092
131	0.6796955466270447
132	0.7291818261146545
133	0.6985111236572266
134	0.7491182088851929
135	0.6896768808364868
136	0.7231627106666565
137	0.7427027225494385
138	0.7266329526901245
139	0.7684473991394043
140	0.7271469235420227
141	0.7299091219902039
142	0.6963969469070435
143	0.7119936943054199
144	0.7248205542564392
145	0.6973865628242493
146	0.7521343231201172
147	0.7006629109382629
148	0.6640099883079529
149	0.6913496851921082
150	0.7365986108779907
151	0.7713854908943176
152	0.719521164894104
153	0.6907234191894531
154	0.7188242077827454
155	0.7360174655914307
156	0.809939980506897
157	0.7209322452545166
158	0.717016339302063
159	0.7833148837089539
160	0.6409398913383484
161	0.7196870446205139
162	0.6699698567390442
163	0.7061267495155334
164	0.7091171145439148
165	0.7714673280715942
166	0.7073289752006531
167	0.7666180729866028
168	0.751174807548523
169	0.6562234163284302
170	0.7542815208435059
171	0.71800696849823
172	0.7175160646438599
173	0.7479907274246216
174	0.637091875076294
175	0.7214471101760864
176	0.7151926159858704
177	0.6680490374565125
178	0.7471597790718079
179	0.718089759349823
180	0.7313549518585205
181	0.6813505291938782
182	0.7094002366065979
183	0.7380200028419495
184	0.7546156644821167
185	0.7452604174613953
186	0.670089840888977
187	0.6650876402854919
188	0.7222923040390015
189	0.697100818157196
190	0.6877201199531555
191	0.7624511122703552
192	0.7013072371482849
193	0.6578055024147034
194	0.6824561357498169
195	0.6979150772094727
196	0.733637273311615
197	0.650159478187561
198	0.6573824882507324
199	0.6867771744728088
200	0.6270601153373718
201	0.7169415950775146
202	0.6551046967506409
203	0.6269226670265198
204	0.6928487420082092
205	0.6866676211357117
206	0.701726496219635
207	0.6650188565254211
208	0.6280665397644043
209	0.6913343667984009
210	0.7084676027297974
211	0.7561711668968201
212	0.6689919829368591
213	0.7145383954048157
214	0.6966069340705872
215	0.69953852891922
216	0.7163002490997314
217	0.6478989720344543
218	0.7159644961357117
219	0.6335236430168152
220	0.6570864915847778
221	0.7131659984588623
222	0.7291572690010071
223	0.6816784143447876
224	0.6542474031448364
225	0.7019637227058411
226	0.6576645970344543
227	0.6042286157608032
228	0.6270626783370972
229	0.6974242925643921
230	0.674799919128418
231	0.7201228141784668
232	0.6843409538269043
233	0.6718991994857788
234	0.709523618221283
235	0.6355321407318115
236	0.7035475969314575
237	0.6031765341758728
238	0.7270817160606384
239	0.698786735534668
240	0.670656144618988
241	0.7039884924888611
242	0.6406506299972534
243	0.6457851529121399
244	0.6846325993537903
245	0.7066751718521118
246	0.6602067351341248
247	0.6942396759986877
248	0.6723777055740356
249	0.7950084805488586
250	0.665431797504425
251	0.741613507270813
252	0.639361560344696
253	0.7172713875770569
254	0.6660372614860535
255	0.7500726580619812
256	0.6651117205619812
257	0.6501089930534363
258	0.7037379741668701
259	0.6365867853164673
260	0.7073521018028259
261	0.6454358696937561
262	0.6492526531219482
263	0.6541920304298401
264	0.5999124646186829
265	0.659400224685669
266	0.6975721716880798
267	0.689190685749054
268	0.6809452176094055
269	0.6610990166664124
270	0.6320258378982544
271	0.7089998126029968
272	0.7375258803367615
273	0.7409064769744873
274	0.6191065907478333
275	0.624055802822113
276	0.6950867772102356
277	0.6100465059280396
278	0.7405475974082947
279	0.7134546041488647
280	0.7266078591346741
281	0.7083340287208557
282	0.6774773001670837
283	0.7240914106369019
284	0.6706613302230835
285	0.6847288012504578
286	0.6931450366973877
287	0.6415737271308899
288	0.6711927652359009
289	0.6659224033355713
290	0.6360353231430054
291	0.6873042583465576
292	0.6698930859565735
293	0.6517025828361511
294	0.6833007335662842
295	0.7242075800895691
296	0.6671441197395325
297	0.6946695446968079
298	0.6477459669113159
299	0.6942480802536011
300	0.7193661332130432
301	0.6390094757080078
302	0.7321922779083252
303	0.733116865158081
304	0.6973524689674377
305	0.6873787641525269
306	0.7258396744728088
307	0.7264071106910706
308	0.6372286081314087
309	0.6834847927093506
310	0.6808401346206665
311	0.6282730102539062
312	0.7892247438430786
313	0.7096351385116577
314	0.7043407559394836
315	0.7037772536277771
316	0.7181631922721863
317	0.6422556638717651
318	0.694291353225708
319	0.6284515261650085
320	0.6878652572631836
321	0.7053946256637573
322	0.6664775013923645
323	0.6691992878913879
324	0.6777933239936829
325	0.6646894216537476
326	0.7249472141265869
327	0.6250094175338745
328	0.7102842926979065
329	0.6637293100357056
330	0.6583037972450256
331	0.6719161868095398
332	0.6697184443473816
333	0.7604772448539734
334	0.6520165801048279
335	0.6962817907333374
336	0.7038412690162659
337	0.6714977622032166
338	0.703967809677124
339	0.7246607542037964
340	0.6907331347465515
341	0.7208081483840942
342	0.6950660943984985
343	0.7620145678520203
344	0.6412782669067383
345	0.626633882522583
346	0.733183741569519
347	0.6910858154296875
348	0.7176304459571838
349	0.6462824940681458
350	0.6916120648384094
351	0.6855714917182922
352	0.7304482460021973
353	0.688616931438446
354	0.6738929152488708
355	0.7072603106498718
356	0.7383749485015869
357	0.6490303874015808
358	0.7318140864372253
359	0.7067887187004089
360	0.7061474919319153
361	0.7304909825325012
362	0.7270364165306091
363	0.7394810914993286
364	0.736910343170166
365	0.775764524936676
366	0.7314778566360474
367	0.722105085849762
368	0.6796779632568359
369	0.6900144219398499
370	0.6565252542495728
371	0.7153412699699402
372	0.6957622170448303
373	0.6643633842468262
374	0.6808611750602722
375	0.6970402002334595
376	0.6788565516471863
377	0.695366621017456
378	0.7136846780776978
379	0.6659805178642273
380	0.6061423420906067
381	0.6439224481582642
382	0.7140395641326904
383	0.6692302823066711
384	0.6853728890419006
385	0.6478258967399597
386	0.6391199827194214
387	0.6266338229179382
388	0.7373312711715698
389	0.6652259826660156
390	0.6447194218635559
391	0.6420601606369019
392	0.7439783215522766
393	0.7312281727790833
394	0.7206376194953918
395	0.5982040166854858
396	0.6667135953903198
397	0.667953372001648
398	0.7191520929336548
399	0.67360919713974
400	0.6619932651519775
401	0.6673621535301208
402	0.6871182322502136
403	0.7572264075279236
404	0.660935640335083
405	0.6242116689682007
406	0.674807071685791
407	0.712348997592926
408	0.6570011377334595
409	0.6485806703567505
410	0.7063408493995667
411	0.6445555090904236
412	0.6432074904441833
413	0.6329304575920105
414	0.6665866374969482
415	0.663590133190155
416	0.7020978927612305
417	0.6237159967422485
418	0.7296644449234009
419	0.704132080078125
420	0.6875997185707092
421	0.6720542907714844
422	0.6413483619689941
423	0.7234253287315369
424	0.7389287948608398
425	0.6718630194664001
426	0.6544283628463745
427	0.7477588653564453
428	0.7911701798439026
429	0.7838762402534485
430	0.7098178863525391
431	0.6600844264030457
432	0.7248640060424805
433	0.6735687851905823
434	0.6332763433456421
435	0.6919446587562561
436	0.6875567436218262
437	0.7665995359420776
438	0.7794538736343384
439	0.7187848091125488
440	0.6331961154937744
441	0.5879860520362854
442	0.6853439211845398
443	0.7044504284858704
444	0.6724045872688293
445	0.6566881537437439
446	0.6546240448951721
447	0.6844879388809204
448	0.6776451468467712
449	0.6350141763687134
450	0.7435197830200195
451	0.7043076753616333
452	0.7027111649513245
453	0.7898992300033569
454	0.7455866932868958
455	0.6968603730201721
456	0.7408087253570557
457	0.7057890295982361
458	0.6800992488861084
459	0.7065939903259277
460	0.7146445512771606
461	0.6513910889625549
462	0.7202369570732117
463	0.6708379983901978
464	0.7162236571311951
465	0.6594640016555786
466	0.7130274772644043
467	0.6862673759460449
468	0.7737042903900146
469	0.6726140379905701
470	0.6129620671272278
471	0.7567623257637024
472	0.6861798763275146
473	0.7227804064750671
474	0.7122162580490112
475	0.6871652603149414
476	0.7500776648521423
477	0.6041373610496521
478	0.7022839784622192
479	0.6934277415275574
480	0.7347466945648193
481	0.7460254430770874
482	0.7285954356193542
483	0.7183670997619629
484	0.7382676005363464
485	0.6288389563560486
486	0.7089532017707825
487	0.6263827085494995
488	0.7641781568527222
489	0.6898595094680786
490	0.6888115406036377
491	0.7068888545036316
492	0.7099547386169434
493	0.734902560710907
494	0.6927533149719238
495	0.6522748470306396
496	0.6915951371192932
497	0.6391333341598511
498	0.7100870013237
499	0.6699166297912598
