0 9.253618286264135
1 8.809507693033277
2 8.809671225443296
3 7.370174837108885
4 7.445657694008133
5 8.902527789561535
6 8.829381142848337
7 9.243326132218305
8 8.773397881326312
9 8.166269838249567
10 8.712411978843184
11 9.192822243655632
12 9.437308081137283
13 8.129564780526167
14 6.809352314323497
15 8.395312273627216
16 8.299341203772972
17 7.515004042884165
18 7.846384117749592
19 7.931786809357378
20 8.996804736279797
21 6.2706870414593086
22 9.885982876410777
23 8.036879097887564
24 8.45404328552047
25 8.83207253314881
26 7.7645490889167545
27 7.500646003227037
28 7.670570147567544
29 8.785684278369052
30 6.999159841592697
31 6.648882198851426
32 8.481532480988346
33 8.661480946565987
34 7.020871108915371
35 7.212384720991393
36 8.048270090454048
37 8.336077872206303
38 6.983970890179784
39 10.373867301355562
40 8.494938247964118
41 7.796452563317448
42 8.617590868669035
43 8.33100927134254
44 8.827645113318752
45 7.5578372653486845
46 7.703025428985063
47 7.790261505402312
48 9.006341336717428
49 8.27080709599434
50 7.51741373266796
51 9.292179631619597
52 6.819551123849966
53 8.063550402326136
54 8.873386217251895
55 7.125158099367072
56 8.733386157632378
57 7.928250407576337
58 7.01988558190116
59 8.53483899179138
60 6.5890594892873615
61 8.845279512036889
62 6.973151522185589
63 7.027408507060683
64 8.078419821939347
65 8.2384340433916
66 8.01640067848457
67 8.99511122646167
68 8.249875744713032
69 8.805040009552583
70 8.16666922793243
71 8.100184408249385
72 8.786715260416045
73 8.990483961761655
74 7.713057574610764
75 5.942489465930712
76 8.684863156145926
77 7.482833428324957
78 8.201175679757249
79 8.612026531134056
80 8.057657438639662
81 9.370098315132388
82 9.848859044859879
83 8.174597690544806
84 7.242853916653957
85 8.065224100879497
86 9.563989461354096
87 9.023606263192056
88 9.106437905144938
89 6.888959429888524
90 7.766900553644301
91 8.222845026397716
92 8.533862224723451
93 8.696478653236817
94 9.104304124110232
95 8.052237555054814
96 8.666903451009444
97 8.959726884173827
98 8.86351047411133
99 9.128755073765229
100 9.263637418559586
101 8.732269565863609
102 8.5331322988423
103 7.815032225385633
104 8.916779246274666
105 8.286815604702422
106 6.657111857567688
107 9.951825530623434
108 9.112920740377966
109 8.20388367368622
110 6.5890703612475985
111 10.044678688654836
112 8.793782250758419
113 10.424353993979201
114 10.654456158884132
115 9.347702221993005
116 7.11828703217072
117 8.12169356513368
118 8.783026194418845
119 7.941286591166181
120 8.740011141753477
121 7.480115422200892
122 9.243176664434918
123 8.297847411333933
124 8.899596373899344
125 6.555356027183587
126 7.6502481558149436
127 8.874656597268133
128 6.575901783721711
129 8.55851782505809
130 8.960139031499049
131 8.05182788059343
132 8.372681446913408
133 8.223912103260782
134 8.123578451077373
135 7.012303300313567
136 9.247613129105043
137 5.574760377013487
138 9.098301323741298
139 7.6231927223078255
140 8.525347727027256
141 8.995932133397663
142 8.206677662634588
143 8.576283416848039
144 5.608279754338509
145 8.032461053182288
146 7.861326960217792
147 8.529791360140505
148 9.519587214269366
149 9.532876299196728
150 7.580668115441267
151 6.451553580144668
152 8.667505466178698
153 8.89006651090663
154 8.35559022764121
155 9.255711065988091
156 7.722492973640045
157 7.213895944893507
158 9.808630332742423
159 10.943048114441568
160 7.655452431650463
161 6.9403990718991855
162 9.765032253411794
163 10.968707201887733
164 7.452743495238686
165 7.206189540955381
166 6.136122307338182
167 9.461537751929209
168 8.54511804420651
169 9.966411345966328
170 7.975732694146742
171 9.26581039468636
172 7.550454085706745
173 7.960869733377087
174 8.111184512893338
175 9.412200137266197
176 8.241588461873341
177 7.614839056267158
178 6.866997054011544
179 7.118122180298976
180 7.04022837537428
181 8.555589461455314
182 9.352246872137105
183 8.304692621203706
184 8.358285846663184
185 7.44309738641752
186 8.799637006068261
187 9.668031476912633
188 7.894172807673268
189 7.399551489441593
190 7.0668014484574195
191 7.342401111703502
192 8.0511347099779
193 8.21130902052874
194 8.0910884364124
195 9.585608429642482
196 9.19412497194943
197 8.823962912741111
198 8.106338185800547
199 7.874262479419363
200 7.670314744806788
201 7.729404039492735
202 7.787807762925913
203 8.158448912569465
204 8.137985787444153
205 8.304170431649107
206 6.43534512553293
207 7.297390628110896
208 7.494682202831807
209 7.829098877567536
210 5.648444174176949
211 8.71475981761401
212 6.936231515684691
213 6.846916666047753
214 8.734540776341662
215 9.74577593954216
216 8.517908941532701
217 4.119155002081906
218 3.544302635898585
219 5.163795771350627
220 4.095460888752729
221 3.619398162185376
222 3.9761527336460882
223 3.4725989618644912
224 3.4602311411996856
225 4.021765345109563
226 5.100780553585431
227 3.35651917918846
228 5.218545105688967
229 4.126592545231497
230 3.6404885392394988
231 4.6957017648502335
232 3.5621676636645523
233 5.228120397603384
234 7.047135747279251
235 8.100091035346717
236 4.940317048554976
237 5.957940531147396
238 7.709986160764708
239 7.91883316440261
240 7.125383869216681
241 6.814144882893486
242 7.3934814811287435
243 6.621144367012627
244 7.314229812913804
245 7.44489184047044
246 8.628780730995642
247 7.355589327676803
248 9.869450875714344
249 8.488388996773777
250 6.1458970212204465
251 6.70084649115335
252 7.068514006855039
253 8.471219405529416
254 8.3027427456039
255 9.814806245719673
256 7.826908666486031
257 5.853171760599104
258 9.138713758400172
259 10.530301905626272
260 8.91395190374932
261 10.16827761430263
262 8.094721979197061
263 8.760532190369034
264 7.675117970871873
265 8.906386409302309
266 7.538775717316721
267 8.069113569225257
268 7.7489968497462645
269 9.80625040795433
270 7.3974161398765785
271 8.198075645870034
272 6.74683313245265
273 8.440188407763845
274 7.30730198323972
275 6.9527348765393375
276 6.994935818492388
277 7.836430381644434
278 6.427372376621908
279 8.214818231407394
280 7.71678792979211
281 9.574310332315267
282 12.637655696614463
283 9.667524996972583
284 11.244230719873173
285 11.795720875089508
286 11.64899802000478
287 10.303681137286862
288 11.491034066688888
289 11.626371769463002
290 9.19105116807408
291 11.189776829786226
292 11.786400146540275
293 11.56879825451343
294 11.69353101006386
295 11.52317697757942
296 10.832642893001319
297 11.906365873145015
298 11.255635368572765
299 10.5343844604192
300 11.95030800081416
301 11.898282570224163
302 11.705236274212124
303 10.255808414775752
304 9.816942695818312
305 10.285660709285446
306 10.520734445706305
307 10.96169957308867
308 10.795065004001929
309 11.479363884884751
310 11.235047730495388
311 12.65669339114205
312 12.814203742966066
313 10.57307955125027
314 11.37775683119771
315 10.802102853840825
316 11.145459934359783
317 11.668109393306446
318 10.283430897261102
319 11.64326017127265
320 11.445482293892626
321 10.874423272947833
322 11.700752673633614
323 11.211873005107167
324 10.977905045884565
325 10.374625909514686
326 11.689123657534111
327 10.8334890948677
328 10.398780160466858
329 10.783457368028635
330 10.5122929513833
331 10.812896785647208
332 11.268981027254842
333 10.303435895760046
334 11.030731299485115
335 11.080886476497353
336 11.669900653770062
337 12.03217235291857
338 10.836408361030584
339 9.412177821005617
340 10.811697273153944
341 10.974970602764119
342 11.306656044494355
343 11.66597642417334
344 10.694079492665166
345 10.764651214042349
346 9.232813010312462
347 10.061455170731792
348 9.304769011955221
349 8.3465766449952
350 8.477007328015338
351 8.556247217097521
352 8.60584359998298
353 8.166298767765863
354 9.667145564683565
355 8.23261188345731
356 8.34836071397628
357 8.645432350880128
358 8.826664264779534
359 7.445736815033508
360 8.796949702232748
361 10.175165426208352
362 8.559819167404676
363 8.355637295317782
364 8.985642580358633
365 9.505207180513517
366 8.439588814473588
367 7.851348142544948
368 9.030446022714418
369 9.170172739349713
370 7.388809218777929
371 9.191424365160108
372 8.338561758469138
373 9.429137942081638
374 8.86296945564405
375 8.826376186818905
376 8.567413453191884
377 8.074406764904653
378 9.930422915811826
379 9.554484576724214
380 8.992350566802667
381 8.674398844488012
382 7.688735775997449
383 9.133742364178342
384 9.142394566757343
385 9.121215169741113
386 8.884902713156226
387 7.874818243133286
388 9.819588108014825
389 9.439569012809852
390 9.109030713187009
391 8.445138861400308
392 7.071289117351954
393 6.603943661154512
394 6.857231016872972
395 10.977257762024557
396 11.076769284164447
397 8.930347996415758
398 8.16500824458598
399 9.284149860738786
400 9.437950923913302
401 9.236425279320313
402 9.644754017196481
403 7.478220745851655
404 10.828102037727724
405 8.621861685906634
406 6.750217793324356
407 8.78364621965012
408 9.465436347023195
409 8.696655291640246
410 9.024265035590876
411 8.484907105105458
412 8.989684083038943
413 9.538887845272784
414 9.60362010716224
415 9.687678154551866
416 9.791442597594466
417 10.107357952488366
418 8.709727938629207
419 8.970449542580962
420 9.425869193622432
421 8.871457216863073
422 8.285022759871955
423 9.542787266834672
424 7.986709536979577
425 8.769745563400166
426 8.820640787719759
427 7.409296790703421
428 9.518310003983032
429 7.62995002910203
430 8.44545084163686
431 8.720283778782383
432 10.133556610510416
433 9.619126992084372
434 9.356044221772347
435 8.904196615674058
436 9.40640352562515
437 8.914514724075753
438 8.837258551400174
439 8.604725831929217
440 9.011495856973466
441 10.275144818889778
442 9.705277977134022
443 11.259794954229832
444 9.532469956052612
445 8.972560066316431
446 9.128167857672652
447 8.250773162744915
448 8.297049419840764
449 9.11900471053898
450 8.846993426273093
451 8.631301900405
452 7.9502986329888845
453 9.926101418737424
454 9.279607985029658
455 9.193899134384317
456 8.952438981824228
457 9.847817761390855
458 9.42069064502082
459 10.019387619566512
460 10.072356660246616
461 9.32223471578276
462 8.332130471394185
463 8.802435308769798
464 9.198470210833479
465 8.564676054398728
466 9.29414302076684
467 9.119374113323458
468 7.419431482729308
469 11.134166036119975
470 11.61030838125474
471 10.384962455056638
472 11.279282346488138
473 12.184232254968478
474 11.46413862817554
475 11.319279150504878
476 10.90127646409366
477 12.227986465656349
478 10.438812939892522
479 10.886726625756745
480 11.160308573598124
481 11.055553800402503
482 10.390922610390556
483 9.813318306622207
484 11.364253214342234
485 11.17708574719309
486 11.685333741965701
487 11.70128632401951
488 11.682167972898732
489 11.258884733440219
490 11.29614795684421
491 11.204332300160674
492 11.131072162327767
493 12.065600211145709
494 11.415349312821014
495 10.882714127975984
496 12.44200971145722
497 11.233010266434814
498 10.58914657301235
499 8.807818163597563
