0 4.472196809609639
1 4.646419911838251
2 4.55274236137134
3 4.646303058443837
4 4.322226973842783
5 4.283313344196092
6 4.454222167700067
7 4.368823112023294
8 4.487191956910559
9 4.378316403658581
10 4.633540293301462
11 4.892529289036435
12 5.38080343550671
13 5.6118273618613665
14 5.734134227002181
15 4.500794905997533
16 5.0471831232655004
17 4.306051656922033
18 4.45020712794104
19 6.942922955777165
20 5.035029852482648
21 6.270766402287189
22 4.908951497524252
23 4.95674471704369
24 6.30257909897029
25 5.479863138430064
26 5.685677634620624
27 4.882442799020564
28 8.381221185328867
29 6.864791489349948
30 7.288293581691137
31 6.469193947079851
32 5.3806911315002734
33 4.479594550264949
34 4.780879252071668
35 5.627103114971984
36 7.806758718120662
37 4.588191289700212
38 4.774193819502732
39 4.127157679617657
40 4.1965979100443525
41 4.091038259476409
42 4.190398445104051
43 4.203942263211448
44 4.6610468380480246
45 4.361618304396663
46 6.3430264054564
47 4.296037275904505
48 5.021897311814929
49 4.249379843279769
50 4.069101215136461
51 4.343345698002879
52 4.458923053366138
53 4.872582764984722
54 4.366495746441357
55 4.862999238625456
56 4.47301086872429
57 4.381823219073126
58 4.585881618128261
59 4.439147597507815
60 4.322413161722168
61 4.296396132110924
62 4.411546795947843
63 4.8762173110292455
64 4.330090385642277
65 4.452566741126493
66 4.653175662602016
67 4.154335180708495
68 4.5703411073842
69 4.196267789928779
70 4.229870346166597
71 4.186436279414155
72 4.672049664564465
73 4.965625233136234
74 4.426317147191746
75 4.527786961836152
76 4.6464587535226665
77 4.524388868416197
78 4.440432168570501
79 4.70844774275228
80 4.4237221012258265
81 4.420952001247666
82 4.32777685663797
83 4.743632097153199
84 4.564735227189449
85 4.222886833697876
86 4.785555425602804
87 4.470819697615918
88 4.233104967448053
89 4.6043008617124235
90 4.826530842709724
91 4.419800334811083
92 4.486694276449615
93 4.578071027321596
94 4.479221627479307
95 4.660044023527441
96 4.768037811989567
97 4.185525741035803
98 4.72887982750257
99 4.497301516672323
100 3.8975308568193765
101 4.124629412501507
102 4.312671770411589
103 4.059263548544627
104 4.542648404498595
105 4.262586501630541
106 4.407181203769166
107 4.303641099775818
108 4.22189178444572
109 3.9015998577609827
110 4.435986734786264
111 4.463961082259682
112 5.023404554816483
113 4.674252050893675
114 4.682190601244454
115 4.0139854455372275
116 3.9917507168035486
117 4.508940666051572
118 4.084048214369744
119 8.83225466495094
120 6.178112264382012
121 4.00088138461077
122 5.299949888258949
123 5.8160106322432
124 3.8503660925846868
125 4.5470754001501
126 7.543873717461545
127 7.3930200399197155
128 3.6346533382597985
129 5.455327425452214
130 5.735856850899426
131 6.354758523360399
132 3.8512461640978826
133 6.893602489915287
134 5.463640987197744
135 4.267243105357333
136 8.23830495600085
137 6.535592175965745
138 6.017053934794859
139 6.363221289242323
140 3.613922250307987
141 3.871280400146246
142 4.220268705495593
143 5.056780618425479
144 4.161625558836935
145 5.531857129830353
146 6.931037995027599
147 4.425984077244295
148 4.1359172805268125
149 4.249851259712241
150 4.023758154457043
151 4.036079136011634
152 4.242372997579199
153 4.09613223945927
154 4.793599250553923
155 4.246983418222086
156 3.920905030484464
157 4.595409123242187
158 4.688996385862685
159 4.135303327664239
160 4.4331348468819884
161 4.015545416945454
162 4.039057713663846
163 3.9264330371179184
164 4.538424392818697
165 4.243488042677277
166 4.627111138677961
167 4.424271043001657
168 4.17102005397358
169 4.032981900415912
170 3.629244523354501
171 5.1850128195508605
172 4.4422407478478645
173 4.027757857801752
174 4.016003279732121
175 4.351884394416879
176 4.739313733634996
177 3.8875609911462594
178 4.390776650962861
179 4.745264085298509
180 3.7782140211877273
181 4.177421470839727
182 3.9689773831160684
183 4.005058115750482
184 3.9727811892188196
185 5.217419601628722
186 4.179869547045118
187 4.233856675170015
188 4.244757001288004
189 4.146815698122392
190 4.456941386931383
191 4.027504872389804
192 4.007346203227802
193 4.126515515154029
194 4.401536811951981
195 5.039838808086081
196 3.9557934413313003
197 4.1004885972700835
198 4.370134298896122
199 6.133116516628138
200 4.577489626914954
201 4.304436721136258
202 4.157997192440893
203 4.571088103724012
204 4.657300271310454
205 4.539592571018814
206 4.816901819273278
207 4.458424562159958
208 4.456648415322353
209 4.521805635707055
210 4.785685677205118
211 4.6541763634940105
212 4.4992214349230375
213 4.71759941172553
214 3.825561620945745
215 4.381422341957118
216 4.134283701775104
217 4.375752859521017
218 4.4860646776202335
219 4.084723904477782
220 4.1129582142748875
221 4.172582970034491
222 4.023459344789833
223 4.519889626088737
224 4.303044714081972
225 4.323424318878881
226 4.443401771969645
227 4.641203542350998
228 4.348998745006992
229 4.2462842248586
230 4.204855434710971
231 6.028312804281053
232 4.401416513632918
233 4.1580912932088125
234 4.212388525918734
235 4.3134741971584525
236 4.229557439434402
237 4.388293096532242
238 4.100235479678381
239 4.206891149972815
240 4.389284130802599
241 4.296297664609633
242 4.308140911231443
243 4.370316432349741
244 4.760616967874432
245 4.665456332370778
246 4.58172750102352
247 4.041031331673832
248 4.484818623352373
249 6.304720228239469
250 5.132366717768867
251 4.634516730526139
252 4.274849432418532
253 5.774605621761069
254 5.520160844647515
255 4.086225201728246
256 4.243413282887602
257 8.036623861134803
258 6.455041688768307
259 4.2935356629136665
260 4.234834012966008
261 5.963738927843099
262 4.5057772222778905
263 4.926822877404416
264 4.520901331608884
265 4.8645195489840996
266 4.49885911893874
267 4.586764872201755
268 4.460384909066913
269 4.283336415921019
270 4.036549589825312
271 4.494272871204678
272 4.5347784751482
273 4.901947337185967
274 4.3896585720879315
275 4.548731197392123
276 4.626214563192962
277 4.763871825448821
278 4.391143135183384
279 4.369115821480502
280 6.37526155995421
281 3.8808354690035904
282 6.14480179191628
283 4.347301946125475
284 4.1116965815506825
285 4.582338851461083
286 4.348171467804057
287 3.9370553489770046
288 4.139288411717928
289 4.439291446084441
290 6.908435794336445
291 4.119696973466112
292 4.306779086344065
293 4.4400251503614125
294 4.306510381287867
295 4.084923092680319
296 4.303249954857387
297 4.1951601062078705
298 4.355148143507417
299 5.207341634190772
300 4.32018303528466
301 3.2982551169975363
302 4.323166838426727
303 4.128322178866387
304 4.303956101511508
305 3.9485379961209985
306 4.295157451576176
307 4.464570750022679
308 9.28542222898782
309 7.489248217613039
310 7.4132609564063685
311 9.52054974749499
312 5.636205880513998
313 8.217967315392634
314 6.0036974592209145
315 6.393789650219609
316 5.429969880274844
317 6.215078687528276
318 4.055669245899516
319 6.8008468070613235
320 6.500246402154672
321 6.722829226364228
322 3.43878864289812
323 7.254002115959987
324 4.951812571427071
325 4.095738792667744
326 4.308210405183268
327 4.412806456428961
328 3.985683605132426
329 4.357764014440305
330 4.20503748082576
331 4.230028894602903
332 3.886698582880856
333 6.074410267856334
334 3.589209201773057
335 4.073787342693522
336 4.076381863423404
337 4.325937846850076
338 4.0785027134741885
339 3.864234557273798
340 3.993297819687799
341 4.789050734394513
342 4.335512794035233
343 4.145642772331557
344 3.677733447481734
345 4.340068626576983
346 3.8822724312733126
347 4.1642694384348715
348 4.5595605874537455
349 4.377385378477767
350 3.981925578888806
351 4.180817317623927
352 4.094825555580996
353 4.131311786308238
354 3.9025085523000995
355 4.194966218397476
356 4.295509993718386
357 3.4160531989445873
358 4.443394343633523
359 4.027349443990184
360 4.5117548468639
361 3.8613313775633453
362 4.44803887469153
363 4.642270916735888
364 4.743373803165374
365 4.64177102189198
366 4.556479915409895
367 4.273567315720422
368 4.794387092396935
369 4.809060952360688
370 4.499242870251687
371 4.592247964640531
372 4.35825507008687
373 4.225606161574811
374 4.307703009513055
375 4.332897473873667
376 4.605185130317521
377 4.1727172631336265
378 4.72160798858544
379 4.4102866843050235
380 4.187179710539456
381 4.393167168598088
382 4.605707798323924
383 4.610523365137603
384 4.542347745491926
385 5.035797294847051
386 4.449950100235549
387 4.3020599056616975
388 4.293852015834721
389 4.849551403436755
390 4.558155046469798
391 4.718964859299877
392 4.357077838383426
393 4.5299118995777325
394 4.2490236493577935
395 6.5944553439584475
396 3.8262484112859148
397 4.128358512827936
398 4.221721672696839
399 4.3690516258608385
400 3.9226765434336883
401 4.215445640929013
402 4.265865089501103
403 3.793332130242333
404 4.172705876381333
405 3.925938654943753
406 4.413782954733388
407 4.130351189486986
408 4.505117459895531
409 4.202127923662308
410 4.282826900988626
411 4.222614720020021
412 3.9632338444498507
413 4.286132460691345
414 4.2298769175743685
415 4.151069949131236
416 4.114119387857568
417 3.9938983428888553
418 4.15751029402409
419 4.2722823038376445
420 4.591239170396529
421 4.1655133365510855
422 4.007926447203991
423 4.133789372043187
424 4.218265508471155
425 4.8993553955746965
426 4.383956582412278
427 4.144935654296203
428 4.5482176532731655
429 3.5704015931288455
430 4.244903936616939
431 4.289978892783397
432 4.277887385496192
433 4.31035404558641
434 4.273953861109859
435 4.655553007343939
436 4.000843976850462
437 4.0741974069041245
438 4.18280782492568
439 4.861544988427017
440 4.658643231666591
441 4.185164617228763
442 4.378259967319952
443 4.135422377927839
444 4.311787269227555
445 4.015161893884817
446 3.934664745637684
447 4.408666910529608
448 4.051896937812594
449 4.414917715001088
450 3.9077208343138436
451 5.457892101431888
452 4.120217267330639
453 4.109169856289305
454 4.330398471325942
455 4.55751978837962
456 4.212273861469047
457 3.9884758446540625
458 4.050010573137892
459 4.1501138956889045
460 4.15447587616761
461 4.313823859382787
462 3.8951705732777895
463 4.15727956558198
464 5.651344936631341
465 4.171715884734865
466 3.8078533031614836
467 5.461917492708664
468 4.702664394763428
469 4.1852994380765605
470 4.399174643591397
471 5.301876131648921
472 5.586464901219685
473 4.476186814131104
474 5.121602374954211
475 5.504635275199628
476 5.494136800094928
477 5.614195233391237
478 4.047850289933444
479 5.472410171686556
480 4.5804843750853355
481 4.556494285566667
482 4.424006655408808
483 5.052640319855625
484 5.376816603603349
485 4.547292333120812
486 4.63450701497244
487 4.509230387960316
488 4.383455353548219
489 4.6637386555551466
490 4.30213133640689
491 4.230455659875484
492 4.201707172532496
493 4.410336067933043
494 4.369963978583836
495 4.462169319814402
496 4.76131893474373
497 5.353122773770024
498 4.555750335413607
499 7.406235314290832
