#Frame    total[bond] total[angle]   total[dih] total[vdw14] total[elec14]   total[vdw]  total[elec] total[total]
       1     310.3207     726.3525    1072.7285     302.4649     3150.1990    -623.0114   -6100.8551   -1161.8009
       2     288.2441     745.8235    1061.8046     306.8437     3133.6730    -632.2607   -6036.4481   -1132.3200
       3     303.2820     743.8253    1092.4873     322.5867     3122.3138    -644.7479   -5985.2171   -1045.4700
       4     278.3680     716.4050    1099.8890     307.4571     3156.9860    -628.0981   -6096.7365   -1165.7296
       5     307.3110     713.0430    1091.1706     304.1281     3142.2893    -625.9919   -6014.0897   -1082.1396
       6     272.3797     726.7641    1082.0251     320.6451     3152.4018    -625.3774   -6063.2121   -1134.3737
       7     284.5447     737.8303    1066.8212     297.8718     3128.6168    -628.0429   -6076.7472   -1189.1054
       8     275.8123     681.1250    1068.8243     305.2675     3149.2124    -639.2203   -6071.6620   -1230.6409
       9     282.4988     695.5122    1089.6802     305.0377     3144.1959    -623.2512   -6042.1723   -1148.4987
      10     291.7195     737.8933    1079.2373     299.8234     3144.4358    -641.7460   -6054.3713   -1143.0080
      11     299.7500     716.8508    1072.2954     299.6944     3121.8242    -623.8564   -5974.8157   -1088.2573
      12     268.2970     737.3532    1066.9046     302.5177     3103.5825    -631.3894   -5970.5373   -1123.2718
      13     313.8480     688.3190    1076.9223     296.4859     3131.1574    -628.3195   -6003.5307   -1125.1175
      14     261.8262     707.2341    1087.0452     306.6627     3147.9531    -645.1770   -6026.4011   -1160.8568
      15     285.0607     707.6948    1082.9436     307.5796     3133.5265    -612.1098   -6075.3847   -1170.6892
      16     330.4587     732.8788    1095.6911     296.9094     3111.8513    -626.0386   -6058.9892   -1117.2385
      17     295.9261     713.6707    1094.8429     300.6725     3118.4933    -633.7059   -6062.8582   -1172.9586
      18     292.2014     755.6145    1068.4505     318.3530     3103.5982    -608.4782   -6161.5939   -1231.8545
      19     268.8627     717.4497    1055.1364     309.0667     3141.2770    -644.5072   -5952.9278   -1105.6424
      20     275.0433     729.9887    1065.8083     302.2257     3128.7405    -632.2810   -5975.1249   -1105.5994
      21     280.1301     730.2982    1079.7931     307.6359     3129.1187    -633.2407   -5972.9095   -1079.1742
      22     302.3502     711.6022    1093.3000     307.9091     3119.4616    -623.5842   -5988.9142   -1077.8753
      23     292.8533     690.0700    1078.7726     307.7076     3117.9361    -630.7536   -6053.8067   -1197.2207
      24     306.4589     717.9906    1081.5241     298.0856     3142.4252    -622.0854   -6059.0796   -1134.6805
      25     267.8084     752.2237    1096.7100     313.2391     3096.9833    -623.8652   -5995.1394   -1092.0399
      26     280.2731     691.9862    1110.2858     305.9445     3121.3852    -623.1873   -6026.3696   -1139.6819
      27     288.2734     753.4295    1082.2614     306.5504     3131.6073    -646.2359   -6020.1652   -1104.2791
      28     289.9552     721.7408    1100.4557     311.2143     3157.6916    -624.7343   -6016.6611   -1060.3379
      29     281.7696     719.4882    1089.2063     298.7788     3095.6620    -632.3107   -5975.3981   -1122.8040
      30     309.8253     690.4876    1074.9693     296.7707     3098.0568    -654.4168   -5950.8009   -1135.1078
      31     270.3702     704.4170    1088.8734     296.3004     3120.7676    -644.8280   -6012.9447   -1177.0441
      32     292.6656     735.5517    1078.0304     298.1007     3102.4594    -635.6896   -6008.1908   -1137.0726
      33     300.3238     715.4512    1062.4941     306.5116     3096.3541    -600.8369   -6018.6170   -1138.3190
      34     295.2349     734.4164    1083.5928     296.7601     3126.3300    -632.8362   -6030.6424   -1127.1444
      35     290.2580     718.9240    1074.2326     292.7783     3103.0920    -633.7732   -6009.9876   -1164.4760
      36     274.1760     715.5868    1067.5686     306.3188     3129.7322    -642.5562   -5975.6297   -1124.8035
      37     272.6870     748.1546    1104.3963     318.4912     3165.7986    -640.3091   -6025.6173   -1056.3987
      38     298.6257     718.9062    1085.2589     307.9592     3123.9635    -623.9852   -6117.9950   -1207.2669
      39     297.4669     748.9511    1077.5089     307.1078     3093.8860    -644.5949   -6075.8264   -1195.5005
      40     283.5050     743.9816    1101.7161     284.4051     3097.0247    -618.9265   -6041.7557   -1150.0498
      41     293.0081     785.0010    1086.6473     310.6159     3131.0479    -640.8669   -6071.3270   -1105.8736
      42     271.7307     722.3827    1093.3248     316.9557     3138.6865    -617.0836   -6133.6226   -1207.6259
      43     292.5917     731.1087    1087.0934     303.8897     3110.5788    -644.5203   -6088.9590   -1208.2170
      44     294.0883     702.7538    1090.9746     307.4235     3083.7558    -633.1655   -6053.1795   -1207.3491
      45     312.2316     763.5017    1066.8019     305.2611     3078.1600    -643.0246   -5998.1835   -1115.2519
      46     296.8630     719.7409    1079.9815     296.2857     3060.9003    -650.6309   -5989.4015   -1186.2610
      47     301.1490     723.4351    1097.7224     295.9783     3071.7628    -631.6936   -6000.9914   -1142.6375
      48     260.7030     761.6598    1071.7746     314.5041     3137.3369    -617.9673   -6015.6342   -1087.6231
      49     287.9475     753.8495    1083.8990     311.9433     3134.8784    -650.2403   -6004.6121   -1082.3348
      50     281.3574     693.9341    1067.8706     309.8220     3087.2971    -633.7220   -5886.0474   -1079.4882
      51     286.6624     738.1341    1079.9869     303.1773     3124.6484    -640.7897   -6016.9169   -1125.0976
      52     278.4196     737.3689    1080.0012     304.0804     3154.2770    -615.7437   -6070.4096   -1132.0062
      53     278.8736     685.5515    1085.3149     311.6976     3118.7026    -630.9980   -6017.4839   -1168.3417
      54     316.8859     717.6235    1079.7611     302.0235     3102.0004    -619.1908   -5989.4977   -1090.3940
      55     277.3709     696.2611    1058.9706     303.6894     3113.2016    -630.8114   -6017.1703   -1198.4881
      56     291.5812     690.7247    1075.0134     299.0167     3112.0305    -633.3340   -6008.9717   -1173.9392
      57     285.7295     710.6870    1089.8488     315.9950     3110.1444    -606.2951   -6077.1967   -1171.0872
      58     280.5534     759.3190    1077.6417     296.0103     3088.5079    -646.9812   -6048.5581   -1193.5069
      59     291.2296     716.3584    1097.0292     309.9278     3096.1224    -647.9464   -5987.1270   -1124.4060
      60     283.0764     745.4175    1094.5906     303.5630     3126.1423    -634.2348   -6029.1853   -1110.6302
      61     270.4281     724.4222    1081.6135     314.1748     3093.3641    -634.7781   -5977.0820   -1127.8575
      62     268.9868     719.8516    1112.7393     303.3336     3091.8121    -642.0588   -6013.6217   -1158.9571
      63     286.3390     741.2401    1072.6793     302.8077     3129.3299    -634.1622   -5933.4281   -1035.1943
      64     283.9611     722.4102    1083.3444     315.1868     3120.7706    -645.2490   -5990.0260   -1109.6018
      65     295.4444     771.6298    1078.3265     310.0328     3106.8512    -650.1009   -6006.1899   -1094.0061
      66     278.6537     677.0874    1062.1012     306.0549     3069.0129    -633.2830   -5981.3850   -1221.7578
      67     321.8715     714.0829    1079.7770     321.8700     3081.9941    -637.6918   -6045.6064   -1163.7027
      68     286.1652     714.5080    1094.3398     308.8940     3065.1463    -632.7187   -6047.8458   -1211.5110
      69     296.8410     684.7242    1107.9601     307.5714     3089.8022    -647.2761   -6008.2674   -1168.6445
      70     284.6239     748.9891    1101.0687     310.9642     3092.2448    -627.7886   -6037.4717   -1127.3696
      71     292.7883     743.8009    1070.3974     298.8451     3119.8239    -632.2040   -6099.4120   -1205.9604
      72     286.6545     716.8169    1067.6797     315.0550     3104.3633    -618.1672   -6069.6960   -1197.2937
      73     307.9872     741.4264    1097.2225     314.5981     3122.4556    -631.1500   -6111.8909   -1159.3512
      74     291.2305     775.4154    1083.8396     293.2326     3074.6615    -621.4523   -6035.7477   -1138.8204
      75     282.9948     718.2958    1078.1687     316.6118     3105.9583    -636.2878   -6041.8474   -1176.1058
      76     283.4290     728.8709    1071.8723     300.3371     3092.7048    -621.8944   -6010.5203   -1155.2006
      77     282.7349     703.9783    1064.4207     316.9126     3132.7759    -624.7314   -6100.5772   -1224.4864
      78     268.9967     706.8404    1079.5218     303.3420     3112.2595    -631.3172   -6062.7465   -1223.1032
      79     273.6056     703.2394    1084.3423     319.2842     3125.5042    -645.5767   -6096.8556   -1236.4565
      80     274.6559     731.9460    1071.0904     302.9404     3106.9787    -646.5333   -6041.4361   -1200.3580
      81     295.5130     716.1614    1070.9896     306.9454     3126.0363    -628.3031   -6073.7979   -1186.4553
      82     281.4903     763.7764    1071.6715     304.9605     3062.3152    -630.2838   -5981.8711   -1127.9410
      83     290.5322     750.9249    1069.2463     308.4432     3103.7519    -615.4598   -6059.7104   -1152.2717
      84     287.9474     734.4680    1076.0631     305.5073     3110.3331    -640.4375   -6081.0584   -1207.1769
      85     283.8142     718.9798    1078.8990     298.3286     3094.6487    -648.3536   -5964.1886   -1137.8719
      86     254.5324     696.0399    1082.3476     313.7171     3123.0027    -621.6073   -6051.7271   -1203.6948
      87     251.2009     718.0609    1080.4074     325.1349     3193.1851    -644.0848   -6153.3930   -1229.4887
      88     296.3287     747.8305    1083.0629     282.5503     3109.1809    -631.1368   -6049.6166   -1161.8001
      89     294.6127     717.8531    1095.9548     310.1500     3122.0436    -628.4756   -6080.0448   -1167.9061
      90     278.3728     752.9009    1112.9590     301.5535     3115.7110    -625.3632   -6030.4011   -1094.2671
      91     286.8762     694.9488    1096.0801     302.1257     3129.7473    -637.3487   -6100.6878   -1228.2585
      92     303.8323     731.0718    1089.9169     301.0095     3156.2324    -622.1915   -6065.1465   -1105.2750
      93     288.7998     741.9106    1094.2331     294.4409     3145.7463    -635.4524   -6080.1286   -1150.4503
      94     286.0256     708.1913    1099.3912     302.5530     3125.2107    -637.2991   -6093.6878   -1209.6152
      95     277.5366     696.9666    1077.9029     313.7631     3139.9711    -613.2272   -6141.4544   -1248.5415
      96     285.6093     760.4785    1082.4789     293.8595     3126.2455    -630.9918   -6056.6100   -1138.9301
      97     269.1825     722.7180    1074.6572     304.7965     3126.5063    -634.0459   -6096.9509   -1233.1363
      98     318.0740     716.6377    1066.7320     299.4725     3112.0504    -630.5803   -6070.0571   -1187.6708
      99     267.0702     732.8212    1071.2472     307.3452     3114.4963    -642.8688   -6013.7892   -1163.6779
     100     317.5445     718.8312    1081.7409     302.5843     3114.1632    -642.1705   -6063.9800   -1171.2864
     101     294.1969     718.7382    1092.2809     315.5039     3118.3079    -626.8244   -6002.4689   -1090.2655
     102     305.8211     716.5533    1063.7491     305.4995     3127.3171    -637.4058   -6053.8829   -1172.3487
     103     275.1032     710.6168    1091.6196     315.1460     3153.9223    -631.8952   -6097.2865   -1182.7738
     104     282.4860     714.5089    1094.3104     321.3306     3126.3442    -621.9411   -6050.2773   -1133.2382
     105     278.9459     710.4441    1077.1973     300.7660     3129.4838    -628.6206   -6116.5449   -1248.3284
     106     267.5014     700.1819    1076.3977     318.0538     3149.2261    -615.3622   -6022.3759   -1126.3771
     107     289.9063     750.5204    1096.7799     309.7112     3062.3342    -610.6754   -5915.4210   -1016.8445
     108     287.0082     733.4792    1097.9326     306.1159     3115.4198    -618.6294   -6031.0513   -1109.7252
     109     297.4547     702.2385    1083.1129     307.0432     3125.2158    -629.0953   -6089.6160   -1203.6463
     110     263.1331     728.4915    1063.7864     294.1311     3110.9856    -643.3514   -5951.0510   -1133.8747
     111     265.6650     699.9094    1092.4098     309.6048     3120.2629    -633.9820   -5958.7912   -1104.9213
     112     281.0003     729.6848    1094.9982     313.6564     3091.1069    -650.2382   -6056.9560   -1196.7476
     113     293.1931     736.5506    1088.5275     298.9625     3121.8968    -631.0145   -5928.2736   -1020.1577
     114     284.1817     726.7598    1082.5119     314.8192     3169.4199    -634.3404   -6110.3205   -1166.9683
     115     275.7269     722.6915    1085.4406     306.4164     3151.6505    -632.4497   -5912.3009   -1002.8248
     116     279.4839     687.3461    1094.7972     307.2700     3118.3809    -629.0535   -6075.8733   -1217.6487
     117     287.3902     757.8763    1070.5073     316.2906     3064.7758    -616.1586   -5936.5914   -1055.9099
     118     268.1962     734.2054    1086.9540     315.5817     3117.0943    -646.7480   -6014.0320   -1138.7483
     119     256.8515     724.0757    1088.4226     295.3466     3115.9550    -619.7452   -6079.3744   -1218.4681
     120     278.5506     739.7265    1084.0309     302.2867     3099.6491    -621.5396   -5907.0934   -1024.3892
     121     282.3253     732.4681    1091.2143     314.5219     3107.4370    -618.9265   -5876.7218    -967.6818
     122     273.5028     777.1748    1085.0364     303.4719     3074.2673    -639.6074   -5947.1897   -1073.3439
     123     277.4235     733.8063    1070.9128     297.2208     3097.1766    -624.9922   -6056.5650   -1205.0172
     124     268.2928     767.2417    1072.4249     300.8342     3120.8228    -633.9129   -6027.5284   -1131.8250
     125     295.4164     716.0284    1087.5133     297.7407     3095.0722    -617.9741   -5976.8282   -1103.0313
     126     304.8209     725.4968    1074.8162     299.7331     3101.5019    -620.6024   -6023.5950   -1137.8285
     127     302.1727     734.1199    1076.1673     305.1873     3114.0675    -627.3988   -5958.5814   -1054.2655
     128     273.7784     684.4414    1096.0730     307.2208     3139.0716    -623.4150   -5889.6757   -1012.5055
     129     306.4887     713.3455    1097.9382     296.0499     3090.0469    -638.8447   -5839.4655    -974.4410
     130     285.9971     666.9313    1072.9325     316.2711     3119.6447    -615.4664   -5908.4261   -1062.1159
     131     312.0308     720.7236    1057.4256     310.6876     3067.8316    -589.2690   -5992.8292   -1113.3988
     132     292.1057     699.2099    1090.8223     301.4914     3090.9125    -615.7688   -5937.1562   -1078.3831
     133     267.4443     737.9121    1094.5124     301.4706     3089.6313    -637.4822   -6056.0217   -1202.5331
     134     299.8138     727.8213    1078.7373     297.5137     3075.5020    -633.2718   -5847.7638   -1001.6476
     135     274.7477     704.8429    1079.7456     295.6404     3059.7004    -628.3054   -5870.6145   -1084.2429
     136     277.4598     716.2451    1080.3417     313.9348     3128.8487    -624.9242   -5894.4160   -1002.5101
     137     299.0825     740.2810    1061.2167     308.1115     3114.1600    -631.8571   -5946.6353   -1055.6408
     138     308.5151     714.9581    1087.9972     303.5705     3085.0711    -613.2088   -5881.1712    -994.2681
     139     289.2774     752.7736    1066.6345     304.8617     3114.3373    -634.7739   -5925.4916   -1032.3811
     140     281.7100     755.9547    1074.6661     296.7800     3138.0509    -633.6595   -5995.8557   -1082.3534
     141     299.4962     700.3214    1073.8501     308.3351     3127.4142    -623.2859   -6046.6005   -1160.4695
     142     296.2469     718.1879    1067.1549     303.1550     3069.6094    -617.9020   -5852.1490   -1015.6970
     143     278.3150     767.5763    1083.9328     289.8707     3050.1372    -624.0702   -5986.9392   -1141.1773
     144     253.3467     720.3293    1072.8686     308.6184     3073.1033    -607.1704   -5901.1249   -1080.0290
     145     297.2651     722.7831    1061.9420     291.3326     3114.5563    -622.7400   -5808.4659    -943.3267
     146     286.6526     749.0848    1076.1657     315.4163     3117.4259    -621.1008   -5955.9065   -1032.2619
     147     288.9201     715.1185    1068.0620     301.7035     3106.9489    -644.2809   -5912.1277   -1075.6555
     148     253.2354     725.8206    1093.6941     315.7588     3170.0721    -633.9799   -6118.0012   -1193.4001
     149     266.8957     727.0606    1084.2163     301.7819     3106.5383    -633.6843   -6001.5383   -1148.7298
     150     289.7621     742.9263    1077.7210     303.3228     3109.1037    -640.4237   -5967.7819   -1085.3697
     151     292.3548     692.6327    1075.2195     308.7303     3109.4717    -631.4673   -5980.8765   -1133.9347
     152     252.6729     718.6420    1069.3856     312.7300     3090.8071    -616.8257   -5962.0506   -1134.6388
     153     274.1101     734.2871    1072.5646     310.3064     3086.7035    -629.8083   -5933.3345   -1085.1712
     154     287.1050     735.4192    1078.6230     305.7562     3095.3065    -626.8891   -6056.1853   -1180.8646
     155     285.2309     680.8577    1048.7584     300.2868     3145.1495    -620.6406   -6063.9277   -1224.2851
     156     276.3364     730.9416    1079.5469     311.6504     3115.3053    -621.5605   -5975.4479   -1083.2278
     157     273.9588     708.4849    1090.9796     296.6666     3122.6639    -619.8892   -5998.0484   -1125.1838
     158     270.1456     753.3605    1089.8656     315.7688     3106.1638    -619.9479   -6081.6232   -1166.2668
     159     271.2645     740.2281    1085.2092     306.6912     3094.5179    -618.1416   -6096.6527   -1216.8833
     160     308.7108     717.9554    1076.6054     303.7493     3115.1792    -622.1736   -6076.6057   -1176.5792
     161     307.5964     726.0088    1060.6582     308.0161     3062.3291    -605.4042   -5955.9479   -1096.7435
     162     297.2194     742.7832    1095.4665     292.7637     3120.3856    -645.1846   -5984.3019   -1080.8681
     163     269.9479     710.7135    1058.3646     307.1721     3145.2361    -635.5316   -5972.4142   -1116.5116
     164     289.2889     686.3419    1086.9172     309.4286     3113.8099    -617.3770   -5889.6888   -1021.2794
     165     295.5597     730.0466    1065.2719     318.8955     3143.3394    -627.0955   -6135.7532   -1209.7356
     166     282.5599     743.3311    1067.7283     310.4613     3111.5475    -631.7495   -6037.3010   -1153.4223
     167     286.1079     756.7344    1082.3596     304.9346     3092.1581    -639.7954   -5957.4123   -1074.9130
     168     281.8843     719.3356    1085.3208     294.5678     3152.4532    -637.4004   -6045.7063   -1149.5449
     169     285.2699     741.6363    1082.5273     308.9897     3106.6585    -618.1749   -6033.5738   -1126.6671
     170     313.6123     708.2465    1076.4355     309.7846     3122.2077    -645.8782   -5995.6967   -1111.2882
     171     288.6554     703.0072    1046.0550     298.3789     3117.8075    -621.9132   -6013.4181   -1181.4273
     172     295.8332     716.9771    1100.0631     298.4694     3069.4135    -656.8155   -5946.9340   -1122.9932
     173     281.5335     731.7681    1076.4761     311.1419     3122.9582    -631.3956   -6152.7484   -1260.2661
     174     284.1074     713.2848    1075.2427     300.8350     3127.0701    -631.7485   -6044.2090   -1175.4174
     175     265.8779     695.2763    1082.8863     314.7290     3126.9653    -605.6898   -6008.0516   -1128.0066
     176     285.5194     750.5815    1080.9140     304.3050     3128.6115    -626.4519   -6090.0599   -1166.5804
     177     292.7870     719.4047    1054.4130     322.3894     3123.9179    -617.6532   -6071.0296   -1175.7706
     178     296.0987     731.5070    1124.2338     302.0740     3077.8379    -632.6830   -5999.9172   -1100.8488
     179     289.9014     733.2402    1065.2359     306.2838     3143.2125    -624.7011   -6048.5144   -1135.3417
     180     295.2345     756.4458    1073.6885     299.9989     3096.6489    -641.9408   -6011.6724   -1131.5966
     181     285.8446     693.0946    1101.9115     305.3858     3076.1522    -617.0792   -5950.0658   -1104.7563
     182     263.4912     746.4562    1090.9616     309.5155     3100.7648    -621.1327   -5985.0219   -1094.9652
     183     281.8137     711.8265    1082.5050     303.7221     3108.4298    -628.1912   -5947.4433   -1087.3374
     184     302.3686     698.2854    1063.8446     300.6935     3088.9521    -621.8638   -5938.2744   -1105.9942
     185     300.1479     722.1832    1092.8644     314.5506     3120.6017    -625.6159   -6012.9520   -1088.2200
     186     303.3924     753.4526    1074.6802     297.5556     3102.3234    -632.7853   -6042.3822   -1143.7632
     187     273.8121     711.1598    1075.0457     302.2062     3135.4814    -633.5967   -6030.0751   -1165.9665
     188     297.9316     698.0950    1088.2577     326.5099     3129.4273    -618.8783   -5955.4642   -1034.1211
     189     278.4046     699.1938    1083.2216     317.6256     3176.7496    -625.5950   -6085.5415   -1155.9412
     190     305.4029     717.4115    1085.0814     309.7297     3132.3301    -630.9616   -5936.4128   -1017.4188
     191     289.1600     713.7597    1071.4726     304.0598     3096.1793    -620.3597   -5926.5413   -1072.2696
     192     289.7066     732.0957    1066.4093     306.4048     3114.0563    -627.1221   -5979.9833   -1098.4327
     193     276.5898     714.8493    1092.4674     304.4277     3130.5346    -630.9815   -5916.4292   -1028.5418
     194     276.3595     720.3514    1066.0104     302.6653     3126.7353    -657.1552   -5868.5576   -1033.5910
     195     294.7877     735.1230    1077.8551     305.6488     3110.7640    -635.1762   -5919.2520   -1030.2495
     196     281.7609     713.5910    1094.3604     300.7784     3101.7311    -638.7802   -5927.6762   -1074.2347
     197     280.4112     780.3045    1061.4782     317.3799     3082.6501    -627.2235   -6088.5057   -1193.5054
     198     285.8899     736.0486    1091.7905     305.9713     3104.3751    -631.7361   -6060.9596   -1168.6201
     199     284.9111     734.7135    1073.5435     308.7611     3088.9644    -643.6435   -5982.0665   -1134.8164
     200     290.3808     752.5841    1074.7787     300.1417     3101.7751    -641.8331   -5989.7376   -1111.9103
     201     296.8921     744.8559    1078.2391     313.5397     3089.8505    -641.0729   -5986.6325   -1104.3282
     202     307.9158     740.3016    1087.8436     302.8436     3094.6735    -630.3967   -6023.3877   -1120.2063
     203     287.1267     751.5532    1109.1454     305.0852     3123.4814    -602.6373   -6101.9529   -1128.1984
     204     262.5055     715.4175    1043.1114     311.5812     3115.7000    -644.9674   -6052.4074   -1249.0592
     205     288.9148     704.8994    1083.0619     312.1305     3148.6694    -628.9086   -6094.4702   -1185.7028
     206     300.3957     717.7083    1072.6146     308.7905     3105.3716    -648.1986   -6064.7171   -1208.0351
     207     281.8670     706.2610    1070.5612     300.0218     3068.7982    -646.6669   -5974.1798   -1193.3375
     208     273.8317     749.1103    1085.7382     311.2709     3136.3009    -643.1030   -6086.6563   -1173.5072
     209     254.9506     728.0306    1079.5409     308.1156     3123.9819    -633.5861   -6048.2466   -1187.2132
     210     274.3298     716.7764    1093.1378     314.7177     3116.0188    -647.5107   -6041.9482   -1174.4785
     211     303.5749     742.7772    1099.2633     307.6060     3098.0953    -643.5310   -5981.9049   -1074.1192
     212     278.0556     695.6292    1084.8322     307.1777     3078.6233    -628.5324   -5954.0666   -1138.2809
     213     282.1651     704.7366    1072.9256     314.3103     3107.0615    -646.8060   -5980.2569   -1145.8639
     214     278.8234     702.6652    1077.7039     302.6098     3110.4765    -644.5055   -6040.8181   -1213.0449
     215     305.5739     704.3103    1075.3290     303.2484     3091.6945    -616.0416   -5984.3399   -1120.2254
     216     271.3511     687.3280    1091.3004     310.1441     3120.0590    -623.4881   -5965.4504   -1108.7559
     217     291.0234     732.1349    1079.9153     298.7068     3082.0172    -629.8212   -5982.7467   -1128.7704
     218     283.4621     674.7675    1094.1348     302.2897     3112.3647    -634.8612   -6033.3600   -1201.2024
     219     281.1981     714.2549    1099.6177     310.5399     3111.6182    -647.6124   -6006.9321   -1137.3156
     220     312.3173     754.5237    1085.6170     304.1136     3100.4248    -642.3825   -5999.3409   -1084.7270
     221     295.5362     707.2249    1072.1486     312.7095     3113.3015    -626.4197   -6077.5343   -1203.0335
     222     269.3418     718.8571    1097.3905     314.2355     3084.1936    -655.8454   -6000.6339   -1172.4607
     223     274.8641     726.6992    1053.7120     312.6674     3121.7255    -632.6532   -6003.8647   -1146.8496
     224     292.3975     711.2591    1083.3278     319.7265     3131.5542    -640.3549   -5980.9089   -1082.9989
     225     281.7420     722.6973    1084.1587     296.9823     3120.8647    -624.1721   -6102.5511   -1220.2783
     226     288.2986     693.5185    1110.9053     316.9927     3174.4597    -629.5613   -6152.0686   -1197.4551
     227     284.4815     731.8324    1077.1867     309.5665     3159.6435    -640.3091   -6101.9709   -1179.5694
     228     291.5226     719.4686    1094.1100     300.4671     3108.3512    -651.8633   -5979.4248   -1117.3685
     229     277.1679     734.1308    1080.0785     314.9411     3122.7587    -623.0901   -6000.8979   -1094.9110
     230     298.5486     727.4929    1088.5166     301.8097     3104.7494    -646.1610   -5969.9914   -1095.0353
     231     281.5652     707.9239    1101.4985     305.8148     3080.2921    -638.3383   -5943.6895   -1104.9335
     232     295.2065     707.5793    1077.9313     302.5949     3111.7592    -644.8315   -5996.4305   -1146.1908
     233     272.6922     755.5394    1072.3884     307.1762     3087.7859    -646.7625   -5974.7290   -1125.9095
     234     270.0499     728.6283    1058.7920     319.9123     3171.7300    -639.0825   -5926.8035   -1016.7735
     235     309.1823     733.2952    1091.0909     292.6892     3080.2970    -629.2822   -5897.0243   -1019.7519
     236     281.9682     733.0010    1100.8851     311.2897     3108.6786    -629.1791   -5935.8299   -1029.1863
     237     288.3006     687.5545    1089.7324     313.0806     3138.6085    -647.2659   -6009.4418   -1139.4312
     238     281.9972     739.5510    1120.1006     311.4283     3133.8385    -641.7762   -5931.7018    -986.5623
     239     302.4010     717.4740    1080.8516     305.5738     3093.2926    -620.5435   -5915.9444   -1036.8949
     240     273.6920     749.1858    1083.2803     301.1138     3085.2055    -647.9154   -5922.3820   -1077.8200
     241     281.0344     723.0369    1083.6417     297.1667     3108.2439    -637.2751   -5952.3045   -1096.4559
     242     294.0805     750.8077    1068.1945     305.5648     3106.2701    -642.4000   -5966.4313   -1083.9137
     243     269.5634     749.3058    1076.5614     306.2496     3142.1298    -650.5157   -5971.3787   -1078.0843
     244     290.2019     733.2882    1074.1488     298.3851     3077.5951    -642.2649   -5988.2545   -1156.9003
     245     279.7333     732.6683    1094.1583     321.0821     3112.2782    -634.0004   -6058.8206   -1152.9009
     246     285.1794     715.0120    1075.6149     304.0643     3110.3731    -631.0813   -5965.3507   -1106.1883
     247     307.2307     723.6160    1086.3212     300.9425     3076.6333    -626.0501   -6016.3840   -1147.6905
     248     295.7623     731.1856    1076.2501     315.4549     3082.3916    -627.6579   -6051.5266   -1178.1400
     249     262.1658     700.2427    1057.7126     297.9047     3109.5153    -651.2913   -5971.5952   -1195.3455
     250     260.5536     725.7435    1078.3718     295.7107     3103.2080    -621.1125   -5992.6467   -1150.1717
     251     287.4936     708.6244    1076.0380     300.3009     3107.5607    -626.7030   -5971.4297   -1118.1150
     252     297.6172     700.2829    1076.1206     305.6579     3095.9277    -639.9435   -5906.4183   -1070.7555
     253     282.9613     716.3938    1103.3061     302.4097     3063.9800    -645.9550   -5982.7972   -1159.7014
     254     306.5894     701.4976    1092.6521     309.8625     3123.3669    -625.2714   -6022.4699   -1113.7729
     255     274.2289     740.7703    1089.5166     300.2783     3131.7848    -626.0906   -6024.6987   -1114.2103
     256     280.0049     714.7948    1080.9480     319.6213     3090.9052    -635.2772   -5967.6986   -1116.7016
     257     248.8478     711.1774    1060.6379     304.0402     3126.0814    -626.2355   -5976.9637   -1152.4144
     258     298.5956     742.7049    1080.2416     303.4610     3097.0622    -633.7468   -5954.0169   -1065.6984
     259     303.5142     714.1933    1077.1233     290.4803     3109.1978    -616.6922   -5890.5271   -1012.7104
     260     304.1557     727.4757    1088.6147     294.3032     3096.6495    -606.9414   -5911.6588   -1007.4015
     261     308.6351     706.9728    1077.9585     304.9597     3083.5087    -629.9673   -5967.0948   -1115.0272
     262     268.1520     739.2738    1102.4500     305.9656     3068.8624    -611.0519   -5969.8512   -1096.1993
     263     284.3680     714.0597    1089.7313     301.1989     3083.3253    -629.3437   -5938.5457   -1095.2062
     264     287.3401     710.0800    1098.8234     305.8658     3092.6657    -641.2862   -5979.2657   -1125.7768
     265     290.5470     692.5505    1100.5368     309.1402     3103.6780    -626.5172   -6001.9853   -1132.0500
     266     296.6919     747.7285    1078.9685     300.5455     3112.9297    -637.6578   -5976.8743   -1077.6680
     267     280.1916     755.0706    1069.5282     308.2799     3121.9287    -655.8158   -5968.8099   -1089.6267
     268     274.4689     757.1576    1094.2164     296.9789     3088.5082    -630.9070   -6008.1477   -1127.7246
     269     241.4162     687.3246    1087.2684     311.2077     3092.2917    -637.0823   -6016.7151   -1234.2888
     270     259.5518     698.6744    1060.3821     311.7197     3104.7373    -615.9976   -5982.0986   -1163.0309
     271     320.6267     728.2701    1086.5245     294.9565     3058.2661    -653.2468   -6051.6606   -1216.2635
     272     285.8703     734.8438    1078.4643     293.2689     3096.8567    -630.2833   -5984.6050   -1125.5843
     273     296.6431     750.1472    1056.5575     308.0490     3124.8668    -629.3550   -6056.7059   -1149.7973
     274     285.2232     765.1581    1085.1210     299.9353     3079.2568    -625.7194   -6078.9930   -1190.0181
     275     266.2725     726.8350    1083.7674     304.7565     3069.8578    -635.8001   -6036.1184   -1220.4292
     276     272.3586     717.0487    1079.2082     312.9888     3108.8907    -640.3505   -6105.3543   -1255.2098
     277     277.2034     700.0887    1064.9593     305.4996     3105.5080    -621.4369   -6031.1932   -1199.3711
     278     304.7039     739.8291    1089.1523     298.5530     3063.9646    -628.3435   -6052.6629   -1184.8035
     279     255.8591     719.6231    1098.1206     315.0558     3098.7226    -631.8098   -5952.6251   -1097.0538
     280     291.6861     744.0370    1079.9664     301.0666     3069.1076    -624.2392   -5905.7855   -1044.1610
     281     287.9474     699.5471    1098.7267     308.2442     3129.8776    -628.9780   -6009.6988   -1114.3338
     282     277.7681     736.2944    1101.3665     302.4561     3117.2261    -617.5461   -5970.8105   -1053.2455
     283     299.2395     746.1059    1072.9722     299.4186     3151.0312    -629.6792   -6005.7353   -1066.6471
     284     314.0559     719.3059    1079.7060     296.9295     3116.2656    -639.6857   -6013.1347   -1126.5575
     285     272.4392     736.9794    1078.5117     307.2503     3136.1617    -643.1486   -6037.1606   -1148.9669
     286     283.3100     691.4317    1078.2011     315.5140     3143.3389    -622.2761   -6010.9158   -1121.3962
     287     276.6609     702.6363    1098.9445     303.2360     3113.0058    -622.2917   -5939.9989   -1067.8071
     288     252.7782     724.1512    1079.1558     326.0214     3156.6625    -635.9294   -5973.8715   -1071.0317
     289     287.6900     755.8154    1074.2591     289.3504     3100.6167    -622.7601   -5994.5664   -1109.5949
     290     296.8701     716.1262    1086.4747     306.9870     3090.6160    -625.3478   -5998.8099   -1127.0838
     291     268.0181     725.0998    1086.1103     300.0937     3132.5884    -627.8537   -5953.4725   -1069.4159
     292     289.4328     729.9916    1069.3640     301.3087     3128.3435    -622.5451   -6025.6365   -1129.7409
     293     295.1728     703.3707    1087.0511     308.0878     3149.5529    -644.2248   -5977.3485   -1078.3379
     294     291.7698     710.9780    1064.0303     308.8159     3109.2217    -614.6026   -5894.4346   -1024.2215
     295     272.8145     748.2065    1073.8254     303.8706     3148.3963    -626.7103   -6039.7724   -1119.3694
     296     304.7355     724.4379    1080.4625     306.7409     3155.4498    -654.5660   -6063.8661   -1146.6054
     297     279.4650     715.7396    1087.7091     310.3770     3131.5210    -620.4792   -6079.5550   -1175.2226
     298     291.1654     722.1509    1056.0762     298.7402     3108.4222    -635.6375   -6009.1430   -1168.2256
     299     280.6839     740.6015    1078.6795     308.8442     3146.3677    -617.3855   -5966.2589   -1028.4675
     300     306.3205     745.2662    1071.8078     307.4547     3074.0881    -638.8577   -5931.5123   -1065.4328
     301     280.1111     748.8540    1085.9259     311.9099     3108.9352    -616.7473   -6014.6923   -1095.7035
     302     281.4749     753.5536    1064.7588     304.6188     3126.7815    -635.1571   -6025.5778   -1129.5473
     303     303.9972     733.1527    1091.9783     301.2998     3091.4618    -629.8432   -5882.8035    -990.7568
     304     278.4469     702.6418    1078.8244     310.6087     3103.9597    -634.1252   -5915.4961   -1075.1397
     305     266.4162     727.9523    1070.7895     308.8632     3112.1326    -623.3120   -6022.7057   -1159.8637
     306     274.9280     688.6730    1090.3503     305.2322     3134.0413    -631.8650   -6067.2884   -1205.9285
     307     265.4348     707.9191    1074.5106     303.5369     3142.1169    -639.4318   -5931.9565   -1077.8701
     308     280.9095     700.0092    1070.8849     308.3431     3095.1041    -638.8806   -5838.6649   -1022.2946
     309     262.0448     735.8779    1087.7785     307.3391     3096.8846    -631.9891   -5966.3449   -1108.4091
     310     283.6001     748.3916    1083.7039     310.0948     3131.3530    -649.0325   -5909.4894   -1001.3786
     311     300.1386     727.2797    1063.7618     288.1339     3051.7959    -615.5357   -5863.3423   -1047.7681
     312     284.2537     743.0665    1109.4363     293.8847     3115.7085    -632.7776   -5903.3345    -989.7625
     313     283.8197     734.5438    1067.9922     306.9007     3149.8699    -627.0906   -5930.6007   -1014.5650
     314     285.9764     738.7517    1094.4053     295.0299     3109.2199    -638.0931   -5834.7355    -949.4455
     315     294.8555     732.4814    1069.9744     294.4769     3101.3455    -620.6944   -5941.2763   -1068.8370
     316     284.4381     720.0044    1082.6973     304.8995     3134.0444    -633.8441   -5958.4190   -1066.1794
     317     287.7225     750.5465    1097.1102     314.2002     3105.8605    -637.8190   -5995.8322   -1078.2113
     318     293.6345     721.9846    1083.4034     295.9281     3127.8500    -651.7716   -5992.5787   -1121.5497
     319     301.6615     706.6732    1068.6425     302.4582     3123.2086    -638.3919   -6063.1598   -1198.9077
     320     302.4648     675.9046    1100.6975     303.3743     3117.7752    -626.8406   -6000.8576   -1127.4817
     321     308.5837     693.3572    1078.8640     302.0287     3139.6444    -624.7940   -6019.1483   -1121.4643
     322     289.7386     696.8816    1077.0130     295.3154     3107.3271    -614.4975   -6007.7247   -1155.9464
     323     301.4114     743.3075    1058.6278     305.2145     3142.1046    -618.3094   -6115.2083   -1182.8518
     324     290.2882     708.4018    1090.3473     303.5150     3152.3561    -642.4976   -5984.6599   -1082.2491
     325     264.1860     726.1814    1099.9778     296.7705     3128.8896    -638.3482   -6017.9742   -1140.3171
     326     279.7346     736.4134    1074.7953     305.8504     3102.8196    -629.8555   -5913.7859   -1044.0281
     327     282.1944     713.9011    1075.4960     304.4296     3129.1684    -637.1821   -5992.9185   -1124.9111
     328     271.5783     716.2454    1090.4152     311.8727     3155.0951    -624.0176   -6011.4513   -1090.2624
     329     256.8911     727.9467    1104.8874     308.9615     3130.9414    -638.3276   -6008.0761   -1116.7756
     330     309.1363     715.9996    1063.3608     295.8307     3109.5716    -628.5743   -5908.6354   -1043.3108
     331     289.9666     735.5708    1062.3772     303.2940     3120.6622    -628.3321   -5959.5123   -1075.9735
     332     286.9425     718.4448    1095.1049     305.4794     3132.6973    -645.5088   -5878.6933    -985.5333
     333     318.5448     731.2908    1076.1589     291.6601     3074.4663    -629.7525   -5962.5942   -1100.2259
     334     274.6295     711.3332    1079.6618     300.9636     3117.1949    -620.1137   -6006.7866   -1143.1174
     335     298.8069     677.6589    1100.9044     316.0140     3155.7313    -617.7616   -6026.3963   -1095.0425
     336     283.6084     687.1277    1084.7774     304.6801     3130.7970    -630.4436   -5915.0639   -1054.5169
     337     275.3522     732.3198    1084.5632     299.4489     3104.1224    -628.4668   -5872.4519   -1005.1121
     338     295.7578     735.6644    1081.5672     309.0858     3109.2234    -634.4118   -5953.3926   -1056.5058
     339     254.0587     743.1606    1063.1170     304.0129     3076.2830    -619.0325   -5964.4540   -1142.8542
     340     315.7793     717.4500    1065.4121     299.3838     3118.8981    -636.2083   -5964.2632   -1083.5482
     341     302.8048     711.6491    1072.5083     311.1718     3083.5832    -619.4257   -5947.0765   -1084.7850
     342     297.6451     700.6927    1089.4157     302.0202     3164.3720    -621.9517   -6029.3586   -1097.1646
     343     271.5557     753.1859    1100.0626     307.1639     3080.6914    -643.8814   -5878.6360   -1009.8579
     344     267.2991     704.2767    1103.2565     305.0558     3145.2315    -646.0293   -6038.3263   -1159.2360
     345     284.0696     721.1410    1083.7025     296.5739     3107.0509    -609.1790   -5980.1104   -1096.7515
     346     291.6245     766.4690    1088.1515     297.2186     3102.5800    -608.7482   -6022.6028   -1085.3073
     347     248.7460     766.2875    1066.8839     302.6923     3132.3643    -631.6535   -5956.3753   -1071.0546
     348     281.9138     704.7737    1103.8515     318.2249     3131.3340    -617.3324   -5984.4610   -1061.6955
     349     295.2057     730.2443    1096.8880     303.2646     3099.1308    -625.4900   -5936.7328   -1037.4893
     350     271.5574     712.7661    1081.7161     322.6897     3141.2422    -630.5323   -5993.4386   -1093.9994
     351     304.6497     742.3659    1074.8857     304.2508     3129.0498    -652.5301   -5977.6029   -1074.9311
     352     284.9749     698.2928    1039.6182     305.6499     3160.7375    -641.8045   -5964.2265   -1116.7577
     353     267.7986     720.4075    1085.2284     319.1720     3182.0397    -630.7288   -5976.5161   -1032.5988
     354     286.8789     691.8818    1079.6768     300.1744     3164.2771    -645.2401   -5934.6932   -1057.0443
     355     305.8685     722.3484    1075.4794     295.0914     3132.0048    -647.2323   -5952.2739   -1068.7137
     356     269.6904     725.3641    1094.1480     311.0126     3129.3511    -656.8136   -5999.0981   -1126.3454
     357     274.1272     722.6650    1103.9792     301.1968     3108.9085    -634.4078   -5921.9700   -1045.5012
     358     278.8940     708.6220    1079.4961     319.6295     3169.1858    -638.4196   -6013.9536   -1096.5458
     359     292.6465     760.3745    1079.6778     285.0348     3099.8452    -630.4448   -6026.7027   -1139.5686
     360     257.8411     706.8177    1105.5478     317.6818     3107.2301    -630.1190   -6077.3931   -1212.3936
     361     281.5747     690.9377    1074.2683     303.1204     3099.1722    -640.7781   -6001.4742   -1193.1790
     362     286.6408     710.9175    1059.5238     294.4598     3099.9690    -630.4839   -5959.5168   -1138.4897
     363     288.1238     672.8205    1083.4252     315.3077     3124.0606    -633.4484   -5916.7172   -1066.4278
     364     306.7584     723.1059    1069.6286     303.4099     3113.1605    -641.1511   -5933.8910   -1058.9789
     365     301.5197     736.3245    1077.0948     295.8826     3145.7135    -633.6599   -5834.5650    -911.6898
     366     284.7867     704.5579    1083.6533     314.7357     3143.0687    -630.2423   -5974.5587   -1073.9986
     367     266.1654     703.1256    1068.7687     308.9674     3129.3187    -626.3587   -5931.1366   -1081.1494
     368     296.6891     726.9900    1090.8203     298.2962     3133.6671    -649.8474   -5920.1962   -1023.5808
     369     285.9508     742.1424    1083.6998     306.7921     3161.5128    -639.8205   -5983.8126   -1043.5351
     370     291.8872     727.6370    1082.2871     308.3594     3084.5428    -633.5820   -5940.8182   -1079.6868
     371     308.1326     692.0972    1086.5924     302.5172     3092.0484    -639.4273   -5909.8713   -1067.9108
     372     270.6538     727.6072    1064.8291     305.6153     3118.7265    -631.0118   -5988.4792   -1132.0591
     373     261.9355     758.8692    1091.2919     293.2929     3100.1629    -632.8992   -6018.8432   -1146.1899
     374     293.0314     715.9991    1101.8191     306.5949     3116.4603    -645.6527   -5983.9390   -1095.6868
     375     286.4551     732.4998    1073.2022     299.0061     3077.3871    -623.2594   -6034.8557   -1189.5648
     376     280.9580     721.0629    1084.3148     299.3339     3129.2063    -640.8365   -5986.4953   -1112.4560
     377     285.3424     716.6372    1075.0496     294.8976     3101.8448    -646.7658   -6044.1118   -1217.1059
     378     273.3349     736.7843    1076.9928     315.7675     3110.1844    -674.9673   -6100.7695   -1262.6729
     379     294.2516     760.4176    1052.1526     299.0669     3101.7303    -612.4479   -6070.6718   -1175.5007
     380     319.4830     716.1053    1093.3702     282.3891     3079.8428    -632.6256   -5864.3593   -1005.7945
     381     280.8879     755.4045    1092.1884     309.0346     3103.7764    -648.0226   -5954.2725   -1061.0034
     382     304.0848     749.6530    1084.5190     306.5008     3094.2369    -633.2895   -5927.6727   -1021.9678
     383     297.6108     713.8291    1070.1820     308.9601     3110.2582    -644.5809   -5935.4310   -1079.1716
     384     281.3433     717.3400    1063.2496     297.4209     3122.1382    -621.8307   -5990.7052   -1131.0439
     385     294.2049     731.9541    1078.0234     304.3639     3074.5939    -618.3677   -6007.3558   -1142.5834
     386     285.4530     706.9485    1095.4245     305.8839     3102.6211    -629.3223   -5941.2159   -1074.2072
     387     266.5706     730.1696    1095.6981     302.3903     3146.7222    -614.6983   -6024.7671   -1097.9146
     388     273.4992     714.2888    1077.3014     314.8223     3100.5104    -638.8938   -5960.6383   -1119.1100
     389     267.4842     730.7462    1077.0582     306.9520     3131.4201    -634.4242   -5974.6461   -1095.4096
     390     297.5026     747.8107    1092.3949     316.2602     3126.3987    -638.6492   -6051.6744   -1109.9565
     391     290.0349     698.5828    1070.9775     311.2707     3141.3032    -622.9206   -6065.4979   -1176.2494
     392     308.8588     711.7819    1067.7350     302.8806     3099.2763    -618.4215   -5951.3174   -1079.2063
     393     292.5495     735.7622    1092.5542     304.4387     3120.9537    -636.1995   -6031.4032   -1121.3444
     394     290.2668     742.7865    1090.0003     289.9158     3120.9269    -641.2143   -6040.1867   -1147.5047
     395     304.0744     714.5148    1078.7311     309.5283     3100.2039    -627.6380   -6081.1399   -1201.7254
     396     298.4516     706.0891    1097.6088     292.4623     3109.0908    -629.1934   -5899.2263   -1024.7171
     397     286.6681     699.7908    1091.1362     305.3676     3105.2049    -609.8696   -5861.6261    -983.3281
     398     295.8176     751.4532    1076.1075     292.4377     3057.3730    -609.7021   -5886.0034   -1022.5164
     399     274.5839     716.5937    1068.7790     301.5389     3129.3360    -628.8734   -5994.8574   -1132.8993
     400     283.6491     728.7014    1084.4812     301.4996     3125.9367    -630.4530   -5966.6129   -1072.7979
     401     291.9866     728.3865    1086.9517     291.4177     3115.6298    -625.1450   -5954.6771   -1065.4498
     402     297.5913     708.2878    1063.3979     292.0543     3098.7052    -616.3543   -5950.5130   -1106.8309
     403     294.4568     749.6755    1093.5761     306.0822     3142.6107    -636.6249   -5977.4018   -1027.6253
     404     284.3872     734.3327    1067.2362     297.9427     3123.8326    -636.4978   -5935.6449   -1064.4113
     405     290.4675     783.5626    1087.2180     299.2604     3075.3142    -635.9957   -5927.0660   -1027.2388
     406     280.6406     716.6847    1076.8103     302.4223     3127.7735    -639.4851   -5987.5901   -1122.7438
     407     295.1694     705.5209    1091.7803     298.5823     3107.3331    -643.5496   -5910.9939   -1056.1576
     408     305.7876     758.3907    1113.0131     303.1561     3133.7221    -625.9898   -5930.6577    -942.5779
     409     291.6476     739.4813    1069.3431     305.4859     3150.9636    -629.6813   -6034.5147   -1107.2746
     410     268.8126     715.8744    1091.8353     322.2426     3136.5856    -628.0185   -6068.7501   -1161.4181
     411     269.5501     699.2006    1093.6192     301.0089     3120.3865    -636.8291   -5890.9262   -1043.9900
     412     298.1520     690.4939    1099.8793     295.1335     3099.2256    -625.6465   -5970.4206   -1113.1828
     413     284.8536     719.7918    1074.3574     320.2533     3108.5426    -625.8601   -6028.1820   -1146.2434
     414     289.6212     718.6549    1075.4294     307.6669     3095.2348    -640.5739   -5961.6193   -1115.5858
     415     285.9271     733.4288    1074.8623     314.6327     3082.2295    -618.9720   -5987.3315   -1115.2231
     416     262.7079     724.4949    1087.7552     311.6676     3156.8837    -644.2116   -6018.2389   -1118.9412
     417     282.6535     755.2895    1085.4447     303.9211     3085.2336    -620.6961   -5944.3804   -1052.5340
     418     277.3414     707.2188    1068.3094     311.6513     3114.0221    -606.8576   -5976.6909   -1105.0055
     419     283.8788     701.0260    1070.6594     306.4326     3125.5543    -626.5981   -6065.1025   -1204.1495
     420     285.0117     729.6233    1076.3171     302.1968     3121.9121    -619.4942   -5968.7680   -1073.2012
     421     311.7621     719.8111    1094.2713     300.1265     3107.6202    -632.0692   -5981.2309   -1079.7089
     422     301.4095     751.0145    1078.8146     300.0426     3102.0154    -620.1154   -5967.5128   -1054.3316
     423     295.9518     725.1544    1065.1646     291.8599     3093.2441    -641.6480   -5972.9301   -1143.2034
     424     268.1224     713.8389    1080.4484     323.7162     3132.9277    -648.8984   -6037.0101   -1166.8549
     425     305.4340     736.3905    1093.2041     308.3775     3088.0609    -634.5775   -6015.5343   -1118.6448
     426     299.7331     728.4208    1099.8474     295.1241     3145.8426    -633.4869   -6075.2677   -1139.7865
     427     304.2139     708.6097    1104.6197     311.8795     3158.8994    -637.8975   -5930.1617    -979.8371
     428     286.3281     740.0259    1077.0279     311.1045     3134.6939    -632.9146   -5936.8039   -1020.5382
     429     294.4916     764.3812    1075.8963     305.9086     3096.0453    -630.2304   -5894.2334    -987.7408
     430     308.9177     675.8127    1079.3166     304.4449     3120.1039    -633.8858   -5910.0472   -1055.3372
     431     272.9028     712.7884    1090.5442     304.6486     3116.5750    -627.7112   -5961.6451   -1091.8973
     432     267.6025     757.9630    1071.1218     314.9027     3153.8336    -635.7718   -5996.9982   -1067.3465
     433     265.7922     707.7490    1092.7118     308.5207     3118.4808    -630.3469   -5971.7466   -1108.8390
     434     269.1845     746.5532    1066.1538     309.0238     3152.0555    -634.8360   -6042.3946   -1134.2599
     435     298.0388     729.8503    1057.8610     304.3668     3133.4165    -640.9864   -5984.6003   -1102.0533
     436     264.4485     724.6017    1074.6347     295.7488     3064.5546    -642.1499   -6024.8177   -1242.9793
     437     288.7121     731.2108    1069.7708     305.0708     3143.4647    -636.9745   -5988.0177   -1086.7630
     438     276.7027     710.1970    1090.0088     323.0342     3163.3920    -632.5121   -6013.9868   -1083.1641
     439     265.7098     726.6222    1084.4940     316.9633     3096.0506    -633.2435   -6036.2312   -1179.6349
     440     307.2856     715.0623    1065.8329     307.7323     3111.5275    -646.5302   -5949.2675   -1088.3572
     441     289.1159     707.1653    1097.0786     317.8445     3149.0058    -628.1630   -5932.9581   -1000.9110
     442     298.9125     719.1572    1090.5911     313.7233     3134.0422    -637.3701   -5941.8836   -1022.8275
     443     308.6774     761.0048    1098.9039     295.1159     3080.1578    -645.7105   -5832.0506    -933.9013
     444     246.1875     728.0932    1085.4224     295.6798     3128.4479    -621.2161   -5902.0213   -1039.4066
     445     272.7404     717.8546    1095.3936     305.6075     3142.8331    -640.2504   -5951.4782   -1057.2993
     446     311.6116     755.9529    1092.6475     305.5298     3116.5928    -627.0358   -5942.9951    -987.6962
     447     280.3861     733.5547    1074.7316     312.8081     3131.8496    -650.9558   -5857.3566    -974.9821
     448     268.8234     737.9469    1096.1287     322.6182     3130.3816    -624.0951   -6073.1654   -1141.3618
     449     285.7509     703.9630    1079.8557     308.1894     3110.5429    -629.4869   -6042.7237   -1183.9086
     450     283.2975     693.5392    1085.2875     294.5888     3097.1063    -633.7283   -5976.7715   -1156.6804
     451     290.2258     788.5999    1085.6467     306.2598     3064.8496    -635.2645   -5936.5467   -1036.2294
     452     301.0016     722.2042    1081.9685     303.8650     3161.5409    -649.6754   -5940.3989   -1019.4941
     453     279.2539     707.4914    1073.5500     303.5079     3107.9020    -609.3244   -5956.9755   -1094.5946
     454     264.2370     697.5965    1103.5122     308.8954     3152.9570    -612.6976   -5944.5048   -1030.0044
     455     283.0931     694.9009    1067.2197     302.6992     3159.7541    -640.6943   -5914.4575   -1047.4847
     456     271.8910     731.3076    1091.9262     304.8611     3180.4007    -638.9828   -6076.8920   -1135.4882
     457     275.6873     741.8744    1099.0027     302.4875     3143.7799    -635.3796   -6012.9025   -1085.4504
     458     268.0053     719.7225    1100.9250     304.5846     3098.9693    -641.5806   -5967.7500   -1117.1240
     459     271.9463     721.4845    1079.5107     300.5959     3097.2208    -614.2974   -5983.1066   -1126.6457
     460     279.0944     745.6520    1082.5033     297.7968     3125.3757    -642.7075   -6039.2094   -1151.4947
     461     310.6137     749.0842    1048.2647     303.6703     3119.0851    -610.9193   -5966.7059   -1046.9072
     462     304.0186     723.7002    1074.9648     294.1526     3151.7628    -640.6958   -5899.1470    -991.2439
     463     281.1515     714.4479    1104.4214     317.8703     3145.6621    -638.8119   -5972.6197   -1047.8784
     464     288.0160     757.6867    1075.2630     303.0067     3106.7131    -631.5102   -6020.8991   -1121.7239
     465     279.8401     713.5831    1065.3406     292.3578     3114.6407    -629.0084   -5969.7200   -1132.9662
     466     289.3097     722.5093    1095.8328     303.8047     3141.6198    -634.8156   -6056.6988   -1138.4380
     467     314.6566     736.2158    1075.8973     297.7451     3100.5500    -617.2163   -5876.1001    -968.2517
     468     293.9127     704.2012    1093.8854     302.1899     3132.9985    -635.7589   -5907.0320   -1015.6032
     469     275.5741     762.4830    1083.5872     312.9170     3138.4015    -623.8320   -5960.2399   -1011.1092
     470     316.4260     728.2213    1081.5569     305.6294     3135.5080    -636.4174   -5848.6708    -917.7465
     471     300.8618     706.3706    1072.1460     299.1278     3129.3441    -622.4448   -5924.2697   -1038.8642
     472     292.0457     741.0869    1093.7966     299.4396     3110.6346    -629.4324   -5947.0290   -1039.4581
     473     293.6154     720.2714    1078.0676     307.7750     3121.6385    -630.8169   -5821.1337    -930.5828
     474     284.2141     751.8260    1084.7071     294.7082     3108.8482    -611.6474   -5823.1745    -910.5183
     475     312.0558     711.4226    1063.0755     297.9920     3118.5762    -626.9159   -5901.8134   -1025.6071
     476     262.0486     712.5824    1087.5544     302.4823     3132.6562    -625.0805   -5776.8191    -904.5758
     477     276.5087     706.9626    1091.9497     320.4868     3111.2817    -642.5840   -5898.6907   -1034.0853
     478     275.8785     727.3570    1066.4915     308.1701     3134.9180    -613.5427   -5813.6277    -914.3554
     479     281.4246     719.5157    1080.3541     304.2264     3104.4809    -627.2163   -5829.3549    -966.5695
     480     272.3588     696.5177    1062.6476     300.6546     3126.7611    -642.1835   -5928.4947   -1111.7385
     481     294.6654     730.8358    1077.6554     302.5571     3137.2273    -631.7118   -6030.5516   -1119.3223
     482     280.6096     736.5519    1073.3979     312.2082     3132.9799    -624.0361   -5887.3202    -975.6089
     483     299.7886     724.1389    1083.6704     306.6819     3109.5301    -627.4654   -5926.2631   -1029.9187
     484     280.1265     735.1814    1066.1517     312.2268     3133.1124    -628.5545   -5971.3995   -1073.1551
     485     295.4518     708.7966    1082.5428     306.6274     3092.3645    -634.7900   -5846.0235    -995.0304
     486     255.6205     738.3289    1087.4600     304.1459     3132.4469    -631.7181   -5935.8543   -1049.5702
     487     286.5286     712.1278    1076.9160     314.2559     3102.8644    -630.1688   -5938.6044   -1076.0806
     488     280.2133     715.9995    1084.7012     308.6493     3133.2666    -624.7843   -5895.1006    -997.0551
     489     311.3925     756.1413    1068.7845     298.3609     3082.1616    -629.5926   -5902.8992   -1015.6510
     490     296.5763     756.2328    1093.0378     302.9379     3115.5195    -643.5719   -5905.6807    -984.9483
     491     290.6190     704.0013    1081.7579     322.2564     3146.8150    -625.3094   -5921.7543   -1001.6141
     492     280.7260     731.9917    1093.9321     307.6890     3117.1429    -617.0793   -5966.2002   -1051.7979
     493     283.4349     712.8292    1102.4252     300.0526     3127.2110    -633.3193   -5896.9508   -1004.3172
     494     285.0303     734.3753    1085.8122     299.7228     3141.6282    -628.5176   -5921.5781   -1003.5270
     495     279.6424     739.7774    1074.9781     301.4783     3130.0235    -618.9919   -5928.3428   -1021.4348
     496     293.0326     734.6664    1109.2481     314.4660     3134.0748    -610.5266   -5977.8588   -1002.8976
     497     281.2040     722.0194    1095.4587     317.2870     3131.8572    -623.5924   -5993.5231   -1069.2892
     498     278.8322     721.7161    1084.8337     297.3625     3093.3686    -612.7615   -5957.6772   -1094.3256
     499     291.1618     712.0862    1068.8582     296.2331     3101.4847    -600.9712   -5903.0780   -1034.2253
     500     256.0953     722.8992    1096.0368     308.7857     3121.4808    -630.4426   -5959.1960   -1084.3407
