0 3.962037425217568
1 4.279528940638105
2 4.593904447411496
3 3.56412998359158
4 3.793520421144868
5 4.069803814852394
6 4.384351424184308
7 4.372993875675126
8 4.2727317626972
9 3.545768859588624
10 4.344595330007535
11 4.252400479796973
12 4.233284558613973
13 4.167305263248569
14 4.131013905744354
15 4.300793009159269
16 4.0884493452035064
17 4.2567073688235935
18 4.120566912568017
19 4.061265096813697
20 4.238490103110214
21 4.276627553462089
22 3.6660580991127176
23 4.284039755701158
24 4.105949347188424
25 4.381785143206228
26 3.993835096248675
27 3.936456723008756
28 4.129287513457896
29 4.554122702874788
30 5.516881372821952
31 4.063285323391024
32 3.9778536459606797
33 4.0711189153116685
34 3.938277524551751
35 4.037886840164207
36 3.7463945219414603
37 4.173032774403934
38 3.959413982684764
39 4.028678436459111
40 4.087278705439745
41 4.09633673120155
42 4.225631096576485
43 4.04220160286414
44 3.918537887947246
45 5.030564003200454
46 3.9410854602794427
47 4.378380190147005
48 3.8185968692172754
49 4.176342307988324
50 3.9901245459491594
51 4.03225848355224
52 3.7384289320041812
53 4.588395217738921
54 4.050499027343284
55 4.187523913111191
56 4.819266279168347
57 4.398345808221899
58 4.135540629393555
59 4.056714821409323
60 4.35769454909705
61 4.115982556332373
62 4.106020097143092
63 4.138269984860785
64 4.005545498625842
65 4.270903756528526
66 4.158645666025422
67 3.9815258967917733
68 4.2736334785400105
69 4.435071460488366
70 4.036173202834291
71 3.920155606061603
72 4.19817756204016
73 4.297028719893114
74 4.342267831445341
75 4.279516042161793
76 4.227145917873711
77 4.539209293034832
78 4.140828540639009
79 4.056338209675025
80 4.383020714405242
81 4.137460167629963
82 3.802620743927836
83 4.1727069239379775
84 3.4900696119680896
85 4.286595972910282
86 4.1001600957046085
87 4.343469183390416
88 4.119896167906209
89 4.32384611990041
90 3.789485892471793
91 4.453318394718394
92 3.7658305418653706
93 4.214174751018756
94 3.635569606876944
95 4.2061597369904575
96 4.406273202181774
97 3.9776534005037627
98 3.896069526651556
99 3.5886958901438706
100 4.276714789714536
101 3.857188853924999
102 9.216853874689892
103 9.016087974473136
104 7.696487925730667
105 10.651854979086218
106 7.439371604348104
107 8.9800154944505
108 9.359950503709516
109 9.2533742883181
110 7.733695670041709
111 6.516654866411228
112 8.20178975144788
113 9.08922216020435
114 10.17034056816261
115 6.68857313593728
116 4.764104672323327
117 4.004187936376363
118 4.368947752984573
119 4.9203466112546295
120 3.8901768035402022
121 4.101280308362892
122 4.244701173967417
123 4.2347556311382695
124 3.9815486032838967
125 5.5663209513093435
126 3.94146886219922
127 4.184409605270818
128 4.144755185727046
129 4.105452779658173
130 4.00540870739149
131 3.8670533204773716
132 3.5070330375839305
133 4.052646776757751
134 3.738781678327046
135 3.730873294635059
136 4.267828413240011
137 4.21855627840341
138 3.452053427053784
139 3.68108180890408
140 4.256081614163053
141 4.122702413886819
142 4.026984013160825
143 4.147476341254009
144 3.5970270182713624
145 3.8048620745040864
146 4.244236436144245
147 4.2253901442882436
148 4.13650709843691
149 4.017906264899779
150 3.673043545844839
151 4.379915680133977
152 4.03185948771764
153 3.9297003976888965
154 4.055128527246759
155 4.4052712880367935
156 5.136539294821263
157 6.027361701967352
158 4.684452474913145
159 5.8324041860173805
160 6.413106214998514
161 5.324431681436172
162 5.378015350958324
163 7.055320040042109
164 5.006099456295696
165 5.55036886955991
166 4.501531035117347
167 4.113308717012734
168 3.921348819122742
169 4.018891963535914
170 4.354745892297902
171 4.183554874042229
172 3.910744777267914
173 4.754388691139747
174 3.9821744552614384
175 3.9845184201957564
176 6.010482405484806
177 4.780267933287116
178 4.711161392034852
179 4.334521313924537
180 5.010841151053811
181 5.616500026913498
182 4.857345160194714
183 4.790718302451863
184 4.845270349511862
185 4.877880078138498
186 5.242340007062175
187 5.84093802383544
188 4.758798951396381
189 4.773811676744646
190 5.164480318935944
191 5.072218302072963
192 4.8261004319751795
193 6.197200600216708
194 6.047395867376374
195 5.208103141483085
196 5.4098108177453454
197 4.60818573304722
198 4.801592359363441
199 4.649893001734638
200 4.524206478334677
201 5.673309765352382
202 5.8761327189464
203 4.984752138930573
204 4.639738787334334
205 4.747191389169972
206 4.635006656529607
207 4.778765324635833
208 4.802505412508297
209 4.638853588785266
210 5.866826232235156
211 5.853954365634011
212 4.8755469245923395
213 4.4599234755141755
214 4.4957575580547555
215 4.568637706786228
216 5.540854860934727
217 4.9940785005161885
218 5.084957667872664
219 5.124980926325455
220 4.82873303553154
221 6.529157685712814
222 4.426436408023772
223 4.917530734999271
224 5.350720291718483
225 5.568259243018957
226 4.725956290311755
227 4.62953298350999
228 4.673202832714486
229 6.867039255379948
230 4.886435139868936
231 4.989851401701619
232 5.708815598797627
233 5.878600839508462
234 6.33501499868889
235 6.071047879503957
236 5.381855900969029
237 6.751118499180159
238 8.468965086014226
239 6.041021606012172
240 6.916448584888945
241 5.625915844369507
242 6.140292213025789
243 5.970065129690827
244 5.989970524297086
245 4.6704139908497755
246 6.700714392249761
247 6.155018962227034
248 6.090175407155674
249 6.252673105641628
250 6.361078583898666
251 7.136454226603611
252 6.614947371331146
253 6.694801797925127
254 6.999893536043854
255 6.251322280719725
256 6.557307875711638
257 6.130624788940993
258 6.101356484120872
259 6.2838649804171665
260 6.597447389872955
261 5.608846981193523
262 6.3640240778069606
263 5.1227424772724195
264 7.12785476803368
265 5.9825155546646975
266 6.251565959258247
267 6.3925560738249985
268 6.2987951285029835
269 6.284303879409821
270 5.479962592751135
271 6.2184864589899735
272 7.9619016459685055
273 5.415654815332878
274 5.810205049311511
275 4.828219795778588
276 4.730723479851046
277 6.715798004915386
278 4.722222530275082
279 4.341793085943973
280 3.7958671377873374
281 3.9879619708080383
282 3.706114966167299
283 6.278663092995087
284 6.366664616268137
285 4.353554040019607
286 7.381765085035195
287 4.57575143526299
288 4.002651784620241
289 3.976617373802319
290 4.4129177219654085
291 4.07251886352072
292 4.091177326476137
293 4.001634869102194
294 4.037638445809394
295 3.904230634945012
296 4.0939572364149095
297 4.216543420588501
298 3.499312302300089
299 4.156641609043229
300 3.667472479367281
301 4.281883320909412
302 4.048406593833431
303 4.418178913162466
304 3.492532690189442
305 4.1106515961833106
306 4.2213627350890945
307 3.383885625597998
308 4.282846807016481
309 3.9853700491365323
310 3.4450754930209206
311 3.910746096667839
312 4.531288374976615
313 3.8959651710283327
314 3.8475192664328524
315 3.8568954807208904
316 4.207436974062748
317 4.407547665727999
318 4.440236188279914
319 4.079634441324902
320 3.595048642101754
321 3.382644904223029
322 4.358044113833711
323 4.265297812886002
324 3.9278088846167227
325 4.257851187948822
326 3.6951034235743867
327 3.3545104113475794
328 4.960884220256783
329 3.8750841797275886
330 3.6852742739977296
331 3.5054502358461903
332 3.7421347081867165
333 3.958946978762128
334 4.327401202633969
335 3.420894260505065
336 4.219503967320375
337 3.602875338854498
338 4.361777104981957
339 4.012289924082693
340 4.240645318075803
341 3.844628305797643
342 4.126590502507754
343 4.783124062972586
344 4.973978437007086
345 5.768490526108892
346 4.147527850343495
347 4.119567780589601
348 4.271765346077338
349 3.810304467962529
350 4.332881652790257
351 4.2342009961168126
352 3.517887537023795
353 3.9990738481701387
354 4.367873353255864
355 3.7697915140322307
356 4.194226936479836
357 4.157657353345607
358 4.119868323055342
359 3.914589893447018
360 3.7826087492044613
361 4.420129994850111
362 3.9319130207004096
363 3.8878710795858127
364 3.823731580231636
365 3.772634046287176
366 4.109779346037458
367 3.5525193195286264
368 4.159862457183123
369 3.442438386671313
370 3.386899274610675
371 4.066943188482981
372 3.9566102633641145
373 3.9248483077459637
374 3.9735946839454406
375 3.719624927108009
376 4.024133863094102
377 4.625246460027131
378 4.13167585354894
379 4.50215308892605
380 4.292615059411844
381 3.664964617251231
382 4.232704251217717
383 4.211267254516965
384 4.152186271059427
385 4.257736660419382
386 4.283403246367187
387 4.0741995033588205
388 4.097392292262593
389 3.4073479062714607
390 4.585275844818281
391 4.226060708989658
392 4.014655559228717
393 4.172927189891996
394 3.4783845057905807
395 4.244159346648519
396 3.8603971216071753
397 4.148993061530388
398 4.151829647192973
399 3.650968338256642
400 4.200167748468183
401 4.497341563350758
402 4.952839759457449
403 6.773356218601467
404 6.218966370389063
405 6.810034745620802
406 7.153560329081418
407 7.699192299865438
408 6.509821222881908
409 6.119722596189778
410 6.967485823286313
411 4.6815615448315375
412 6.00612215050029
413 6.176529039526404
414 7.003957693390634
415 5.637735769477045
416 6.369770894536105
417 4.897069537548983
418 5.291657199638486
419 4.758534888483646
420 5.318693886414044
421 4.6873937817181375
422 4.436191595609824
423 4.645692070903802
424 4.454460582464
425 4.692212231152124
426 5.172180665905006
427 4.918270333694941
428 5.04988934404537
429 4.375970228992836
430 5.072320532760606
431 5.119023210678683
432 5.010461199499307
433 5.840068922313728
434 6.536463846204707
435 6.172489127582754
436 6.006957159854303
437 6.623298253374949
438 4.06891677041101
439 4.112377587890488
440 4.188592500314314
441 4.407154307114355
442 4.0811998069717
443 4.490616552122946
444 3.8495695492853126
445 4.028597725949565
446 3.711020393636642
447 3.667549076224165
448 4.1451746584332945
449 4.155979261689477
450 3.496534327749111
451 4.195037089177089
452 3.843030595339589
453 5.260481891769371
454 5.033087346079428
455 4.074327758969808
456 3.6942494408002204
457 4.358366961891572
458 4.069336325270925
459 3.776920041951279
460 4.424601971256467
461 4.481049606457128
462 3.613435154308708
463 3.6101986991640906
464 3.91430412577211
465 5.3480748350486005
466 4.898721983178882
467 4.639601262932824
468 5.207499850215821
469 6.007905752669816
470 4.913637966729743
471 4.494281527770366
472 6.099538951628692
473 5.803246905663154
474 6.411018097126832
475 5.120147663062837
476 4.644329114602108
477 7.289545586415054
478 5.9871189477958815
479 7.397218822262616
480 6.029202486133869
481 5.577977956353655
482 5.065245141640862
483 5.574527658036863
484 5.289008921230993
485 7.561871069872037
486 5.511197007244326
487 6.9086461382757065
488 7.48089441055911
489 6.576682419699474
490 6.836620760305081
491 4.631373832645237
492 4.463590134287483
493 4.2493860319413805
494 4.354276822709104
495 3.6347212263230486
496 5.655711270804993
497 5.3853728986482015
498 6.0039855215817015
499 7.18441555655211
