0 6.487212745511025
1 8.995019676089443
2 8.462485690186485
3 9.14981935849811
4 8.970018943447391
5 7.856284969770846
6 7.620425966503998
7 8.13199921853614
8 9.814794875308937
9 9.865778557234997
10 9.73626245410797
11 10.78203453817841
12 7.884545286349873
13 8.27779689141083
14 6.510010125984971
15 9.401110214115093
16 8.381679704096527
17 7.416026835125687
18 9.161787532115977
19 7.533531788961611
20 8.224996821779175
21 7.559691400566613
22 7.496248358467173
23 3.4171842952730387
24 5.831381033430661
25 9.251918605059279
26 7.034847181224782
27 8.352791073815778
28 6.790303015495825
29 7.589449638234329
30 7.171568193294785
31 7.474652832252088
32 8.402719280790931
33 9.576948966274463
34 7.717629021841685
35 6.207978533617997
36 8.0774153460611
37 6.07125023794835
38 8.276572864749495
39 9.151603192771757
40 8.986525679486169
41 9.47014058804727
42 8.482961389981023
43 7.974203592818625
44 7.146351614694692
45 6.811195385706109
46 8.897040342938597
47 9.746343942697022
48 8.383513073544602
49 7.893988314366672
50 9.32108359108795
51 6.925390355446991
52 6.900564503726165
53 8.149952259091506
54 7.326413539541159
55 8.75751345430039
56 7.03836621561841
57 9.806334526173922
58 8.838074592884205
59 8.608406855766924
60 6.887217439484281
61 7.075516625667708
62 7.646622202801733
63 8.74938848469743
64 7.904826312294305
65 6.6230949215121075
66 6.202901983171138
67 3.189177437626864
68 9.673101365544206
69 7.440120566920438
70 9.755543431968187
71 7.708254115498036
72 7.428976179126784
73 7.835403203000633
74 8.41693851148187
75 8.697615396700824
76 10.039029858291492
77 5.606866160230061
78 6.676504087452646
79 7.821082299405728
80 5.6811915161528415
81 7.7236610165613575
82 8.923634468138502
83 5.727336058911789
84 7.739308675892138
85 5.963749331924324
86 8.037109225533985
87 8.705582208010961
88 7.822782715613109
89 10.01574888438224
90 9.794535569237581
91 10.124935513801573
92 10.301996273308955
93 10.342484390963833
94 10.027352887836935
95 10.704352520563056
96 9.641230129818641
97 10.400360370151288
98 9.37740111248687
99 11.603831233890482
100 11.550509177536076
101 12.178332901959307
102 11.15001409734014
103 9.465515064950743
104 8.81417358309917
105 12.146945372560696
106 10.68773698294069
107 10.893669411880024
108 10.478472685854731
109 10.200990471297871
110 10.285254102318458
111 11.134327721375273
112 10.689431367505303
113 9.254927033049535
114 12.478522796417483
115 9.014455586239393
116 9.562356622441154
117 8.027819958446738
118 8.532523876780752
119 8.968058922775919
120 10.414266611209989
121 8.595026021979542
122 9.704987620863758
123 8.213928247106525
124 9.363847760812362
125 11.448988780027985
126 10.280079499300975
127 12.357499793429435
128 10.737534004923068
129 8.58405335371992
130 9.21214617301817
131 9.15016240704606
132 8.465420904277613
133 9.358515372272535
134 8.19191009511133
135 12.07469652785264
136 10.478067315721187
137 12.092573205021822
138 10.500440117300851
139 11.659326344070124
140 10.630275534655235
141 10.662418519547382
142 8.182497323344231
143 11.060691953118576
144 11.364530005114071
145 10.977496228761016
146 11.11169505832418
147 10.747739840128324
148 10.661109635761603
149 12.819323076760586
150 11.090763480617984
151 10.44914405592946
152 11.59886326728882
153 10.32029889550194
154 11.112290674073714
155 9.720605108417692
156 7.141386347044944
157 5.902220109708841
158 10.715625535115844
159 9.412297500803133
160 10.373750907435966
161 10.8149958857026
162 10.821394986765277
163 10.352294139571036
164 11.444509076266716
165 9.161468994762071
166 11.486734855490607
167 10.182183172882588
168 11.54517797258167
169 10.107681737452918
170 8.752750145323533
171 10.042713904066455
172 11.49608581943848
173 9.93305800981829
174 12.639496142277885
175 6.778416067309677
176 8.900328333104692
177 8.681600806961521
178 10.824846685420862
179 8.660902308151103
180 9.693310514550323
181 9.164516934668656
182 8.586958336966124
183 8.462834832346077
184 9.254730229831432
185 7.973910920442597
186 9.62992460529933
187 10.5081672404703
188 8.068516579413822
189 9.31330913331175
190 8.884523498422054
191 8.817774534016776
192 9.403095906336631
193 10.871744440456249
194 11.052223650766624
195 9.159425932428169
196 9.228204662532946
197 12.903215936852682
198 12.091426336417037
199 11.730908069270598
200 11.473019522323243
201 10.529126456308285
202 9.192863726180303
203 8.546420973118664
204 8.442088863123852
205 8.490089511949495
206 10.368742788918581
207 8.572170490413313
208 9.864959288962542
209 10.240630844359544
210 9.09135200040902
211 7.9541903641341625
212 7.497180632811418
213 7.524361047982167
214 6.594127312952129
215 7.391098908691298
216 3.4071487157627254
217 3.374932898079622
218 9.232649168114051
219 9.302955031265805
220 8.514101552380515
221 7.265935750157
222 6.219369539368544
223 9.138556340043499
224 6.01212787160033
225 8.536534531998042
226 7.14371936281394
227 8.205104731106774
228 7.790419460626847
229 9.708748059628864
230 9.362709440649263
231 7.690796869453752
232 7.608438033088689
233 8.680548525583683
234 6.637644393337851
235 6.443759671837361
236 6.376529010590972
237 8.440320903349436
238 7.962980305554766
239 7.824728669557738
240 7.746109903047131
241 7.388794954496644
242 6.7486798896564375
243 8.857273210560862
244 7.003589345791015
245 7.2785002646991845
246 8.2397848754903
247 7.848377770737954
248 7.459085743997633
249 6.421536392654339
250 7.885616286436759
251 8.137535184613064
252 7.364827999071213
253 8.243909722520815
254 7.012218154238165
255 6.909030825850021
256 4.95080517796725
257 7.028816730345552
258 7.480459317850816
259 8.637660459628894
260 8.284727890582392
261 8.861731783173948
262 7.719060607125756
263 9.674119940085788
264 7.144259904736649
265 7.772487222961141
266 7.585188335783818
267 5.854411543846192
268 8.835913572145687
269 7.468462477108695
270 7.120546338702301
271 6.052851159204999
272 4.0936562962671506
273 6.724180805506809
274 7.652644821909249
275 8.74422144314587
276 9.946486759544355
277 6.190752908343286
278 8.94337580708975
279 8.32215722066477
280 8.04981630720953
281 7.841973496721865
282 8.396278553198108
283 8.078732222719331
284 5.815469077133636
285 6.360189268411514
286 9.182995753119576
287 10.886219893830381
288 11.18854898988716
289 10.900747689786387
290 8.27055234843236
291 8.469074551183017
292 6.691528572706367
293 7.348819611331321
294 7.736810666588368
295 8.613362750791
296 8.544798722471521
297 8.854721606982086
298 11.519153506019533
299 11.90174072264628
300 10.595028181338146
301 12.139335316830394
302 12.593507761899525
303 10.428023534330514
304 12.128162108243911
305 9.818634337617326
306 10.936449718437515
307 11.305328864957392
308 10.301925764700297
309 9.475478042455476
310 12.419752091276305
311 9.608119933589332
312 10.04881406505637
313 9.544912698702133
314 7.885911883416023
315 12.227453699615577
316 12.97587526208354
317 9.69922443987703
318 10.812137483075352
319 10.149804368141785
320 11.101792956529906
321 8.572495950914075
322 7.87092280252439
323 6.999927154761509
324 7.580603869012737
325 8.319430572844164
326 9.016020673390667
327 7.894736786195038
328 10.727715152714802
329 7.425553991130271
330 7.011283100000172
331 8.316460773386886
332 8.772167404728807
333 8.373311575089922
334 7.862672688702599
335 7.8943965557594415
336 9.852925853460778
337 8.577076244767971
338 10.217815520780809
339 7.11254088318053
340 7.5230996185139345
341 7.676351462336494
342 7.140888904789148
343 7.4363635451288514
344 8.03832639653058
345 7.601684446719759
346 8.194209857515187
347 8.07880677214275
348 8.668267771392388
349 8.838670906390943
350 9.183791383395945
351 7.633174988079102
352 9.76373078001314
353 8.344791664777134
354 8.582597260853879
355 10.872568682080935
356 7.425929249745907
357 8.351535861744022
358 8.22739769822433
359 7.44201540782944
360 8.180135203581717
361 8.940895110092525
362 8.341608809891444
363 8.78817064558734
364 8.70235668442527
365 8.123450368439597
366 11.140933187032589
367 11.118068079500846
368 12.46904303147127
369 11.82656920482097
370 11.31874396084368
371 10.65803338747541
372 6.61191845057574
373 9.398876041072752
374 7.843963052422562
375 9.274998575391818
376 8.249691725619194
377 8.783715943492965
378 6.925221461776122
379 7.902182634168018
380 6.9725929916894485
381 9.036169038232648
382 7.2775619130073235
383 7.863975620463887
384 6.363455231081424
385 8.085915194296248
386 6.963902011412077
387 6.687998531290212
388 6.216912174323455
389 8.403252429492305
390 7.505857628403608
391 7.6398803333018055
392 8.134249590880751
393 5.847950041928828
394 5.794143874230226
395 8.45207840829688
396 9.277192067754504
397 9.324785507537632
398 10.247502826426192
399 8.775110212610148
400 9.341455214419915
401 9.799070223429696
402 8.352860857670867
403 10.237616872293204
404 10.712853831139183
405 9.478402956562931
406 9.321854639493596
407 10.261926675181915
408 9.604942257156765
409 8.782582398843356
410 8.080434020271237
411 10.49334869092828
412 7.901357935537685
413 9.116552470009339
414 6.963416442832743
415 9.424406704079834
416 10.769730695696571
417 12.27048939569919
418 12.025039525461303
419 11.182881970049246
420 10.625636255680881
421 11.057108587435154
422 10.829753096576788
423 10.962448195974174
424 11.56054444871657
425 10.870609096877446
426 12.829877526551963
427 11.45344142712974
428 10.380160339838326
429 9.42704394227376
430 12.114304833272334
431 10.290990373461154
432 11.129908834153646
433 10.906637823182063
434 9.28779888881957
435 10.5414314383876
436 13.142795105228865
437 10.784148934509249
438 11.010238999406813
439 11.115823241362827
440 11.57329756095153
441 11.447312661385203
442 11.90477703966126
443 10.155060945852657
444 9.938425145472683
445 10.660556374421928
446 10.494767214768704
447 9.081291556463437
448 8.02137702295984
449 8.322535546427511
450 9.665826433021724
451 8.589256201428686
452 9.5823375020145
453 9.931033008354039
454 10.889443344720611
455 8.230957597228043
456 5.922616235883175
457 7.508178932580868
458 8.97346656992981
459 7.15140380325917
460 7.449677301206116
461 6.795264504224773
462 8.56826440730252
463 8.338596237120559
464 10.90022758428742
465 6.730836125367537
466 7.761196367274309
467 9.08802776765532
468 9.186021008665001
469 6.251940544785364
470 7.547163587317758
471 7.766162857328189
472 9.797456424450665
473 7.602311326073356
474 6.8475708566066755
475 9.839087738959563
476 7.662475902392569
477 7.498588229572552
478 6.778620655665078
479 7.179855695891401
480 8.378332908686735
481 8.033376772392467
482 7.315195043021343
483 8.730128013169166
484 10.624972775452713
485 10.303329512817893
486 9.466287255888439
487 11.059271958169017
488 9.98559891958153
489 10.646160995246476
490 10.89129314714481
491 8.427535504561781
492 7.650490834365746
493 3.7792132636616986
494 3.051746593307049
495 4.133790330417276
496 3.4045906283008978
497 5.428247065441035
498 3.4981992226214333
499 3.594249230612033
