0 5.196722147938297
1 6.483958922943245
2 7.386770257860714
3 7.151075374109264
4 8.455086892511526
5 6.766903092137125
6 9.129846562204923
7 5.796161757091254
8 6.1602326342986675
9 6.8030959341272075
10 6.132383670328105
11 7.575376233058527
12 5.3153049295052615
13 6.442698032353289
14 6.38357592024095
15 8.29490274835185
16 6.961375311185003
17 6.184980111840017
18 5.716447358053803
19 6.014970641565565
20 7.2766671054498655
21 6.587864021830855
22 6.265933860805662
23 6.735273215310744
24 7.412230244185965
25 6.5821765779753925
26 8.385657414882509
27 6.664892776497384
28 8.968091827101167
29 6.774433479621632
30 7.410253753098157
31 8.017522573196803
32 8.958307999206664
33 6.663084558896546
34 7.928895014793513
35 7.203507860718651
36 8.678351433713573
37 7.96308144205614
38 8.595169126845454
39 10.779496245478626
40 8.801624841104159
41 6.953475648963707
42 8.311550379221051
43 6.580032676347584
44 6.804811888925369
45 4.009210760472059
46 7.131737228723922
47 7.403669412974093
48 10.628386588335783
49 10.72289737101341
50 8.908119233539217
51 8.196348752244491
52 6.295069239712508
53 10.164214724288925
54 11.409306239726815
55 10.158116047339425
56 5.735455035238506
57 5.4406960918213265
58 6.783197695435285
59 6.43660049858098
60 6.530909393784246
61 6.417117382884223
62 5.928539398142664
63 7.50144891335151
64 7.011037998323401
65 7.787454343865637
66 5.236182489777669
67 5.366825292189159
68 6.006010095283936
69 4.437572517809173
70 7.130653150810469
71 4.2521203474026565
72 6.112694238313755
73 3.7229464807048362
74 5.315025823911182
75 6.674366442383318
76 5.888223483422314
77 4.731163664353277
78 5.012714189463244
79 6.474910789586889
80 5.8016469874187715
81 7.466067715248723
82 9.159232597323314
83 6.968622400953895
84 7.30812824230393
85 11.16821642653778
86 11.514059841200288
87 9.056992910884953
88 8.603132916536156
89 6.800759385950504
90 6.988093468067203
91 8.143889333021372
92 7.671715692746334
93 7.691689534262822
94 6.6128543579525765
95 5.057749411883249
96 6.284523031678673
97 5.110329834019448
98 6.783573766684775
99 8.706729762063972
100 6.482270252613732
101 7.1463762781097335
102 7.261186744750177
103 6.093665969473171
104 4.4002060740054185
105 8.52193436210201
106 7.8938597259799055
107 5.465520896482617
108 7.940342024410162
109 8.068174793653947
110 5.947213079694108
111 6.952434953528958
112 5.978797194318947
113 5.389087178030712
114 6.672363289195241
115 8.643588823698318
116 6.394722152864156
117 6.069430473426663
118 5.496799223387957
119 7.2040668706332065
120 5.59991742566965
121 5.990376701292883
122 6.1847069763059705
123 6.196796142965346
124 5.858936561905168
125 8.52389777792908
126 8.227884393052216
127 5.449739212101617
128 3.3467125876104067
129 6.540282471386683
130 7.040665538772006
131 7.415882307011722
132 6.7401828166517594
133 7.160359902326432
134 6.6329378660029485
135 7.084118682620131
136 7.962788160850841
137 6.802722360360507
138 6.446499113204908
139 9.430653640112011
140 6.155544341064583
141 6.964676234116047
142 7.106029896884044
143 6.9444512303187445
144 6.725554888075848
145 6.996367372271958
146 5.993980158975343
147 6.164469663144877
148 4.026632327870487
149 4.211803647237736
150 6.223933632880719
151 5.993364811114854
152 6.365924933793695
153 8.46203000354366
154 9.317845041225452
155 9.653357154045795
156 9.444452493068797
157 8.89387303146514
158 8.116730660893671
159 6.376151163984573
160 5.976012477705396
161 7.544125524901595
162 7.089198533476674
163 9.329970399684766
164 9.18381941389026
165 5.518315386701969
166 6.0241927131996205
167 7.602253019311787
168 5.626141365922996
169 7.027936049315897
170 7.693225453624205
171 3.683315908893888
172 3.699150401796719
173 3.723079079816095
174 6.299969301770592
175 5.083596318933023
176 6.2111789212190995
177 6.2833091167552615
178 7.337020687412686
179 6.560337859458095
180 6.128960142538239
181 6.775574352996141
182 6.835306659602895
183 4.845505477604009
184 6.051385404310072
185 5.853374716899594
186 5.8566087952497865
187 7.336319962643752
188 6.177982890980219
189 7.732646902590151
190 6.368605145952479
191 7.778545831841688
192 5.753858552776729
193 6.249273128843574
194 5.742041254788262
195 6.030141365263727
196 6.188482490952568
197 6.175245454366159
198 5.840073849260407
199 6.67170613880295
200 5.822170378030939
201 6.464719596253779
202 7.638890195733681
203 5.854150531479445
204 7.505474355548557
205 7.234189154932303
206 6.202207808175044
207 6.176137958149495
208 6.613407435556029
209 6.778469365570106
210 7.849555964581246
211 7.690827973071364
212 7.316580395200514
213 7.077299845320085
214 5.6247243786027346
215 7.850536909378513
216 5.757394347331561
217 8.197504703461563
218 6.254837329160531
219 6.304068787559383
220 7.074717386909773
221 6.684378699685045
222 6.994808972391892
223 7.333695036265537
224 6.939261229568603
225 3.8840022614705654
226 7.490540578674995
227 5.676571923973532
228 6.997782539876169
229 6.712411657321097
230 7.041071670144467
231 8.151141754103124
232 5.706288846304754
233 7.063705746143681
234 7.344795105134539
235 6.6870167587718905
236 7.393281804185924
237 6.245098028685767
238 6.617649097089192
239 6.3290266835884355
240 6.156423978798579
241 6.739907639213379
242 6.682957643060562
243 5.698266147506038
244 3.647060967159986
245 4.80720593597032
246 6.838559081497414
247 6.212027339353876
248 6.701269525332149
249 7.133080188145998
250 6.1488017974260245
251 7.4085327810564205
252 6.773229434846449
253 6.063069258763596
254 5.747648861826736
255 6.663734608416603
256 7.617988397043638
257 6.704085823003321
258 7.630103000686603
259 7.772175764009937
260 7.660961538694636
261 6.695169470622058
262 8.066782312408153
263 6.630779922858667
264 7.486875658760985
265 6.884121921454991
266 8.090295143349463
267 6.727665296589548
268 4.616087109724256
269 4.5527327275337415
270 7.586037924198663
271 6.562578362067772
272 6.6452529523004085
273 6.769485561089322
274 9.299533256623201
275 10.287598918961375
276 8.247768352914791
277 8.515498778123149
278 8.60238144418244
279 10.396571198359876
280 7.636277813759563
281 9.03514982263331
282 10.064432848137152
283 9.004883342068954
284 8.408345283849563
285 8.505751242431781
286 7.000668742516703
287 5.370970635305282
288 6.231948523478557
289 6.41664883508528
290 6.134389061340961
291 6.99815946269155
292 7.543754012459219
293 5.335357942461397
294 6.616454080722606
295 6.124336330034845
296 5.546378251548571
297 6.754288763624646
298 7.041556608945146
299 6.618413454472909
300 4.0413317597615395
301 3.5999877675887544
302 4.109806713873166
303 5.517805420731433
304 4.6850464138930725
305 7.629855585448965
306 6.317752114359393
307 6.541196365906793
308 7.214675942427836
309 4.322704628215554
310 6.85356380085991
311 7.9561515983439834
312 7.698924127744315
313 7.203272759568544
314 6.650979136197365
315 5.938629609016846
316 7.4641961083270045
317 3.9774936492679474
318 7.579590424641375
319 6.162471371030169
320 6.410707130983526
321 7.486160065485889
322 5.779580060520539
323 7.395866616836792
324 8.0676664983067
325 6.347444627402178
326 8.446968837686793
327 6.0655699150598785
328 6.395360317338917
329 5.853781811906938
330 6.307037575264477
331 6.939927346266518
332 6.314392403372229
333 5.73732537374483
334 5.859940201575725
335 7.00450417735206
336 6.124487655506575
337 6.390069097566624
338 6.985792966718745
339 5.922439921437152
340 6.3621552096402425
341 6.424043351727491
342 6.499331002122017
343 7.366330541404827
344 5.978246568462488
345 6.518822413412496
346 6.085955113271772
347 5.854273644406779
348 7.828688297831977
349 3.7024301746824024
350 3.870969209846998
351 6.37995397107054
352 3.823500478449081
353 3.987574107436637
354 4.0988859958845625
355 3.810986067311064
356 3.745326957352111
357 4.112770573113402
358 3.8748290463534323
359 3.980213379199776
360 3.83539650293392
361 3.348378744233802
362 4.758642104918506
363 3.758867538720374
364 4.075379805854423
365 3.738092975673154
366 4.602321321082325
367 4.2537966340065125
368 5.730244020040393
369 6.364390953369956
370 6.026652325880636
371 6.594300535303238
372 5.795926838159425
373 7.016952058899514
374 7.1960003695443975
375 6.746212935437521
376 5.922716936532442
377 5.552217410390485
378 3.769625140141282
379 6.481037538964251
380 7.5517417366653286
381 7.757758670230818
382 7.056528527283807
383 6.425394236061135
384 5.938322023443122
385 8.103983663010482
386 4.943414541249602
387 6.783823176427337
388 5.0682875801191445
389 6.945662567903801
390 5.962827024062765
391 5.593578639574681
392 6.377876423739781
393 4.086816396232673
394 6.259287210419014
395 7.605148835795809
396 7.765713221114948
397 7.260617767694023
398 7.120353230231172
399 3.996580191925524
400 7.684705939682287
401 6.38305875014792
402 7.191085145977849
403 6.229994315062662
404 7.960753054390477
405 5.804371989909933
406 6.263290972756998
407 7.4261894429470185
408 7.235310380605361
409 6.676784888008372
410 7.156572096206241
411 6.754605865259813
412 7.140115332237686
413 5.815190056569197
414 8.130354775166534
415 7.018251712386227
416 6.898475996276158
417 7.390450025965346
418 6.873895380403387
419 6.081978449035982
420 7.103232411534393
421 6.668432573102897
422 5.854003725088239
423 7.8103682053387375
424 8.266160772319589
425 5.443972689046658
426 7.181204390845621
427 6.180613535973673
428 8.199085996599337
429 8.362041385766005
430 7.381533946635673
431 6.491731713559033
432 6.099024661431962
433 9.610042027482585
434 8.577992795730912
435 6.450037614116109
436 7.556449280043751
437 7.206834977491168
438 8.512048278097835
439 6.856913608143405
440 7.18010566166796
441 4.565110385372498
442 6.152447508771478
443 7.4795540413284005
444 5.6629733093026395
445 7.498636667367419
446 8.295246502382815
447 5.045894521883934
448 4.300110920286755
449 3.66155168434495
450 3.693171841010594
451 4.020276078030088
452 3.921181794430661
453 6.626084253083626
454 8.027453877944202
455 6.501545504901852
456 4.653523763172054
457 7.6707740871231715
458 3.727775508400151
459 8.083909062028496
460 4.073176277052135
461 5.635685822424174
462 6.9340562425516525
463 7.0482635397650695
464 6.690218849170487
465 6.508461334956595
466 6.808049401884076
467 7.044606166283598
468 5.304804983206043
469 5.932062967329961
470 6.4994282957771725
471 3.6649271923406297
472 4.582435751380345
473 3.6927303767672415
474 5.405659606298499
475 5.025928341387749
476 5.326024292366644
477 7.956891189524849
478 6.486892487922173
479 6.034323283426199
480 3.7577379584958694
481 6.61796502036144
482 8.713951052494933
483 6.151907059678738
484 7.5202981909705064
485 8.246699586734461
486 7.650741125481336
487 6.282581009320114
488 5.814533770385187
489 7.8761990505584265
490 7.5740366607058265
491 7.309816083563482
492 7.921536900233642
493 3.81497083237626
494 6.692413205703996
495 8.602763037294892
496 7.517184104585774
497 6.498768854683953
498 6.395702588012876
499 7.084444442848384
