0 4.167411780582
1 3.5162175918180574
2 4.717125012610809
3 3.188923422566675
4 3.843405304544359
5 4.682121916649848
6 4.448469000268194
7 7.459613897482002
8 5.76934172447255
9 6.426857346781633
10 7.915140158676114
11 5.895015148941277
12 6.9403030745632925
13 6.159991790258577
14 6.335300052646364
15 4.747653495000384
16 3.3747881952978727
17 4.323083505461537
18 4.366502113471985
19 3.528088660392381
20 5.823031450524451
21 3.48769185767817
22 4.804573077165074
23 4.960962240824815
24 3.6125998225735354
25 4.041617917201192
26 6.864016722934645
27 4.4418301544541405
28 4.073205641248732
29 3.7653909450854686
30 5.058789235339688
31 4.605414190150421
32 3.4411550688531225
33 3.7020430752244358
34 5.199955016260791
35 3.3898282593263955
36 5.552235783906776
37 5.40983188963226
38 3.7061188850063633
39 5.880207410524506
40 5.865047018209661
41 6.480653380581427
42 8.719028703113386
43 7.557624955105191
44 6.7666105610700695
45 4.1722378717740805
46 4.0206871581900625
47 3.612034453121451
48 5.163937216582009
49 4.6497528282564415
50 5.735318037697322
51 6.609989496486473
52 3.6074566672978507
53 3.8905604785577266
54 3.351082064166122
55 5.72768905006091
56 7.385435736910895
57 7.2193858357117815
58 7.653436338025522
59 9.9679817753619
60 8.140629262686273
61 7.755426450160506
62 6.708669301367675
63 6.231161830600481
64 8.963129522403808
65 7.229119061000513
66 9.359865099793046
67 7.723945104079304
68 7.312919820989185
69 7.913480347524444
70 7.3142595201183145
71 6.940544786302134
72 9.944874329454189
73 5.640027295987087
74 3.6531686855571426
75 4.63167301179144
76 3.8130600477566112
77 5.97014548576172
78 3.7089605503911933
79 3.022278007294513
80 3.778640555808091
81 5.632938529783997
82 5.3826748288872155
83 4.681097096234312
84 5.691086940764314
85 7.432980013271795
86 8.300832378973787
87 6.031561795638439
88 3.7965943787910663
89 3.9780841634832402
90 5.688919787323772
91 8.368697111492017
92 7.155651796371466
93 8.324751863881517
94 6.509871472285641
95 6.767067412672148
96 9.173107839330473
97 8.906131202428288
98 4.632658574472807
99 8.27668852235424
100 6.850275551096221
101 9.698280672907531
102 6.580177203895693
103 7.710462925061646
104 7.812698058381827
105 8.695857412906236
106 7.606017481914018
107 7.080345829372764
108 7.709033696123125
109 5.078375386449952
110 7.663909199680026
111 8.881626547083428
112 7.498378314161461
113 8.252956919468392
114 13.253214085717003
115 12.815019124524142
116 11.348623135022715
117 10.92901400596217
118 13.419674838152034
119 10.91376881564859
120 11.533624928807683
121 12.304380454177512
122 9.197558939720707
123 12.60108309395831
124 13.080169120383466
125 12.15015457498132
126 11.324533277363429
127 11.366265624478318
128 12.399248187755237
129 11.657409352840336
130 12.767971871346298
131 11.530610000624979
132 11.225322225290528
133 9.227591658389974
134 10.498424864767895
135 9.014161996357016
136 8.148294782290508
137 9.496765938075335
138 11.314608965621057
139 8.89767217922715
140 10.287923963434535
141 8.917613632884795
142 10.422044869770328
143 10.95557205548587
144 11.96849880224239
145 11.437154123489412
146 10.119057951233454
147 12.664777461770143
148 9.952002049024493
149 13.246329586600302
150 10.80241805660189
151 11.093121052461077
152 10.045239573415564
153 11.099687359091648
154 12.23169729266917
155 11.91869692736648
156 12.802806600040618
157 11.988133694893284
158 11.954638098612763
159 10.429175442620542
160 13.471667206217283
161 7.5970132531049
162 6.642465209834108
163 8.530346542596384
164 7.454697664174942
165 11.658715081409449
166 8.887515243553324
167 9.73765812063744
168 11.434383831205647
169 8.698100679632459
170 7.121247765360919
171 11.705638489694282
172 11.102104199024945
173 7.567680326263141
174 7.420736873565652
175 8.272606863251008
176 6.684295731234088
177 10.26401866350226
178 7.282626718282346
179 6.8122790828538164
180 8.547754380392444
181 11.695356415186982
182 9.308266234037717
183 11.903676805694078
184 7.8591730741511405
185 10.83754574393197
186 9.640451398707658
187 9.906992421511331
188 10.475093882325115
189 9.676525452052609
190 9.976934334583213
191 10.268939196139558
192 7.960964843829689
193 9.9533760230715
194 8.503103703012014
195 10.399138440064595
196 8.280234271847744
197 8.87110508104427
198 9.193652177974833
199 9.198853089754563
200 7.265017837521541
201 7.851491004338651
202 6.389745345285614
203 10.829964099067803
204 4.240804141297637
205 3.65584491015162
206 5.268437345394928
207 4.057482622359479
208 3.6756413815850935
209 3.619524947416021
210 5.545452730994334
211 5.600532880434715
212 5.460422886491027
213 5.724635513023218
214 6.651762762051052
215 6.423326176907335
216 3.7384639924855345
217 5.15919256752079
218 4.204862404782476
219 3.8936356578938587
220 5.100091440872305
221 5.496681754590636
222 4.097299271946755
223 4.239231944054505
224 4.014382493194772
225 4.1106492118059
226 6.774654489586223
227 6.380005201218717
228 7.993739192981272
229 7.380171502808961
230 6.504838217549798
231 5.333991235122383
232 4.484017554205637
233 7.640193704022955
234 3.888789601607086
235 4.871220603596267
236 5.3396690721126
237 8.463010427590033
238 7.267666386564348
239 7.678438539966396
240 5.3020424080161
241 6.279159885105713
242 6.524359360039598
243 5.787800103269757
244 5.195728564165952
245 5.1999945795081155
246 5.825637458298807
247 6.362441644405269
248 5.438460734621319
249 7.289423867935641
250 5.9614972754629685
251 3.779580746534087
252 3.56446083137497
253 3.5768015808529476
254 3.6923066825925575
255 3.3745010272568043
256 3.575045617367815
257 3.9303885784766877
258 3.241685134582472
259 3.3677621655831342
260 3.6896078978995788
261 3.3944569619689666
262 2.976450682038172
263 3.3778305575913437
264 3.572009832421753
265 3.347178347093687
266 3.5682687428513113
267 3.580780415422916
268 3.391935413404774
269 3.5842120373208157
270 3.2046927753128913
271 3.6115589605398464
272 3.702759437576374
273 3.3540442933456056
274 3.0949946804709683
275 3.958875563716321
276 4.1891996877943285
277 5.927141375297216
278 6.018235316300392
279 2.8756924681588614
280 5.561786586507623
281 6.467933655296735
282 5.5242672212854345
283 5.2224313435714835
284 6.559054370856092
285 8.467897804262558
286 7.082595866815464
287 4.257069383329561
288 3.230328448461787
289 7.976673866319516
290 10.607871172361868
291 8.893447440745048
292 6.458190034285442
293 7.620700933842602
294 8.972878390354312
295 7.150819583831062
296 7.648801109796686
297 6.538347622180994
298 6.126822182645997
299 6.266706639325867
300 8.01844835276516
301 7.574428888727869
302 7.100973625694363
303 7.927449399207338
304 6.715523193017709
305 6.629103237118193
306 7.150562321116808
307 9.417896143676685
308 9.000321264494305
309 9.485593978734066
310 8.762656915457681
311 8.294717950735944
312 4.8103221737102
313 4.325482618136269
314 4.420749446375991
315 5.803531974461219
316 6.320337328152294
317 3.8630586184756392
318 5.727096442491105
319 7.351569923032564
320 7.261645995133199
321 8.023402119877591
322 7.700883379487786
323 11.33585078681395
324 7.463667972867198
325 7.679452968861013
326 8.244552249645086
327 10.969689108132567
328 7.710776997802474
329 7.31866794243333
330 6.266065513326825
331 8.670796107901873
332 7.372525084045758
333 3.433370886538782
334 4.188276846179686
335 4.783893317021747
336 7.545851581433993
337 9.339024821293517
338 7.684922862959509
339 5.610467803967129
340 7.089909126602224
341 10.362755639411246
342 5.558221937730677
343 6.082215249544412
344 6.740160644100277
345 5.982281370103275
346 4.071918490901875
347 4.6638253952908455
348 7.515746361447927
349 9.612970147247234
350 7.756924344772605
351 6.295630055231687
352 8.371023764505885
353 2.9400293732778473
354 3.6783786994804073
355 5.386698869133694
356 5.70202372471068
357 7.729206461646409
358 10.389221109194414
359 9.469170800862138
360 8.535862643648613
361 4.196818756789643
362 6.319919277984297
363 7.0256354733644235
364 7.9580839609569685
365 9.370093878180136
366 3.561350157456238
367 7.524742359396486
368 4.423943950550261
369 6.776699004970278
370 3.317692576199276
371 3.037300813953509
372 3.4155730285689714
373 6.625634688957686
374 3.62358080264505
375 6.134328058030723
376 4.545224736014288
377 5.714605681139545
378 6.843749308555281
379 7.442804472395909
380 4.01252038988845
381 4.4280588430645205
382 5.545232762434009
383 3.1489166558073762
384 3.9347962815992465
385 3.5526266279725474
386 7.0952335688766635
387 5.714632835243027
388 7.509804102242677
389 7.6802871761077975
390 3.574155583625299
391 4.121461706445799
392 5.042689879486242
393 5.451637572159239
394 7.093192322336674
395 6.922199376530826
396 8.468839451376935
397 8.291108547435353
398 6.074793320231623
399 7.355669492004398
400 7.300177866253516
401 8.7229916051549
402 6.986567423667282
403 6.200286063792713
404 11.07460125830924
405 10.953703335824681
406 7.985159824545424
407 8.474473114539657
408 7.933217989904109
409 8.906342961764778
410 7.1988442755616235
411 9.518694733493453
412 7.8213099322493855
413 8.518439575889312
414 7.030390894458134
415 7.3623991797952595
416 9.16091189053672
417 10.553496047443037
418 12.298073040505894
419 12.015213096694534
420 11.26747661562321
421 10.381638273636623
422 11.781319126000827
423 8.935479596797757
424 10.942146335636783
425 11.16561182950715
426 10.08918834776619
427 8.882688479716403
428 10.54100237837496
429 8.805498145211002
430 7.018925813340321
431 8.157322567861014
432 8.135344604473161
433 10.994786967073995
434 11.667758551513458
435 9.654211581200489
436 10.591282251539063
437 11.942846881709956
438 8.443909174023176
439 8.947597540630456
440 6.7823041636219905
441 6.451830341216647
442 8.60520685481178
443 7.097976923733352
444 6.2350661989529845
445 6.226516817502685
446 7.114937119956352
447 7.0795646959496645
448 5.4890025102086915
449 7.330565273032695
450 7.428419145338407
451 7.123578304784425
452 6.355431357299361
453 6.340860813020311
454 8.493068839709828
455 5.759508961243165
456 8.332006252719431
457 3.6635419335968424
458 5.5582482423501185
459 3.7213711897966517
460 3.6793620431809355
461 3.586614820991169
462 6.410063037020233
463 4.184139002159158
464 4.180860521557283
465 5.359813428806788
466 4.2090516502294415
467 4.944290059074534
468 4.1958845293759435
469 4.179812503038398
470 4.285516045994696
471 3.7436977331573162
472 5.186003668001301
473 6.24872093047476
474 8.425218048756934
475 7.948318642955051
476 4.643989878593458
477 6.189265879129524
478 5.441690299904634
479 2.767751531160876
480 6.28381924589308
481 4.6143253851505355
482 5.1319891654357
483 3.392571423154983
484 3.5153689116923728
485 3.2748707632753296
486 2.926053575417725
487 5.0210937486189
488 4.839696992916234
489 3.281579435009963
490 5.371751777819679
491 4.760211488573913
492 3.0183728758575215
493 3.1960937937018676
494 5.250847750901053
495 7.511297431695233
496 8.116915004220843
497 6.328597486000932
498 6.480722834350641
499 7.2058629116832025
