0 5.26592109664964
1 4.7351699428060385
2 4.049925885509021
3 5.021737968300262
4 7.375140802392465
5 6.813780687764004
6 6.678940375628973
7 6.8238866462601395
8 7.3996817748073855
9 7.11607319829924
10 6.114910622516734
11 3.697975166667277
12 5.984214434699162
13 6.083869460363666
14 6.3043613522817985
15 4.909085487652702
16 5.831289000394713
17 3.8000627046307405
18 6.693365456099547
19 4.887567323210384
20 5.057007556900675
21 3.9509300140598187
22 6.896986669447114
23 5.636377061915448
24 5.705851023575413
25 6.342103740700626
26 5.5888537694926494
27 5.447090495696005
28 4.7966190897734675
29 7.733301888999036
30 6.951858651971326
31 6.479572748747122
32 7.473672049764147
33 4.920212903746135
34 7.308146434426637
35 4.231635848276526
36 4.452381153283369
37 3.74685933938835
38 4.462748789955947
39 3.877351887470876
40 3.9137787700848956
41 3.94035201174415
42 4.076907786277459
43 3.8849730039310377
44 4.672395370957862
45 6.957335217159388
46 4.736991326451284
47 3.722237439290964
48 5.508433249872569
49 3.9126800396074146
50 3.8726145466269375
51 4.521147055259215
52 3.960573329311903
53 3.7995059910378544
54 4.655251757891531
55 4.0564950337855805
56 3.906017703527094
57 4.785096622552363
58 5.444938784976055
59 6.50762629166122
60 5.263233513714232
61 5.541075774574761
62 6.8101140208324535
63 5.656971244650621
64 4.918931717753909
65 6.1370033020520065
66 4.477794510277563
67 6.153090268510622
68 3.832670318657084
69 3.9046676319131444
70 5.650851961769092
71 4.772931272875617
72 4.304308974196483
73 5.516946892033836
74 4.546736108324225
75 4.96813063256275
76 3.740060290565708
77 3.8312858483721888
78 3.322285935539448
79 5.191881252756673
80 4.791684155323767
81 6.200066530616654
82 5.350372043192187
83 4.973198071099148
84 5.1454816140569015
85 5.206325840880022
86 6.148482884386114
87 5.921946814632932
88 6.438870709187825
89 5.561101113880679
90 4.975609883067173
91 4.684666731443584
92 6.313463968332621
93 5.327057747582543
94 6.219803069888639
95 3.8167048181069916
96 5.718186524823768
97 6.815310290930698
98 5.519581090553197
99 3.8686425607517725
100 6.544448520102437
101 4.175657553487403
102 5.399225529303697
103 4.956966714289417
104 5.776415903262712
105 5.9736645799286
106 4.907677639931856
107 7.411879367596884
108 5.463511847483177
109 6.107486330794261
110 3.6651674523015467
111 3.4991660228994257
112 3.925509729875028
113 3.8705156092618087
114 4.946778896459375
115 4.581874367673798
116 3.9688094827377625
117 4.300072248970762
118 4.835060925915117
119 5.428525565743297
120 5.594290738351089
121 5.821846468511025
122 4.205613237308036
123 4.921922130968746
124 7.107005532713109
125 5.846971509875158
126 3.820736994882292
127 4.338911773312299
128 3.8958388247109172
129 3.8278990779860043
130 6.296974695630172
131 4.286742665470496
132 6.463207529694362
133 4.5495594312469745
134 6.509409603108997
135 5.642170826020567
136 5.586845660184368
137 6.3737226698744935
138 2.8924033691309132
139 6.507060079827809
140 3.749982760023153
141 3.710465045650807
142 4.010514023786233
143 3.8938423265496773
144 6.628659975818572
145 3.868334708724569
146 3.9370074568822115
147 3.0178169178385943
148 4.710941858666112
149 6.730329902447748
150 5.564843291943234
151 6.423879095918427
152 6.079950882704464
153 5.565670926014126
154 4.5268458572310735
155 3.981679568956267
156 7.499064249683965
157 5.840229367915848
158 3.9828042112553352
159 5.826351880513764
160 5.620035951641948
161 5.96358456823309
162 7.269095140442525
163 3.633292360888756
164 5.206667653250554
165 6.71520093184343
166 5.603822935741638
167 6.361242403073584
168 6.203693786319103
169 3.7166206553174015
170 6.44529279396709
171 3.8385565188152646
172 5.507652172966122
173 3.8891745489882843
174 4.949378578251994
175 3.7232515349196458
176 6.588602477249241
177 5.462709534322613
178 5.124214095925723
179 6.8268602597960015
180 5.245096626775028
181 4.103904860136838
182 4.924110836418668
183 3.787217440259512
184 4.22015069200667
185 5.365768781886435
186 3.496685299844919
187 3.789904914395063
188 4.466989138096403
189 5.029724299221364
190 5.358058057739209
191 3.650385452117107
192 3.742685484448087
193 4.953908280776029
194 6.334661944354848
195 4.729034272545699
196 4.2350376694574905
197 3.9224502518912683
198 3.948371335038869
199 7.922943069686607
200 6.789973282850115
201 5.373424104897901
202 5.778850023257406
203 7.428867411704639
204 6.482515864079016
205 3.8195709548367316
206 4.257091370980926
207 3.7073455561228585
208 3.8887089459412163
209 6.526339403682479
210 6.971093219283196
211 6.336981543031177
212 3.9682353256648324
213 3.5720685146421647
214 4.09551125353214
215 3.725095045589455
216 3.8438485081263702
217 3.5294770460939775
218 3.753701128732744
219 3.4314491532227716
220 3.7668321938709477
221 6.999656443745276
222 6.061883963517704
223 5.600697852801696
224 5.308411572847764
225 4.877504557550925
226 6.546916534959366
227 6.196696532349515
228 6.704730966308409
229 3.658350582476068
230 4.583137704758623
231 4.211846539816445
232 4.006235434535596
233 5.417015728765189
234 5.810861947711451
235 6.0786214367111
236 3.8009311592017294
237 7.037908696292425
238 6.115712236587354
239 3.7949323923947245
240 5.608962181356238
241 3.912742339210829
242 5.475583859514244
243 3.8724119267930126
244 4.3422562302552405
245 3.7345182064674334
246 5.253301916643863
247 3.9020424034478443
248 3.5441874152184316
249 5.322109868520885
250 3.8979417942761425
251 5.08010588304571
252 6.61217248310365
253 5.761965090589727
254 4.846433493803107
255 6.795092836318734
256 5.014154890680109
257 6.747707064686357
258 4.477252418473611
259 6.85185988551629
260 4.656741082132931
261 3.8039013156405206
262 7.149618237834417
263 5.026986058904307
264 6.0592669391895075
265 4.58199955810975
266 4.517329932980862
267 6.081233205428137
268 6.190098058616906
269 4.649182200489556
270 5.2261919383233595
271 4.6956721841075915
272 6.797081370780867
273 4.904676134841391
274 5.460085897004772
275 5.500840975619081
276 7.134511454768357
277 5.205787793716606
278 6.20232751980034
279 3.6047057331157193
280 5.827126630138114
281 6.142943335385299
282 7.131880478114479
283 5.792064008479126
284 8.43056417853387
285 6.741901837876331
286 7.692456941186263
287 4.997287828192739
288 5.128515504410403
289 7.04762221466869
290 7.094562013161885
291 6.843868826317859
292 4.4197322301300455
293 4.408720710086527
294 4.702985280436065
295 5.373205689764984
296 4.9253589801315325
297 4.108218105875304
298 5.927716647763063
299 8.534283134787486
300 5.211040923579032
301 4.036807295542648
302 3.921599343108408
303 4.340809618863876
304 3.4301137301818323
305 5.774658805486144
306 4.043902038195229
307 5.797796529157193
308 5.082970814174167
309 6.924811107372972
310 4.715402320989723
311 4.2812528869771755
312 5.372026462108049
313 5.2305789383152606
314 4.902445128171766
315 3.986263064708444
316 3.7379279535044696
317 3.5644426483633596
318 3.715006814136784
319 3.8051314711126207
320 6.870233989307903
321 3.553137017916976
322 6.15163786408367
323 3.7766707497805667
324 3.799861981650149
325 3.3961015175575517
326 4.672116088696351
327 3.334837819461814
328 5.457871734574837
329 4.80865708975584
330 6.130794620731928
331 7.683471433486855
332 6.229167404306404
333 6.799641568653378
334 7.626398146627806
335 6.104338464057195
336 7.222717047466201
337 4.188738409724897
338 6.642244944636008
339 5.458249217432319
340 5.267745191481687
341 7.06326285039794
342 5.364698140427539
343 3.933585400462525
344 4.6342344501583455
345 3.732303722080739
346 3.719046754261603
347 3.999182942617635
348 4.866062044911309
349 5.90173996105989
350 4.835950342561003
351 3.0134662362222406
352 4.489376060440407
353 4.973995328604217
354 4.852948261106267
355 4.958918133107784
356 7.438968349167463
357 5.768554516670574
358 5.520853401433293
359 3.6722099056848894
360 4.248374078947925
361 3.6800178450487593
362 4.022118632649488
363 4.271181489422315
364 3.5960091429419627
365 5.582395955433613
366 7.636740747233687
367 7.824418491634823
368 4.621853893114498
369 6.903829165393919
370 3.5808580796403726
371 6.015302819697349
372 7.380551712835501
373 6.356637438380375
374 8.491727383829742
375 8.398399905375987
376 6.850954479967482
377 7.289588318590713
378 5.05618365151785
379 4.216038207177842
380 3.940818214914688
381 3.7249064512906114
382 4.042981020007071
383 3.8747706787160388
384 3.9406986102410095
385 3.72455117360595
386 5.528409225513151
387 4.995341196712977
388 4.650427271977355
389 3.769937472533783
390 3.9340704186038127
391 4.2196098331162615
392 5.59588484930234
393 6.413690441140464
394 6.222843119338625
395 3.947066204501656
396 6.442221911568919
397 6.500343379843721
398 5.178940866931999
399 6.347696965498386
400 4.645455049008633
401 4.579730021488768
402 7.292283305416731
403 6.6504735362455945
404 4.985794866599044
405 4.33642235864018
406 5.911045042729234
407 7.387227863867692
408 5.261264369093336
409 3.732285279723974
410 4.459044419951471
411 5.403537310788728
412 3.8868334591714446
413 4.128427824747287
414 6.309919885594478
415 5.128458457872441
416 5.899520824626233
417 3.7721304166382366
418 4.997793688979177
419 4.965872432067559
420 5.486548691136107
421 5.757429803926211
422 4.543718272401415
423 5.80478335776962
424 3.808896245307502
425 5.3034771032471575
426 3.5195326986999076
427 4.402058818974159
428 4.1347041018133694
429 5.119239979372717
430 6.778369580684476
431 6.497623657744293
432 4.123440309602685
433 3.703718228223666
434 4.1317364494988125
435 4.8932688908183835
436 3.305609399548361
437 3.945876877490014
438 7.012605069971252
439 3.7029516355362917
440 3.9258186967205315
441 3.8273710282815476
442 5.4552560100749625
443 5.843906922687043
444 5.308216526972163
445 7.002116816533213
446 7.1433444305096945
447 6.09641689310956
448 6.909430214398768
449 4.326279663389657
450 4.864842665314624
451 7.555169422733333
452 3.4065633887787974
453 3.810140178683939
454 5.2590769524936825
455 5.520229089474918
456 6.166124227690999
457 6.020017320164936
458 8.020195164702013
459 5.089813304732126
460 3.9182889236195133
461 6.472994971769947
462 6.531163214839017
463 7.267843733458216
464 7.807643517469617
465 7.282624221333108
466 8.242371266966453
467 5.90732810160179
468 7.008830658676538
469 7.233745578460987
470 5.721939477071899
471 6.070542921381712
472 6.138489410915228
473 5.493973211021165
474 5.936056476779408
475 6.8798957981803
476 5.85272907468591
477 4.493525033101239
478 6.154936511222407
479 5.533203314167498
480 6.1584981478204
481 5.5907494473420245
482 6.668521368694689
483 4.183706830601297
484 4.0542205038735935
485 3.262722771730886
486 4.116251079399586
487 5.184194126316607
488 6.451843777339759
489 6.928446390126198
490 3.8090948878454145
491 5.9041962001169885
492 3.9019291097061917
493 5.922218572060905
494 6.7755226230698575
495 4.00353765867819
496 5.026658623536397
497 5.438906912622685
498 3.8895451605804605
499 6.146559853961448
