0 8.926170108490322
1 9.080343481782428
2 7.738470367026108
3 4.688700909138961
4 7.469013252365626
5 7.961972858613393
6 6.579385531039427
7 7.268793295814823
8 7.86371045888716
9 5.734448283202378
10 9.370561050698639
11 4.780884146920754
12 5.374176140353022
13 7.106483390919809
14 5.905503028673186
15 6.679758851230051
16 6.424742135565404
17 4.4853305167377835
18 4.87671954048063
19 4.987425809646612
20 7.417340530528697
21 5.341166651849876
22 6.914419352346268
23 9.491518322396685
24 6.049347759190002
25 7.786818625202263
26 5.869605179443337
27 7.429710348005001
28 5.394819301088989
29 5.041677971750048
30 7.239016605962989
31 7.316416039043114
32 8.58911845541649
33 8.204837817223753
34 4.755235049465395
35 5.016946896955925
36 7.165236550147458
37 6.84291797962054
38 7.773862817390509
39 6.966028879367246
40 7.162199340389353
41 8.495622734795083
42 4.850269803959856
43 4.760130588206879
44 4.3963976753847085
45 8.235049333798493
46 5.984579528909247
47 10.75201111495909
48 7.753789983956955
49 5.228554719512536
50 6.348457733149391
51 8.17536451563439
52 6.143408159532919
53 7.46210672930074
54 6.553468364817656
55 7.563540749698686
56 4.917826671741695
57 5.9212235144865355
58 4.845333270420508
59 6.957492568747413
60 9.013206872729349
61 7.629324330947877
62 6.216780104598546
63 6.850661807564889
64 4.948073665780874
65 5.607363449969812
66 10.077213530002705
67 9.268019018183043
68 7.514630069593358
69 8.072848267547746
70 6.778828127422546
71 5.1674609713855375
72 4.185001716088597
73 5.027620881740123
74 4.949694593616162
75 6.0667232525336745
76 4.436431820594319
77 8.17971200599941
78 6.890811993532905
79 7.527004795210214
80 4.703456119325047
81 6.121811984894145
82 5.411067584794848
83 7.888998939643866
84 4.083262726748001
85 4.796171150394328
86 5.680544575357147
87 6.204608819510909
88 5.696755116382762
89 7.175181041841842
90 5.019018693436548
91 4.893044173197469
92 8.89414078860199
93 8.597379177379983
94 4.695872025196942
95 5.809357403652725
96 6.460211887164337
97 4.644477513473184
98 8.208094222867386
99 5.254241775168696
100 4.486128310429495
101 5.631757640326986
102 5.956962192825691
103 5.729718020351305
104 7.86058666746731
105 6.19688957232243
106 4.788149235414323
107 5.689282981111723
108 5.225668400757843
109 5.457996532185744
110 4.476494921563914
111 4.258622751235246
112 6.637548758174235
113 6.791723315917239
114 5.2551423283525605
115 5.15976378828981
116 4.460874574845348
117 4.668163816320136
118 4.906237484676752
119 4.219441161300396
120 4.596381605790437
121 5.13084635579021
122 4.423289971721809
123 5.426215627422322
124 6.864697922635377
125 4.233065738437207
126 4.9900134987834015
127 4.655480880573102
128 5.015211413656369
129 4.62760988986655
130 5.558296210645249
131 6.366339019403343
132 8.564862799033587
133 4.194851397837555
134 7.027620703322912
135 5.9245843291614335
136 7.926720503892126
137 6.9602358454805415
138 4.720605184189516
139 7.4963689046524244
140 7.050639914277015
141 8.734813686613494
142 10.678933649738696
143 4.779957413380178
144 6.843462525092641
145 4.508287128462066
146 4.5308287588669875
147 4.129275359689188
148 4.59093652858024
149 4.377978025987539
150 4.530667937639871
151 6.531523715277523
152 4.708584849805109
153 6.956300172756382
154 6.286943754068454
155 5.305253237425612
156 8.265885017951806
157 6.7883475542433365
158 5.078735640465694
159 4.764030803994462
160 7.947324417680154
161 7.483705732375374
162 6.794388576407704
163 7.47295465435844
164 8.45237202071635
165 4.72400839470895
166 6.797470826647655
167 8.65758193960404
168 9.512969942730154
169 7.170359931292771
170 6.837352608400082
171 7.118500601867563
172 7.6449561801154715
173 7.78728912738191
174 8.586956103275302
175 4.935899849154186
176 9.702029286299188
177 6.3026518700445635
178 5.5598615523114105
179 6.721617137280105
180 7.648573702914898
181 9.713069579928982
182 8.548393472592418
183 9.416182594087854
184 6.737732757477938
185 7.131955608991355
186 7.250745314979882
187 5.060361800324011
188 7.710635808866336
189 5.730142975171977
190 4.765492157205708
191 5.38107629720423
192 4.8015613027771815
193 5.511380568768727
194 6.276107139762161
195 5.284343932805313
196 4.778585959164414
197 5.793931403054288
198 5.658112285415621
199 4.773118298239701
200 4.461834968723611
201 4.72283537671509
202 6.672507835781219
203 5.3062017866665565
204 5.139542603834492
205 7.084849430819095
206 5.048192469057731
207 5.827313868283621
208 6.297479540229152
209 6.518819839706308
210 4.454511672974836
211 4.55010723849124
212 5.830759443858196
213 5.107501087216133
214 6.444127772662038
215 7.517205639945528
216 7.067262294973037
217 7.680014545914312
218 9.944757708315146
219 5.799786463085446
220 8.622042556850174
221 6.875349821262811
222 6.464654640704081
223 5.611957087283097
224 8.304054578032343
225 8.279999629393611
226 4.858927319339809
227 5.65638477149621
228 5.110883856859788
229 4.747536030313667
230 6.8602199589817765
231 5.056280255128324
232 6.288199773928258
233 5.240274766840539
234 5.897381154344772
235 6.5703011554791075
236 6.3698612795858205
237 6.946411935900347
238 6.703465855136425
239 8.291980655636085
240 8.70601352710761
241 6.635173518504665
242 7.476098254133837
243 6.5970171148818375
244 7.940280764276993
245 7.332704988316874
246 6.51716913830387
247 8.766016083740169
248 8.476741237421193
249 8.827993807322214
250 8.371557069159335
251 6.269393547195208
252 6.627850347529662
253 6.195958784740135
254 8.77755977359947
255 7.505467203388172
256 8.61086608198599
257 6.736057998205697
258 4.659810518304549
259 4.448747762241373
260 4.365019474440176
261 4.5216822610965695
262 4.29049133659085
263 4.3681902073499534
264 4.663070419789242
265 4.3439315283321305
266 4.471566179163817
267 4.624572879893645
268 4.8370471544776885
269 4.424860925531348
270 4.391372334377104
271 4.676446817889508
272 4.156668892156869
273 4.618447350164639
274 5.0261787205505035
275 4.081880296352194
276 4.236851170391137
277 4.2778942802121875
278 4.524101408292384
279 4.268277398925619
280 4.092507211988632
281 4.465621743798461
282 3.6832408619868775
283 4.348649989133071
284 4.684468023954694
285 4.578753119574275
286 4.632123018920111
287 4.434861484653558
288 4.1032577888409705
289 4.287447075095562
290 4.429717532121338
291 4.804304301728489
292 4.394803839032729
293 4.2428846497931065
294 4.355798838392656
295 4.822009394393772
296 4.512672032433403
297 4.522973166686183
298 3.987965318613448
299 4.197530949009423
300 4.577341786064299
301 4.45519520371294
302 4.427098490536558
303 4.591971343138486
304 4.38170310163915
305 4.082951856983413
306 4.455663661559505
307 4.423016114434186
308 4.338609862220405
309 4.315149468318625
310 4.477365177381602
311 4.1632535704889
312 4.510279332083943
313 3.6165894270275563
314 4.547005675672223
315 4.318959286854019
316 4.615463237649126
317 4.325730303633204
318 4.475842493306868
319 4.318229685266602
320 4.183715303266267
321 4.484047569962738
322 3.9910005370159385
323 4.358536579300169
324 4.2224516327351225
325 4.525097740693567
326 4.380635038951028
327 4.311554065738001
328 4.1812891197743935
329 4.230093306265557
330 4.383187472545832
331 4.720400211537383
332 4.636946744493597
333 4.510322801984348
334 4.4856706503072035
335 4.273501265325604
336 4.577785381284207
337 4.332128201707232
338 5.550802747714473
339 4.439185036446059
340 4.005458886000415
341 4.181317886421011
342 4.218479555328445
343 4.667965891734123
344 4.392272470721122
345 4.446609031374447
346 3.414411983606479
347 4.381280091607397
348 4.3690688732624325
349 3.939948909935183
350 4.42474854660994
351 4.141462868267295
352 4.292893442091846
353 4.218233907401316
354 3.2364023796253787
355 4.609248066621113
356 4.5173272449335125
357 4.207904125042085
358 4.675558380829685
359 4.662456102042377
360 4.0220416499329925
361 4.33054555120951
362 4.455832522758861
363 4.457465441287355
364 4.301181285694538
365 4.295263320748164
366 4.3336775698364995
367 4.393468562996505
368 4.59586929902838
369 4.291274485908568
370 4.162927472419213
371 4.535840835312117
372 4.353239595180795
373 4.256693647786536
374 5.194572632345295
375 4.748794977871367
376 4.138344116926146
377 3.9522558588940933
378 4.315299872598296
379 4.649192189101953
380 8.666174040002808
381 4.322112262387227
382 3.9727434639472428
383 4.395002450610606
384 4.1300184260284505
385 4.887424198690643
386 4.438809128315929
387 4.538764920135276
388 4.246889028163551
389 4.08934608937992
390 4.207004372914149
391 4.781768190965648
392 4.314459294633261
393 4.146251763207567
394 4.4047165973492985
395 4.154402239079601
396 4.0844662666866745
397 4.0845727090297705
398 4.127255936091611
399 4.337040489076701
400 7.328580099348736
401 4.9917949034067695
402 4.522621195499288
403 4.242814222221358
404 4.144049801418937
405 4.40323772431294
406 4.225231344771806
407 4.275085956771746
408 4.113022646123925
409 4.56960231306357
410 4.338387279608998
411 4.417934859062131
412 4.582118435935454
413 4.131235238376538
414 4.783017876200838
415 4.443524317783411
416 4.486122168651053
417 4.2428599360299515
418 3.950155339075228
419 4.5917083746004455
420 4.133535741473128
421 3.604865942882068
422 4.060207106909024
423 3.6957828794368535
424 4.106453642152787
425 4.3092215133404785
426 7.14605734647294
427 7.360332743610543
428 6.677939782605447
429 8.193829809200459
430 8.426948076582176
431 7.9335087292161495
432 4.18771996132605
433 4.579998469873009
434 4.4477215745443175
435 4.421317320534246
436 3.456728434304985
437 4.27096173748192
438 3.7381794448309145
439 4.487177233041224
440 3.6993850216412176
441 4.473839462439317
442 4.522302441368741
443 5.949768786988447
444 7.618165169299214
445 7.375995732439482
446 5.029117859634396
447 7.369796614794629
448 7.134154161747888
449 7.259914556209089
450 7.405132368442753
451 5.9145124831653195
452 8.284895091333262
453 7.1184223244716085
454 5.794251743001335
455 6.013848609897142
456 5.604723855272889
457 8.72465724297401
458 4.836939843110173
459 6.6606158252227035
460 4.783149582875436
461 8.146946236475715
462 8.403880241843204
463 9.097450797893414
464 7.187725286621627
465 9.244065565883227
466 7.902219907252912
467 5.407735297898925
468 6.104883823940237
469 6.459309792232453
470 8.737594974465999
471 5.589927284244543
472 6.211920742642217
473 4.513681666500354
474 9.951350187011498
475 6.808543690157621
476 8.100678944870266
477 7.4370115730822
478 5.6317725085555
479 5.324150767897341
480 4.619516755575108
481 4.747208303839595
482 5.039714389002679
483 6.9404593686514735
484 8.117417352029781
485 6.161713446648365
486 4.99943381727295
487 5.750673868159312
488 6.051165188440296
489 6.232698175493269
490 6.545805685059736
491 8.670698881335761
492 5.966932920341975
493 6.221039865578556
494 5.145553131541476
495 5.04339484432311
496 6.497558758755432
497 6.008431092846204
498 7.420509459907309
499 7.84359341037463
