0 5.153905869022991
1 5.28535332259892
2 5.425531750321744
3 4.2288703810807435
4 5.575235006902701
5 5.756751628074865
6 6.240968263116366
7 5.887062509009921
8 4.514056000004733
9 4.85195190841163
10 4.8320670963916275
11 5.266177351236513
12 5.940593409588466
13 5.06546194111502
14 6.641440931633124
15 6.257168575658434
16 5.728467540912188
17 5.2316389123887745
18 4.818409333719878
19 4.534156355476906
20 5.16809888131439
21 5.398805563180313
22 4.213341389957434
23 4.2216839347361095
24 4.704934044251634
25 5.694750313901657
26 4.4517463667025625
27 3.892704367234646
28 5.278516718212429
29 4.757743175103096
30 4.257581076285824
31 3.6375827728502523
32 5.61728229365041
33 4.672604826641348
34 4.925886917678529
35 4.901650846742831
36 5.0698225928097855
37 6.4712145314117455
38 5.201631848011395
39 5.763591673241685
40 5.013219966151755
41 5.639485224649305
42 5.284427249646283
43 5.1756011932500225
44 5.250430438169486
45 5.9834093702721916
46 5.149979037082567
47 5.668404328399703
48 5.944504098689334
49 6.296880361824802
50 5.094962409785198
51 5.207186100247547
52 5.34476605858845
53 5.0958554307725175
54 5.173655744879458
55 4.959349911065223
56 4.7372573895261
57 4.626104087262225
58 5.153280125065882
59 4.824169560106971
60 5.430840332562316
61 5.720368589679963
62 5.396908235338082
63 6.0524228056460725
64 5.088181281343643
65 3.1650840695791214
66 5.078030154626154
67 6.272957297263653
68 4.5502284302284925
69 5.839132373469583
70 4.991781942323725
71 4.7812963427388215
72 4.454386487354431
73 5.056934590945381
74 6.167733641047781
75 4.603070316946773
76 5.2302345124936895
77 5.650866368894964
78 6.5603710510181195
79 5.650654945573514
80 5.539585148268147
81 5.307770137370468
82 5.961342015217087
83 6.356599668298624
84 5.925429703010769
85 4.860376851044761
86 5.326029607458122
87 6.665335573521819
88 6.971339945692171
89 5.579568523403946
90 5.710117075136119
91 5.621528223420386
92 5.420328068325977
93 5.994529695858151
94 6.13161614404169
95 5.015703999107967
96 4.6812328847128315
97 4.879604037166373
98 6.034880429732287
99 5.006137640765612
100 5.391443619820793
101 5.2440896112001925
102 6.386883976690176
103 4.107556169477135
104 4.253960477015029
105 7.256697009267713
106 6.745807286914948
107 4.7768738539772215
108 4.640746564631531
109 4.739443894594101
110 5.275969717900503
111 5.481435163891656
112 6.457126508968746
113 7.264300970659773
114 7.1107574512837255
115 4.730800214659732
116 3.8235461186271276
117 3.999106084916715
118 3.8948227683138716
119 3.6946355813504677
120 3.860494830421221
121 3.6870000619115038
122 3.8537904174348774
123 3.5563959313382605
124 5.819168367459754
125 7.06009641479927
126 6.45657445299827
127 6.083651002212402
128 6.197606796869783
129 6.732035698708558
130 5.164235507666179
131 5.242779967089761
132 5.617885351238173
133 5.961608051290929
134 6.582285907627602
135 5.467622008556227
136 4.704030562029074
137 4.838313932721127
138 6.492003066314329
139 3.7006095000947994
140 4.816212368195043
141 4.19161291320205
142 6.498602434792265
143 7.017010991967249
144 8.137564794356045
145 6.900107937629025
146 7.370273768255729
147 5.416849228151729
148 5.1079515794755155
149 6.864077757627262
150 5.6667863998102534
151 5.119430332709852
152 5.460452268509452
153 6.769641019994575
154 6.724565117490591
155 4.295378363165832
156 7.473073487055989
157 5.757123114884857
158 5.048167254158829
159 6.360059004313203
160 7.708471924764953
161 7.114280087377233
162 7.471594156917129
163 7.887972621553959
164 6.420037712769855
165 6.9642898149539265
166 5.4303438844571135
167 7.028916254705552
168 5.942627945352874
169 7.523435367887143
170 6.406213628302897
171 6.661850538933063
172 9.291173016443322
173 9.100576034437355
174 9.427426179169194
175 8.02152091232934
176 7.513126531003102
177 7.868211146241454
178 6.692727943220394
179 8.997826077438141
180 7.167707809690513
181 8.184111879894525
182 7.51321588751199
183 7.9733793760684275
184 7.0327161467135655
185 6.947623373184778
186 8.16339417189314
187 8.282779906638442
188 8.815973137788427
189 6.655663138953438
190 6.909038041086138
191 7.721919139773408
192 7.815358952459238
193 8.489240348160726
194 7.291496172528536
195 7.510348709250514
196 7.641372163325178
197 7.187615976147232
198 7.825552616147542
199 8.470946819512822
200 7.493096938957758
201 7.557704267450005
202 6.414085896648382
203 7.926913796482891
204 7.457093157291157
205 7.370631086506295
206 6.450202635041305
207 5.9475260694285055
208 3.9056223501315586
209 5.700867313078246
210 4.528033627503163
211 6.287693187861565
212 5.786853136782788
213 5.413185792853308
214 6.398352818878718
215 5.2953367506186435
216 4.88135521266425
217 8.26230445829252
218 6.370960019125901
219 4.983485124551156
220 6.494813802748779
221 7.60515203611532
222 7.639961752527346
223 8.726276562390739
224 9.069855292939765
225 7.799417726898548
226 8.455689140207083
227 8.01625832987843
228 8.014255290456354
229 7.552941337660177
230 8.61027540989803
231 8.160548098873809
232 7.99261664963713
233 8.34798259229815
234 8.012447811761119
235 7.69233117240923
236 7.987617444825923
237 7.692202689590478
238 10.040272904447804
239 8.925060889448947
240 8.435587740874377
241 7.83105856439554
242 7.581784350287646
243 7.329111860661847
244 7.292172169189564
245 8.23033858245048
246 9.692043123305831
247 7.724359573217201
248 7.099217585166934
249 7.98152177752271
250 8.370328695166414
251 7.968609396199208
252 4.856255578172948
253 8.236924938078992
254 6.070445030393701
255 5.2804914815791175
256 5.787534282612783
257 5.433353484853947
258 5.192372892297387
259 4.023636129695534
260 6.733776185436935
261 5.450793069916124
262 6.062546986458146
263 6.422987104244248
264 5.337464305129431
265 5.161623677416366
266 6.645817251087117
267 5.982476194788521
268 7.675643657205624
269 7.9883305444692665
270 8.159718753468058
271 7.723813735638972
272 9.286129816538468
273 7.870250236569685
274 7.231059825023104
275 6.921047466128451
276 5.627030348362904
277 5.950531518260504
278 4.773997851498884
279 5.985183949839469
280 5.408190308709781
281 7.158023029710066
282 7.497959626848455
283 7.048152747850736
284 6.977981243154081
285 8.110908859375327
286 7.591279344343907
287 7.827194099479889
288 7.7880929656992235
289 6.968578380497851
290 6.99899114975456
291 6.889164243732953
292 6.129731272209895
293 7.350890712568932
294 8.961365107566499
295 6.63378282894583
296 9.10018035162177
297 8.254921004435756
298 6.831577706924301
299 6.694477500096525
300 8.493811045366103
301 7.801867913783362
302 8.726756392830023
303 6.6859995721890595
304 7.994303537741777
305 7.9089437053576885
306 7.508759827588772
307 7.966284267708224
308 7.09620764221863
309 7.062013950019752
310 7.363001669571525
311 7.322736274548578
312 6.411599156112158
313 9.200192804470383
314 9.297317953173458
315 8.757253140197482
316 8.66388368239041
317 7.533726214172736
318 8.150325816687474
319 6.449407782669842
320 6.524502861255052
321 8.81142611070526
322 7.751810046506372
323 7.662110675332341
324 7.623146038320963
325 7.569593144143543
326 7.728936722941359
327 8.493574104713776
328 8.40697455197288
329 9.180064455419384
330 7.727918043069106
331 7.415145507471085
332 8.443797376766405
333 8.56595142356571
334 8.415897878241722
335 6.669750334286972
336 6.58292883253203
337 5.836899023592004
338 6.070077688889249
339 5.039168972474079
340 6.895709526950939
341 6.655534992029745
342 5.3540739080425395
343 5.915584120493517
344 5.43282219463035
345 6.4810015044607505
346 3.8123955565988354
347 6.914966955777134
348 6.200960104057483
349 7.594707878666232
350 7.793297729376153
351 7.93071426358479
352 8.92060235550793
353 6.5308626061793476
354 7.138552702965651
355 7.744785344538015
356 9.467176279195174
357 6.621735066226472
358 5.796300671346918
359 7.254579408570345
360 7.3616444751725805
361 7.2064355121612955
362 5.3055616974612985
363 7.249918364125476
364 7.060880699822081
365 8.653797679248619
366 6.609921400636629
367 7.198592820219808
368 4.588997215526134
369 3.7278477703057646
370 4.340412143041798
371 3.8275208632147066
372 4.478672820999381
373 4.255441631808342
374 3.398041854846678
375 7.199202658727833
376 7.100796145552285
377 7.2013265781144336
378 8.6464883674396
379 8.000472112502045
380 6.729908424894982
381 7.557111771928597
382 6.87198050224111
383 6.135723224088346
384 6.437689584395792
385 7.85987043634632
386 8.823433287078695
387 7.94054216377049
388 6.802583034239996
389 6.45564222823385
390 6.334310059800596
391 5.657981865199608
392 5.6166554596581255
393 6.385869617193855
394 9.201492791001453
395 7.953588472422604
396 7.712158469027054
397 8.180876691172116
398 6.620899405426412
399 7.556691964253166
400 8.320004119523226
401 7.477835593023453
402 7.906462197180773
403 5.3298316893615185
404 7.615270825632061
405 6.188751299662901
406 7.239235948489656
407 6.940957111817089
408 7.319622043576913
409 6.916129906783798
410 6.977118779457199
411 6.894689019465161
412 6.026054381678652
413 7.005145309968912
414 7.4899137294552
415 8.023426052670121
416 6.907034204672012
417 8.539341477653325
418 7.412680928561867
419 7.960338370177475
420 6.029228532436256
421 7.287574272589309
422 5.902349050562211
423 6.065114933247703
424 6.211514086392241
425 3.710301744952444
426 6.600125874005975
427 4.613347809920755
428 3.6736806872839756
429 4.931165835371231
430 3.635819588351524
431 5.234267322448155
432 3.4149311655393775
433 5.579326898654885
434 6.160374941704651
435 5.938807911987847
436 7.452690555832088
437 6.9742225228031804
438 4.152504628362961
439 8.082798324708737
440 9.246245294123248
441 8.776701556551846
442 7.504468093196832
443 7.1803545669670035
444 7.920925474597666
445 7.309008821932799
446 7.723403374503606
447 5.8804950330537356
448 6.074769551010851
449 4.85929672231647
450 7.539236726955239
451 4.596277384989681
452 6.066128608280273
453 5.464432379125804
454 6.483299400968385
455 7.274821582974119
456 5.381429670717732
457 6.353449034908311
458 6.711577429934056
459 6.105748789845558
460 5.752539484456486
461 4.79338332437706
462 6.71605512143218
463 5.291158262634497
464 5.885420026786605
465 5.581849468788899
466 6.6856170151452785
467 5.568118425141661
468 6.13937347126613
469 6.047396232507881
470 8.500564174552288
471 6.679862634253009
472 6.839988772906475
473 5.676787574708898
474 7.782070623289136
475 6.342455297750027
476 6.494767387478232
477 6.26092340638374
478 5.390356477706925
479 7.497602177427311
480 7.190205980898923
481 5.073886710548363
482 6.571020355330387
483 6.478527526079284
484 6.4654621656976525
485 5.698808937736276
486 5.69710499809812
487 5.693375186866908
488 5.931546095241704
489 6.2558549935085495
490 3.9165865879592836
491 5.322481889261086
492 6.481994707059508
493 6.241892157518127
494 6.200511075681855
495 4.960616734669473
496 5.883802021797812
497 5.851547693609856
498 5.17254487977291
499 5.628523703609024
