0 7.2209057706886535
1 8.228178671262055
2 9.353799136814908
3 6.96828532287596
4 7.534825363421992
5 7.910332973543334
6 10.373419829415441
7 9.325628129076495
8 8.3390546157816
9 8.28909588238907
10 8.159257222098304
11 7.224796246088648
12 8.28091056973634
13 7.877068723529948
14 7.950159373728868
15 8.318573727518364
16 8.616928063047423
17 8.338823099531309
18 10.493750772955181
19 8.79088514035071
20 9.33898873454883
21 9.096874941638323
22 9.903519754100689
23 7.449165134953956
24 6.5670868600345935
25 7.018459908448923
26 8.678442811494664
27 6.835474992483003
28 6.43468092274752
29 8.225537179127826
30 8.069549726469678
31 8.974354427001769
32 4.131636651011182
33 4.50334638518315
34 4.42124935182829
35 9.211158636827044
36 9.87992735898504
37 8.672227203351905
38 8.831969106907728
39 6.773098125032345
40 9.8990517320368
41 8.638232326529256
42 10.740111962829499
43 8.718779099452375
44 12.67445117979582
45 10.59968868202098
46 10.60059971093743
47 11.702688825697411
48 11.187566356119346
49 12.637016326056607
50 10.277320168689085
51 9.617910565254467
52 8.053797432584954
53 9.016807711314181
54 9.233661880584936
55 8.63314264999271
56 8.695846167364877
57 9.004213004730474
58 7.210838860196676
59 6.669034923620327
60 3.9894629859748583
61 4.070192265265113
62 4.128875323198158
63 4.109283143099685
64 4.3715557704062435
65 4.447441010586758
66 4.366970273550916
67 7.28195880805061
68 7.424523447826695
69 8.736484994774244
70 7.694499545652086
71 7.724995564165315
72 7.2766495869492225
73 6.892490337312991
74 7.191633718582935
75 8.254137855715033
76 7.906802486468292
77 7.542722365850266
78 7.382832063855654
79 8.776690306240301
80 7.30366713411804
81 7.164178138953072
82 7.1403000450137135
83 7.685948548868197
84 10.26167784741879
85 8.617128580273056
86 9.170909970406312
87 9.428599763163712
88 7.7380684263793675
89 8.539660978675144
90 9.08851665450743
91 8.811373396865596
92 8.070023084782452
93 6.729255310804553
94 8.923370778650996
95 9.432523532186046
96 9.546449879510254
97 10.700387408542788
98 8.299953309483184
99 8.547238110937888
100 7.323254036979672
101 9.146123833373386
102 9.975627677949555
103 9.436575217208842
104 9.730574425075734
105 9.373990249857806
106 10.742753349469696
107 8.45821922875262
108 9.587370997560917
109 9.974397792407586
110 10.507888474671422
111 8.300527351878367
112 8.576505764357702
113 7.869167915641859
114 7.307208497010073
115 7.740487475746705
116 5.816938325219593
117 7.6903270405772295
118 7.232027981558691
119 6.914994856740971
120 7.080126528184556
121 7.281308393170289
122 7.732396743520509
123 8.554204158234132
124 6.701603904585053
125 7.105572719779746
126 8.162565750258928
127 7.722747619396076
128 8.35417439209288
129 8.690473614716872
130 8.252138550808265
131 8.16206806095697
132 8.180537589426738
133 7.681138912694538
134 4.11206225095147
135 4.030563961947542
136 5.402061790063602
137 7.688215722045358
138 4.557799553977778
139 4.128554137271627
140 10.449338014403297
141 11.168165638293532
142 10.964384299041834
143 11.470786596029797
144 10.867704079395159
145 9.521453045536395
146 8.713623832425515
147 8.427104234842128
148 9.884243315389133
149 10.726699505539074
150 9.59893428053075
151 9.74123564711871
152 9.686729258253305
153 9.20915299785079
154 9.036900164903162
155 9.485875028719537
156 9.640493058562555
157 8.764877501536526
158 10.00467089424982
159 8.286157960905555
160 9.639031253381665
161 10.030214227141613
162 9.696739189913368
163 11.27633515427995
164 10.412540146197362
165 10.835653460783819
166 13.104506725723137
167 12.979226420733717
168 12.720707348839097
169 13.118842295848205
170 12.456621058181238
171 13.220353131682858
172 12.762897785604794
173 12.411584642021081
174 13.212215201465517
175 12.51594403645965
176 11.841521395980745
177 11.706656020388378
178 11.882145004595277
179 9.818849089621983
180 11.941068549158883
181 12.410634126700014
182 11.855317799601059
183 12.249171863849815
184 13.640933527173525
185 11.212899617614354
186 13.34114013447986
187 13.807231759384589
188 12.73354176893537
189 12.770382980193945
190 12.622059744126584
191 11.401043666262147
192 12.362277910846677
193 12.356239567301294
194 13.462212073019154
195 12.063070113278847
196 10.260071975593178
197 12.633858543470236
198 12.130510799600318
199 13.357554031923062
200 14.433327580143398
201 13.53201659540387
202 13.20801905072032
203 11.395716158605419
204 12.507795738669804
205 9.097602270155601
206 10.44581621140949
207 10.069879204575225
208 10.013222160181117
209 9.137309711143
210 10.077313658095424
211 10.66084663869485
212 10.54840871951895
213 10.225671444237493
214 9.425297665585076
215 8.636459795350358
216 10.540120877440678
217 8.154691497974872
218 8.842331661346789
219 9.963214718651304
220 9.443089300366431
221 9.589413010251418
222 7.8825379421527435
223 9.729065110157533
224 8.910827734253303
225 8.465706033516723
226 6.524445670074229
227 5.024015718293222
228 7.743339899435045
229 4.626820189151817
230 4.86418398096304
231 4.299171944281715
232 3.951298940814989
233 4.107278313428996
234 4.411482366997654
235 5.0267939722286545
236 4.03002734410633
237 4.6339750887357605
238 4.447559839108937
239 4.846163216667458
240 3.935730177690494
241 4.128573080239536
242 4.561294440346868
243 4.68239235033896
244 3.9311941502931482
245 4.566204931503029
246 4.756319589757713
247 4.494283962533815
248 4.492126653050658
249 4.398353160249997
250 4.255536884802861
251 5.387427325896121
252 7.26809697352907
253 6.646448625083614
254 6.629563532722031
255 5.74292921413513
256 6.305448811618236
257 5.948022623665738
258 7.068413494522078
259 7.207901592936864
260 6.008028883057984
261 6.6964660522343795
262 6.152829737339142
263 6.442079874702824
264 9.068594845437882
265 9.361634778768595
266 6.179350811343209
267 7.07518758115229
268 4.619497665112142
269 9.08919641950293
270 8.783963471041618
271 9.80722999016097
272 9.211543991975104
273 6.8333471839696704
274 6.916871891914313
275 7.470585111350412
276 7.498740930923172
277 7.861396164572476
278 8.293401944689228
279 10.228652139421843
280 8.466868449256046
281 7.376291634981745
282 8.888988333905017
283 8.613657525182319
284 9.120707703946335
285 6.816322394580097
286 6.817691536599242
287 4.0488986896175465
288 4.314673767014777
289 4.15688182594334
290 7.648473168734862
291 7.718781754670803
292 7.975101571254904
293 4.069877571638682
294 8.0923544227136
295 7.855982420256195
296 11.312276953637667
297 8.149532098704006
298 8.991951230243284
299 8.917466149585904
300 8.343872107723632
301 7.796847566131503
302 8.203610799958396
303 8.625076271951935
304 8.212653188979539
305 6.488081316290231
306 8.476113296088803
307 8.497240093435687
308 9.658182536716748
309 8.6335344421127
310 9.078062489206639
311 8.82374075972806
312 9.318547113540358
313 7.889140460672168
314 9.549373039040896
315 8.412712107319944
316 8.869973255449002
317 9.587464205050463
318 8.19439167876505
319 10.142180635097597
320 7.701079764652883
321 10.834572563525338
322 10.291876133564857
323 9.44570403613443
324 7.579713127348744
325 8.966314881836956
326 7.9777402706566125
327 6.86712432181914
328 7.185797081380714
329 7.549908927199205
330 8.635426881515812
331 10.79843579183476
332 9.673266731306901
333 8.941074851549276
334 5.687622641668926
335 10.483735661682205
336 9.070110707917246
337 10.73818735092081
338 10.150061858504401
339 8.965751442468171
340 8.954128153335045
341 10.17655637298842
342 9.235702349270772
343 9.366820894554019
344 6.933563504109225
345 7.739531125543014
346 9.460520123590983
347 9.39076399245018
348 8.42369261108949
349 9.88046688840792
350 6.858052431098986
351 7.131115966520823
352 10.03294137962044
353 7.299600408439783
354 8.173780877813865
355 9.542790929642061
356 9.086893452168288
357 9.69712761988969
358 9.356165996328759
359 9.354392775655644
360 9.520795702403646
361 9.833905916805474
362 10.941696448223214
363 7.106471034278908
364 9.032716817083147
365 5.766306889804146
366 8.052599243302172
367 7.370422637009029
368 5.766196106097403
369 7.489289760692823
370 7.473443068852591
371 8.433450554385201
372 8.083368279265956
373 9.214580768858918
374 9.708254454718908
375 10.796512287215549
376 5.980230516145234
377 8.009627177775341
378 7.185510987120039
379 9.929960552322047
380 7.247492297134669
381 7.230987648373378
382 6.423486715160557
383 8.164297978505147
384 8.619838630378243
385 8.761975461381718
386 10.392852845389363
387 9.164184380795497
388 10.7260982039924
389 8.591604969870778
390 7.174711263134762
391 8.904235037211805
392 9.021453422378276
393 10.048789765969918
394 9.037363813352156
395 9.546538183907495
396 7.458836139373737
397 7.41271275868678
398 4.189212375359801
399 3.969307932689586
400 3.86594423710279
401 4.243794282455399
402 4.112501576994572
403 7.749339659713915
404 9.045858400660114
405 9.774696242989906
406 4.622469968308975
407 3.6873996829470377
408 4.11651442984343
409 3.867822059775569
410 3.4943706396617107
411 4.330130120816678
412 4.207937413102399
413 4.1801025862450745
414 4.257622289084456
415 4.593202664751785
416 6.261656256855952
417 4.101983290535706
418 4.526936153796276
419 4.20722509380713
420 3.8320940873872513
421 4.037561881211668
422 5.305497490730273
423 4.711905907183165
424 3.7011052934868185
425 4.8616741812572295
426 4.636908261668017
427 4.172945508268403
428 4.130860662011859
429 4.22367372402924
430 4.333775770091119
431 7.096523014495603
432 4.314063666627201
433 7.170238929494568
434 8.91735272129916
435 9.85386174462557
436 7.56997935600341
437 10.208473316724037
438 4.522479946501536
439 3.6394932637948694
440 3.972964051805749
441 6.3919432232159075
442 5.771617715682713
443 7.11385606197289
444 7.321253681481983
445 8.405176574514275
446 7.946937914037284
447 7.6582811674827544
448 7.108203492551561
449 10.191496582224454
450 9.438163415422737
451 9.429735580133357
452 8.258125461949536
453 7.758923586486436
454 8.688797527182546
455 7.983800645933277
456 7.37158572698196
457 8.004364856183404
458 8.17064791022518
459 7.050971791886933
460 9.004526104615179
461 7.81018981624631
462 9.395403555778064
463 10.262100529567915
464 8.495509182764385
465 8.104847785630328
466 9.74184471125129
467 8.117616263709246
468 9.2939754425362
469 10.59545129885103
470 9.641035586945996
471 9.379291432052833
472 8.831366686214029
473 6.481981167267913
474 5.405262546042953
475 7.9900229114708665
476 4.328871690164998
477 4.435183192709971
478 7.6519529624545894
479 8.04095918482047
480 6.893539463571755
481 7.186175151982358
482 8.343664961841371
483 6.943678213672911
484 7.819971632183546
485 8.297958095430864
486 7.555963023376395
487 6.635234099967741
488 4.3459498762791595
489 6.668552415024611
490 8.469698893920128
491 9.251010405777736
492 9.909608197156375
493 9.057310637547923
494 7.884398293957217
495 7.607278226454414
496 8.017966406745451
497 7.543284534510993
498 10.362971921422346
499 9.601319706088898
