0 8.876004326757098
1 7.471324949860448
2 12.088810429243837
3 11.216398066022883
4 10.104523535055073
5 11.38686990570665
6 11.556873363145336
7 9.459941364416881
8 4.362887571306952
9 9.601691103866868
10 8.908751278665822
11 6.803424448309387
12 7.623668592199528
13 6.562738793757668
14 11.347481629695302
15 10.156399433885927
16 9.101192248895472
17 8.059493995962157
18 8.637810111369586
19 10.543418730040226
20 11.483752041935386
21 13.095818329791994
22 11.43865967177227
23 8.76187062426672
24 9.839334636199924
25 12.465040495937991
26 10.549161567671648
27 11.150879382312025
28 11.7120336613138
29 10.899143422288393
30 10.725668751265905
31 10.261646541052299
32 7.438202722366976
33 11.604287694794975
34 10.946306490658582
35 9.851879087184775
36 10.027826512743308
37 9.722502172411861
38 11.639266456973722
39 8.9124926937535
40 8.729376330688096
41 8.603561938982317
42 10.868911105603134
43 8.745009364970342
44 7.867768066584394
45 8.72539069406928
46 9.823615520112412
47 9.91132375613964
48 9.433479656018982
49 10.414020368519983
50 7.1647114452463105
51 11.86389555064184
52 12.039352776473525
53 9.130567418629917
54 10.58038579980977
55 11.040155465133354
56 11.810100141550658
57 10.503446714501385
58 11.445007866804993
59 11.15536418317818
60 12.604271620724289
61 10.912953001686232
62 12.634970474499069
63 11.978439466463245
64 11.881502790396745
65 12.240755244137798
66 11.29481176949507
67 12.019003965608022
68 9.002695662109364
69 13.109685025203444
70 13.185583856197466
71 11.79812114968585
72 12.846300253153672
73 10.864242722807102
74 9.976313810688803
75 11.600329710639654
76 11.77818927519719
77 8.998452351134361
78 10.02766153149309
79 9.938924260298945
80 12.337190139212078
81 11.154930100765752
82 8.957132033816018
83 9.571912887413912
84 11.384333507250071
85 8.502969032792617
86 8.264891105173731
87 9.128907040051278
88 9.531491700985859
89 10.484212804470056
90 9.10453859499708
91 11.165333757904486
92 10.443334909804149
93 10.455498636224231
94 9.90966709489405
95 11.951385518837016
96 9.864053521761353
97 7.819660512464482
98 10.741746299965417
99 8.404076575874713
100 5.239379590074601
101 6.586228291584016
102 10.61873811061087
103 11.956215476243589
104 11.794430712807273
105 10.262935427870756
106 13.644776569960838
107 12.958271486974608
108 11.027396266247667
109 9.055594993582416
110 10.727967723187579
111 11.338433280770188
112 9.37041279200623
113 10.697115875003668
114 10.169117906605292
115 7.551145903539382
116 11.795125859502669
117 4.576613822335578
118 12.319091093119473
119 11.296759052609564
120 12.099227801171239
121 9.08193675976679
122 10.124851551589243
123 7.742901636677858
124 7.329990266422536
125 12.504325092186695
126 7.802745983390567
127 6.818303192511942
128 7.79912536524462
129 11.422663315358246
130 9.318879325835173
131 10.689207672440043
132 11.67928717436241
133 10.868196252520693
134 11.816327226552907
135 9.001467701004763
136 10.562211545465445
137 7.468874199135405
138 9.533374534834993
139 10.404734665121037
140 10.18075307892781
141 12.46994906480714
142 10.029591399621719
143 12.409199836156873
144 10.63678241890471
145 11.308531735409435
146 8.84197072910035
147 8.471204289549451
148 12.264602982908771
149 10.49130904766673
150 11.353599435175333
151 9.191586069743508
152 7.713674652086903
153 9.708504472428624
154 8.304846911742857
155 10.993855315511128
156 12.652368706137702
157 12.405974495714561
158 12.621228099321733
159 8.631924447343785
160 8.80222783994469
161 10.902725966015153
162 11.045367990774121
163 12.542736739006845
164 10.693256148066341
165 10.725162238186547
166 9.822363918289255
167 9.11152844364495
168 11.311034130758596
169 11.104875571639898
170 10.89118610362259
171 9.45072275688582
172 9.65041274068205
173 10.220273271306882
174 9.109329203142927
175 10.387878231464788
176 6.4254462226882625
177 8.964239459242764
178 10.441399403687507
179 11.572551110081188
180 10.483655488451799
181 11.57693693658118
182 9.420758301279472
183 10.31676268128514
184 9.55779610517108
185 9.599156970317493
186 10.787502058138564
187 11.188479961376146
188 10.350774912036433
189 10.364829663154774
190 11.618132387250022
191 10.968226131818485
192 9.496578140721123
193 11.832026256619908
194 10.2805195237667
195 9.690030703737305
196 10.951737374183542
197 9.738442822315495
198 9.914294434527578
199 9.601741472226534
200 9.826711699140505
201 11.309330325162538
202 7.861167717679745
203 6.953914559532104
204 7.619376553531734
205 8.76070403631629
206 10.210902502747757
207 9.15790757925042
208 9.353845044925702
209 9.697078724864852
210 9.458468239699172
211 12.74469720901394
212 10.00644668463665
213 9.021162167337806
214 9.265886973295384
215 7.434296878754661
216 8.483039114964347
217 6.885175164854681
218 7.962904261410905
219 7.637677093861759
220 12.191762569732623
221 6.1878704073352875
222 8.626360523115828
223 10.58037360707473
224 9.707555119766667
225 7.236702036771154
226 8.712461970137143
227 11.176278187308986
228 11.748830440047653
229 11.52851335250533
230 12.164244826362493
231 10.097104695617503
232 12.133863767414148
233 12.077957550702287
234 11.918234212001451
235 10.426196513423255
236 9.455366158415567
237 8.149117102987157
238 7.959396617074292
239 9.793223721831191
240 9.663553030237127
241 11.23706514038241
242 9.129378254469165
243 10.656418683485638
244 9.159484180338506
245 9.735995360934059
246 10.87617633092875
247 9.534293317711747
248 8.978852782795425
249 10.242199158980752
250 8.292266650981988
251 10.123726757281677
252 10.380770352685023
253 10.25035230574335
254 10.759400648760609
255 10.01043543918626
256 10.648327226625595
257 10.30999323496561
258 9.992091042697588
259 9.51386636756192
260 10.932361550707434
261 11.483420557822358
262 10.274322448900582
263 10.406134282441075
264 9.749120834653842
265 11.816390216117593
266 9.940440373222295
267 9.692567087754734
268 10.25650851741048
269 10.978668623759916
270 10.614632216303768
271 9.203648788384843
272 10.250322147199556
273 8.432659730345623
274 10.663083071155638
275 7.959910946595504
276 11.042544826879656
277 10.13793734087965
278 7.1386102027479925
279 7.649470261403223
280 10.494656547846219
281 3.8877319713480207
282 5.007192715871555
283 3.975647093663642
284 3.2444742007586824
285 6.953774928941017
286 8.888266770038967
287 7.894748726130852
288 11.105528448498685
289 10.71970804517565
290 10.209875549022417
291 11.298716522097562
292 8.263601599663085
293 9.80166924860883
294 9.653687275832963
295 8.213834976753308
296 10.363215238304111
297 10.61817943174957
298 8.141563007738009
299 10.881476465439189
300 9.443494370373038
301 7.992577756724117
302 7.697899783242604
303 12.215782216743705
304 13.16747129683371
305 9.744225977380776
306 9.853677019865763
307 11.59493619668392
308 11.043697436970865
309 8.117905398118692
310 8.44477008568857
311 9.417456914957546
312 7.769839599912944
313 8.268045884688462
314 6.286316693590383
315 6.058909561098306
316 6.324846431297965
317 5.897916083559576
318 9.315617919402092
319 8.163593817410845
320 9.632782852200046
321 8.057394473964656
322 8.688051211779838
323 7.540132954837095
324 7.915569783289207
325 8.37651602890171
326 8.855363411845548
327 10.842219307156897
328 10.455483149005762
329 8.184005966382056
330 8.396254163584938
331 8.326073165118913
332 10.905898638302032
333 9.893010451763256
334 12.473995506166602
335 11.228982793628033
336 12.85067380713822
337 11.54302216388102
338 10.743841633339823
339 10.054694728546032
340 11.515450644375875
341 7.653081728579979
342 9.317241220581222
343 7.387642038830953
344 6.31250717063953
345 6.054251461990346
346 10.341218309019768
347 8.854575469370376
348 6.289519634452209
349 8.497024590309204
350 8.815328316107612
351 7.675800111778542
352 9.56464781109509
353 10.325979661324354
354 10.146841129227358
355 12.614015437367806
356 8.187796972659592
357 7.319240703621169
358 9.209787291643496
359 7.78099385349643
360 5.604215504630231
361 8.416308599988737
362 10.61383630887005
363 7.894902229206211
364 7.713062709585903
365 9.481327318361128
366 9.052623723240904
367 9.613522421585214
368 9.496723780310443
369 10.630463056385254
370 10.51922565494819
371 8.527674808847431
372 8.308617604097096
373 9.010400769857089
374 7.07080484143819
375 8.253389130740421
376 7.814954235517983
377 8.137407139489806
378 7.789873421441841
379 9.318821930833357
380 11.455210700593852
381 9.49249369187882
382 11.722564414822513
383 11.839380072846899
384 10.840140883792644
385 9.944961781216985
386 8.654619035662444
387 11.54213643292403
388 12.23735099891382
389 10.304506163393569
390 10.99361719061906
391 10.640371126376289
392 11.63981573251824
393 12.350360323068951
394 11.642480420479913
395 13.625753586458291
396 11.263008293341217
397 13.346304723722206
398 11.901328789392263
399 12.289488183172049
400 10.829572620910023
401 13.537123291428754
402 10.988624376030572
403 10.775460327183842
404 11.3655626539913
405 11.5530029054952
406 11.564375507655127
407 9.371303969896775
408 9.50706400559912
409 8.63250641635608
410 10.398375052398352
411 11.056543679445625
412 10.984825685685092
413 8.74115712788022
414 10.275140279631083
415 10.382215505660705
416 12.803207056030695
417 13.44411486410785
418 9.264481658463444
419 10.407138116693691
420 11.419473734985262
421 10.410064815193977
422 8.439291653737639
423 10.081090343594507
424 9.23357848467182
425 10.529669736597565
426 9.819040988684705
427 8.602927727903372
428 9.946796969154395
429 10.3753705413209
430 8.540518795692401
431 13.48108374819408
432 11.772292143323837
433 10.428477383774624
434 8.46283549416988
435 12.239373211520002
436 11.748871502594861
437 10.165603157737918
438 12.420687339961685
439 12.475099440081353
440 12.401263645980535
441 10.935379866495987
442 12.696095530295949
443 11.524618873577673
444 12.099578862202394
445 11.277154857307174
446 12.062034566768551
447 11.672261703907644
448 11.78447990654246
449 12.178198414758729
450 11.62457649340087
451 10.141342706065126
452 11.572078748656352
453 8.698654197093555
454 7.114699331428571
455 6.329756430853456
456 7.104287053651245
457 10.745279028344939
458 8.954674427222002
459 11.73762022688169
460 12.96197470618785
461 9.478422132232582
462 10.572943052912049
463 10.289927996604968
464 9.1055028337371
465 8.159100712667575
466 10.877571797735945
467 10.546870128989674
468 10.180376058975277
469 10.866676594706304
470 10.522257953973646
471 11.579521896145904
472 12.09829376227062
473 11.026989761166378
474 9.983923685526372
475 8.00426643540482
476 8.555658742035531
477 11.189453654403064
478 11.059497978217808
479 11.464057496005811
480 9.887693020569884
481 12.559747297618113
482 11.613255236564674
483 11.274832229442698
484 10.912326101463027
485 11.374412446203797
486 12.289936647728332
487 13.193313514494058
488 9.787681245518334
489 11.140418265423817
490 11.277462586780144
491 8.082876309600755
492 10.413094087704039
493 10.843071738069805
494 10.97145791939142
495 11.488260448009521
496 10.891033225807883
497 12.223930811544552
498 10.207856053052803
499 11.567230010240177
