0 4.434547643305314
1 3.731661826946124
2 4.002766022330241
3 4.750653489739441
4 6.114727138265324
5 3.658506103141427
6 5.6572015616006
7 4.409363661079268
8 6.657274048506873
9 6.012433861521888
10 8.109871384547391
11 5.68995978363161
12 8.160667886654473
13 8.050978675301133
14 7.22457965142012
15 6.88189820442098
16 6.970324481254095
17 6.772228010436169
18 9.220091008601841
19 8.477561107761861
20 9.277910321234248
21 3.907951189013144
22 3.7085396903168433
23 3.8776985943434785
24 3.995038506974554
25 3.8594880421459763
26 5.072380629698648
27 6.618474141956403
28 6.856022370665981
29 5.516353112027126
30 5.412300492974534
31 3.963113658629112
32 3.8819093812802046
33 4.230066059376238
34 6.5725581249906
35 5.078440624598146
36 6.5329377722428585
37 6.4510324571007835
38 5.622369468937774
39 3.916802741983492
40 7.899374905786867
41 6.602554860286951
42 5.385858361021542
43 7.860722503438549
44 3.7151208878108735
45 4.07647550412929
46 4.783650533388106
47 3.540676847840571
48 4.163313779118169
49 3.7146089502344863
50 8.317538901046053
51 4.135599244667929
52 8.274825823537126
53 7.764914728061389
54 4.153646575089627
55 5.522559371091461
56 5.795982824501417
57 3.7576343942823467
58 8.035767220605369
59 3.8825419147475286
60 7.428304885664136
61 5.967682844910263
62 6.5804690558327215
63 5.910950301438314
64 7.111326116262597
65 5.894553312169798
66 4.510177443223013
67 8.380753718892063
68 3.9932355153176937
69 8.24331161776682
70 6.6165578308827735
71 3.7764042667088713
72 9.23463779113626
73 6.235348205144409
74 6.727355962139956
75 5.520834855380554
76 6.821563524403461
77 6.05845969262883
78 4.274901509256106
79 9.136312828302033
80 9.886437182993486
81 7.761782660454167
82 4.956111418596497
83 4.956497514382144
84 3.792482086453999
85 6.683407825063289
86 7.735452217414177
87 7.084095773678819
88 7.143454197425242
89 6.797974731298115
90 7.835748419183406
91 7.733771644596934
92 6.473055438902976
93 5.286095808050789
94 6.417529744764893
95 8.119222820795299
96 7.216728616534643
97 7.060593691182114
98 7.593377798689388
99 5.772773914629273
100 8.002688554517249
101 5.320335599269858
102 5.854882846042824
103 7.601424131232747
104 5.85294996982106
105 7.4380174800119345
106 8.00813408440382
107 7.49379156095274
108 6.576331761345577
109 7.524216249695868
110 9.670359398244912
111 8.634349922856735
112 8.106635321097992
113 6.8496240519573615
114 7.668267739321212
115 8.147696757183603
116 9.265224511525208
117 8.174697836053598
118 7.675768716233528
119 8.247498898826596
120 6.868431182713446
121 6.434035979858113
122 8.192680230775945
123 5.346858358851099
124 5.35518795337746
125 9.514739529127322
126 6.919638909168973
127 7.464774417646224
128 8.204079724143243
129 8.632410117819417
130 7.64552172232259
131 6.4345888601030055
132 8.301928633301786
133 6.164313113783448
134 6.163099010442733
135 7.189106300862407
136 6.096585411158335
137 5.093936022348615
138 6.922699702991886
139 6.891747115981541
140 5.381298470228118
141 8.001754140983795
142 6.520577646099754
143 8.988926951950729
144 8.393973021600079
145 6.539143486395217
146 5.660314160278559
147 7.389530075521794
148 5.36971939344835
149 7.776363016170071
150 4.988075044422361
151 6.580322667926594
152 4.964191456597565
153 8.359687811093153
154 8.52746425439478
155 5.108453650050112
156 7.474145167073518
157 5.633162383493541
158 5.509923810705765
159 4.12538725696573
160 3.7641862768124903
161 4.0189427581138775
162 5.678675763221127
163 5.854518943758177
164 7.169032094775597
165 5.9004813851881455
166 7.939365630805468
167 5.115544200725225
168 6.1833229628976465
169 3.7143645125685523
170 7.894047169519133
171 7.218447714291698
172 6.828942392474454
173 6.937241377303328
174 7.196715234739061
175 4.87195046588194
176 4.201029826138854
177 3.7028430382450996
178 6.946811382421371
179 6.018063432871207
180 5.279397480007695
181 5.296252832228815
182 3.725319956198511
183 4.813824553605355
184 3.7597370747359067
185 4.007678875546488
186 6.9709507620313165
187 7.1579973905701415
188 6.530044292616727
189 7.358722152946526
190 3.8294908958956912
191 5.951573353573429
192 6.741439122283949
193 6.273860173564024
194 6.375396753545042
195 4.992061458506177
196 8.22391806463548
197 8.728810141687275
198 3.853883699635577
199 3.6510258740611055
200 5.574094795970242
201 3.9538783449024586
202 4.172483186218426
203 6.23081034519309
204 5.828109507100757
205 6.9410595915208715
206 6.32386526548498
207 7.601207673036434
208 7.855458181012227
209 8.09518985542628
210 7.290930333560475
211 6.316539544954851
212 3.8234301860496407
213 4.763691285441875
214 3.7925517391870085
215 4.021701857991868
216 5.615788261249629
217 3.765203500831131
218 8.117676342943907
219 4.332317198046565
220 6.623483052994251
221 4.008992163676535
222 3.6645918652843568
223 6.496611913960858
224 8.045604270606667
225 8.314972582745922
226 4.591839457067025
227 6.936184440209412
228 4.677641249768214
229 5.135434825926994
230 6.8899713650016805
231 7.730721370131684
232 7.460044453996878
233 6.912075082435696
234 7.820997054864189
235 9.748895050910129
236 7.103258171211408
237 7.091652826520934
238 4.233277763391713
239 6.553300073278154
240 5.695612823934365
241 5.893116826025205
242 5.945961060443654
243 6.538767196541394
244 4.004578423106469
245 5.1225223925015415
246 4.976547298178063
247 3.8482721125520762
248 3.7665021631011184
249 6.1135876779054295
250 4.0000537047868185
251 3.927790679995619
252 3.9426027549088185
253 3.8396046465913893
254 6.552931902308633
255 6.953143047836125
256 7.311887090391642
257 7.732801959869358
258 4.957085860080045
259 7.8502967349132176
260 3.8548867040279617
261 7.452341708442546
262 6.669022471170748
263 6.861358237105302
264 6.3637586898927365
265 8.23069185151642
266 9.701894776695525
267 8.775901582073029
268 8.481772387329436
269 9.388812776529134
270 9.085342768727669
271 9.770598602776994
272 9.2442860813786
273 9.644791983682518
274 9.014709507926199
275 7.916163417996535
276 8.584109639061252
277 10.67811550552922
278 9.771763314438228
279 8.443460259233412
280 9.820670145999184
281 9.174229485266276
282 8.166481075394888
283 10.92687687573774
284 9.43386141996932
285 10.647822101058981
286 8.650830303869276
287 9.029477420447698
288 8.989161257135171
289 11.81014045626868
290 8.663613785000607
291 8.63183186050252
292 8.536933668648002
293 8.822730670044685
294 10.119864604746883
295 8.31880611511814
296 9.941865817926614
297 9.763423178270955
298 8.73198646347628
299 9.608114737307098
300 9.376063831000836
301 8.541706006611498
302 10.101173858252698
303 9.352540374757892
304 10.655412640822131
305 10.161808672772514
306 9.784740250830444
307 8.178337670074834
308 7.653673360406338
309 8.82035667628617
310 7.991022458992419
311 8.50894508472711
312 9.08093587262103
313 8.929789709790425
314 8.814705176448898
315 10.192589656127652
316 9.666916983079785
317 9.811142780234727
318 8.711511644962243
319 10.109477243451675
320 11.070795446303363
321 9.217417791597875
322 8.645158588254398
323 8.988140375905365
324 8.280792707488516
325 7.16051088420132
326 5.718024171176277
327 4.002772422644056
328 4.87159691046158
329 4.289355549025493
330 3.860178402255433
331 3.5843810114017787
332 3.981763481651448
333 4.038754323541579
334 3.93734219805142
335 5.718014217230526
336 5.867219521937222
337 6.1518378199798525
338 5.971193891881019
339 8.299595819074842
340 7.8792436946494675
341 4.037368101972202
342 7.6311390740512275
343 5.543187996703038
344 8.2885728751847
345 6.073540863592646
346 6.587263004598537
347 6.969713348966105
348 4.329294473797697
349 7.9895117844687595
350 7.367149162946549
351 8.686944727328793
352 9.446116173866644
353 5.150420200521833
354 5.185316221310018
355 4.846307491784324
356 3.932701738359689
357 4.747798674803234
358 3.742046466030318
359 4.051820453706834
360 5.4041772052941806
361 4.281851557027727
362 4.2677510154011005
363 4.678869694505003
364 4.146173155628941
365 5.6097113045219205
366 3.6742135045347033
367 3.756954875492953
368 3.7484214960185303
369 3.9302558544671804
370 4.172569880937399
371 4.1795510252159715
372 3.873323212560082
373 4.050641381174446
374 3.9425681274612523
375 5.660711350736537
376 3.921881559783289
377 4.886231346842973
378 4.197749440348885
379 3.919842748862891
380 8.308903594940238
381 9.833561311040214
382 8.198311422969567
383 8.832711838072248
384 6.236605365717817
385 4.491782395329761
386 4.341335737960349
387 6.063324611931267
388 5.997355010110053
389 5.7633609027389126
390 6.47863962974662
391 6.358923503953733
392 5.973318792203193
393 5.991354523853618
394 5.73383348728652
395 7.6386586665198815
396 5.281668744187663
397 5.558154313478931
398 3.6646238311383694
399 5.618987999443596
400 7.075535927270273
401 7.769617553998771
402 6.1163979341465184
403 3.799921889114449
404 6.397847656648004
405 5.690752659053511
406 8.352963102436364
407 6.9546867086443935
408 3.996240254574233
409 3.9335102040765193
410 5.721141680675909
411 4.395047479247137
412 4.860696672214144
413 4.083893194578422
414 4.168911965102961
415 3.74124347141017
416 3.609289049520789
417 4.034015486692712
418 5.61486229285969
419 3.9212678670910432
420 4.0167382663892575
421 4.103462177736788
422 3.9163192751672047
423 4.300259658465728
424 4.847592568454572
425 3.883070516014789
426 5.858166832098216
427 5.792413516937361
428 3.6682071985813485
429 3.723994037146028
430 4.1647440817840655
431 4.043008657396597
432 4.1777962179023955
433 3.8384263926819555
434 5.417822328279682
435 3.6540571954957453
436 5.8165258463075205
437 3.7406984490081086
438 3.7809886374364745
439 7.0667606794193025
440 6.488628095336601
441 6.76042716701193
442 6.860601440102262
443 4.253043416397404
444 6.041709014155574
445 6.467560258954785
446 10.044743140381007
447 10.05210306354708
448 9.775042097154326
449 7.684423757898854
450 10.417158721660675
451 8.150655118714845
452 8.055875302730415
453 8.300496874518599
454 8.088498955612213
455 8.5459794174113
456 9.26467840061772
457 9.005641201424455
458 9.873155906842673
459 10.422314890354452
460 9.739832741055544
461 8.363713280622381
462 9.38679416678239
463 8.819810849470963
464 9.255767470401416
465 8.79827267879064
466 7.644771700660927
467 5.715157353945269
468 6.411136672007758
469 6.1007413447343914
470 7.1609493179443025
471 8.533706000893176
472 5.686392397144766
473 7.1070311017202386
474 5.399544316607859
475 6.79120605235215
476 5.735261057104793
477 6.3672140093637335
478 4.698422850017114
479 5.942711496809508
480 5.437454396951949
481 5.973925669510861
482 6.239488781572826
483 5.9405466400696225
484 6.35187928469889
485 3.7291198471818356
486 3.6979190805282984
487 6.874534664227474
488 6.839677078696445
489 7.3162947226613015
490 5.323674213793962
491 3.8980704186142248
492 3.9142313096356527
493 3.7811341784272785
494 5.469307187429277
495 3.9237030411814096
496 3.6431787620521554
497 6.738589946111956
498 7.561524182157891
499 5.324927793729208
