0 6.274476935429334
1 6.15599379661945
2 4.9019017752025755
3 5.751500121623524
4 5.0468641807517916
5 5.348002324116384
6 4.622976742179064
7 5.171184973229027
8 5.201793137060171
9 3.8940895031349734
10 4.9160455120518245
11 4.982226717853505
12 4.336493269526956
13 5.1393284810317885
14 5.953380570438964
15 5.277884063877365
16 5.0582303261298875
17 6.677290369299242
18 4.08694935300625
19 6.097854530824524
20 6.740274244249417
21 7.095987483163196
22 7.870516570939413
23 5.761866909501692
24 6.498102453906832
25 5.828738064778431
26 7.104650487318874
27 6.599619956740503
28 4.806176853226683
29 7.740725404118208
30 6.636563792628984
31 5.024221980717583
32 4.087158438789409
33 4.7047271879556565
34 5.397260795207971
35 4.004873871936403
36 5.578160064860389
37 6.551257865499725
38 4.45682085822245
39 8.742483061632745
40 6.645185375235548
41 5.7783947208248465
42 5.367208191009806
43 7.43320318303512
44 6.709418353234907
45 6.87943377196244
46 6.171684262968987
47 6.310888265117692
48 5.66138794611717
49 6.680878582215302
50 6.940675425463423
51 7.391173578385281
52 4.578043250096858
53 6.196285522863204
54 6.643999011728101
55 6.200507798011961
56 5.899854317962088
57 6.1909321120687
58 7.23422639302681
59 7.206251186484417
60 7.514063028368775
61 8.338935598247124
62 7.247031385199387
63 8.085857787477362
64 7.016574901011304
65 5.764863807584506
66 7.428952959795769
67 7.533894663443522
68 7.8957201329525875
69 8.22844743484657
70 9.176014816712552
71 8.497214186503356
72 6.478884279880768
73 6.559164907489864
74 7.042742902778947
75 6.5105285312893155
76 6.527690300557688
77 9.002470372660142
78 7.270254462749907
79 6.451542499300961
80 8.56449097056733
81 8.188356845570373
82 7.699813740908291
83 7.426780453215596
84 6.50622467682879
85 6.758368451337353
86 7.723248730113287
87 6.37872226298376
88 7.2495758679076765
89 7.064246083752744
90 8.53975975157193
91 7.6753531981549
92 7.61143522337369
93 8.54283229478307
94 7.384311084664716
95 6.468717571366563
96 5.8446652826042635
97 7.8537520427108864
98 6.6777091480051824
99 7.302154166830112
100 5.399293514860868
101 7.5774159402359365
102 7.3275948511505264
103 5.969466958836937
104 5.201507312717352
105 7.112191946925439
106 3.9567978129141657
107 4.403147657324896
108 6.238727653226119
109 5.242388030004316
110 6.705111916362298
111 5.00761291572407
112 3.374052699429207
113 6.680537588768773
114 6.281422307535247
115 5.093601689249281
116 6.297869750819207
117 8.722629295830096
118 7.3150741070025305
119 6.98609450182968
120 8.283560362775079
121 7.499109193278931
122 6.785738067221667
123 7.611125046170737
124 6.760566293210333
125 7.182820995970852
126 7.843774755522485
127 7.937606734656572
128 6.3396180320283575
129 8.420218185146801
130 5.850837470679977
131 6.669447941734266
132 6.449610008198274
133 6.694147972701
134 6.907587370001381
135 7.497440765604562
136 6.686633269861631
137 6.7465398937716925
138 6.1379037281973945
139 5.930299700204607
140 6.199578360252694
141 6.051926046439691
142 4.914799485470358
143 4.997979948912855
144 3.970664143944176
145 3.5772519466135826
146 5.146306881044611
147 4.575074223787423
148 6.270227092932108
149 3.697404110048478
150 5.679827196287832
151 4.163487687405878
152 4.212636733317613
153 3.535735071851997
154 4.095472624404001
155 4.9751795401952315
156 3.4407052006333028
157 3.929915696275774
158 3.467264764266005
159 4.147251917584062
160 5.374181627525461
161 4.3528816710098015
162 4.537816211447597
163 4.1785298711064955
164 3.5388799228142673
165 3.5014498509337093
166 3.9408915410901733
167 3.2002053048282155
168 3.3167372059315725
169 3.90976418097741
170 5.654219024261112
171 4.499519419934194
172 5.708144715791751
173 3.4116051995481476
174 4.7315322774877355
175 6.616716167564329
176 6.8092959158381205
177 5.6880272488261285
178 5.643425472132772
179 6.7305826592839715
180 4.902436551471616
181 6.092343519329821
182 6.857717441424597
183 5.935152032340233
184 6.799713019561557
185 6.004860880228086
186 5.677967619921618
187 7.201568431672015
188 5.361174798642828
189 5.375418093657114
190 3.835312044392272
191 5.539484195697162
192 5.3430219115941195
193 5.486243493229776
194 7.153626507395563
195 7.3040490550040005
196 6.712374816792836
197 7.7661828865979
198 8.441647372783901
199 6.027046656345602
200 7.3542359390733125
201 7.569085979631932
202 7.450483321879696
203 6.7695582893941
204 6.3477373391434595
205 6.738748478300057
206 6.468572943789389
207 7.071926254726365
208 6.143089736660472
209 6.476748642519335
210 5.233913598886903
211 7.096329862427225
212 4.629324778474245
213 6.624449509637527
214 6.188411670200025
215 5.827109553985717
216 6.540580098453065
217 3.9470518162838766
218 7.06112225628939
219 5.726608473197734
220 4.7123432389179
221 7.056554918360468
222 4.792008652667607
223 6.443854060711587
224 7.649316063354616
225 5.228950604058796
226 4.813845912019012
227 3.2228100720015815
228 4.8799500548327295
229 5.820036318805056
230 3.1910093802338317
231 3.8450811755779988
232 6.884887167489436
233 6.141586758610409
234 6.050835991395189
235 7.013494924359754
236 6.498763932532736
237 8.955255039280365
238 7.899198575288286
239 8.891281417463617
240 6.667870875076934
241 6.296392516920471
242 6.784712246798818
243 6.4845501333661035
244 8.330587587592905
245 8.941986799369511
246 8.027685067693353
247 7.72921732128557
248 4.392173811800989
249 5.092598291140413
250 6.343995286249097
251 5.299859690718521
252 4.641686135415287
253 6.152793762790693
254 6.956162846123892
255 5.924159916875338
256 6.382254309080327
257 8.59102329327189
258 6.760667082386013
259 6.9526688858934556
260 7.058397804115605
261 7.845301094936427
262 7.12714143679336
263 9.301392310711085
264 7.865649825937579
265 5.53866842422593
266 6.281380027306367
267 8.45149534799686
268 6.894192150593534
269 6.087045566221359
270 6.18149839493378
271 6.61024898665388
272 7.308899776910593
273 6.982631866341049
274 8.28173921005987
275 7.7110735174693845
276 6.60282863459042
277 7.264645808617788
278 5.96676711438047
279 6.567567579243543
280 5.03831465434616
281 6.1986125333009
282 6.234243179699347
283 6.175021080684513
284 8.008481465359143
285 7.41768284212213
286 6.971642237701017
287 7.402606505772185
288 6.384223489736236
289 6.980385363255619
290 6.569522965562418
291 6.814205339948477
292 7.193825054189228
293 7.06358984417956
294 8.620853574408896
295 7.15969467894784
296 6.477927451089854
297 6.913684466411078
298 6.045649830465728
299 6.9047733817030466
300 6.811071465661904
301 6.275515857405993
302 6.168630418966969
303 8.92610680323745
304 7.357768738567253
305 8.264503770201047
306 8.081584422305642
307 6.151103426995838
308 6.116115015647826
309 7.8203214684647255
310 6.464958360152954
311 7.705202857666375
312 7.7827398111438075
313 7.435660628478291
314 5.651039387305477
315 7.088066412877618
316 6.573625534734091
317 6.427258806709588
318 8.301441254951815
319 6.681567600667838
320 7.015595638399338
321 6.298336729456667
322 8.02098253386068
323 7.038036002835452
324 7.849327731468655
325 8.098626020373462
326 7.651762440708705
327 7.069279034719798
328 7.623202175020443
329 7.33540689765706
330 5.33885974676065
331 6.014337847152282
332 6.966255112123995
333 5.873489788453611
334 6.94719661987413
335 6.8605171183282465
336 4.418394572912749
337 5.151711980624908
338 6.019463468683994
339 7.289472089161929
340 6.0155250327638266
341 6.780856838089848
342 7.031622861529377
343 6.801261441260211
344 7.701884683240651
345 7.6026273775502755
346 7.250355734629354
347 6.132877145773846
348 7.721373498717719
349 7.5982894960760605
350 5.804909075845425
351 7.810584138235072
352 7.148962864238824
353 7.248236308306733
354 9.184165209427068
355 7.87782319812531
356 6.495124706325362
357 7.683760543563633
358 7.439483157791504
359 5.307946130063877
360 6.682139075506933
361 7.136266698996803
362 7.384670274514797
363 6.4293557194453
364 6.07666598829904
365 10.039589549953671
366 7.919702305833591
367 7.7461195742216145
368 6.724528457068246
369 7.009132374083254
370 6.8173017278345664
371 7.643043937096066
372 7.01627823506065
373 8.865871313094926
374 6.801708867372686
375 8.217895181409531
376 7.975318891634087
377 6.1298615116252515
378 6.854087938797357
379 7.7962180535659975
380 6.9162085384393635
381 6.563651062070791
382 6.011990738964894
383 4.900262125997083
384 6.149057000772008
385 7.0950546688182605
386 3.860246991645117
387 3.872952964423329
388 3.965202309257959
389 4.038784882696847
390 3.827404110246328
391 3.7407329639531
392 5.158090861509517
393 3.8873357146681435
394 5.752115211114823
395 5.136449660051496
396 5.582301034022971
397 4.534494124316297
398 6.7642437740107955
399 6.593630901363781
400 6.6097771351680095
401 8.167996216043077
402 7.5311909266338795
403 4.86423373601526
404 5.897277642568247
405 5.959022493223331
406 5.434735089057484
407 4.416946275846869
408 5.0390269703250725
409 3.9500478705331217
410 3.8401258606073845
411 5.731671380802794
412 5.590063606827611
413 5.661423240332744
414 6.577226018373708
415 5.073001551363524
416 4.884671393019704
417 3.7697019729346204
418 4.38861110188478
419 5.907262812575973
420 5.46679040485901
421 5.867992305289819
422 4.12192323772234
423 3.680492009679238
424 4.446488370554784
425 6.075647076008023
426 4.424718885563659
427 5.807523214435884
428 5.856494335016531
429 5.834377346396532
430 3.7351148212457974
431 5.100358453587846
432 4.859258637264986
433 3.8399214589834254
434 3.8116345155319213
435 3.7372691807612357
436 4.698546273255041
437 3.7583972342999403
438 3.932277184928826
439 6.234670298320883
440 7.47734470670678
441 5.10206136276339
442 4.000234833487837
443 4.100991316037624
444 3.9307180389830028
445 3.6365419117725257
446 3.693927045373862
447 3.699299332086402
448 3.710451170926888
449 3.6148032668976215
450 5.101796685486587
451 3.701523537814307
452 5.871870240311184
453 3.8658092350619406
454 3.625783217132498
455 6.812652376386875
456 4.668383168265096
457 3.8147436254755127
458 4.5020998903797365
459 4.1975781832604575
460 5.303263372537253
461 4.760194573229506
462 4.661488177926081
463 4.842802398035034
464 5.079174406294558
465 5.1586979360986644
466 5.277295199935343
467 5.345169248563418
468 4.846695219405342
469 5.3834969384179
470 4.985039960437095
471 5.8835423822339035
472 4.827082141803563
473 6.161351473378355
474 6.254008427544806
475 5.536266985256412
476 6.0610470338617555
477 5.559615236209718
478 6.291601128935199
479 4.695899079762365
480 7.2213701881380254
481 6.0404241092507815
482 6.115519852500984
483 6.136654019850561
484 5.531580976462319
485 5.486537391623787
486 5.939599450910545
487 5.587221285614979
488 7.457774843235658
489 6.874893035456297
490 5.684381389706094
491 5.5226686173607815
492 5.052701908262908
493 5.0187726530830625
494 5.43104504492936
495 4.835368535893542
496 5.584965618034052
497 4.70300048612871
498 3.5513033321580094
499 3.582479486722115
