1 1.1391448974609375
2 0.8837040066719055
3 0.8621634244918823
4 0.7743349075317383
5 0.859401524066925
6 0.8702879548072815
7 0.8997747898101807
8 0.8349515795707703
9 0.838058590888977
10 0.8086739778518677
11 0.8283442258834839
12 0.8490192890167236
13 0.7336079478263855
14 0.7699269652366638
15 0.597003698348999
16 0.4835522174835205
17 0.4148671627044678
18 0.45570439100265503
19 0.5412723422050476
20 0.7115214467048645
21 0.7708305716514587
22 0.6305705904960632
23 0.5477803945541382
24 0.4065423011779785
25 0.4531799852848053
26 0.39048129320144653
27 0.39634156227111816
28 0.36419084668159485
29 0.4259033799171448
30 0.42191770672798157
31 0.4822486639022827
32 0.5064440369606018
33 0.6605082750320435
34 0.5737860202789307
35 0.5434866547584534
36 0.5929470658302307
37 0.6006137132644653
38 0.7042291760444641
39 0.642645001411438
40 0.4905927777290344
41 0.5237964987754822
42 0.46912848949432373
43 0.3725450932979584
44 0.3469013571739197
45 0.32204899191856384
46 0.4044342637062073
47 0.43512195348739624
48 0.3653951585292816
49 0.44249874353408813
50 0.5456717014312744
51 0.5647474527359009
52 0.4524363875389099
53 0.4079762101173401
54 0.3906261622905731
55 0.40095236897468567
56 0.49806252121925354
57 0.513808012008667
58 0.5482604503631592
59 0.5477012991905212
60 0.4379000663757324
61 0.48482802510261536
62 0.45550569891929626
63 0.5105646848678589
64 0.4714798331260681
65 0.45150208473205566
66 0.5002103447914124
67 0.6407645344734192
68 0.5100967288017273
69 0.5636619925498962
70 0.8355146646499634
71 0.78221195936203
72 0.6430343389511108
73 0.5577531456947327
74 0.5026627779006958
75 0.6675143241882324
76 0.539766252040863
77 0.49926236271858215
78 0.47018370032310486
79 0.5381771326065063
80 0.5758402347564697
81 0.46723324060440063
82 0.41315674781799316
83 0.4386059641838074
84 0.4881240129470825
85 0.4736299514770508
86 0.47775036096572876
87 0.5652316212654114
88 0.5762476921081543
89 0.6006261110305786
90 0.6145428419113159
91 0.5362091660499573
92 0.5058423280715942
93 0.5401368141174316
