0 4.20086567246947
1 4.046217900986933
2 4.3640835323584195
3 4.2339188351573815
4 4.17846452887446
5 4.365312154113499
6 4.4717864193178585
7 4.5518746870071025
8 4.164815618762109
9 4.717188576652093
10 4.612445177851946
11 4.541959667579619
12 4.364982588052724
13 4.084882738192574
14 3.81827142915516
15 3.8913166610440997
16 4.153160429461927
17 4.472449352188381
18 4.3973235786921805
19 4.215569498237182
20 4.43314964033696
21 4.079971296342673
22 4.261643915951052
23 4.300972190046752
24 4.2937533509458445
25 4.224933223624976
26 4.2314928170638
27 4.14952727375129
28 4.328883897657075
29 4.1977767733045726
30 4.315065411496962
31 4.236009240037374
32 4.117678171618903
33 4.444174262981551
34 4.18089649845177
35 4.436840966846149
36 4.66507387076339
37 4.126862850222051
38 4.597726624311507
39 4.26864429781211
40 6.750503684830196
41 6.127799324009543
42 5.799556644782527
43 4.351457323261722
44 4.31646339418546
45 4.17996339527794
46 6.855900415121873
47 5.649034165437319
48 5.793981713424027
49 5.3278474828479165
50 6.556808005344193
51 4.80137974521046
52 7.029233094581545
53 6.621860572118919
54 4.096955247277975
55 4.135494562011821
56 5.050382932579758
57 6.240915884717459
58 5.726679031283709
59 4.0621426268605045
60 4.203333969894335
61 4.152536146849304
62 3.6551590504527893
63 4.3025175543831695
64 3.8896439262839055
65 5.927423230703198
66 5.7874166137781256
67 5.203181679837566
68 6.173433321399589
69 4.72960394606444
70 5.752563751663705
71 5.810654059245331
72 5.103137634307951
73 4.779457266175365
74 4.409120095604911
75 4.303781082231284
76 4.1673240473382425
77 6.211570897254516
78 6.314375500628629
79 5.811778628398386
80 4.1929933980203025
81 4.308598839691858
82 4.394446902793504
83 4.384360638317004
84 9.06827335207259
85 8.471378005492792
86 7.2417361798606095
87 8.070396744845864
88 7.063857655792356
89 8.718467328469558
90 7.815548057917543
91 8.62793075530371
92 8.120855371353453
93 6.858597303786645
94 5.677296881731694
95 7.499102894177262
96 6.3548585681631
97 9.285687334470905
98 7.277068876163265
99 9.670025501072045
100 9.860971177466203
101 9.546517981720854
102 9.19435913405018
103 8.716513259580298
104 6.330161180454861
105 7.368043649746341
106 8.519111672618086
107 8.208569157485353
108 7.702843921208676
109 8.99680029930053
110 7.9844858325325605
111 7.846898898245673
112 9.503296772558183
113 8.729996607587827
114 7.8888670766227715
115 9.22474558659895
116 9.140110434978176
117 9.327233004375277
118 9.174681037568838
119 7.220414406822076
120 6.954859388472115
121 4.118148850080325
122 6.9514222654856646
123 6.002733639781404
124 5.3004353928466
125 4.348695972616029
126 6.687034546317474
127 4.304812509514057
128 5.7904394556881575
129 4.273905643242265
130 3.9400682910265226
131 3.889867355734733
132 3.751892322770426
133 3.7548100297411824
134 4.059418425175425
135 3.875037610629013
136 4.821463000922666
137 3.683344995028641
138 3.9493718336619787
139 3.768225102793263
140 4.185321817261115
141 4.036020569852042
142 3.7209185249173937
143 4.217231176945483
144 5.173475915727599
145 6.766890906527807
146 5.949566999762512
147 6.5612056821244815
148 8.481072897285685
149 4.298711665486822
150 6.002664700064821
151 6.940569046376046
152 9.694531994620288
153 8.13156387572149
154 8.333988379043738
155 9.86315363341384
156 7.848657113386089
157 6.527565694088554
158 9.00964946758403
159 10.089273298017158
160 10.551207146086277
161 6.40063187707583
162 5.192165861134768
163 6.175646871289567
164 4.41693518050602
165 4.041552600237759
166 3.653430439864987
167 5.620886646175552
168 5.738984061185095
169 4.362315340211357
170 3.54179032345589
171 4.168521844342716
172 3.986774180885613
173 4.275028639985566
174 4.255387854347034
175 4.002368352842099
176 3.668239652113864
177 3.844701176589383
178 5.27605806391272
179 5.152272996662507
180 4.024600846954912
181 4.920336866157405
182 4.368437763226161
183 4.556291200640714
184 4.077947627314061
185 5.540115248599488
186 6.35045347792412
187 4.177011910472529
188 4.008085419151919
189 4.030621628630058
190 4.218133668091941
191 4.403480278031008
192 7.1240483003138655
193 6.364177941866065
194 5.886096025330127
195 6.170669533637427
196 5.184877134658016
197 5.22613311733685
198 6.014427106261107
199 5.5002726193456395
200 3.9718138122212285
201 3.664184570621107
202 4.332907655695699
203 4.118921839705617
204 4.275288907151258
205 6.13908973648154
206 4.089763062565318
207 4.446612803534506
208 4.522840911547643
209 3.5623744822855983
210 4.031871910582355
211 4.664707256842615
212 5.519088993587033
213 4.820983733224786
214 7.774833072311796
215 8.454982975753182
216 8.073293550484598
217 8.386786278590169
218 8.851111864415753
219 6.660907988710815
220 8.338958226669668
221 8.258862503835557
222 6.854806588405588
223 6.774667316993931
224 6.090975716898313
225 7.654521429189775
226 8.141508812959367
227 7.542266484197148
228 7.594349940393551
229 9.201805430598228
230 8.304539705222012
231 7.92504683024375
232 7.486707794540265
233 7.2420755275833315
234 7.148909137464335
235 8.79576776950346
236 8.158307334020447
237 7.802272738891563
238 7.620815293959358
239 5.552709119164353
240 4.350017117555325
241 4.832726085153968
242 4.380892685014438
243 4.977297379081915
244 5.107911680453103
245 4.962313541684328
246 4.983981005128294
247 4.841328671269052
248 5.231841676207732
249 4.476595501717528
250 4.895315320621503
251 5.614966625343737
252 4.765727499912574
253 4.455242725834312
254 4.6510454319770895
255 4.8684693609468
256 5.060894516030489
257 4.936459437829285
258 4.769920599784331
259 4.543652970740666
260 5.202958693083885
261 5.215174086888203
262 4.491595088703313
263 4.566032116233622
264 4.920461886139846
265 4.4829376783246255
266 4.639971062789875
267 4.612924249016459
268 4.5965511748948
269 4.493847020447131
270 5.080064542889227
271 4.676624467263174
272 4.700826488484865
273 4.609837592264968
274 5.322231357845822
275 4.728816205000672
276 4.835242385463146
277 4.672495216630281
278 5.745756801326216
279 6.606103977381975
280 4.846183542895408
281 5.019713825510003
282 4.549019164524496
283 4.573393247149543
284 4.992796053661742
285 4.751979209587102
286 5.431506932980337
287 5.956731571536776
288 5.096774802228929
289 4.9262967646581
290 4.580819038920999
291 4.8603291186007125
292 4.828547730033851
293 4.451141678527898
294 4.712820224786591
295 4.710956231623322
296 4.670089971465692
297 4.984448646282481
298 4.463109750921816
299 5.284773321546101
300 4.451138236770991
301 4.800794791595654
302 4.668540769074249
303 4.853201627198794
304 4.551160090803785
305 5.828186332848272
306 4.286988642179972
307 4.628180628588194
308 4.458533757279013
309 5.289954658684603
310 4.525686727560987
311 4.04803232019832
312 4.584829090159977
313 4.711372006182057
314 4.665656494837817
315 4.558358011544264
316 4.1784964511647535
317 4.835315576483751
318 5.091956638135001
319 4.443944897922767
320 4.805347663241021
321 5.155535199240315
322 4.593484124427851
323 4.628758401330904
324 4.856368310929057
325 4.721576050673587
326 4.376644082427586
327 4.50684778067364
328 4.575731425981049
329 4.649902598352955
330 5.361071221716014
331 4.701990976475468
332 4.6556684821654875
333 4.429051117575994
334 4.339875953879259
335 5.218877846146907
336 4.83214283659357
337 4.345749972684493
338 4.484195401103061
339 5.115737701350544
340 5.841462197328503
341 4.692832454203204
342 4.7543771964488535
343 4.474162051039252
344 4.790821121173122
345 4.703134660513501
346 5.028467118976121
347 5.015528352074883
348 4.524645345267548
349 4.762368701235602
350 5.026977925919858
351 6.11733817085153
352 4.981244597958179
353 6.005972245090494
354 6.183582362136587
355 4.923267235051359
356 5.649589113616827
357 6.330148092486116
358 5.992619604549079
359 4.104524536994092
360 4.15784393003102
361 4.624025419962773
362 4.698639476634822
363 5.2076778820471095
364 4.543218901058686
365 7.516432607637193
366 8.766249887884214
367 4.554240185388224
368 6.91279735532869
369 5.979003753855929
370 5.339704976773239
371 6.109386661278391
372 5.138318852742922
373 6.8137951165322725
374 5.315074756973171
375 6.548475558105933
376 3.9726396662072467
377 3.952573084963033
378 3.7979396061357034
379 4.017510653235404
380 4.065460540510299
381 4.7629112373173275
382 4.429154117158743
383 4.173964506139718
384 4.0114884815847525
385 3.835664047249185
386 3.9423872680178174
387 3.527971447262441
388 4.07112299893244
389 4.245209389055706
390 4.002624682627381
391 3.680871604351005
392 3.8258100904519283
393 3.8573174684424547
394 3.6695484421856177
395 3.841372963425721
396 4.170285235655883
397 4.169906723096842
398 4.21122697928771
399 4.3564441347878144
400 3.6725364781876846
401 3.8967778628386847
402 4.7950176013799
403 3.986402608559123
404 4.069440803602752
405 5.2806316604030945
406 4.887579796693383
407 4.026366409604838
408 3.920303682362074
409 4.581559618420714
410 4.198696281565224
411 4.161358768744986
412 3.778013095999792
413 4.386873893472187
414 3.747320782914893
415 4.176480892323186
416 4.031792017844532
417 3.9762505649603446
418 4.619475015927605
419 4.3990988392689365
420 8.38965316916053
421 5.756086380180168
422 5.839105546863923
423 6.91049905557092
424 9.800135994256317
425 7.411545093534173
426 6.5199246620761135
427 5.719268195952051
428 6.11822434074917
429 6.315203319485546
430 8.639780968276344
431 7.105037450415953
432 8.926126473830687
433 7.414297991666058
434 5.5707300684991266
435 5.806114644940149
436 5.558116214702
437 4.2103081650354905
438 4.0468753324665
439 4.035309408452659
440 4.419271737438013
441 4.201740642415314
442 4.504421880688757
443 7.207192692052645
444 6.842127535433127
445 6.738052162991928
446 8.229437018662704
447 7.247241890829777
448 5.5214400619454995
449 7.5681557232507455
450 8.70600741552608
451 8.31362644906474
452 7.25760394680383
453 6.259291686753324
454 8.662101291292164
455 9.317092466009496
456 8.756709339664859
457 8.891495724812863
458 6.695778660515658
459 7.818224673435243
460 4.777251652392456
461 3.9884457152506765
462 4.585228983776718
463 4.259939663073931
464 6.174956180150504
465 6.223156107050368
466 5.041724393982017
467 3.910133454074556
468 3.6819968597443133
469 4.10857781503032
470 3.7698912785897076
471 3.941491826148011
472 4.876741766679203
473 4.638121610875912
474 3.8657588098036464
475 3.8151212855761836
476 3.5937395564200907
477 3.757446630286008
478 3.7474188001607485
479 4.772485276852276
480 3.9049712136788126
481 3.7627898659478083
482 4.130299895117766
483 3.940624182411201
484 3.9220969836589954
485 3.327757395235889
486 4.990082381573857
487 3.9715716232865055
488 3.806615821676559
489 4.098952204050374
490 4.292254947082484
491 4.713948281330489
492 3.9100541692841806
493 5.3224211088874975
494 4.6738250679141204
495 7.17667221412615
496 6.10570052344595
497 6.073994404205097
498 7.252783485894628
499 9.910662304062297
