0 4.809205249812965
1 5.272783622249614
2 7.189334560205273
3 6.778201812935715
4 7.5448362800058275
5 8.795394111898604
6 8.026938533709561
7 7.477488204984121
8 7.370148920609641
9 8.34206405682586
10 8.239102471556395
11 6.28704088249679
12 8.640674864646204
13 10.08826581843084
14 9.771217198433668
15 8.59328724282153
16 9.522668663538788
17 9.696734056630508
18 10.9193862053563
19 10.638785029604637
20 10.785021927519422
21 9.458023049124249
22 9.44467146661085
23 7.5318658325185135
24 7.39749949171499
25 8.231662729191534
26 8.287387474438727
27 7.3605215033209435
28 8.578029761108144
29 7.867445488094541
30 8.395858812631344
31 7.221598631648475
32 8.023629338726954
33 6.733308476890405
34 6.907433122152876
35 7.346389288830734
36 7.2673469049073764
37 8.05999333811397
38 8.175351470135109
39 8.085061691061359
40 8.023910004077766
41 6.263762700853092
42 7.361731198961934
43 7.519055706890332
44 7.899535089481267
45 9.157792151060159
46 12.038995720858074
47 8.114867529850427
48 9.41972527818313
49 10.483410292163995
50 10.117683415270006
51 10.0178010889845
52 11.047114251704585
53 10.53455249423828
54 9.509857877643583
55 10.437574307725747
56 8.977506930916977
57 10.04037594924565
58 8.12412860259219
59 8.21309809269102
60 9.753674701126947
61 9.954789318705455
62 8.682568531064788
63 10.526621290359943
64 9.729868878951335
65 9.756787238890704
66 10.519974496391994
67 10.251856540751923
68 8.410972743066967
69 8.463373974396323
70 8.38817357276966
71 10.368001129917175
72 10.37368386343019
73 9.832806138008888
74 10.177934797585992
75 10.05804840702052
76 10.57660594296189
77 8.991964170179292
78 10.929585903240087
79 9.39526116603997
80 8.832740277517242
81 10.059605800815365
82 10.214665577167736
83 10.748369162350945
84 9.522988374682582
85 10.027885325250711
86 9.166382297633287
87 11.284144306956506
88 10.229404285845437
89 7.975763690945123
90 8.39443449706118
91 7.906510909550088
92 8.49608507625197
93 7.587009197009761
94 10.071036818328563
95 11.378574682040185
96 10.180450098009894
97 9.992979847244856
98 11.033984402962309
99 11.303892729868961
100 11.126961191510983
101 10.753085112693839
102 11.24319274791716
103 11.111720588146929
104 10.104556391260083
105 10.396835492014313
106 11.287409153894885
107 8.939180121891248
108 10.129008636642192
109 9.529909402492027
110 10.373721810675589
111 11.265920966971368
112 9.923581768064544
113 8.19382139136114
114 10.38024201398953
115 11.490019274951255
116 10.818356706780044
117 9.512658410216357
118 9.540201295784605
119 10.69754446104831
120 9.439933620278211
121 9.768078511227195
122 7.508747894716854
123 8.582702913047674
124 8.527051528814347
125 8.237165936965267
126 10.15951492216314
127 9.740325522210117
128 10.943771435848879
129 9.36465431155368
130 9.444862768789319
131 10.002453357688994
132 10.131563473822597
133 10.410787109221115
134 10.267833426310983
135 10.211799907736502
136 10.830129072542226
137 9.777080938644456
138 8.25891523457935
139 9.085851374773931
140 9.228252877727373
141 7.696816500487656
142 9.050110205046217
143 8.617440835975104
144 8.712075379523913
145 10.073619920331206
146 10.7099100806623
147 9.652688550989154
148 9.257049208052697
149 8.912102163888784
150 7.703474781065173
151 8.779824252654729
152 9.147956224355562
153 8.421707937827076
154 9.94724189587403
155 10.248948354155903
156 10.218755138021837
157 10.514260931914961
158 7.247037142903328
159 10.503931618915566
160 8.560246960995558
161 9.086203178999721
162 10.599110227689566
163 9.841464824215864
164 10.528258966889315
165 8.696901166022892
166 9.423488840442982
167 10.380955582902004
168 10.067078719517335
169 10.568233586272449
170 10.440957970701183
171 11.023015479544762
172 10.202484352172132
173 9.64425847743197
174 10.652971758888942
175 9.638044063834172
176 9.937489259528926
177 8.67949946124539
178 8.774382963005888
179 9.01616446838502
180 9.82977375958485
181 10.289995146075231
182 9.459340727207495
183 10.229521575530075
184 10.634128009286558
185 10.779584354399885
186 11.310764773529302
187 10.221668404668488
188 9.835789937085842
189 10.025302184166618
190 8.458850208954681
191 8.593810412132553
192 8.98381216228583
193 8.349249055935498
194 10.568344812072693
195 10.86011739825163
196 10.11508407729094
197 10.484058902310277
198 9.309240021652672
199 8.089112856201698
200 9.621726622117938
201 9.534307421125488
202 9.29329795248537
203 8.413188073958432
204 9.074261782799782
205 8.418708451709872
206 9.292678270351729
207 7.140108071602174
208 8.0364361211134
209 7.500646307206486
210 9.37013613521191
211 7.944244007387213
212 9.386579916964585
213 9.694842829466248
214 10.383063897895637
215 11.749226590400262
216 10.100208663590525
217 9.456108406609035
218 9.083269586886844
219 9.547943010693647
220 9.936356294772647
221 9.793381970300102
222 9.294907529674719
223 9.448533823973424
224 9.925708075130814
225 7.88203415656476
226 8.959524916978635
227 9.343460215766036
228 8.896327716550873
229 8.53557966014158
230 8.688926170810962
231 6.949020586793851
232 10.257407108119102
233 10.685829249291704
234 7.616692670909626
235 8.87261914996821
236 10.554194440270251
237 10.288594865234682
238 8.574511349069661
239 8.803698011776364
240 8.720766436889514
241 8.510556535109133
242 4.146924004475118
243 3.688881772527038
244 3.5029375328146037
245 3.5133966332325155
246 7.881614754273804
247 7.5403395580785135
248 5.118375366722203
249 7.799762442543743
250 9.09881716870913
251 7.5307513753113895
252 6.506244773388923
253 6.7136308006908365
254 7.27120713334771
255 8.214545599845254
256 5.766961051308166
257 7.877461213160767
258 5.013608454437728
259 5.4536115900239714
260 8.386957141168553
261 9.50316682457755
262 10.292153776927268
263 10.246968880464777
264 8.759833303781301
265 8.745587872060083
266 7.54175284810787
267 6.791349161362786
268 7.0171401251644285
269 6.867672933200454
270 8.667822454963822
271 6.952751114705934
272 6.894453587006846
273 7.644422776924219
274 7.507001894010306
275 6.7392924756672565
276 8.63094957319241
277 3.669692895929534
278 9.089049244269342
279 7.560093900509069
280 5.2537898940028445
281 7.181795597180499
282 8.044884672839846
283 6.117366857708708
284 6.610238465585958
285 8.62254338903386
286 8.770516008063124
287 8.123207673014177
288 9.747465355562694
289 9.419287978017103
290 10.703367115572618
291 8.892742301560016
292 8.821139578142787
293 8.952532356927371
294 7.632408941679983
295 8.340843286280577
296 9.24704193242766
297 8.154892733762022
298 7.974377594654191
299 6.947660332583107
300 8.513885891402511
301 8.019823058582894
302 7.908927183939946
303 6.9372429541778
304 7.335831475221498
305 7.330914427029281
306 8.433422349258867
307 7.9795691989269635
308 8.069498091858113
309 8.546360721866312
310 6.433031066765114
311 8.637661258024929
312 6.907671997505202
313 7.148815434377121
314 9.730723953001862
315 5.945710614653122
316 6.758527617089235
317 8.685670723139417
318 7.900671052398753
319 7.682422012694222
320 6.754809104169139
321 8.349015532472965
322 8.517867611082993
323 7.7283952199957495
324 8.643923704463262
325 6.760357742767425
326 7.496746065686834
327 8.452538349265483
328 8.373709248337226
329 8.48285868962787
330 8.072994546319
331 7.664812932555399
332 7.7295011598387715
333 9.030630778172206
334 7.569826241618496
335 6.925768915256025
336 8.753261422247549
337 7.486604836676343
338 8.22203393840736
339 6.753923986672459
340 7.839896715786963
341 8.740955739467974
342 7.349904838983226
343 8.518368973493715
344 6.83368364144961
345 4.253031890280943
346 8.856476260216375
347 7.030885908444707
348 8.929517202328729
349 6.041718061180191
350 5.198658731895945
351 7.149597770693304
352 7.45479950317297
353 6.900602538852093
354 7.5102426710145895
355 6.800279922626636
356 7.200391391437817
357 6.7639987375215584
358 6.978399193246862
359 7.963252077570633
360 8.132204934474878
361 8.225321244949228
362 8.300224640620192
363 8.717054273908197
364 7.142846376346431
365 7.41373374879298
366 7.371696642178269
367 7.725067696132469
368 5.734882620293036
369 6.801568247677397
370 6.389779677670908
371 6.4850088397932
372 9.604839478790234
373 8.678034167596959
374 10.099594375367408
375 10.021672051231088
376 10.41658308858455
377 8.527467804587138
378 7.8525955347091365
379 6.703373465146439
380 7.973691894208548
381 8.274939681115908
382 7.84059880219913
383 7.369408828691518
384 8.262123004473025
385 7.977237102841721
386 7.814304601225018
387 7.703454813441982
388 8.158973038727881
389 7.726822641589039
390 8.235588343840282
391 8.02271451943834
392 7.9527242545299215
393 7.900334170907866
394 9.408025393526316
395 9.525159504360417
396 9.407694195956882
397 9.05843224261779
398 9.48497939348813
399 9.573013581386503
400 9.01224766156172
401 9.379751709039379
402 8.579971994130577
403 8.160284609151756
404 8.616450039486704
405 8.676243331452563
406 5.156086218635672
407 6.849078919911469
408 8.521799124132706
409 8.962445272103773
410 6.887176785151798
411 4.079449875023299
412 6.071764672256031
413 4.969071259028724
414 4.5484717997248865
415 7.026254820426534
416 5.3173707746947585
417 3.9301380390501683
418 6.7979671285522265
419 8.552726346220725
420 8.245132963220541
421 8.08662552481325
422 10.255648682703919
423 10.04229783991153
424 9.645246348110895
425 10.606038186546462
426 10.591559261144411
427 8.47490433812568
428 9.569188363571355
429 9.692238205301875
430 9.488531792669706
431 10.673757073976128
432 10.764182250882897
433 10.16457517684304
434 9.72173893781088
435 10.618499882002803
436 10.200055117957529
437 9.925771688110215
438 10.414862373172529
439 9.501591950227835
440 7.5389359455219385
441 6.327621324799889
442 7.419101853578761
443 6.07951846616658
444 7.015426427619759
445 7.0675827246798075
446 7.041587830974344
447 5.463086061468383
448 7.178211769232843
449 5.530515320015108
450 5.792820069150363
451 3.5193378994302638
452 4.772807414696226
453 3.7368517639433714
454 6.327930260921419
455 6.744398725160767
456 6.006444205732408
457 8.78751696740826
458 10.452185632400253
459 11.263608134568731
460 9.66667504012563
461 10.8730449720106
462 10.340241748042507
463 9.53185813406199
464 9.777279299994184
465 9.99463011249667
466 9.896797565082469
467 10.429219359189817
468 9.917135534961647
469 10.516850350540917
470 10.392571906975231
471 11.504298082604752
472 9.900266140630087
473 11.556076191797867
474 10.203612553344131
475 9.786073923534785
476 8.331816094204367
477 9.431991742765911
478 7.674631416685069
479 7.20338169420899
480 6.190649117660959
481 7.057433540119427
482 5.829540910353008
483 7.786228046235472
484 7.871602845309345
485 6.945395446942238
486 8.812707814063465
487 8.611636526962817
488 8.422302457097647
489 6.756437002506425
490 7.524671467162937
491 7.139263548291742
492 6.053331971480458
493 6.947162509276302
494 6.054552925060245
495 5.020613871110257
496 5.063201073230062
497 6.186995961438437
498 7.260183960374654
499 7.418668458439152
