0 4.205034566779419
1 4.217871810829643
2 5.017947262779726
3 4.016621797750249
4 4.0829647442479375
5 4.242307921695057
6 4.4946452334342055
7 4.410069594566979
8 4.1632991890054925
9 4.309072282249794
10 4.131163063857551
11 3.9018902445638464
12 4.086133122064512
13 4.934714765022459
14 3.840607598947615
15 4.568221453523182
16 4.427224374584194
17 4.509766009968361
18 4.50614107779499
19 4.3342416753777915
20 4.352748862788949
21 4.299868891968528
22 4.226522281343259
23 4.273952026875195
24 4.589705090106363
25 4.354657541671512
26 4.404666565329828
27 3.7480946102318335
28 4.373297716755392
29 4.354517400220285
30 4.469900164580701
31 4.297047975096707
32 4.995334187804222
33 4.194836651633977
34 4.099244766527547
35 4.347251794497643
36 4.671752863156571
37 4.586902324415076
38 4.390690117228294
39 4.408663018376738
40 4.693880139415091
41 4.735688213017123
42 4.2027868596978974
43 4.325420500116739
44 4.286654580908165
45 4.03704213704441
46 4.7844682148205955
47 4.357455504548234
48 4.5903929195465505
49 4.205442594104703
50 4.228000481400624
51 4.504537142064947
52 4.333539409640182
53 4.302377925964051
54 4.293652446840468
55 4.430081414483484
56 4.316837897236515
57 4.1913125648174905
58 4.289702376860775
59 5.368219111997131
60 10.383898262128108
61 8.885406162932696
62 7.979726331421615
63 9.03537654138284
64 8.847018957141595
65 9.113939676031828
66 9.48281066696496
67 9.20837581621864
68 8.786338991131938
69 9.095957117093095
70 9.478759739698853
71 8.605882984347348
72 9.450480165437543
73 8.551277830735046
74 9.171487167255256
75 8.263592684414283
76 9.604013688038961
77 9.30530003439189
78 8.380840531096384
79 9.059146934269153
80 5.0560067137283005
81 5.583013394951109
82 4.918052605529516
83 7.22323253365422
84 5.467465862649383
85 7.455486899565128
86 5.449164243080919
87 6.044938702423089
88 5.5509652005720715
89 5.983870072532756
90 4.652427795894425
91 6.860761953666345
92 5.905369899203718
93 5.369844750151328
94 5.066582100209573
95 5.655526131504804
96 5.963705874098274
97 4.401701614203645
98 6.602823574318484
99 5.374221332294663
100 5.4466238670813905
101 4.214093903628616
102 4.993603225970859
103 5.405495613591458
104 5.388120651388684
105 6.299535747743295
106 6.569477804345463
107 7.546495785300835
108 7.701364631905151
109 5.195656716839715
110 6.179396622026435
111 7.612847060276841
112 6.479678678298975
113 4.79196675308533
114 6.475350276499321
115 7.230098945217374
116 10.592652682670131
117 9.965484738380992
118 9.631453192965164
119 10.025973197312164
120 5.647666622921452
121 6.699913198021289
122 5.931794137910575
123 5.560815470531444
124 7.450538131271742
125 4.864247006139222
126 6.60985042130116
127 6.02711478615586
128 4.660970797575357
129 5.008342222634569
130 6.14563746526044
131 5.120633523152524
132 6.096689820629005
133 5.935742304335767
134 7.705061922148799
135 5.3941648893276595
136 5.527293054960351
137 6.732582990676453
138 6.851338140502531
139 9.576851799393431
140 4.775576168798751
141 4.839533554452295
142 6.148536129306305
143 8.36331644840967
144 6.761458762430133
145 7.212681012904604
146 6.004799004140801
147 4.5896095246327615
148 4.38019235018887
149 6.716139219830327
150 7.5107767932797564
151 5.740825650925547
152 6.123140730347827
153 7.69113839379624
154 6.7197292777229105
155 8.259875380041883
156 7.736455454689014
157 7.684387653873448
158 9.648102869795519
159 9.599734547414501
160 7.835505516587642
161 9.144232055065624
162 9.236025534196324
163 9.50344527636972
164 8.899805673096978
165 8.25546395906478
166 9.009966845184053
167 9.092850605337238
168 8.250317943568172
169 9.137784777776995
170 8.917266327783182
171 8.7083592813905
172 7.181394145859191
173 7.446272912574305
174 9.028292943500235
175 8.284443513027847
176 8.12754804296517
177 7.609816154146214
178 9.309113561874092
179 7.359224703525198
180 8.303003937878888
181 10.863132576557284
182 9.288236318031547
183 9.110308725464153
184 10.341595088462176
185 9.559402514285388
186 9.377535951477578
187 9.875510844309229
188 8.970744937134091
189 9.388546063772603
190 9.569793932674225
191 9.357139701161161
192 9.123607435177798
193 8.982063979461639
194 9.131670682140513
195 8.756554383752242
196 9.857703511549843
197 10.01759706679661
198 10.242812073009025
199 9.048395772817264
200 8.761619834488771
201 9.035736236198376
202 8.669813768836695
203 9.201378835425288
204 8.946909825158974
205 9.388291876146832
206 9.456718071576699
207 10.748227997094297
208 9.616093407667854
209 9.206281062501237
210 9.50145548575117
211 10.339228870928912
212 9.027100914784645
213 9.356095539284063
214 9.855236035112481
215 9.414519710342661
216 9.368800014830995
217 8.882802721026863
218 10.338259358664327
219 9.952749966409126
220 9.070358745642553
221 10.232565888175742
222 10.823858557573322
223 8.391790959507262
224 10.449224423545136
225 10.205582843190912
226 5.3591737303815155
227 7.406564991434366
228 8.796243730813723
229 9.120492657861009
230 4.430703063123922
231 4.235045500369754
232 5.308005939066058
233 6.438084847933357
234 8.756981232413285
235 8.817090778918168
236 7.645943096236958
237 9.481433445276107
238 7.917761405752353
239 6.709667845633282
240 9.639498306953246
241 8.06386157249066
242 5.6581057326147
243 7.700634454836385
244 7.10989146246174
245 4.70631536090402
246 4.814578748386165
247 5.281567507285305
248 5.098959245721416
249 7.292199586848276
250 7.54821627479774
251 4.469043859916417
252 4.612020654928185
253 4.600173066572888
254 5.816977124261063
255 5.290820275148699
256 9.054768734844236
257 7.192815310774914
258 5.411363805733014
259 5.056639469870164
260 5.2905259294731755
261 6.837120742397083
262 8.076366966611852
263 7.371014216011081
264 7.337001102169416
265 8.141933914310112
266 6.715852301083589
267 5.90328342234205
268 5.559178688376545
269 4.481699389302275
270 6.470932405112229
271 5.6781988443305895
272 5.370401119636296
273 7.403499454748554
274 6.966001387835616
275 4.649486024281696
276 5.1459705316768725
277 6.870841385338878
278 6.854746314314189
279 7.022552161495464
280 6.055085359310906
281 7.954274922318381
282 7.941259717668401
283 6.117398124084103
284 8.129374998528085
285 5.3825645199878736
286 4.858031434041442
287 4.813557636345431
288 6.436475447154651
289 4.7331943040872915
290 4.64298415001715
291 8.066602620758859
292 6.0559924755214105
293 6.717012273063159
294 4.898167758735171
295 8.645717354830127
296 8.23432973098868
297 8.016465941175941
298 6.895626073744571
299 8.209601217858143
300 8.967998664464098
301 9.625823453292693
302 10.121570052183467
303 9.060292128827749
304 7.798668483213855
305 9.163665358414631
306 9.51702349008074
307 7.362147621755371
308 8.459837306095784
309 7.5415865925274765
310 5.4996369611436124
311 9.085902749364456
312 8.24867114891947
313 6.284154206110683
314 7.339408214695931
315 7.846141117671473
316 7.590331642233379
317 8.056636826692058
318 8.788473797347597
319 8.440303504588904
320 7.888648442380213
321 7.855982976560141
322 9.021114587120731
323 9.062959071878993
324 7.918491356473296
325 8.371957375656095
326 8.019047317882992
327 9.567166636962297
328 9.597410654334043
329 9.099263072281843
330 8.5485175638347
331 8.960298033025655
332 9.325311367514793
333 7.94942547355598
334 8.902360245645687
335 8.68800120887174
336 8.863422614245763
337 8.359301302068186
338 8.446999972560857
339 8.630406751836619
340 8.45722852307994
341 7.914780575376728
342 6.5071350182175784
343 8.86242388447594
344 6.87975952389571
345 6.926685091840338
346 7.515659972527155
347 7.3249051653369674
348 8.268912049287701
349 6.39431803695398
350 5.124211855149049
351 4.932249359598921
352 5.024645095992256
353 4.96210347717654
354 5.894313694032772
355 5.162885805450673
356 4.861432082617902
357 5.972618404717077
358 4.8558731917083024
359 7.578525408918803
360 5.172256050226035
361 5.396896275658407
362 5.341097358794768
363 6.72904896396273
364 5.42242576574174
365 5.043394760706731
366 5.106803645960609
367 5.459123983008581
368 5.323145045000308
369 6.180248931837708
370 6.642222937652023
371 5.898686789158315
372 5.773380011872279
373 6.724221966411795
374 4.796968129688223
375 8.256972437619254
376 7.423410539079816
377 5.395859919973228
378 5.052623999423597
379 6.588381551728583
380 7.440422242434179
381 6.413650664683136
382 5.297074559987047
383 5.52207245369017
384 6.7072652046852745
385 7.3174881173474935
386 5.069592479756513
387 5.0244383525390495
388 5.173033196318975
389 5.02518136973555
390 6.452117948647681
391 4.782403671288206
392 4.946274410049925
393 5.143890371622721
394 5.460492913921102
395 5.419558008667821
396 5.014319186226372
397 8.0213953871375
398 8.23760620567564
399 7.466904855683452
400 6.9662475801402834
401 5.203043843003375
402 5.862990781519753
403 7.435189932629483
404 7.232608763402478
405 7.5568972845537905
406 7.067778893239862
407 4.764181271449131
408 5.4633107927754025
409 5.151951596482378
410 4.922695276216586
411 4.975858946608224
412 5.624100602389668
413 5.607936037568453
414 6.439890531320583
415 5.815634470525908
416 5.094621416341066
417 5.1376202170915635
418 5.960206674303195
419 5.776799915003407
420 6.366996690538688
421 7.4922346922674325
422 7.427501866718135
423 7.136485780815421
424 7.159037061271574
425 7.7166346146181315
426 8.36171993079734
427 7.428353632249432
428 7.615817625200045
429 5.5994031190314
430 9.197687956227172
431 7.822439484124932
432 8.118917566731223
433 8.654556072191232
434 8.249375774239068
435 8.561765193858443
436 7.686568697679091
437 7.351657578320222
438 8.962518368975774
439 9.50416845840837
440 7.252045276288555
441 8.461704343385499
442 9.723603214830899
443 7.999421503589181
444 8.542137181448382
445 9.283842230642424
446 8.097365742095008
447 8.243808932384596
448 9.229959057806077
449 8.799618917267258
450 9.697371288252658
451 9.990207610416316
452 9.516848470783408
453 9.81499288619492
454 9.840875437290327
455 8.690428934276643
456 8.224599124184492
457 8.954093514219247
458 8.989530765692386
459 9.75608768511486
460 9.788246503907963
461 9.512095870582177
462 8.81037269452422
463 9.476245676194964
464 8.041500558318342
465 8.318983121504626
466 9.21196946727498
467 8.969111725302561
468 8.581054706329228
469 9.443214637774922
470 9.072012793425143
471 8.36576011884783
472 8.203366702615616
473 7.23822553888343
474 7.352248710849295
475 8.260718333228878
476 9.70474729701264
477 8.766846423886474
478 7.337131388283594
479 8.369709936563362
480 7.764012894907188
481 8.364209944720256
482 8.650161891115847
483 9.414199465987116
484 8.99343250292158
485 9.326966661177426
486 9.972040262284564
487 9.456784778730034
488 9.13176979377678
489 8.309788505090966
490 8.206715182386233
491 8.28476825371229
492 8.896613762577209
493 8.960674501748631
494 11.153560561693414
495 8.627139454516893
496 9.043032203517807
497 8.8388488722517
498 8.4885921840175
499 9.124680569698873
