0 6.5544506743047
1 3.81594657711558
2 4.32571219409331
3 4.5129711831716826
4 3.9894053702819074
5 4.97092384225781
6 4.579540590129612
7 4.554954787952951
8 4.414496922112788
9 5.065551110729794
10 4.4895881106924245
11 4.768952632708246
12 5.024487358549507
13 6.22338477532376
14 6.103291930863445
15 6.627520745397454
16 6.944364263499842
17 5.33717980829815
18 5.154519990255195
19 6.2449615743263145
20 8.513797699059117
21 8.065291516031495
22 4.7115636753801935
23 4.455797978606781
24 4.046039184485086
25 4.278535466357882
26 4.164627963512592
27 3.583734052827808
28 3.515940330439352
29 4.953865057302677
30 6.3853550519683635
31 5.89235180072079
32 6.160880487889551
33 4.246749546267823
34 8.43015193004395
35 4.339596736988704
36 5.365101273070715
37 4.645233055291671
38 4.294391564321651
39 4.206353689665997
40 4.719890316540209
41 4.66542354570834
42 4.778928770754871
43 4.734231923743017
44 4.474474334800247
45 4.2307383202782765
46 5.345425700954837
47 6.904703668922
48 4.642027458934815
49 5.656813916015639
50 7.7398368394137815
51 4.3256529909792
52 4.24419475384592
53 4.437011571783289
54 7.379294749698744
55 6.861509588060114
56 7.174508738856728
57 7.9098570810162085
58 7.864638198028621
59 4.5245558154806975
60 6.254518972174093
61 9.044680812282635
62 8.308285455838956
63 8.131699305576989
64 7.212286675259881
65 5.604712844522123
66 4.555322111330524
67 6.231973646019089
68 7.774211648450338
69 6.602847399245649
70 5.009030033267292
71 5.187237982053483
72 7.2560792680214705
73 6.863546170432265
74 4.193634198347589
75 4.57214514311859
76 3.9791339300916233
77 4.256884102424399
78 4.202542931348334
79 4.718858922296872
80 4.149650290821047
81 4.335923807723052
82 7.730581419022216
83 5.653518593702431
84 6.804422540949886
85 8.70600766784505
86 4.438459381583753
87 6.601078816092414
88 4.7814283310342205
89 4.844265580557416
90 7.272582424287399
91 6.6050618057673285
92 7.2162754754635206
93 6.766348512763946
94 4.630855186511937
95 4.325690371214709
96 4.855439721921524
97 4.2536773939363695
98 4.493747164498081
99 4.328075274715467
100 4.025655363629344
101 3.59985196985848
102 4.224083290184745
103 5.512254524835662
104 6.716828995921268
105 7.740915767022534
106 4.081308510702959
107 4.313590942359424
108 5.546001040802105
109 8.233445749045035
110 4.283546455322419
111 5.110266421118821
112 4.793049019392922
113 5.296106250979196
114 6.152886580769224
115 5.270226945071038
116 4.396601504184779
117 4.306480785536068
118 4.47683543960774
119 4.3712045513545945
120 4.245637448519833
121 4.552241276873199
122 4.149010327244198
123 4.1651968621608715
124 3.5858601451661745
125 4.773574800093696
126 3.739558737074879
127 3.556737922698442
128 4.000322462257798
129 3.9945493375211485
130 4.178302364020773
131 3.9084261804275484
132 3.99434674614229
133 3.896724148187527
134 3.4979985167245453
135 4.076377627998454
136 4.820847220955145
137 4.430007814691637
138 4.757554276795565
139 4.120168490594984
140 4.44666396857699
141 4.61802666140195
142 4.345217030137971
143 4.640632669786395
144 4.46851707009448
145 4.547649114619965
146 4.925258278773214
147 4.456055891521484
148 4.147908761265166
149 4.018061970219433
150 4.0413782075651365
151 4.277965690700368
152 7.442465776473369
153 4.872715601096866
154 4.164326118780732
155 3.666406139594229
156 4.968128170600097
157 4.393177002731782
158 5.045854581923095
159 4.439258794052751
160 4.583228453831662
161 4.6470778346212525
162 4.0401366804558565
163 4.254418645983864
164 3.9736197358989993
165 4.40876805948937
166 3.982346598818706
167 3.718273191425428
168 4.093527843652418
169 3.834470024143308
170 4.169252187116114
171 3.723560210622235
172 4.083187839607176
173 3.7873770554760715
174 4.230435415549516
175 3.8742757326048536
176 3.8847754418977276
177 4.206680886928011
178 3.8096473878740706
179 4.475955265217137
180 4.5307881046679155
181 4.382856735948367
182 3.8419060869374837
183 4.71572485459104
184 4.974728336194065
185 5.174136156188177
186 6.558641927545161
187 4.094230857835025
188 4.037380757839229
189 5.754138863886695
190 4.629420319238826
191 4.0934273704481505
192 4.50446514901343
193 4.298980845818986
194 6.901076598682074
195 5.690327597564873
196 4.401703206869875
197 4.34595688659938
198 5.347529645558461
199 5.646511562554794
200 4.453016755988545
201 4.514393560406815
202 4.389657787073272
203 5.5643065617519545
204 5.554500966026144
205 4.927472176553837
206 4.07114410863265
207 4.546674281836562
208 4.518677840444089
209 4.014943087593969
210 4.177140015015334
211 4.263690030465507
212 6.291027646444098
213 4.226724912883872
214 4.091809487886919
215 5.12131613247869
216 8.18979043206013
217 4.454424459903706
218 4.6961036812118575
219 4.256863136815273
220 4.259251509608712
221 4.441311166948381
222 4.938107133970214
223 4.6227292382703355
224 4.460950404558253
225 6.779323356450411
226 4.468611542759383
227 4.208749967520145
228 5.726308411661941
229 4.892867470019737
230 4.5134561841084455
231 4.529153277692327
232 4.531819646265116
233 4.546694933544276
234 4.977509988280799
235 4.151173976516392
236 7.107058440846835
237 3.9099494590384745
238 4.405604742407378
239 4.270039853571574
240 4.1672215560809756
241 4.5793380178596665
242 4.832455037064297
243 3.5959540129074603
244 4.125327444634525
245 4.31476143619164
246 4.5232676997838075
247 4.3246035516406645
248 4.141646657955243
249 4.421206530795898
250 4.108479383796982
251 4.73390985546481
252 4.659579991714013
253 4.084887845872574
254 4.488427169633666
255 4.230437213147715
256 3.899275232802667
257 4.001843750028446
258 4.103765741183042
259 5.106232315738705
260 4.969757273030038
261 6.151017367770589
262 5.656239807215257
263 5.609625889120021
264 4.474065798861679
265 4.636735915801746
266 4.977294676530248
267 4.144531439052011
268 4.957992935211758
269 5.694822356814109
270 4.262620309377835
271 4.217412629940447
272 5.01809260793054
273 3.8809295188971222
274 5.260282236175894
275 4.197127550366748
276 4.879130023931878
277 4.739857869288387
278 4.9450796958567675
279 4.094198707264277
280 4.925785419059115
281 5.0429639617684066
282 5.990948424791589
283 4.007887287742485
284 4.254753980801986
285 5.0403624737071135
286 5.861927745056236
287 4.815646135642097
288 4.256334785690202
289 4.812499894650936
290 4.921475796583353
291 5.036486530237849
292 4.979735593944599
293 5.543621650664672
294 4.409643011974315
295 5.761253916151203
296 6.003027146701144
297 5.319463474147713
298 6.881228385876809
299 7.845232965119874
300 6.210575411672968
301 6.0430853084856135
302 5.891677359053097
303 7.421529266379674
304 6.744895690295516
305 4.923536090336626
306 7.03467076702818
307 5.879302872808257
308 7.155128496296642
309 4.945727198468835
310 3.9254836883623914
311 4.011817246480455
312 4.51006861228895
313 4.163011584009591
314 7.105582297770542
315 6.296585641562267
316 4.245362562908607
317 7.545165116468503
318 8.175694573263813
319 6.813961203953445
320 5.097722429975681
321 4.32949746914247
322 5.2422455913144335
323 6.699162756897217
324 9.068138783797533
325 6.507570668373964
326 7.611330776062455
327 5.087578030447699
328 5.947458013004895
329 4.3404712650386665
330 6.028808933754091
331 9.400385872007028
332 7.085303431415839
333 4.963633475946391
334 5.502214816725291
335 5.704166238578397
336 4.66723191381984
337 4.921952375227833
338 4.617228786427377
339 4.382618816779841
340 6.985940094589798
341 4.2724406668045445
342 4.353964704714183
343 4.299390234544558
344 7.662599838952602
345 6.558777578991612
346 4.970839741446054
347 4.9797907865944
348 4.049587064277544
349 4.60604314078313
350 4.490928021325371
351 4.270264972278489
352 3.7040090940815436
353 4.0314325436919916
354 4.215288571189493
355 4.754830206310321
356 5.085205245272562
357 5.670779377852874
358 4.075838068731919
359 4.797563359395411
360 4.314833674358532
361 4.908960273332459
362 5.494351959399079
363 5.463530257701209
364 7.0339374160259585
365 7.8170648468292425
366 4.9322612051257275
367 5.511806115868069
368 6.550010594725932
369 4.7785337583704885
370 6.55051750944786
371 4.7982564070377975
372 5.0620029625812775
373 4.871790385241191
374 5.230720854668246
375 4.556110291846256
376 3.6359952110175255
377 4.454231133180655
378 4.272903106179519
379 4.499383510700837
380 4.240092635643056
381 4.980627030943416
382 4.291338268110681
383 4.95605411501459
384 4.390718096133682
385 4.325319297495331
386 4.428513437325156
387 4.686083739623193
388 4.117673662491267
389 4.534561566575203
390 5.941785120076133
391 6.547421076971517
392 4.5145901876732575
393 4.298208180241083
394 4.309840009449842
395 4.448708647363418
396 4.313960546833566
397 6.268015594069837
398 6.810116956008538
399 4.710370962375596
400 7.471749940821873
401 4.9244492420398736
402 4.655253703359541
403 4.721177404892822
404 5.86646851725848
405 4.780034648292218
406 6.424299495899773
407 7.923610395226164
408 4.287714399956903
409 5.9121837844643155
410 5.306903729989736
411 6.137655979461611
412 4.869058781380656
413 5.289547591957633
414 5.48399068867039
415 5.420365334547187
416 7.4478326978867
417 6.1497036256644835
418 5.844458948495688
419 4.28108646826542
420 4.562188981041087
421 4.179088073932462
422 4.425073411105166
423 6.079580935844678
424 7.878217646496115
425 7.183793347042667
426 5.0600183093858275
427 4.887494615760589
428 5.952149567630027
429 5.7691495771955275
430 5.352704979425093
431 4.953454642724111
432 4.896123573211207
433 4.584056098536306
434 5.986842432135572
435 6.7268359648271945
436 4.736408457729066
437 7.966258339672898
438 4.997509696681415
439 4.811604266314726
440 5.1401923186443845
441 6.279997275468298
442 4.949552877744305
443 7.545273930121001
444 5.597342420158503
445 7.171652480779544
446 5.804427820420332
447 7.428459920120301
448 9.049390230752568
449 6.167201537143223
450 4.821978485961399
451 5.345785114719441
452 6.236153240605238
453 6.145205777433268
454 4.023005252439096
455 4.8970464127142765
456 4.579263211569508
457 5.300072216116649
458 5.361134769079095
459 6.349508327659789
460 6.944151185457986
461 5.009603735758298
462 8.629619096980491
463 5.571047372981512
464 4.260838177795665
465 4.197141629086969
466 3.8573182435489
467 5.242204545371226
468 4.635983962392245
469 4.438508625109971
470 7.0804122287614275
471 7.380017383647921
472 3.9802448065696203
473 4.164364331830352
474 4.456758206110762
475 3.763518198299086
476 4.096340603849412
477 4.405008960135544
478 4.538088758233309
479 4.47582954821259
480 3.856674295964462
481 4.392781541245147
482 4.80183238062283
483 4.40051224991103
484 5.758636025555021
485 5.772423781628128
486 4.8816297233927575
487 7.581517216013167
488 4.93843891579448
489 5.115342359302238
490 5.484180077779553
491 5.075605962707171
492 5.186554673540947
493 7.706902868933002
494 5.264707327035156
495 5.935464102459145
496 4.2052681513831125
497 4.558180193608644
498 4.5499427049920556
499 4.459561627926746
