0 5.060587078586654
1 4.148969333912668
2 4.5261876071926155
3 4.4513433425694116
4 4.485947436351939
5 4.177152618478753
6 4.339671175869093
7 4.437632975013334
8 6.852609738868556
9 4.127198637889167
10 7.649586515943938
11 6.852735909104404
12 8.51854756252134
13 9.553239622434369
14 6.3998613060226
15 7.368855481155234
16 7.893994385819181
17 7.455431075667713
18 8.171982409924617
19 10.72724993741895
20 9.583677270459537
21 10.913710407558824
22 11.394439753775123
23 10.117478816137494
24 8.94862123514381
25 10.25643676857384
26 12.438941693211776
27 10.591584974482755
28 9.229620836369651
29 9.899944510205298
30 12.013356489484043
31 10.14071897052844
32 10.081992173411242
33 10.063434074386128
34 10.736441972447407
35 10.679536321529747
36 9.0927686897226
37 9.204360003818772
38 9.342611371621114
39 6.8161026112108445
40 7.519952655258151
41 7.441692403223568
42 7.520200919664832
43 6.974306904104102
44 10.322501241447112
45 7.813207976084647
46 7.682791269723551
47 7.958950740233017
48 6.658586896929729
49 7.351843418621858
50 8.15385970693106
51 10.274891674704419
52 9.969541116773653
53 10.085967419964446
54 11.611670986863462
55 11.122235178474343
56 11.995202475451475
57 9.464724656129304
58 6.123189960846604
59 7.861684491266853
60 7.2355500790366305
61 4.47889683520395
62 4.457659005472402
63 4.661369858032752
64 4.657825470901149
65 4.989332236435119
66 3.5322298098668963
67 4.798822217284018
68 4.135117961033562
69 4.507927624081771
70 3.735819502130267
71 10.354106415157013
72 11.010232237796277
73 11.82477463338659
74 10.86885751020353
75 11.687425626844135
76 10.245904231257773
77 10.407106452600702
78 12.040976909781877
79 11.758103311105456
80 12.183741804826976
81 11.724152264028751
82 12.877062248226384
83 9.700060080305576
84 10.55841349116469
85 10.673221456443851
86 7.512283817366069
87 9.791733471726769
88 8.811891330092338
89 7.163220216682549
90 8.138701588933193
91 6.544399748182675
92 7.24613591988138
93 5.644197543017301
94 6.111402919491735
95 10.472940042977319
96 6.627508405675093
97 7.212931385626428
98 11.801001404332764
99 13.732130884887408
100 12.99433465241014
101 11.562186693018846
102 6.751122578610833
103 7.047094564324036
104 11.395096430678082
105 12.747365755845374
106 11.257753524507809
107 13.025582026501944
108 11.397994691661815
109 14.522057737743621
110 12.369953838783967
111 12.351342378783542
112 10.972894901334833
113 12.682231068771356
114 13.1557214725749
115 10.776008162914215
116 11.796637687387515
117 11.318124803600194
118 9.017997757582707
119 10.506093559925128
120 8.93805065426877
121 12.167444644224805
122 11.791161678356207
123 9.928827545795764
124 10.740723728192979
125 8.810633076093506
126 11.435636925639912
127 10.38030648530529
128 9.110738618034146
129 8.728170586720692
130 9.3237675745294
131 10.031817732117062
132 9.904324560604397
133 10.203241862805507
134 11.986157486877817
135 11.20630974195931
136 12.18291544704661
137 10.81247802713227
138 8.38379312517468
139 9.997610014108435
140 7.712851946760149
141 9.120522674939158
142 9.23299434876002
143 7.1029279979687825
144 8.274957179639655
145 7.92978327512851
146 8.112191567876014
147 8.082257026207053
148 10.459370723904536
149 8.775003615031626
150 10.48789037091555
151 8.12391066549476
152 11.659719127020962
153 9.612481628475672
154 10.042265553997881
155 10.583875808670582
156 8.73677127004097
157 7.858631957748139
158 10.101184306661334
159 11.383580742545684
160 7.631403755701028
161 10.791554860896223
162 6.516991451649806
163 5.543969140077193
164 6.505747324250558
165 4.373059632446184
166 4.485376570946557
167 4.899269892335903
168 4.127882722813688
169 3.5250312487460262
170 3.998837354193986
171 4.601430095123993
172 4.264201372920131
173 4.0190900576893736
174 4.124528769309025
175 4.459144705622999
176 4.36516041009668
177 6.195468605036236
178 3.835066031022921
179 3.523434365206345
180 4.252437751775092
181 3.9840718375665567
182 4.099875825797825
183 3.6693801516547087
184 4.3388947442386
185 3.77763830937869
186 4.464508680394005
187 4.3391602929054525
188 5.183537495444447
189 4.986088643096073
190 4.075149770901404
191 5.852910913029546
192 4.215811854442267
193 4.3989454808959065
194 3.987357745893443
195 4.257141190786451
196 4.222827724888531
197 3.9194048585885937
198 3.8520782179593493
199 4.313533115248992
200 5.0312274854364425
201 4.158059357722392
202 4.039569560127277
203 8.552860397560195
204 4.410729575821772
205 4.2002098477113705
206 4.069394640873116
207 4.417967065055603
208 4.234818329237067
209 3.7895461288861227
210 4.446281906376702
211 4.419745548502909
212 4.205933848937122
213 8.549153801609712
214 7.308024087317762
215 3.8152897254949414
216 3.6007031504429685
217 3.717891889967613
218 4.205185560380607
219 4.251846089149244
220 4.26332209055262
221 6.283227860001437
222 8.329324220928655
223 6.771707071834813
224 5.790713556639812
225 8.688285018653156
226 11.558737481641694
227 9.202276112097284
228 6.9829546529784725
229 11.090934634403235
230 9.690053621777041
231 11.85473308675844
232 12.744668451303333
233 11.903721957895126
234 11.156309368735712
235 9.399691397671893
236 7.273694829062442
237 6.936785241090661
238 9.865775836451077
239 8.437965688895375
240 6.324100871614882
241 9.009482700834164
242 7.1471815635828335
243 5.693506722468592
244 6.988689432977931
245 6.063232002914003
246 9.875861700473282
247 4.792617429786738
248 9.897728151191123
249 8.387476452558358
250 10.865726460626986
251 10.817322909976314
252 8.988902904219623
253 11.53155018308022
254 12.49960633522694
255 12.08415257340076
256 11.149512244287592
257 9.522748982028107
258 9.752146313117752
259 8.60590247437937
260 13.190914772426808
261 9.468871121178601
262 10.998042476752625
263 9.753280323694412
264 10.865715100531464
265 10.811333216454505
266 10.588110227653413
267 10.226915595662936
268 12.775662788803935
269 9.569642563108818
270 10.781132030673142
271 12.355389579384822
272 10.205358550350377
273 8.026741722896464
274 8.571193020437546
275 10.708017550231329
276 12.035503045860928
277 11.631944681804239
278 9.651409445570549
279 13.803736316768383
280 10.219555658059155
281 10.98170333711447
282 9.120468660824491
283 10.114748458034505
284 11.448134520760966
285 8.757990193177678
286 10.912259779461511
287 8.634129909722501
288 9.820622097076095
289 7.148357384286849
290 11.165623040383505
291 9.03734218985309
292 9.396907794184594
293 9.082393890488122
294 7.93106704086988
295 9.659198408591909
296 10.50608407488567
297 8.70246407778986
298 12.485203209810345
299 12.11852397745856
300 9.466184692526669
301 12.13356697225894
302 10.387520596292715
303 11.381093819747484
304 10.796680022144434
305 11.097163973565575
306 11.388746035082347
307 10.120065504334587
308 12.42173204059849
309 12.256764921399494
310 11.128616104667778
311 9.970343633793773
312 9.93484893102785
313 11.336881381029633
314 11.758619815535301
315 10.83961517125959
316 8.459679875643987
317 8.504003599982818
318 9.592883292180053
319 9.164082180003403
320 6.779421355684135
321 8.273804050749618
322 8.95204599526699
323 7.4117751676191395
324 5.516097572283428
325 6.426001853100482
326 7.575988829826435
327 10.511388744915584
328 9.131562245955957
329 10.093998139655598
330 11.732720426362377
331 10.577114007517466
332 10.650285702141806
333 11.318916019198667
334 9.68831305542649
335 10.982024660353893
336 10.637650735363545
337 11.905504088707398
338 11.087879014598132
339 10.234808478820886
340 12.799705684004829
341 9.800711225250769
342 7.4164886965120775
343 7.54344564757192
344 6.10322840994988
345 10.081344308156671
346 7.354214398275597
347 7.653661978854076
348 12.290728669284473
349 11.926602185793204
350 8.522420942486963
351 10.094199924495747
352 7.762072209463091
353 8.36393792624198
354 5.6344039040157785
355 10.052637184343073
356 7.907765261156854
357 8.121041056735223
358 8.559304242371647
359 10.506485564951562
360 8.937558980021633
361 7.785783115528696
362 8.453781077502303
363 9.939390572865813
364 6.094610452887774
365 6.600241467286443
366 7.711306929103328
367 8.462765698779055
368 6.786263124998392
369 11.608365254218992
370 11.32543032483443
371 11.849419875852861
372 10.842670237928104
373 10.471494261459666
374 7.952150516749033
375 8.897301586972802
376 4.285332102512218
377 4.64590336954914
378 3.5239622623829803
379 4.610430192729568
380 4.106445795529041
381 4.436009110649983
382 3.493292072904091
383 4.089691146914913
384 10.412632014112333
385 8.627414382492542
386 8.907707578646994
387 10.045120076302556
388 6.895360331575258
389 6.885286058423782
390 9.522130946446884
391 9.912471273514013
392 9.81146664491843
393 7.603293052936423
394 8.002031922107205
395 9.558739774621671
396 7.395051674750388
397 7.841307956501013
398 7.943291362988387
399 10.904341053622291
400 11.233402822810174
401 11.228326148306754
402 10.86857880672582
403 10.624695252897189
404 11.29819183269129
405 11.249265919147836
406 10.603206564962646
407 12.440193956963105
408 11.90599892976658
409 8.994484844315068
410 11.31907641191493
411 9.80452850452897
412 11.102032072690717
413 11.926415448076378
414 10.890631266815776
415 11.755549924649806
416 9.720375120969951
417 12.80002748816629
418 12.398754168601041
419 9.063159816365127
420 8.21978977068655
421 10.68450960054138
422 7.904995752039837
423 7.314433442454624
424 11.299389077782626
425 12.0226589487214
426 10.340572644093045
427 10.003462537271796
428 10.60629536265512
429 12.313737291760141
430 10.42385406107661
431 8.599709567724126
432 6.623318062324791
433 7.375582931519241
434 8.022398197841625
435 9.75765286112397
436 8.84647545390668
437 6.7216736320996135
438 6.8966435919920475
439 10.802837651997534
440 10.249230071867773
441 10.966493243716371
442 7.84366431047524
443 7.32772378425315
444 7.238333262082444
445 9.54737385404691
446 7.5845679500391014
447 8.93229802265093
448 10.554212226217095
449 9.491604847382144
450 11.41089396962985
451 13.040927427067539
452 12.331860465680013
453 11.727755558060315
454 10.193075005217525
455 10.418727125206344
456 9.139131451765225
457 10.76392044035187
458 10.072892431603172
459 11.353813468771717
460 10.041742451865654
461 9.353029124880656
462 10.391597330765839
463 10.543607000056893
464 8.577797062028136
465 7.500929131155832
466 10.431412042032312
467 7.198800242381126
468 9.664769942437651
469 7.900623613476641
470 9.481743017158646
471 8.879859369051001
472 7.864896799969929
473 4.348923991416105
474 4.388053268509406
475 4.315019922325286
476 4.697474586045517
477 4.121387982051261
478 3.7199194921924605
479 4.480144352813543
480 4.472466245131026
481 4.0415281260878295
482 4.208337472381836
483 4.346060187667204
484 4.566024146891959
485 4.073026874693389
486 4.516061460677508
487 4.509384517180862
488 6.422587757396461
489 8.786378270679672
490 3.545809229938285
491 4.341924828806587
492 6.622855956407603
493 3.580028735691876
494 6.6235253940399375
495 8.284791880094474
496 8.46512565711051
497 11.097822498551624
498 10.243715524936665
499 11.10700361764214
