1 1.2941306829452515
2 1.1017704010009766
3 1.0516197681427002
4 0.9472206830978394
5 0.7146139740943909
6 0.6396645307540894
7 0.541037380695343
8 0.5296574831008911
9 0.47631075978279114
10 0.5631843209266663
11 0.6084930896759033
12 0.6262755393981934
13 0.4736349582672119
14 0.4373258054256439
15 0.48455142974853516
16 0.48502492904663086
17 0.3988577723503113
18 0.500032365322113
19 0.5681994557380676
20 0.430203378200531
21 0.5512093901634216
22 0.6420407891273499
23 0.4671669900417328
24 0.4233582317829132
25 0.5003236532211304
26 0.46023717522621155
27 0.4992891848087311
28 0.5786709189414978
29 0.5885763168334961
30 0.6228074431419373
31 0.5453001260757446
32 0.667635440826416
33 0.7939839363098145
34 0.7115350961685181
35 0.6188262104988098
36 0.5033000111579895
37 0.5646358132362366
38 0.4908351004123688
39 0.5321305394172668
40 0.4492568075656891
41 0.4867742955684662
42 0.489341676235199
43 0.5401672720909119
44 0.5944713950157166
45 0.5527713298797607
46 0.41158708930015564
47 0.4606797695159912
48 0.5285179615020752
49 0.4447146952152252
50 0.386494517326355
51 0.4769066572189331
52 0.5410981178283691
53 0.4812513291835785
54 0.40302419662475586
55 0.4576118588447571
56 0.5078568458557129
57 0.7763576507568359
58 0.7702043652534485
59 0.6819351315498352
60 0.6178061366081238
61 0.5381735563278198
62 0.4742540419101715
63 0.4954783618450165
64 0.5421561002731323
65 0.6785283088684082
66 0.7207386493682861
67 0.643613338470459
68 0.6374412775039673
69 0.5136370658874512
70 0.5123670697212219
71 0.5195875763893127
72 0.5612097382545471
73 0.5043509006500244
74 0.577944278717041
75 0.4769788384437561
76 0.597775399684906
77 0.655398964881897
78 0.8388754725456238
79 0.8692307472229004
80 0.9590498805046082
81 0.7991567254066467
82 0.7794360518455505
83 0.6743233799934387
84 0.8604010939598083
85 0.7584166526794434
86 0.8435031175613403
87 0.9209257960319519
88 0.833015501499176
89 0.7994213700294495
90 0.7271072864532471
91 0.7446413040161133
92 0.7208877801895142
93 0.6231445670127869
94 0.7360609173774719
95 0.7895113229751587
96 0.768697202205658
97 0.8104279041290283
98 0.8368477821350098
99 0.8417561054229736
100 0.9169578552246094
101 1.162616491317749
