0 3.7571421895512485
1 3.722551092298576
2 3.817962793221421
3 3.7726084152739876
4 3.850644917564153
5 4.001358543104495
6 3.6231780692107036
7 3.634717851636949
8 4.003763692957729
9 3.520955878121066
10 3.3282146506273733
11 3.5718342006431434
12 4.713831068012109
13 4.051130430404221
14 3.9517484205820557
15 3.6661650847077087
16 3.7335603663167816
17 3.849542076076221
18 3.77114940132941
19 3.856188116021094
20 3.7116741280380015
21 3.4339690218054693
22 3.088988146895043
23 4.578752790844913
24 3.3928012002951338
25 3.3636090833269083
26 3.13893024063841
27 3.5306044424216863
28 3.6345677783707884
29 3.620932302632998
30 3.655132949535062
31 3.7245283415433255
32 3.6747844596776247
33 4.2451147334410875
34 3.453362403456939
35 4.040763586252244
36 3.8244964054829955
37 6.3272135557362486
38 3.675407098830699
39 9.078100175752834
40 11.217922754153522
41 12.14457570782359
42 3.7515025583169224
43 3.617932113824432
44 3.66432371897069
45 4.134701227952427
46 3.501805696830677
47 4.914507033522223
48 5.647762789468156
49 3.8306802796884414
50 3.830071282898436
51 3.5080666581003146
52 3.567328071257834
53 3.7030980245898792
54 3.7087845003729254
55 3.580817558902985
56 4.874854710747382
57 3.7494247934898706
58 3.399498369986137
59 3.839704774212237
60 3.8011884350178566
61 3.849344752921386
62 3.6863878998560344
63 3.636610827642779
64 3.70038006633539
65 2.6947588943232157
66 5.444971680083395
67 3.9245604459703327
68 3.370005472945513
69 3.8945073467523135
70 3.121942175949628
71 3.7328935720134955
72 3.699800298131241
73 3.5561559020615747
74 4.028608303303125
75 3.421649996720827
76 3.6506662363438824
77 3.525163749330834
78 4.013836505631835
79 3.6977768562627946
80 3.461694663919816
81 3.8611115986103055
82 3.5330412389035843
83 3.478842957143829
84 6.273988868081652
85 3.7261238320867087
86 4.2180036000743
87 3.837922586093979
88 3.5009287976287693
89 3.8627194285184294
90 3.6986630620989325
91 3.8361317638828916
92 8.296503455701913
93 3.8314250970869557
94 3.7566868496605204
95 4.403013869867592
96 4.673746590174757
97 3.7356745411244967
98 3.0133670309827383
99 3.555685789489783
100 3.790501557083219
101 3.8550823854566696
102 3.4786102332959725
103 2.7536122839841144
104 3.2468271825001405
105 4.120991543112171
106 3.0037243553945396
107 3.056629552508453
108 4.460054695955066
109 3.023381320104074
110 3.5883625639347128
111 3.8277617488825677
112 3.8172817255910223
113 3.6466297101870166
114 3.6907118280985283
115 3.507184965911386
116 3.716905489437169
117 3.804233673607204
118 3.63833667082743
119 2.96679716223023
120 3.902860321658298
121 3.766724788980274
122 4.102328521654828
123 3.874521867639462
124 4.030101061469547
125 3.4908924210106287
126 5.440062057982878
127 3.9812255177305946
128 3.757714422307735
129 3.716290792623413
130 3.8817272642621043
131 3.6006809137811384
132 3.7572152854961143
133 3.8740179635413585
134 3.1468431237676415
135 3.903294097136028
136 3.9373924829413083
137 3.33521397392341
138 3.917585068484245
139 3.674736403586369
140 3.3571755179800813
141 7.034292983492168
142 3.73468855703321
143 3.366433162382429
144 4.688265446427942
145 3.205169584526184
146 3.1945521307504134
147 3.873249011395916
148 3.4174303131774337
149 5.683473279734424
150 5.322012138702668
151 7.3960542059491186
152 6.30809358351904
153 6.585268640675527
154 9.35272525608852
155 7.376972940068775
156 9.046499425991804
157 8.227479752863195
158 6.707870033042419
159 4.613818893775258
160 9.428900977375468
161 5.896998170412364
162 4.956575288699379
163 3.5176104910452253
164 4.965876332587973
165 6.6079208896553
166 5.4053845784046874
167 4.249849635732793
168 3.6856384735383325
169 4.346410958098089
170 4.154440419274021
171 3.12965748283695
172 3.0061781855349974
173 7.0863567821625
174 3.6297109604297435
175 4.511836607499981
176 5.23491201859026
177 5.489349268509932
178 4.52432763420276
179 3.5341251445576685
180 3.2819116844015404
181 3.176164459703196
182 3.3540199777003616
183 3.5014690583022374
184 3.3952896686510488
185 3.719380405458431
186 3.84282198938655
187 3.8977086407262895
188 3.991198208866018
189 3.9650266533493213
190 3.614482372438036
191 3.3307857342834635
192 3.7015143592431974
193 3.735936990753031
194 6.694506256714394
195 3.8955756422961367
196 3.7960847984679704
197 3.9903294156779894
198 3.8916963929967494
199 3.474250502606153
200 3.40744828390378
201 3.292315068060021
202 3.8287239675071616
203 2.648382229128458
204 4.99567535146119
205 3.8527654053187823
206 3.996729018533917
207 3.345212656192214
208 3.8536095031568802
209 4.2050143796638
210 3.1017725946857677
211 3.624444496569833
212 3.6243237082775197
213 3.1686569059472416
214 3.826901505103793
215 3.8393967646982685
216 5.711852366946514
217 3.9400049122583245
218 3.7184945886301213
219 3.1237638364223104
220 2.9657728245533677
221 3.351782324829372
222 6.787086912641822
223 3.364525372932953
224 3.8158279404622855
225 4.975511297577503
226 3.6142452591537104
227 6.63931412607349
228 6.370213453969434
229 2.72270623598893
230 4.210785654767222
231 4.9897933764966504
232 4.1435228999746005
233 3.90391914728426
234 4.605708319692648
235 3.907582662985965
236 3.7371705987342714
237 3.3580767459203833
238 3.3756960403946943
239 3.021191889076243
240 3.4955958341196816
241 3.7455567000909973
242 3.963458280368714
243 3.7627293798254264
244 3.6674307869284974
245 3.6406567722634384
246 4.128381832548288
247 4.991416575824453
248 3.5848889816606486
249 3.973118088877644
250 3.2613894365448974
251 3.6084906288663343
252 5.504718722206904
253 3.5250002076378415
254 3.3643408614665073
255 3.6514587085712487
256 3.531559560377961
257 6.551966125899349
258 4.593078539316581
259 5.986628227563735
260 3.177861915999163
261 3.277397179068348
262 3.186407617984391
263 6.450375658847607
264 3.4919931807498306
265 7.9909386410262915
266 6.950101547487372
267 6.899580059861172
268 3.3912781500685516
269 3.3222062013331555
270 4.202829346843198
271 3.609193447957096
272 3.6957053823032635
273 3.7596288944910814
274 3.4211437904952327
275 3.889145868725495
276 3.670840517497414
277 3.981266589675587
278 3.7898924093170834
279 5.496659906190256
280 4.42071756414487
281 3.8253583004239236
282 6.100783048037123
283 8.913995339739195
284 8.087837542336912
285 5.522577957434915
286 7.358727410347023
287 7.497132537840626
288 7.284598630259461
289 10.852070285222231
290 6.339190673849952
291 4.048346404767922
292 3.2960457111584125
293 9.008208748558953
294 3.7623799066842216
295 3.9647642331165946
296 3.196531449642605
297 2.935571312761883
298 3.8661433011694903
299 5.968123508119538
300 7.274955991310805
301 7.297016911427158
302 5.327912726711376
303 5.8371872652829735
304 5.228353781950733
305 3.411788666014177
306 3.896276946592269
307 3.682249849913048
308 4.096164579138956
309 3.625676977025343
310 4.0240639740651485
311 3.494581751789002
312 3.3451440419912353
313 3.3149536285560774
314 3.22328885575881
315 4.04949465697561
316 3.6660455389857862
317 3.667239254610573
318 3.5726474040292406
319 3.8537887105397965
320 3.047311096227699
321 3.775761351232145
322 3.8237789846500663
323 6.301469222905467
324 3.9452000712588933
325 3.939355666609311
326 3.7446367196249364
327 3.7749559420303624
328 3.423129453074744
329 3.3402745421807154
330 3.5901334892021963
331 4.03688391611099
332 3.64958036474072
333 4.06081396956079
334 3.734610037988341
335 3.7555551087162997
336 3.7457378952242486
337 3.7129769329149833
338 3.5501921152007605
339 3.581795757954865
340 5.2480452048249635
341 2.9436625629530773
342 3.443081079351831
343 3.6944244166729794
344 3.6804164760122373
345 4.571767934070825
346 3.7887584991591763
347 3.582601487129807
348 3.878819537156777
349 3.748898321227532
350 3.7141081362368733
351 3.672018975672135
352 3.827878380507758
353 4.100117024664076
354 4.3759867261202325
355 3.830858427868273
356 4.38999307295742
357 3.3853896578622127
358 3.102645725470432
359 3.7671422344288397
360 4.401447637140472
361 3.088844943355405
362 4.496247224068819
363 5.44805254774407
364 4.40189584718703
365 3.508734496630669
366 3.183633018982322
367 3.6912321778501633
368 5.512735056208119
369 3.106421201495629
370 3.8065502568946816
371 3.553657796187719
372 3.2390674596635245
373 3.6603964857673947
374 5.028418237941665
375 3.131488232390341
376 5.692725429748803
377 4.580975572416403
378 4.099976323041721
379 3.6552360281084377
380 3.9284293919174895
381 7.046120234688237
382 6.092800095515764
383 5.543375900807306
384 4.046419864157004
385 4.967457936740818
386 5.455199916308672
387 6.556652622554285
388 5.7851884736038155
389 4.819770770920759
390 5.642995809730136
391 4.703761561645086
392 3.0258912354977254
393 3.6994225508608873
394 3.4551107819467877
395 3.164392443350019
396 5.0382037972922475
397 5.040377468847714
398 6.025897043660459
399 5.190046471510566
400 4.257142474953175
401 3.784691982523253
402 6.377310750692205
403 6.7900975607877365
404 3.6899861131534215
405 8.371024142882204
406 4.498932887069953
407 5.8378626388122195
408 6.645194198579642
409 7.947453867747451
410 3.8641613912197643
411 3.8029207477599245
412 8.167307716659119
413 6.041754105027806
414 4.258371473443044
415 4.582366310337148
416 4.753458241252735
417 4.207994160341866
418 4.255534317712213
419 5.179003075215575
420 5.718572155243113
421 5.555975006166221
422 4.870097046076589
423 3.781527612006362
424 6.43737590495042
425 7.688814828245822
426 4.940811721236015
427 4.286285703203459
428 6.537609768322406
429 4.915912188964103
430 5.817817452102699
431 7.735544532911588
432 6.0736546012899995
433 6.155566291643552
434 4.358058791222275
435 3.588337435089789
436 6.946088912077281
437 4.5459084379457835
438 5.280443978942649
439 7.610098664021111
440 5.089163725698631
441 7.376934204495403
442 5.024026917153751
443 3.385949913650122
444 3.6132339757710374
445 3.031222502129036
446 3.6775436717871295
447 3.091829830167792
448 6.0683864295905074
449 5.272308657697375
450 3.9727119571532032
451 4.155507389214064
452 6.640735324900423
453 4.773241524007327
454 5.768079020034816
455 5.964273730528288
456 4.472073050234161
457 3.8051165162504756
458 4.500765622605646
459 3.7094484358525506
460 3.9129426212555054
461 3.9921679433607205
462 4.5016404998707795
463 3.8990565353373112
464 4.833445543982642
465 4.0007822548352525
466 3.449739445344746
467 5.160111204673627
468 3.172754847154865
469 3.8420297572160167
470 6.777830033425864
471 6.273989776565027
472 3.522533650416119
473 3.5979765087000746
474 5.904823284768993
475 3.5508519096821933
476 3.6565718350059724
477 3.24637431258565
478 4.10681216102528
479 3.5295495391803406
480 3.143877273552338
481 3.7035130082228513
482 6.409071456412784
483 3.473861981636633
484 3.698796341450939
485 4.911492034614417
486 7.6828524590160905
487 6.517987427089234
488 6.600930059451502
489 5.628072950199545
490 5.170287883868709
491 3.6440261168102097
492 6.377914042593592
493 6.962355077021905
494 6.10361804814017
495 5.735137474619129
496 5.396847610580325
497 5.611899274548584
498 5.89323782482405
499 7.507826155868168
