0 5.723853738242421
1 8.861950904013755
2 4.661591733435965
3 12.289544416318721
4 10.081545518204708
5 8.478833494235735
6 13.711488490647056
7 15.610254475390706
8 5.712440482612113
9 8.352064403519716
10 12.42074733139008
11 14.046529909269879
12 9.514854802767724
13 9.343006510708713
14 7.515547681329843
15 14.99282733517101
16 13.328027241669156
17 13.074602198547872
18 13.21783674661877
19 12.643022533004583
20 7.733426275874002
21 11.253112323239398
22 9.477548411093908
23 10.749280578537142
24 5.556228690578255
25 7.417960824186501
26 5.50058141494855
27 6.847510875629138
28 8.21449618018281
29 13.840363064659865
30 7.8666229363216145
31 14.846938680203971
32 13.574327482626675
33 8.46502608189626
34 7.377069348026547
35 11.674258291516166
36 7.886489652099312
37 7.816671160377345
38 8.902029091815137
39 10.790846749145677
40 7.4858187956873605
41 7.379690888445636
42 5.941864782658259
43 6.177247093880078
44 11.94767181310866
45 6.444837156875066
46 6.090139231244085
47 8.34310871851122
48 6.6851214016495115
49 6.613721898289134
50 7.986981412946439
51 11.060293954934407
52 12.959710019210648
53 7.5474624067806735
54 10.505742016428815
55 10.72467619996597
56 11.274229388666745
57 9.680391598728063
58 11.165108557947002
59 11.537984029374174
60 11.818055262902762
61 9.597922161577616
62 6.1498023852320385
63 9.141082414100941
64 10.16873101015059
65 6.257472834158936
66 7.28863920378001
67 8.742596614669255
68 6.683162878674908
69 7.533078491892469
70 11.541104008902105
71 10.575313140129653
72 10.79119148028356
73 9.456221283062968
74 12.610974395506389
75 8.22665543892491
76 8.594631055635627
77 8.959384785534645
78 7.211599264066015
79 12.292474990378004
80 7.83813156529024
81 3.1360959253766434
82 5.818592539813232
83 9.192634727551859
84 6.669600773894886
85 7.376258670852616
86 9.271444781443831
87 10.094936521454144
88 8.672452027178045
89 5.86057913619227
90 6.597586242748142
91 3.703839243825821
92 13.083377234017936
93 7.534144095727162
94 9.115949300281683
95 4.098223573933871
96 5.236327902878655
97 6.903766835579857
98 5.267535585102796
99 10.227746428651104
100 3.663834773936782
101 5.958947507860405
102 8.431231942476233
103 7.403799248267573
104 6.634598828544419
105 9.327182749843738
106 6.288510688609168
107 7.6715294150640485
108 5.322964425143388
109 9.10696115999714
110 7.03778654207994
111 7.489921565894563
112 5.120433034699717
113 5.614382636091008
114 5.354011736387511
115 3.638576967015377
116 4.075945700692812
117 6.947937841902793
118 3.753407854364493
119 3.4421746634345216
120 5.179942526462173
121 3.3352002014556095
122 2.7914551865900017
123 6.276065199023763
124 7.044855331841537
125 7.704337602887683
126 8.426418068713568
127 10.96726801802413
128 11.133774764903523
129 8.623301413622267
130 7.799670372342069
131 4.050046542362517
132 3.5188754738016894
133 5.822045362551883
134 10.646313897411236
135 3.821316559939298
136 3.3558246220294246
137 6.818352997161278
138 10.080124919167941
139 7.448732131985172
140 7.724738128548413
141 6.355269538800072
142 9.250000451946665
143 9.16022214864379
144 2.6392358114880805
145 3.763566331268236
146 7.753290530428403
147 6.923035605852357
148 6.989746262907686
149 8.02946455781678
150 8.969243300496395
151 10.142915611496171
152 7.079007077744233
153 11.034862156379477
154 10.579968187156979
155 15.188953323525377
156 9.473282770677985
157 12.016665060669899
158 4.725523418639591
159 7.423478802003059
160 9.273487934944075
161 10.024856636847655
162 9.057813681990117
163 8.417189700125196
164 11.683901258774595
165 13.217258524586233
166 9.296357127268507
167 7.851593607668062
168 15.74662000151435
169 16.18345886916289
170 9.995897278512654
171 7.66122047610803
172 9.8236666162034
173 8.742682654557195
174 7.9740875946531515
175 12.063897695008952
176 8.789229505158593
177 12.706833844729964
178 7.1133486833680495
179 6.936091736118472
180 10.097266980079112
181 6.453196340765294
182 9.020765079363173
183 9.778741221810145
184 7.735725824432911
185 7.2295162304083975
186 13.403093549319564
187 9.696431066366188
188 12.014108170237057
189 8.422256081764367
190 8.10579973658092
191 5.9414810546161085
192 10.635946759913843
193 10.223894526041121
194 9.757189384839288
195 7.253276107292236
196 5.80053609548168
197 9.957896276053996
198 8.150757886040612
199 11.918270886645889
200 7.149032041222039
201 7.6148511577904
202 7.874194658055213
203 7.088650174913815
204 12.172710706343276
205 8.953872164172672
206 8.146685485152677
207 7.342622126783362
208 9.03840719828588
209 9.345534211057725
210 6.992949402068746
211 8.428552143472192
212 7.012978678324471
213 5.125293557993339
214 9.40953674220925
215 9.353128194603258
216 10.649927370073122
217 7.939192563934396
218 9.420955147054823
219 5.5068373925274585
220 7.219371866657279
221 5.639032929244895
222 9.81951113929685
223 3.6675020704590637
224 15.390075034844878
225 12.58652703707801
226 7.293184251409152
227 8.800326188100529
228 8.621037178770038
229 9.465516300482959
230 9.294998722315913
231 6.832267434876779
232 9.19327842719005
233 10.091001654599433
234 10.148180120315802
235 8.829561391205626
236 9.199681166697404
237 7.495200070732866
238 7.027017769887439
239 5.555031136876689
240 8.73699340438301
241 6.693771333781938
242 7.093962272887015
243 7.080483780577732
244 8.607238184229246
245 7.147097638735584
246 6.868980636851473
247 9.590903836958468
248 8.123611218514277
249 6.560288964649669
250 4.683091039178097
251 6.576074577990027
252 6.510279180477539
253 7.002800362512556
254 8.03722348588271
255 7.649358349271356
256 5.9802059450161105
257 6.976569075737738
258 6.0861833650687185
259 6.192374036385613
260 7.565863581954135
261 7.500131900209715
262 5.227295651123721
263 7.147645303271372
264 7.544530137509798
265 9.259094021918553
266 6.8440327226316136
267 7.707107826562745
268 6.9412110954412
269 10.55438688188601
270 7.008653919798998
271 7.408392942965136
272 6.63972755703247
273 7.8517449218315445
274 9.15225742506875
275 7.798384487267536
276 12.655764005611102
277 11.347140816049953
278 11.419688141855053
279 9.577460390081631
280 10.430460316535687
281 10.384976722352798
282 10.13252427269114
283 7.416021899037368
284 6.254249771095976
285 10.956036825133836
286 6.7507375501965825
287 5.331633038655004
288 9.359743064851719
289 6.778735056690189
290 8.143014447051966
291 5.166739938366886
292 3.1669195907118666
293 4.0670753355720395
294 6.243348070935303
295 9.73933540386885
296 9.024001998191398
297 5.854775665897012
298 9.400482471367573
299 8.807633956000512
300 7.526502809657466
301 6.884324395260978
302 7.781891946752049
303 8.71387163188511
304 5.953144825971057
305 8.548150817693603
306 9.836293653695977
307 9.200703873887264
308 12.152541796648691
309 11.54658210781666
310 8.670870950802124
311 8.009434253111309
312 9.70036314730375
313 10.61537770086841
314 7.407105474639065
315 10.345613567657885
316 11.495067378024052
317 11.342369405714468
318 8.275780353265665
319 8.569639428388955
320 7.655757797865514
321 7.817346469873901
322 3.4355223947510853
323 11.196868293794388
324 9.200915198157187
325 10.095373106842523
326 10.986934917644692
327 9.382200466395192
328 6.8476684401606205
329 8.368930368158198
330 7.166143417709675
331 6.953749706662125
332 10.658881583475711
333 9.371755786400755
334 7.031323318617236
335 7.790778169630184
336 8.41248863565265
337 9.940747136206229
338 11.56306050612015
339 12.619920087329483
340 12.18580537655537
341 9.371320601363395
342 10.896398156769433
343 9.603521956508022
344 7.235910200516058
345 8.739526088807601
346 7.731340352157438
347 6.336279107000545
348 8.491565585941931
349 9.847524011364008
350 8.64599065577411
351 10.564869646945477
352 9.081541572955997
353 7.5854961468801125
354 8.047821203002334
355 10.042330599555946
356 9.075259345171425
357 9.651636379362651
358 10.525069558466413
359 6.159573242449093
360 11.011572990225128
361 11.02183512656815
362 11.706237338627274
363 8.192792887399564
364 9.571095438675098
365 8.794930914903574
366 6.446795470754835
367 5.47734184596033
368 7.144288202482582
369 9.296110299255039
370 9.556026162905594
371 11.117284714563697
372 7.984365225321732
373 3.415292317322627
374 6.901128947364334
375 6.027042814373009
376 7.526387154466187
377 8.739994010436664
378 8.458982740405483
379 3.505616284897661
380 7.512916831066126
381 7.081769872547986
382 10.679036891423472
383 9.353421415390292
384 8.31212798939937
385 3.0311222119060925
386 12.912926299450087
387 11.055551091260417
388 5.445714850317181
389 10.690247891561423
390 9.77081036520177
391 12.967412425899951
392 3.3708989592601273
393 4.2555297898741395
394 9.12277850369929
395 13.445857251744824
396 12.649904664449672
397 10.513827900827183
398 6.105121057888075
399 6.033330912636039
400 6.81800325700577
401 5.934553025044999
402 8.655379133932971
403 9.532003376705692
404 9.023792443141009
405 5.3541921585377095
406 7.687084993389456
407 7.6160229910912065
408 6.3228939216403885
409 3.0546206189305796
410 5.929732843724179
411 5.924017414823693
412 2.8747270745189626
413 2.931790040621802
414 3.5216652072349146
415 5.836656854728496
416 2.9453149085566035
417 4.7643042608024615
418 7.500033073336168
419 2.946550450568865
420 3.4013163307747667
421 8.704361498219914
422 3.3724779844908337
423 8.306535305237263
424 7.015231392970192
425 5.982555694589225
426 5.446027315202081
427 5.6640202745548045
428 10.552147110827867
429 2.9833246257645016
430 3.185520762000618
431 4.052182949939079
432 5.589176583015066
433 6.121510296660767
434 5.998861330225696
435 3.861520999335813
436 4.41531537125077
437 8.692527440903037
438 4.379840075210001
439 6.636161471067007
440 8.154543781033361
441 4.746495042814839
442 6.157112614391945
443 5.500465498518995
444 6.761370320474345
445 3.2741500790019846
446 5.425988379604718
447 12.264613752368609
448 7.099944430960225
449 5.598321332727068
450 5.7918636218176065
451 3.4848563941069157
452 3.717874150242541
453 5.422055769885485
454 5.257406811518804
455 5.9909867322110815
456 6.229614895522338
457 4.659784073559473
458 3.4927455470927127
459 7.012235310614029
460 3.287514201231993
461 6.692967462728176
462 7.451145030572446
463 7.628239503695921
464 3.6016704337577643
465 8.272867422814798
466 3.583906495656193
467 3.723835310695378
468 3.3711618930524305
469 4.286653895708281
470 11.047856028969342
471 3.6591671701246145
472 3.1073227953365654
473 9.126644023958887
474 6.612616615808589
475 8.046137662736854
476 8.536021477874037
477 5.376583203966719
478 3.834824544841801
479 3.7574728265576733
480 8.269673991430722
481 6.583278730379316
482 4.621472189693782
483 7.875462743356558
484 10.755384528656716
485 12.83923547973297
486 7.597410256816487
487 6.060618227373076
488 5.776987873227685
489 3.7745517613688153
490 9.668935795531613
491 9.579366575098403
492 9.100046891206745
493 4.6548399889417515
494 9.45756911573669
495 4.477727267691536
496 3.4749360627760337
497 4.729518522395219
498 3.4676442092498814
499 3.802379739459021
