0 8.488988095254687
1 10.19860844870647
2 8.490904527645384
3 9.453854869410915
4 7.3718523944302214
5 7.633670885424925
6 8.350545476031119
7 8.585799513843174
8 10.81971573464181
9 8.567874260930855
10 9.572234833551756
11 10.905545809346311
12 10.324236495372274
13 8.808691635107808
14 9.508625983627182
15 10.441651444181634
16 7.926615747219809
17 8.778754689011194
18 8.274328607280243
19 8.645354175367913
20 10.20504681920557
21 8.505163892424406
22 6.091612573216277
23 6.272227859036114
24 9.93378824315498
25 9.182271813472129
26 6.8450451088786455
27 8.756510141167206
28 6.341023581321819
29 7.078986401913
30 10.816470203863387
31 10.340908772814775
32 7.427382173669629
33 9.92593135003774
34 9.25346367327915
35 7.486906654125116
36 8.55587105388538
37 8.354690320503682
38 8.919336928635952
39 9.236336940684685
40 9.398503778093628
41 8.965973960379047
42 9.20596477394267
43 9.846873560585552
44 8.829118403947211
45 9.476656472802185
46 8.08582591708913
47 8.289872604350917
48 8.716268750651857
49 7.2205494706051
50 8.502681563278312
51 8.458956644038217
52 8.254045880276431
53 9.402739539168985
54 9.158357412238093
55 7.131747556058673
56 9.222590607525813
57 6.592500264365013
58 7.144411504022661
59 6.9035064641759005
60 6.870975279454194
61 6.393996202982482
62 6.806823285714019
63 6.058498992577742
64 5.856971288175054
65 6.743092206087082
66 6.226020064381109
67 6.9078467074197745
68 6.2837728934256525
69 5.569287223402022
70 6.901897438871896
71 6.281638405437731
72 6.668918181510195
73 6.027167539962906
74 8.285789898909421
75 6.486063411337809
76 5.584176017423933
77 8.685941338335066
78 7.800964843134494
79 7.751406949027445
80 7.8965578247771315
81 7.977579767776839
82 6.759464648217049
83 7.970573031736843
84 9.819518268059431
85 9.287941393253462
86 9.254741390424002
87 8.038748590293618
88 8.282728702730061
89 8.534153347781507
90 8.420105249064301
91 8.294934208839962
92 8.355274770527355
93 6.231183925400103
94 7.89281529244841
95 9.578735916301826
96 7.708152663105004
97 7.56671595602336
98 7.8296097882874935
99 7.7072849170391535
100 6.6507766477661505
101 8.757560642762778
102 8.210006958594136
103 7.940732137269997
104 7.213198658108046
105 7.232729486760517
106 7.193723530596407
107 8.756481871938135
108 6.680868523260937
109 6.707335730367688
110 7.049391718280379
111 6.983589784777546
112 8.027086637506885
113 7.63610021847838
114 9.149805396572095
115 6.607776086408159
116 7.41991077656279
117 7.34732957473757
118 7.6806038473869584
119 8.831364087048453
120 8.435469002528844
121 9.28739007379895
122 9.988242612766832
123 9.017969999218549
124 8.848190350179802
125 9.673809226305403
126 8.325065250868477
127 7.236929751371914
128 10.523810827322198
129 6.489635709185131
130 6.030146608734506
131 6.9403934271998065
132 7.510346970115977
133 6.69991740111395
134 6.596806049681627
135 8.646483452938233
136 6.139095207595409
137 8.133361157789691
138 7.371614032679157
139 6.325842666502605
140 7.616940748739013
141 9.027563040199983
142 7.743377314014729
143 7.214734553338179
144 8.693471802422012
145 9.357745737184494
146 8.712258296682442
147 9.829173637579936
148 8.452904490517104
149 9.482377466310577
150 8.159950732993806
151 8.166621726475134
152 9.088345954518871
153 8.5076417427067
154 9.276424955304927
155 7.932635578273175
156 7.564061501082745
157 9.18843621269585
158 6.809309294120269
159 3.6967688301742814
160 5.159523380069035
161 5.337918790795888
162 7.927260201021364
163 5.2409808518681125
164 7.272382590392886
165 7.84781197562595
166 6.056342827655036
167 7.907730461217617
168 11.268336159698153
169 6.6432625652279444
170 8.333139947465234
171 10.261052139606814
172 7.716554087466764
173 9.416473636052332
174 9.094044940633804
175 5.998740496138829
176 9.802489532326678
177 7.200580014830826
178 6.204350374554064
179 7.54722957068056
180 8.345797741814144
181 8.50924471510208
182 7.527043392874361
183 6.694231297267402
184 7.002777177445913
185 12.532944948610288
186 7.638868057488797
187 6.319828748963263
188 8.465612674571874
189 8.299569587181573
190 9.26313255629549
191 8.15277413610973
192 8.710035861990725
193 8.326310445002374
194 7.587950836071492
195 5.62991623477197
196 7.897077147530995
197 7.350265873742021
198 6.839973346752695
199 7.9483861396835245
200 9.905740744541166
201 10.855945396492963
202 11.524488345040503
203 9.807130199091569
204 9.106575039604255
205 9.63529024893243
206 10.449392469661065
207 8.584080813300726
208 11.309883139407079
209 9.988653336629888
210 8.344698081362399
211 8.615075128756168
212 8.759914588426378
213 9.35291784098803
214 9.823276631670296
215 9.823901464960583
216 12.22318800083769
217 8.464605207136188
218 10.727152440649654
219 9.09015075267247
220 9.476241558127358
221 8.98152858610157
222 10.39788654196458
223 8.479926206046402
224 9.260006461314125
225 6.130254871405291
226 8.885164397034213
227 6.893373387562621
228 6.244432029759249
229 8.944599712120867
230 7.223265364626835
231 8.590428693385455
232 7.893801672782179
233 6.789871674278637
234 3.8953507126460156
235 3.8798771475102085
236 3.5595041398230705
237 8.40839947273347
238 8.290070172204008
239 7.876473877936796
240 10.2834453826866
241 9.095143496096135
242 10.60546285937724
243 8.70488245839966
244 7.960429337659168
245 3.829908602601535
246 4.242344022207941
247 3.730426096135035
248 3.64962427972801
249 9.947990861246227
250 7.600742705376946
251 9.387778855409655
252 7.607305836933263
253 8.91521262668859
254 7.561004144943058
255 5.080467802355909
256 3.8335245432522314
257 3.9858849775050373
258 4.702223495046549
259 7.888280039705043
260 6.8501447676296054
261 8.428056146294006
262 7.829789079579959
263 10.180219200298676
264 8.39200846493789
265 9.703676759149406
266 6.3492794494474865
267 7.709325438898509
268 7.510148382387507
269 7.504796645975425
270 7.270496174723129
271 6.719326179075535
272 7.945274537275337
273 9.269963189691765
274 8.141024943056642
275 5.8054294344547674
276 3.816778725916725
277 6.644826533973241
278 3.7979086346601294
279 3.7327033003576133
280 4.088065072445945
281 7.646478106651233
282 7.611831579360365
283 7.70006018068614
284 9.082460714987528
285 7.618257993575114
286 7.301037845246738
287 7.556021223020786
288 7.255382617642303
289 8.948236145513158
290 10.199529479485491
291 7.6449301788424595
292 9.189233309067605
293 9.428917137454324
294 7.160145344248949
295 6.069053564277027
296 6.692765280301937
297 9.945935887046618
298 6.34144702188641
299 7.374001374813534
300 8.737167260499795
301 7.259846626163504
302 6.560580855471913
303 7.432580359706196
304 7.816796523719461
305 7.459577190193366
306 6.890102636537908
307 7.850741696609978
308 9.03988202018053
309 7.822786412527154
310 7.657681821704236
311 8.22650111446481
312 6.477991471303131
313 7.252631724918964
314 6.606065502543062
315 7.951309039701259
316 7.573503620036163
317 8.095633318358017
318 9.42515545053548
319 8.767097856938685
320 6.862157454827538
321 7.217752489522884
322 7.847777069433851
323 10.061728655752814
324 6.518086182328009
325 3.746973293775994
326 3.777619300674685
327 4.262098963734686
328 3.822907551502976
329 3.685944152789947
330 3.727018606942452
331 3.7673200808775302
332 3.630004562512781
333 4.3805011844379615
334 2.994669116635546
335 7.657701937609727
336 5.586192381437442
337 3.720828678288172
338 3.862407137669799
339 3.2609540397278685
340 3.5541920088398706
341 7.115509713081586
342 3.798943808962968
343 3.463931382322931
344 3.6414284989375876
345 3.7013425803592357
346 4.117776738654391
347 3.915870982641715
348 5.3909936479363
349 5.0365254815971845
350 4.259331740241481
351 3.859165343179566
352 7.868633617740995
353 8.625443921195274
354 7.390284536548916
355 6.763754578519251
356 5.283378733302315
357 9.36138231922003
358 8.527207651302762
359 5.7784931523989025
360 7.749824978779084
361 7.428540498275296
362 6.7497563701853345
363 6.672536510034285
364 7.6795370799407126
365 6.981665614993787
366 5.805550772338962
367 6.454375392003473
368 5.49109864714617
369 6.513087468653337
370 7.282709555869144
371 7.511900633808831
372 5.763695541840889
373 6.8941621928778245
374 3.8376874362085256
375 3.314580429145433
376 3.7303942619519286
377 9.043576067275547
378 8.054685841738277
379 7.072106682277342
380 8.145937405312283
381 7.2608481575386685
382 8.25393873548546
383 5.190797097230768
384 8.038506835989617
385 7.496462222727392
386 5.872710420418192
387 7.6816021660234055
388 7.076188077859491
389 7.878940536175124
390 7.690202700319046
391 7.11101134054272
392 7.989210403784585
393 7.547119974341584
394 7.690038465326799
395 6.673783970378347
396 8.280660001837829
397 8.97287409508176
398 7.936832315234212
399 8.457425429106435
400 8.296227725203124
401 8.62525749484429
402 7.076002633102336
403 7.192722496425453
404 7.161739733908892
405 9.728602647449872
406 7.412969382277109
407 8.945738399771253
408 8.42349639695307
409 7.67603027833105
410 8.304163748298192
411 7.608290773709717
412 8.628986763072138
413 12.841159532815
414 8.696650706378183
415 8.357384788029899
416 7.23663591000998
417 6.6321438030335385
418 9.486404446621236
419 12.055597469103471
420 9.265372249236314
421 8.983358697269708
422 10.664676642247237
423 11.25744651871117
424 8.937028912479505
425 11.8533728428188
426 11.599386798528425
427 11.286051199310682
428 11.248324649132671
429 10.031419026985581
430 8.121851476996687
431 10.352335745596614
432 10.409205669007111
433 8.757685046787628
434 10.004593864631385
435 9.301199318583866
436 9.248378639681272
437 7.425694616058476
438 9.329962447660423
439 6.079412294624411
440 8.942008386723789
441 7.47809126334558
442 7.498890005694064
443 8.323856073600764
444 8.515281630572588
445 10.333352140233366
446 9.425667527953351
447 10.87581090746393
448 9.865771316686562
449 8.584047777376682
450 8.758886224378724
451 10.908346856274
452 9.638792618499442
453 9.566735185068314
454 8.607292018244275
455 9.560882099248312
456 9.14518720567704
457 8.086929106124524
458 8.13049546295411
459 8.450335048750297
460 8.361117832779458
461 7.775793172003848
462 7.487193979440974
463 11.703372883036325
464 10.876627000758777
465 9.080008964698123
466 9.152944076890247
467 10.005207933316552
468 10.429032164561844
469 7.062256859099617
470 7.631829398612591
471 8.041075878997209
472 6.506225541781089
473 7.562424405894181
474 9.954809397674286
475 9.010474886377814
476 8.744670479183755
477 7.222766635161763
478 8.45747622137142
479 8.636578949048367
480 6.692251239716021
481 10.652157473313398
482 7.4846621859478715
483 7.915873016324536
484 7.494030258873552
485 8.866267687068841
486 7.422219250723476
487 7.4384211063378585
488 7.129493574832152
489 8.780889871916397
490 7.979605339737342
491 7.9258976842727265
492 8.128688593874088
493 8.941352682215308
494 7.12353865537061
495 8.119280694883269
496 7.775692293678391
497 8.23123071333395
498 8.499583411201927
499 7.456287093913177
