#Frame    total[bond] total[angle]   total[dih] total[vdw14] total[elec14]   total[vdw]  total[elec] total[total]
       1     299.6647     834.4048    1198.3430     331.6737     4874.1715    -710.3395   -5610.8361    1217.0820
       2     291.2642     838.2195    1201.2747     335.4986     4873.7164    -704.2230   -5586.3572    1249.3932
       3     313.8438     820.3762    1191.8484     340.3904     4874.0663    -701.8667   -5602.1143    1236.5441
       4     331.6193     807.9381    1207.4558     344.3831     4887.3126    -693.3247   -5577.7945    1307.5895
       5     320.5910     838.4707    1184.2742     333.0571     4884.4475    -706.0687   -5716.8302    1137.9418
       6     287.7075     815.3672    1182.0632     341.1324     4884.1747    -702.9962   -5618.0719    1189.3768
       7     297.8195     768.1636    1203.9010     342.1138     4892.3475    -705.1788   -5617.4832    1181.6834
       8     317.7406     849.8402    1196.6952     334.6319     4881.8382    -709.7134   -5660.4039    1210.6288
       9     317.9262     813.4914    1198.3734     332.8256     4876.5956    -715.4029   -5623.9044    1199.9050
      10     321.4629     819.4958    1199.3214     336.0623     4888.1768    -693.0560   -5557.1649    1314.2982
      11     302.6398     790.7556    1204.3383     339.4525     4890.8607    -701.2609   -5693.0303    1133.7557
      12     310.3407     830.6512    1200.9192     341.9279     4894.9679    -676.6789   -5611.4186    1290.7093
      13     281.6182     808.7569    1215.7612     333.9727     4928.2581    -706.6756   -5586.2392    1275.4522
      14     291.7497     801.6039    1204.0472     341.2272     4901.4025    -706.8205   -5611.9054    1221.3047
      15     316.7048     811.1583    1207.5918     318.8215     4917.8584    -703.8150   -5630.7067    1237.6132
      16     287.6231     807.0369    1216.3531     342.7842     4886.5055    -714.7499   -5649.8767    1175.6763
      17     312.2734     821.9869    1202.2598     326.8160     4919.4627    -712.7001   -5706.3123    1163.7863
      18     299.9647     787.0682    1202.2126     356.6690     4880.1313    -716.4747   -5660.2098    1149.3613
      19     319.6194     824.9477    1206.5751     345.6000     4903.4088    -705.9700   -5771.2150    1122.9659
      20     320.7193     811.2405    1206.5492     338.3186     4889.3806    -710.1838   -5695.6154    1160.4091
      21     304.2754     814.0419    1205.6685     320.7437     4895.3300    -685.2885   -5675.2398    1179.5311
      22     310.7417     846.4779    1205.0341     326.8327     4876.9542    -702.5175   -5719.6556    1143.8675
      23     304.7383     789.9705    1211.3236     347.8951     4897.5599    -698.0622   -5684.8524    1168.5727
      24     305.6332     791.2502    1207.7833     344.5245     4883.9739    -707.4903   -5672.9907    1152.6841
      25     295.3011     797.9953    1195.6609     333.9446     4866.4543    -695.9493   -5614.7090    1178.6979
      26     307.5942     830.7951    1207.9807     330.1037     4897.2226    -703.0053   -5581.0587    1289.6322
      27     291.0316     828.4369    1178.6598     338.0635     4900.6599    -689.0605   -5626.8653    1220.9260
      28     295.1337     805.9221    1192.6947     343.5318     4903.0616    -696.3279   -5619.3882    1224.6279
      29     310.4421     812.8353    1176.4376     328.5856     4910.2280    -706.9828   -5644.3867    1187.1593
      30     320.6992     817.2154    1209.0139     325.0341     4872.1012    -702.2359   -5621.5471    1220.2808
      31     319.3670     836.5506    1198.2706     345.7429     4893.2871    -698.3177   -5641.0414    1253.8590
      32     302.8078     820.2289    1196.1899     339.4807     4925.4527    -711.9626   -5744.9015    1127.2958
      33     325.2391     769.7847    1207.9809     335.7753     4890.9931    -709.2602   -5684.4010    1136.1120
      34     339.2721     819.9570    1227.0923     339.3704     4960.1583    -712.5783   -5748.7557    1224.5161
      35     304.9041     806.5424    1189.1738     338.9271     4932.7724    -707.3096   -5691.3957    1173.6146
      36     290.9337     820.5971    1203.9492     332.1705     4889.9989    -710.2184   -5693.0654    1134.3657
      37     324.8394     796.3950    1197.5974     349.0955     4905.8748    -706.7552   -5668.4631    1198.5838
      38     331.3638     850.6209    1212.3869     334.4075     4866.0339    -681.6743   -5660.4016    1252.7370
      39     336.8367     844.9777    1202.6294     343.8613     4912.0254    -695.4917   -5733.5861    1211.2527
      40     303.8699     831.7030    1192.0272     338.2539     4873.7842    -701.5535   -5598.1488    1239.9359
      41     294.1327     827.3155    1211.4830     349.1348     4918.4882    -704.9515   -5765.3439    1130.2587
      42     300.0815     793.9508    1214.8646     351.1699     4901.3623    -691.1491   -5730.2933    1139.9867
      43     299.5316     806.4533    1192.0092     346.0553     4900.6367    -704.4272   -5634.4218    1205.8371
      44     307.7439     833.1752    1204.2765     338.4838     4879.3845    -708.4152   -5572.8341    1281.8145
      45     291.3809     805.6186    1203.3602     342.5813     4862.1978    -699.4097   -5641.3400    1164.3892
      46     314.2577     807.3003    1213.4880     333.0914     4835.3565    -686.5647   -5457.6567    1359.2727
      47     289.0851     791.5081    1222.8270     344.1058     4899.6667    -699.8669   -5597.4420    1249.8839
      48     283.8437     824.8934    1181.2081     341.5716     4890.1443    -699.9798   -5544.1933    1277.4881
      49     293.3575     842.2086    1204.6131     341.0367     4866.0353    -710.4997   -5525.6382    1311.1133
      50     301.2217     831.8638    1177.0575     357.6038     4901.8191    -706.9999   -5445.9445    1416.6215
      51     304.7693     822.5689    1199.4830     334.4221     4865.9865    -696.6650   -5510.0672    1320.4976
      52     285.5976     827.0397    1191.5922     352.7839     4871.5602    -703.5799   -5487.8373    1337.1564
      53     325.4049     848.2683    1198.6846     347.0951     4896.3350    -688.8130   -5580.6594    1346.3156
      54     323.8661     820.7007    1212.3213     332.3368     4876.3306    -695.6513   -5509.8046    1360.0998
      55     307.2334     802.5800    1186.4797     340.3500     4891.0002    -697.9959   -5530.2968    1299.3504
      56     291.9790     826.6847    1187.2571     334.9027     4893.6493    -698.9796   -5587.2405    1248.2526
      57     288.4479     801.9740    1210.7549     370.9360     4937.7202    -705.7007   -5621.6974    1282.4348
      58     292.5036     797.4845    1179.8854     349.7894     4909.3631    -697.9703   -5592.6369    1238.4187
      59     314.7721     836.2311    1189.5301     356.6897     4893.0017    -697.1672   -5596.4920    1296.5655
      60     284.4362     811.8252    1221.3573     336.9816     4898.4365    -706.8512   -5615.7737    1230.4118
      61     313.5773     781.7711    1201.8571     339.1359     4880.1348    -701.6842   -5519.7919    1295.0001
      62     342.7562     832.1819    1178.7954     333.6086     4891.1521    -697.6164   -5561.9601    1318.9177
      63     292.0977     798.5515    1201.1089     336.6461     4934.4429    -683.0157   -5671.5069    1208.3244
      64     293.3415     806.8737    1191.4731     341.4725     4875.0497    -679.7407   -5534.4263    1294.0435
      65     289.0473     849.2697    1212.7070     341.8129     4868.7718    -697.3013   -5538.2231    1326.0842
      66     320.0120     819.2373    1198.1712     323.1770     4868.2274    -726.3174   -5577.3857    1225.1218
      67     317.0959     823.6420    1195.3862     333.2256     4856.4090    -681.8039   -5489.9784    1353.9764
      68     313.3024     808.8302    1217.1674     330.6613     4896.4139    -704.5684   -5614.6791    1247.1278
      69     320.5459     827.8031    1235.1380     345.6290     4913.8164    -727.6017   -5651.1536    1264.1771
      70     269.2529     820.2220    1178.2195     351.7639     4946.6650    -667.3995   -5627.7693    1270.9545
      71     317.0483     784.6396    1192.8504     329.3583     4930.0356    -694.2321   -5566.6654    1293.0348
      72     317.4781     814.1058    1217.5288     348.4914     4885.3502    -707.2588   -5596.6588    1279.0366
      73     313.3482     775.1793    1213.5902     322.5967     4896.4551    -710.4250   -5577.1467    1233.5977
      74     304.7373     839.9222    1224.2242     339.5118     4910.1103    -712.6295   -5627.4493    1278.4270
      75     297.8535     827.5981    1213.9900     333.8117     4894.3014    -700.9812   -5713.7915    1152.7819
      76     290.1795     817.9375    1194.6375     327.7199     4933.9119    -726.2670   -5658.2558    1179.8634
      77     287.8726     797.4342    1225.3383     338.3149     4893.9277    -719.8371   -5586.2191    1236.8315
      78     312.0924     826.6879    1213.4028     332.8793     4883.2343    -682.1805   -5597.1371    1288.9792
      79     287.0582     839.5547    1200.9460     357.3196     4871.0645    -699.7600   -5503.4281    1352.7549
      80     333.3392     785.0341    1207.5119     322.0795     4883.2402    -701.7885   -5597.2017    1232.2148
      81     305.9277     813.8911    1191.4924     336.7814     4885.7793    -696.8003   -5576.5770    1260.4947
      82     299.1013     794.0328    1190.3742     338.7545     4893.6976    -702.1943   -5597.8599    1215.9063
      83     295.5947     799.0030    1204.2581     347.7391     4914.9482    -714.8396   -5602.8991    1243.8046
      84     311.2982     804.3719    1187.8032     356.9173     4938.9842    -682.3036   -5629.3415    1287.7298
      85     305.3896     821.8351    1192.7492     347.6752     4900.0993    -700.1116   -5610.8495    1256.7874
      86     310.5496     824.9043    1188.3323     338.0018     4888.6644    -704.5355   -5585.2610    1260.6558
      87     302.8450     808.4465    1177.0643     339.5626     4927.1369    -711.3731   -5603.0489    1240.6333
      88     284.3937     782.6695    1208.4997     348.2615     4861.5420    -721.0231   -5598.2659    1166.0775
      89     329.2060     788.5838    1202.6820     336.8327     4898.0346    -694.4268   -5566.6482    1294.2640
      90     310.3305     826.8018    1192.3745     335.2470     4903.9773    -702.8039   -5659.3678    1206.5594
      91     338.3062     816.2672    1203.3302     333.4926     4888.1423    -699.7158   -5604.1801    1275.6425
      92     295.0210     802.8553    1189.6311     337.5159     4900.0542    -685.3135   -5565.7754    1273.9887
      93     310.8939     793.8819    1204.9420     341.2467     4886.1367    -708.1366   -5547.5083    1281.4563
      94     301.8960     807.4328    1186.5195     328.8196     4933.4360    -708.6724   -5571.4446    1277.9868
      95     303.6659     812.9337    1194.5883     326.6617     4886.0703    -704.4652   -5578.2656    1241.1889
      96     295.5316     794.9417    1174.0232     321.7308     4928.1171    -694.8607   -5634.1244    1185.3592
      97     311.5809     840.5815    1225.1547     340.3461     4898.0402    -692.9551   -5508.5103    1414.2380
      98     291.5113     821.2255    1209.8510     340.7280     4896.4257    -721.6336   -5504.9921    1333.1158
      99     298.2407     847.6378    1193.8006     330.5531     4862.6094    -698.8619   -5522.0115    1311.9682
     100     305.7565     811.7752    1195.7679     335.3774     4894.4593    -694.4719   -5492.7792    1355.8852
     101     318.3412     833.0537    1212.6242     334.4579     4862.2055    -702.4126   -5479.1932    1379.0766
     102     342.5420     810.7183    1198.9317     338.0858     4877.5605    -699.3487   -5594.8067    1273.6829
     103     299.4956     839.5809    1178.3154     345.3941     4848.1742    -698.1399   -5512.3649    1300.4555
     104     275.3001     817.1919    1192.2500     342.9916     4885.6904    -710.7278   -5566.9794    1235.7168
     105     316.4826     781.9715    1202.3665     337.3085     4845.5190    -706.1521   -5522.0275    1255.4686
     106     308.5896     817.7400    1219.2651     336.4902     4846.6541    -724.3704   -5581.4272    1222.9415
     107     303.8250     825.4810    1185.6925     340.5558     4833.1609    -715.0903   -5521.4073    1252.2177
     108     313.9696     812.9917    1217.5805     339.2381     4871.0394    -711.6953   -5615.4573    1227.6667
     109     314.0821     797.8878    1185.7194     341.4040     4877.5250    -719.2602   -5534.6439    1262.7142
     110     310.3476     822.5503    1191.4737     335.7727     4888.9793    -701.9610   -5565.1479    1282.0146
     111     295.4695     789.0262    1194.5081     342.9080     4853.2257    -694.1184   -5580.2929    1200.7263
     112     276.6163     809.3118    1200.0589     338.7897     4873.6885    -707.3081   -5617.8173    1173.3399
     113     284.1370     827.0742    1183.7133     333.1615     4857.6355    -722.2170   -5559.8852    1203.6192
     114     300.5210     809.2414    1201.4454     330.5784     4878.6483    -714.5281   -5512.2956    1293.6109
     115     282.8207     870.3211    1219.4084     361.1420     4845.0623    -687.9840   -5574.8886    1315.8818
     116     297.7542     827.8268    1190.9271     345.4271     4847.4418    -708.9626   -5533.4415    1266.9728
     117     309.8587     832.1527    1205.2243     342.5088     4860.6971    -708.4992   -5571.6147    1270.3279
     118     329.2631     818.3482    1205.2671     333.1499     4874.9625    -680.7492   -5563.3784    1316.8631
     119     311.5428     781.5390    1190.3125     338.3126     4886.5095    -701.3627   -5535.5686    1271.2852
     120     314.4622     837.0637    1222.8049     331.8988     4863.0136    -710.6112   -5657.7839    1200.8482
     121     317.3603     783.4198    1192.1150     350.7302     4823.0209    -680.4585   -5539.5775    1246.6101
     122     309.6474     794.3556    1182.2712     340.3541     4909.6503    -718.6771   -5443.2724    1374.3292
     123     301.8833     805.5605    1215.5993     345.1799     4867.4569    -714.9780   -5568.2884    1252.4136
     124     324.3614     806.1558    1195.3074     345.7712     4880.4897    -727.5139   -5568.2979    1256.2737
     125     287.4559     853.9599    1202.1834     342.5484     4863.8184    -719.4080   -5563.2071    1267.3509
     126     297.1718     800.5665    1208.6551     341.9774     4862.3897    -713.7252   -5532.3172    1264.7180
     127     296.9992     835.8553    1182.0205     330.0044     4890.5495    -719.8575   -5492.0675    1323.5040
     128     309.9543     812.2150    1194.4667     338.3291     4893.1757    -719.4264   -5601.4070    1227.3074
     129     291.1391     807.5728    1182.3528     334.9607     4878.2501    -701.1431   -5580.2268    1212.9055
     130     305.4762     820.3607    1209.0084     346.7751     4886.8860    -710.3153   -5562.1440    1296.0471
     131     338.4848     829.7428    1175.2519     331.1038     4862.9062    -693.5277   -5441.9920    1401.9698
     132     298.3508     807.0368    1207.8873     333.1494     4875.0757    -699.7758   -5635.9942    1185.7300
     133     285.6099     825.5101    1177.2475     335.1150     4866.4351    -680.9204   -5499.9159    1309.0813
     134     320.7180     822.2744    1183.3469     340.6594     4824.1304    -719.5407   -5447.3354    1324.2530
     135     289.2231     852.2480    1186.2193     340.0132     4925.7620    -714.7946   -5624.7682    1253.9028
     136     305.4219     825.8247    1198.9473     336.5622     4896.8965    -695.7569   -5668.3123    1199.5834
     137     320.5582     785.9407    1186.7918     345.0547     4861.2347    -698.5459   -5572.8120    1228.2221
     138     299.1071     851.0293    1206.4988     336.1878     4869.6701    -701.3420   -5584.3285    1276.8226
     139     302.5028     835.1740    1180.0542     340.0182     4928.6910    -692.0235   -5628.1856    1266.2312
     140     341.0479     814.6478    1218.4527     326.0949     4898.5602    -710.5431   -5724.8521    1163.4085
     141     297.9815     841.7586    1190.4366     328.6578     4900.7706    -704.8031   -5638.1498    1216.6522
     142     306.2353     831.1149    1195.8666     330.8619     4857.9966    -694.9574   -5551.0249    1276.0930
     143     295.3643     811.6154    1207.7914     331.9833     4883.6690    -709.8220   -5692.8348    1127.7665
     144     283.7860     835.2893    1191.0823     336.8115     4876.1105    -713.9163   -5633.2012    1175.9621
     145     305.7183     807.5604    1189.5849     340.4356     4858.6563    -703.6382   -5560.8759    1237.4413
     146     299.5884     788.4481    1208.5742     337.2709     4890.8618    -709.8839   -5576.5105    1238.3490
     147     306.9746     818.1944    1188.0221     336.6631     4845.0940    -712.3100   -5596.2474    1186.3908
     148     317.4552     772.1202    1200.9309     344.5891     4856.7813    -688.8661   -5637.0131    1165.9974
     149     303.1392     805.0529    1191.1960     333.6790     4835.9314    -704.3684   -5766.1739     998.4561
     150     328.8011     795.3155    1182.1589     323.0780     4843.0103    -706.6684   -5614.7075    1150.9878
     151     307.6319     841.3603    1201.0052     341.1536     4834.7956    -717.2572   -5540.1977    1268.4917
     152     314.1093     825.1460    1181.4295     342.6803     4864.9817    -720.0523   -5669.1533    1139.1411
     153     305.7208     796.9423    1186.5810     335.6335     4831.9356    -703.2006   -5538.0236    1215.5890
     154     312.6512     828.4756    1203.2717     338.1610     4887.2806    -695.4359   -5646.4708    1227.9333
     155     307.6048     859.7765    1197.9397     337.3845     4826.6914    -715.7864   -5495.1885    1318.4220
     156     312.6926     831.0115    1191.0794     341.8522     4818.3277    -705.3659   -5499.2161    1290.3813
     157     307.9306     839.7291    1191.8619     321.9716     4837.9032    -711.4428   -5461.3102    1326.6434
     158     298.0970     812.9481    1189.9959     343.9162     4844.1460    -710.1859   -5561.1846    1217.7327
     159     298.8491     809.6878    1211.4335     342.8519     4865.4627    -676.2525   -5537.7534    1314.2792
     160     290.3663     826.1758    1195.8511     340.6482     4879.3476    -695.8530   -5650.8234    1185.7126
     161     308.9897     826.9576    1192.1220     343.6301     4857.2062    -692.5044   -5581.9171    1254.4841
     162     287.4662     835.9044    1198.5578     329.8355     4883.0550    -713.8546   -5498.6217    1322.3427
     163     295.1326     808.4118    1197.1516     341.7573     4833.9411    -698.9816   -5557.6964    1219.7164
     164     299.9587     828.1636    1191.6316     344.5543     4869.9526    -722.0587   -5454.5616    1357.6406
     165     307.1045     822.6726    1204.1537     340.1523     4873.4574    -709.5330   -5533.0212    1304.9864
     166     338.3290     810.6209    1183.6513     339.8265     4858.4440    -702.7238   -5558.3933    1269.7547
     167     316.1321     809.4781    1196.4507     346.6806     4875.1509    -711.7078   -5592.1591    1240.0256
     168     296.4593     808.3534    1205.6448     331.6781     4880.0559    -702.2593   -5592.2150    1227.7172
     169     286.2161     805.0612    1197.5728     344.5340     4840.9137    -707.7935   -5549.1071    1217.3971
     170     324.9710     831.2495    1203.0183     341.9937     4848.2161    -717.4515   -5446.0009    1385.9962
     171     310.2568     819.0540    1188.8534     336.5853     4875.1818    -720.4137   -5543.2021    1266.3155
     172     308.8937     790.3422    1191.3511     346.3207     4874.7061    -692.0593   -5531.7871    1287.7673
     173     297.5495     812.4891    1191.1357     342.7582     4866.7599    -704.7314   -5568.8259    1237.1351
     174     306.7342     812.8382    1195.3608     329.9153     4873.0095    -708.4117   -5673.8399    1135.6062
     175     309.0136     818.2691    1205.7378     327.5615     4892.4651    -700.7305   -5707.2106    1145.1060
     176     324.9115     797.4009    1192.7736     340.9022     4918.7225    -707.7836   -5628.8060    1238.1210
     177     311.2274     816.5056    1190.7132     350.1770     4866.6239    -702.3471   -5424.0514    1408.8484
     178     303.0298     839.1908    1183.4842     343.1343     4881.5855    -708.4269   -5625.6895    1216.3083
     179     291.5348     818.4248    1188.6492     344.4818     4880.3471    -703.6994   -5449.2112    1370.5272
     180     325.3018     827.7926    1191.3882     333.4292     4857.4099    -708.0039   -5538.0151    1289.3027
     181     312.1416     817.5865    1197.1198     338.5205     4887.0316    -687.5033   -5607.6528    1257.2439
     182     332.3066     808.2957    1215.7391     338.0730     4904.5340    -682.5052   -5608.8681    1307.5751
     183     305.1147     816.9839    1181.0028     339.4860     4875.1880    -687.4704   -5538.5891    1291.7158
     184     318.7786     754.9978    1197.3290     349.4195     4917.8506    -673.7849   -5603.7861    1260.8044
     185     316.5627     835.0035    1193.1037     337.5330     4897.9357    -714.3451   -5639.0971    1226.6964
     186     307.6686     784.9525    1208.1354     343.2498     4874.6194    -707.1550   -5457.5221    1353.9486
     187     300.8781     794.3985    1174.0265     343.4961     4879.6098    -695.7934   -5470.3000    1326.3156
     188     289.6397     841.3207    1184.3721     344.4061     4869.3686    -706.2932   -5510.8369    1311.9771
     189     312.1624     808.3456    1207.8762     345.4459     4861.2931    -723.9841   -5458.0933    1353.0459
     190     301.9901     806.1793    1210.5205     349.9289     4914.1709    -710.0236   -5564.3793    1308.3868
     191     306.1427     811.5319    1201.8945     347.9368     4873.3497    -714.9229   -5509.1175    1316.8152
     192     312.9778     769.2330    1186.1072     339.1855     4904.4640    -712.9447   -5664.8161    1134.2067
     193     304.1134     815.9837    1213.6908     339.8451     4895.2129    -710.0669   -5582.1553    1276.6238
     194     324.3894     816.6974    1188.9598     327.8894     4902.1153    -699.0247   -5591.9679    1269.0587
     195     341.5637     817.6722    1208.8968     340.0064     4883.6959    -686.0256   -5554.9960    1350.8135
     196     303.9875     819.5676    1178.1460     346.7904     4918.2460    -699.5142   -5635.3919    1231.8313
     197     297.9396     800.3016    1216.7260     342.4952     4896.2385    -706.1532   -5469.4575    1378.0902
     198     299.2209     822.8748    1198.5768     342.0080     4882.6436    -700.4548   -5575.7925    1269.0768
     199     307.2179     853.6822    1197.9808     338.2845     4861.1722    -674.4140   -5583.9877    1299.9358
     200     297.1981     809.7604    1226.4283     341.4379     4886.4174    -708.0823   -5612.8473    1240.3125
     201     314.4725     817.3439    1185.4124     340.7302     4879.7497    -699.7298   -5632.7180    1205.2611
     202     300.0185     800.9483    1189.1099     332.7509     4890.3096    -715.2463   -5575.5197    1222.3711
     203     288.1491     833.1544    1206.4548     339.5525     4895.0686    -710.5938   -5608.5814    1243.2043
     204     320.7404     814.0103    1205.7908     332.9172     4861.2054    -717.1568   -5614.8781    1202.6292
     205     300.1812     795.5337    1203.6250     330.1146     4869.1375    -707.4271   -5583.4358    1207.7291
     206     330.3235     802.2841    1184.0019     335.6516     4844.4962    -690.3752   -5562.9396    1243.4425
     207     313.7382     785.4056    1204.6737     334.6163     4865.4752    -697.8530   -5617.1788    1188.8773
     208     317.4300     815.0907    1186.4413     335.2913     4890.5997    -694.5633   -5574.8846    1275.4051
     209     304.6578     811.2127    1185.8714     347.5473     4893.6706    -721.5424   -5653.6938    1167.7237
     210     297.2914     828.5634    1219.4479     342.4912     4898.1433    -696.6196   -5603.6028    1285.7149
     211     295.9004     823.9089    1193.1926     347.9202     4869.1998    -699.7188   -5728.7890    1101.6141
     212     296.4179     804.1449    1203.8803     340.0872     4917.9025    -694.2458   -5688.1111    1180.0758
     213     292.0547     811.2689    1203.8259     336.9150     4907.6117    -701.3736   -5672.8390    1177.4635
     214     305.7010     805.3063    1214.2481     337.6262     4860.7927    -682.6824   -5643.8031    1197.1888
     215     318.7476     847.7127    1205.9184     338.0734     4870.2117    -721.3756   -5555.4522    1303.8360
     216     317.2800     839.3352    1202.3401     339.2268     4865.8556    -698.4442   -5600.7690    1264.8246
     217     334.1117     808.1157    1196.3941     323.1380     4850.1233    -698.2545   -5720.1779    1093.4506
     218     271.6065     812.8730    1184.8294     336.9649     4890.1520    -705.0451   -5651.0521    1140.3286
     219     302.1079     807.3906    1197.9024     341.2347     4882.1721    -720.7512   -5634.8574    1175.1991
     220     293.0582     825.5734    1190.6362     343.4283     4850.3782    -713.8655   -5595.3490    1193.8598
     221     311.9092     814.9259    1223.0316     348.6825     4881.0545    -712.2218   -5710.8390    1156.5429
     222     294.3478     843.6299    1185.1152     335.1914     4888.0141    -693.3097   -5744.2881    1108.7008
     223     305.0926     778.9335    1182.9996     338.7540     4851.4202    -687.4799   -5579.1870    1190.5330
     224     291.3220     866.0549    1168.7407     327.9053     4870.8472    -693.4889   -5501.1895    1330.1916
     225     308.1862     813.9809    1208.9911     334.6170     4847.6925    -698.9583   -5591.1942    1223.3152
     226     300.4661     802.7853    1213.5281     341.5120     4878.6125    -705.4116   -5626.9885    1204.5038
     227     291.6976     813.0958    1202.4256     347.4503     4902.4273    -704.9241   -5575.5684    1276.6041
     228     313.1100     831.8062    1191.9659     330.8024     4843.1324    -701.3074   -5518.5293    1290.9802
     229     274.1397     828.2976    1197.3866     336.6270     4879.1869    -677.6505   -5610.2020    1227.7853
     230     293.9275     810.3104    1184.3002     346.6453     4902.3104    -687.5959   -5536.7831    1313.1148
     231     320.0072     807.2959    1218.5946     331.2987     4870.0715    -723.8355   -5630.4614    1192.9710
     232     289.1888     808.3689    1182.4235     344.5959     4847.6261    -708.2660   -5555.4740    1208.4631
     233     320.5830     844.9142    1204.8870     329.7119     4883.7908    -721.1115   -5565.8196    1296.9558
     234     303.9704     885.6294    1177.6509     341.0962     4869.3734    -698.5259   -5629.7137    1249.4807
     235     306.2377     816.7558    1201.0489     346.0289     4902.3740    -697.3592   -5618.6385    1256.4475
     236     299.8664     856.6581    1178.8838     340.6676     4861.1952    -714.4688   -5575.5525    1247.2498
     237     308.2723     840.2989    1191.2030     342.7914     4941.2801    -714.0244   -5648.6044    1261.2168
     238     288.4844     813.4833    1198.5640     336.2846     4861.9461    -707.2698   -5566.9324    1224.5602
     239     289.0954     822.9910    1187.1860     351.8282     4929.2139    -702.4656   -5594.5113    1283.3376
     240     303.4908     818.0739    1187.3070     343.3259     4927.9567    -689.1541   -5528.8499    1362.1504
     241     314.7543     799.3516    1208.5054     346.0631     4919.9047    -713.0393   -5590.1918    1285.3480
     242     303.5809     773.6384    1179.8718     354.8232     4913.9633    -699.4245   -5570.3373    1256.1157
     243     293.7434     843.0272    1201.1713     338.0843     4885.4973    -718.4749   -5612.5316    1230.5169
     244     295.9928     811.3942    1195.1846     331.1269     4899.3691    -698.6622   -5666.8970    1167.5085
     245     322.4199     838.5744    1213.8266     330.6621     4893.7402    -706.2532   -5647.1999    1245.7702
     246     286.8822     847.6708    1197.8297     357.9816     4906.0029    -691.5280   -5683.3291    1221.5101
     247     318.5647     809.6055    1216.1676     334.0906     4895.0378    -698.4036   -5716.6588    1158.4038
     248     319.5545     784.9660    1217.7157     345.9424     4957.9763    -694.5000   -5704.7015    1226.9533
     249     314.2381     826.6182    1199.6810     343.3439     4896.7462    -709.2155   -5634.7778    1236.6342
     250     303.3690     816.9444    1212.3374     334.0619     4869.1885    -700.1448   -5606.1623    1229.5941
     251     273.2016     824.7413    1195.1056     334.1636     4874.5025    -709.7960   -5573.7238    1218.1948
     252     298.0470     793.9668    1191.2250     342.7124     4845.4490    -692.0187   -5586.3271    1193.0544
     253     353.4785     826.6152    1194.0597     325.2539     4853.9366    -698.2228   -5599.9310    1255.1902
     254     307.5960     829.7516    1182.6112     347.9026     4874.7779    -709.8010   -5580.8458    1251.9924
     255     316.7206     810.4067    1187.0300     332.6439     4871.6410    -706.6480   -5668.3128    1143.4814
     256     289.8241     828.1707    1200.4532     338.7852     4890.8865    -707.2776   -5636.3952    1204.4469
     257     314.0718     804.5592    1187.6535     333.9305     4882.0713    -702.4444   -5518.0777    1301.7642
     258     308.1041     772.3542    1191.0149     351.3342     4888.4582    -693.2332   -5669.2791    1148.7532
     259     275.6600     784.9413    1193.3690     354.4278     4882.9558    -690.8482   -5594.2818    1206.2241
     260     318.5109     768.4176    1191.2147     341.3743     4862.0433    -690.6101   -5575.5019    1215.4487
     261     306.2118     795.7861    1193.8615     345.0058     4865.3099    -706.5891   -5649.8516    1149.7343
     262     294.4082     795.8266    1184.4319     346.8471     4877.1160    -701.0161   -5631.6186    1165.9951
     263     294.2937     813.2788    1198.9729     331.1695     4841.8078    -708.5299   -5449.7441    1321.2486
     264     292.4680     796.8368    1221.6075     344.0955     4877.3041    -712.0816   -5565.1502    1255.0801
     265     319.3084     807.0202    1202.5117     330.1383     4886.4150    -714.3140   -5583.7375    1247.3421
     266     302.9846     749.4513    1202.6327     351.3268     4875.7327    -709.6865   -5551.0206    1221.4211
     267     302.7393     824.7685    1195.4113     335.5128     4877.4772    -703.6318   -5575.1963    1257.0810
     268     301.3115     821.9867    1210.6051     340.8775     4837.2947    -699.9306   -5426.5009    1385.6440
     269     271.8813     787.6485    1183.2281     344.6462     4864.2900    -699.4008   -5466.8626    1285.4307
     270     304.0311     802.1435    1199.1138     352.3130     4874.7161    -708.8591   -5620.0316    1203.4269
     271     292.0969     804.7481    1183.1629     343.3914     4923.4073    -718.0944   -5583.2583    1245.4539
     272     311.4267     816.2497    1186.9085     329.6991     4935.0576    -723.3153   -5652.5104    1203.5160
     273     304.8912     826.4841    1196.7566     329.4728     4912.8764    -699.0352   -5576.9788    1294.4670
     274     278.1173     842.7046    1199.6117     348.7204     4910.9547    -689.3777   -5608.9008    1281.8303
     275     317.2192     830.6872    1199.5117     333.0818     4858.7603    -703.4998   -5605.9362    1229.8243
     276     298.4716     741.5349    1212.4121     333.2757     4912.5424    -721.0367   -5585.0578    1192.1422
     277     295.7401     811.8814    1191.9441     347.0602     4918.1099    -704.1901   -5636.5535    1223.9920
     278     331.0715     802.4148    1195.9118     333.1471     4903.9367    -681.8596   -5635.5384    1249.0840
     279     293.8635     816.8093    1194.6247     336.8056     4848.3665    -714.3930   -5515.9047    1260.1719
     280     329.1801     824.4592    1182.2224     341.7669     4895.9005    -709.8500   -5568.5627    1295.1163
     281     294.2075     826.9602    1183.1033     334.8594     4852.0258    -697.5454   -5582.3316    1211.2792
     282     277.3123     797.9693    1208.4883     356.7676     4909.4678    -715.5893   -5576.4419    1257.9742
     283     304.2286     818.6255    1200.5152     338.6207     4866.1525    -705.8244   -5549.6821    1272.6360
     284     313.2005     809.5079    1207.3330     337.8336     4906.9119    -708.5904   -5540.0094    1326.1870
     285     303.2603     817.1358    1220.3107     340.3015     4882.3614    -715.9993   -5636.4586    1210.9118
     286     318.8447     806.0267    1177.3036     343.9063     4916.3770    -701.3891   -5698.6637    1162.4055
     287     295.7618     811.4029    1210.3162     339.3984     4882.1200    -704.7290   -5673.3909    1160.8793
     288     276.4337     820.0496    1184.0915     332.7301     4871.5638    -697.5313   -5650.5269    1136.8106
     289     285.0791     815.9033    1204.1697     351.8393     4882.6088    -715.1535   -5620.3706    1204.0762
     290     305.4319     818.0343    1214.4852     342.1892     4871.6290    -702.4314   -5614.2131    1235.1250
     291     303.0103     786.2484    1184.9972     346.5790     4897.9535    -683.6967   -5690.4761    1144.6156
     292     306.3708     814.4899    1198.6948     329.5313     4887.4600    -711.4676   -5676.7554    1148.3238
     293     299.5236     784.6505    1213.9963     328.1087     4892.1513    -693.3732   -5663.8592    1161.1980
     294     314.2730     831.4049    1182.7597     346.8539     4899.0666    -713.3717   -5683.8642    1177.1223
     295     319.6252     810.0882    1212.8125     335.6355     4895.5651    -707.3583   -5596.0991    1270.2691
     296     310.7326     784.6129    1205.5043     345.9577     4952.5224    -705.2833   -5701.4645    1192.5821
     297     325.0302     799.1359    1188.0871     340.2274     4890.9142    -687.7647   -5626.2825    1229.3476
     298     301.9132     810.0680    1208.0288     334.0341     4904.6080    -713.7217   -5649.3459    1195.5845
     299     323.8663     822.4090    1192.2893     333.6201     4878.6564    -680.0885   -5633.9788    1236.7739
     300     304.6960     825.7485    1230.9858     335.1334     4907.4709    -716.8324   -5662.9826    1224.2197
     301     296.6535     822.4007    1194.7911     337.8275     4881.0382    -713.4528   -5566.6331    1252.6252
     302     314.2806     812.5842    1211.9704     337.6028     4885.4621    -695.9930   -5624.4884    1241.4186
     303     346.0799     792.7667    1194.4216     321.9144     4857.8454    -693.2972   -5599.0310    1220.6996
     304     319.3568     852.6342    1192.8553     331.5973     4887.2009    -713.0820   -5656.3242    1214.2383
     305     277.0685     819.9400    1208.6850     343.3084     4867.8549    -723.6772   -5658.3841    1134.7954
     306     301.1059     831.5106    1193.4261     339.7411     4888.3163    -717.9785   -5624.3397    1211.7818
     307     298.7638     815.7176    1182.5668     351.9241     4929.4634    -702.9278   -5593.1483    1282.3596
     308     302.4748     810.9671    1184.6696     341.4696     4860.0227    -684.9115   -5489.5563    1325.1361
     309     343.5067     808.1311    1187.2585     332.4448     4858.3414    -700.4831   -5481.3523    1347.8472
     310     319.2191     832.7730    1213.3250     334.6737     4870.6822    -699.3340   -5638.5044    1232.8346
     311     302.3885     838.7339    1215.6239     331.1924     4883.5178    -709.1410   -5637.3832    1224.9323
     312     336.4493     814.5310    1207.7415     341.3944     4913.7063    -709.9272   -5624.2185    1279.6769
     313     307.8731     812.4411    1180.3842     337.3697     4863.9987    -701.4325   -5519.3394    1281.2948
     314     306.7583     820.4034    1194.6890     330.9589     4881.0144    -702.5395   -5669.0871    1162.1974
     315     297.0829     833.0390    1203.3133     325.8019     4894.8947    -709.0226   -5657.9782    1187.1310
     316     299.9348     838.9949    1204.7800     351.9792     4915.2914    -701.4097   -5704.1750    1205.3956
     317     295.3784     787.4391    1188.6186     348.1359     4876.4625    -720.6561   -5590.7106    1184.6678
     318     310.3190     835.0318    1185.1179     328.1659     4865.5767    -703.6881   -5609.1871    1211.3363
     319     307.0637     788.0475    1176.0139     346.6164     4860.2879    -678.5680   -5632.0511    1167.4103
     320     311.1672     832.2174    1169.5259     343.7589     4884.4988    -680.5426   -5588.3696    1272.2561
     321     325.8839     781.9204    1219.8404     339.6487     4943.1435    -707.7520   -5736.2768    1166.4081
     322     297.9835     829.0110    1202.4290     329.3356     4916.8529    -694.8987   -5705.0262    1175.6872
     323     285.3112     839.2942    1222.1459     331.9981     4981.0801    -706.3330   -5764.2160    1189.2805
     324     320.4009     797.3493    1219.2935     339.8395     4930.7248    -720.5161   -5723.6406    1163.4513
     325     297.0374     784.1693    1208.6334     321.4681     4942.5833    -687.0754   -5739.6122    1127.2039
     326     305.7982     803.1766    1216.0909     328.3779     4898.1306    -708.2194   -5694.8653    1148.4895
     327     333.4498     800.2077    1184.5401     338.9271     4908.7025    -680.6996   -5690.1704    1194.9571
     328     287.8613     812.6918    1221.1108     338.8928     4906.7361    -707.8220   -5639.9949    1219.4759
     329     333.6371     830.7764    1214.1372     338.1381     4944.7883    -708.8806   -5654.3458    1298.2506
     330     328.8745     804.5760    1195.5091     340.5958     4959.9634    -687.3043   -5687.7568    1254.4576
     331     331.2035     817.6852    1219.9425     334.2446     4948.3508    -709.2878   -5687.9315    1254.2073
     332     303.7958     804.3123    1205.8907     339.1077     4933.7621    -712.6477   -5606.5777    1267.6433
     333     282.2220     828.5957    1224.4834     342.7498     4930.9089    -716.5047   -5739.7122    1152.7429
     334     302.2190     798.7176    1197.1944     337.3953     4946.1188    -698.6351   -5611.4209    1271.5890
     335     303.3230     815.8347    1222.5989     334.3851     4925.3894    -701.0611   -5471.0554    1429.4147
     336     299.8162     827.9803    1207.6077     339.8636     4934.5545    -697.3918   -5577.8345    1334.5959
     337     291.7207     827.0150    1211.1012     340.2286     4906.4750    -686.2703   -5598.2106    1292.0597
     338     318.2865     800.5860    1208.7024     342.2347     4951.6121    -702.8588   -5507.0660    1411.4969
     339     300.6577     833.1766    1229.8461     331.9799     4904.5614    -707.2865   -5552.9789    1339.9564
     340     305.6579     827.6015    1189.5518     357.6263     4879.4176    -701.5572   -5603.7445    1254.5535
     341     317.6602     796.7431    1211.9328     346.5709     4920.5055    -697.7344   -5631.2265    1264.4518
     342     313.5629     833.2620    1191.9104     338.0091     4925.8670    -706.1165   -5653.2451    1243.2498
     343     317.0766     812.5342    1191.0389     339.3244     4927.8589    -705.6752   -5667.0768    1215.0809
     344     295.3024     810.0149    1214.6132     338.4065     4941.8494    -716.3314   -5679.6348    1204.2201
     345     295.5381     839.4090    1201.7175     345.8859     4953.3199    -714.4242   -5598.4072    1323.0391
     346     302.9317     802.1471    1188.9799     332.8660     4896.4510    -689.0547   -5554.1302    1280.1908
     347     324.7979     816.4802    1193.7762     325.5951     4907.2477    -689.0325   -5584.2400    1294.6247
     348     300.5273     818.8706    1197.1989     352.0860     4933.1199    -698.7623   -5498.4219    1404.6185
     349     321.7009     794.4507    1213.0460     337.0656     4921.3610    -707.3416   -5574.0158    1306.2668
     350     313.1117     805.5086    1210.3213     332.6810     4907.6944    -695.9120   -5587.1040    1286.3009
     351     317.0219     832.0783    1204.2672     339.5360     4916.8862    -687.9451   -5652.2464    1269.5983
     352     308.0120     796.4178    1216.9069     336.5638     4901.5616    -702.6233   -5596.3868    1260.4520
     353     304.2431     823.1449    1185.1563     337.3405     4904.0701    -707.2915   -5552.1846    1294.4788
     354     306.6022     813.7789    1207.8605     345.3492     4950.9196    -691.1851   -5651.6315    1281.6939
     355     295.9517     796.8612    1207.1587     333.3645     4908.1758    -698.9424   -5532.5332    1310.0363
     356     312.8695     814.4759    1221.5881     320.9144     4900.1891    -703.1472   -5602.0784    1264.8113
     357     309.6420     780.1918    1194.3884     342.5419     4974.5100    -694.2527   -5710.9402    1196.0811
     358     301.7009     827.3243    1198.2381     327.7323     4916.5283    -702.2666   -5655.8453    1213.4121
     359     301.6826     779.5628    1204.6000     324.0908     4888.7430    -688.9406   -5601.1575    1208.5811
     360     340.0713     808.4815    1200.8135     336.7750     4926.1140    -727.2721   -5678.7695    1206.2136
     361     307.6348     816.4934    1209.5844     331.7007     4893.7179    -706.4725   -5609.9659    1242.6929
     362     298.9275     803.2181    1203.2922     328.9171     4887.1324    -697.0959   -5638.3749    1186.0165
     363     293.6711     815.2097    1208.0196     339.9417     4951.0128    -712.9666   -5706.6737    1188.2145
     364     304.6910     814.5551    1201.9757     325.7658     4875.6549    -723.2411   -5525.1482    1274.2532
     365     334.9264     818.1701    1206.9719     342.8959     4886.1998    -693.6936   -5641.0721    1254.3983
     366     281.0916     808.2835    1169.0858     337.9572     4895.1058    -709.6224   -5652.3095    1129.5920
     367     290.8158     807.6238    1195.3843     340.7993     4942.5297    -706.5984   -5683.9874    1186.5672
     368     310.1849     811.0291    1212.3995     336.1396     4886.1124    -696.3584   -5676.1901    1183.3169
     369     313.1437     822.6312    1223.1045     347.9309     4901.2164    -700.9350   -5701.3464    1205.7452
     370     330.5672     802.3153    1210.9166     336.2347     4880.2572    -691.6217   -5719.1663    1149.5029
     371     312.7966     815.1452    1203.7916     341.7608     4919.8266    -712.2144   -5618.2796    1262.8268
     372     345.0997     791.4245    1197.9480     332.3667     4939.4247    -711.0896   -5643.8705    1251.3034
     373     280.9102     814.3973    1206.5623     352.7172     4920.7126    -702.2796   -5599.3881    1273.6318
     374     341.7653     776.7975    1202.0885     349.7411     4936.7884    -688.3789   -5693.1069    1225.6951
     375     281.4004     804.0140    1180.1867     341.5210     4906.1045    -709.9748   -5645.4483    1157.8035
     376     297.9637     820.4616    1197.9255     336.8640     4951.3159    -691.1898   -5586.9433    1326.3975
     377     341.3642     814.8835    1190.0919     331.9979     4905.4480    -705.9398   -5708.0287    1169.8169
     378     312.5215     821.1073    1213.6893     341.5258     4930.3679    -715.7094   -5648.1347    1255.3676
     379     289.6094     803.0366    1202.3474     345.5008     4938.8497    -721.9196   -5674.9819    1182.4425
     380     318.3136     794.1860    1221.8463     338.8693     4929.6407    -708.8981   -5654.5838    1239.3739
     381     289.7007     811.0377    1208.0079     339.7245     4883.6572    -709.2788   -5612.2182    1210.6310
     382     293.2456     804.9051    1216.1446     335.9428     4909.6792    -710.8605   -5611.7934    1237.2634
     383     330.5309     832.3821    1190.0495     337.4451     4902.8798    -706.8895   -5566.5829    1319.8151
     384     287.4903     809.8206    1184.1255     344.7263     4907.2932    -711.6578   -5531.5318    1290.2663
     385     300.1995     778.4115    1211.8696     327.6249     4892.9100    -711.6051   -5576.8249    1222.5857
     386     326.6705     806.4234    1185.6736     323.8670     4896.2865    -696.2695   -5645.2767    1197.3748
     387     290.7220     830.4469    1167.1151     345.6341     4867.5508    -701.6558   -5642.3888    1157.4242
     388     299.2452     825.7003    1194.3280     333.2425     4905.0766    -703.9536   -5619.5764    1234.0625
     389     291.1558     824.9115    1201.7402     330.7078     4929.7268    -701.6000   -5668.8102    1207.8320
     390     302.7328     818.5568    1196.9694     328.6045     4916.8936    -690.9140   -5641.9177    1230.9253
     391     323.3198     833.6776    1227.3887     338.9493     4923.1226    -709.4815   -5734.9535    1202.0230
     392     292.1925     768.8648    1195.3845     344.6913     4921.7385    -697.3659   -5717.9168    1107.5889
     393     284.1604     800.3657    1202.2165     332.3795     4900.9005    -724.6256   -5660.5663    1134.8308
     394     310.5425     792.5048    1182.4463     347.0983     4902.9905    -699.1016   -5643.5406    1192.9401
     395     324.3041     773.2711    1204.4289     340.5042     4892.6896    -712.0658   -5697.9702    1125.1620
     396     298.9585     794.7394    1220.8884     339.4863     4930.6784    -725.9126   -5698.0110    1160.8274
     397     304.9899     787.5720    1197.8299     345.1069     4942.8450    -715.2569   -5727.6072    1135.4796
     398     324.4390     818.3689    1222.1702     342.3368     4913.5202    -695.7717   -5707.6349    1217.4284
     399     300.6957     809.2086    1218.9279     340.2039     4925.6490    -712.1894   -5776.6536    1105.8421
     400     296.9440     817.3131    1201.0830     337.1812     4898.9781    -709.3862   -5717.8232    1124.2901
     401     292.6639     867.5146    1228.7653     325.0448     4886.7822    -723.5883   -5613.0616    1264.1210
     402     292.0576     775.2821    1232.2855     346.1418     4942.3759    -719.4156   -5714.0432    1154.6841
     403     332.9851     793.9788    1230.0782     334.2517     4919.6459    -713.1120   -5661.3802    1236.4475
     404     287.0956     803.6943    1210.9456     334.5779     4913.9720    -683.9530   -5692.8215    1173.5109
     405     314.4941     797.4448    1227.0777     330.2479     4908.5473    -698.9119   -5657.0599    1221.8399
     406     291.5290     818.5141    1220.0448     345.3306     4899.5681    -697.4187   -5726.8315    1150.7363
     407     329.4417     829.5332    1200.7184     347.3694     4939.6479    -707.2153   -5742.4519    1197.0434
     408     294.7311     794.9570    1189.6173     343.7553     4908.6997    -695.3901   -5664.1994    1172.1708
     409     293.1652     813.5063    1200.6830     355.9948     4927.2694    -697.8897   -5640.2143    1252.5147
     410     305.3633     823.7321    1219.1230     345.2397     4891.3452    -705.7706   -5650.6754    1228.3572
     411     297.1740     855.2606    1205.0374     332.9277     4882.3246    -723.6341   -5646.4860    1202.6044
     412     312.8456     782.1651    1203.0086     323.7483     4880.0000    -710.8603   -5671.4851    1119.4222
     413     341.1643     802.9580    1191.8856     336.6969     4885.8235    -703.6401   -5611.9957    1242.8925
     414     273.9529     821.5627    1200.1471     350.2762     4901.3318    -721.8813   -5718.1217    1107.2677
     415     301.9794     768.1758    1224.2292     330.4856     4922.0877    -694.5601   -5690.7024    1161.6953
     416     318.8883     800.7124    1172.4560     340.6048     4861.9281    -688.1927   -5664.6643    1141.7327
     417     293.9781     798.4778    1195.0769     345.4429     4918.0847    -695.9307   -5733.6356    1121.4940
     418     300.6670     824.5428    1198.8960     342.0722     4896.5611    -702.5264   -5697.0169    1163.1958
     419     289.8088     812.6570    1220.4135     358.4617     4903.0628    -693.8052   -5694.2180    1196.3807
     420     316.6890     855.9759    1199.3144     341.1985     4888.5612    -701.9563   -5740.8332    1158.9495
     421     294.8929     816.8790    1191.1885     335.9276     4897.7553    -709.6725   -5717.6866    1109.2842
     422     292.1109     766.1509    1195.4582     341.0505     4877.5345    -700.3623   -5682.9363    1089.0065
     423     304.4381     840.0182    1194.7248     324.5612     4890.6620    -701.7728   -5616.4364    1236.1950
     424     300.6440     798.7637    1210.8874     337.9456     4861.8690    -708.6694   -5633.6338    1167.8065
     425     322.8694     796.6544    1195.1022     336.4162     4891.1821    -710.3062   -5660.3696    1171.5485
     426     305.3781     802.2311    1206.8490     353.4415     4900.4195    -697.7698   -5616.8412    1253.7082
     427     308.9638     812.9976    1199.4663     347.6166     4953.7251    -715.0157   -5696.6383    1211.1155
     428     303.2154     808.8418    1200.1001     339.2758     4886.7393    -707.4921   -5609.2182    1221.4622
     429     278.2065     829.6347    1205.1545     344.7187     4942.4299    -681.2127   -5635.2044    1283.7272
     430     308.5051     817.4649    1223.6497     351.0679     4889.4040    -704.7604   -5648.4686    1236.8625
     431     303.3051     827.2940    1194.7568     337.5746     4868.2973    -712.5632   -5646.1716    1172.4928
     432     304.1532     801.4188    1191.3220     343.0376     4886.2159    -705.2501   -5650.5754    1170.3220
     433     274.7806     793.9556    1186.8358     349.6638     4915.9495    -716.4290   -5756.6959    1048.0604
     434     335.8058     822.1416    1188.0622     331.8936     4889.0546    -716.7945   -5606.6831    1243.4802
     435     320.5004     810.6388    1208.0499     339.6048     4895.9878    -700.7683   -5618.6097    1255.4037
     436     300.4705     839.2668    1202.0444     341.1120     4916.7408    -716.8799   -5698.4329    1184.3218
     437     322.6639     821.0930    1214.0578     331.8549     4866.7719    -696.0957   -5635.1548    1225.1911
     438     300.9070     800.6392    1167.6785     343.9150     4903.6080    -703.1276   -5643.7900    1169.8301
     439     314.8823     771.5383    1217.6382     338.8131     4853.4319    -721.7974   -5638.7506    1135.7557
     440     306.7530     796.5462    1207.9873     346.3037     4891.9679    -687.9090   -5616.4415    1245.2076
     441     316.4460     814.8114    1190.9772     344.3716     4895.6769    -698.7694   -5710.7209    1152.7929
     442     290.9414     782.3051    1189.2767     342.1026     4870.3852    -680.1849   -5662.9795    1131.8468
     443     299.4676     815.7131    1193.2584     350.0329     4904.5323    -690.8895   -5640.8720    1231.2428
     444     324.9624     812.5826    1191.3575     336.6337     4841.7351    -707.1878   -5605.6382    1194.4453
     445     325.5234     836.4790    1195.4901     336.1408     4861.6022    -702.9833   -5655.0601    1197.1921
     446     308.3644     826.5034    1206.5828     332.0942     4878.7198    -709.2315   -5561.2656    1281.7675
     447     310.6404     795.4702    1183.2702     337.3779     4885.3443    -734.4006   -5609.9619    1167.7405
     448     290.8768     856.4427    1208.6076     343.3028     4850.4362    -731.5323   -5544.3899    1273.7439
     449     312.8815     843.1185    1194.2597     341.3417     4920.3696    -701.9655   -5545.0484    1364.9570
     450     296.5566     831.9941    1182.3134     342.5118     4901.4986    -705.7657   -5627.1419    1221.9670
     451     297.3939     806.1851    1211.3569     331.8773     4923.3888    -733.7131   -5628.1403    1208.3486
     452     309.8779     822.9104    1180.3427     338.9783     4894.6067    -704.8745   -5646.0242    1195.8173
     453     295.8477     772.0342    1182.3418     343.5071     4895.1808    -710.7634   -5656.3773    1121.7709
     454     315.7940     780.5520    1174.0504     356.3993     4891.0122    -729.4432   -5595.2392    1193.1255
     455     282.9189     845.3299    1209.4562     343.2579     4899.6831    -705.2552   -5506.7015    1368.6893
     456     291.2699     846.4410    1212.4110     344.0630     4897.8046    -716.8143   -5613.8109    1261.3643
     457     317.8958     841.3249    1198.7729     341.2218     4868.8821    -723.9859   -5631.8973    1212.2144
     458     340.7627     844.7654    1205.6499     341.4538     4827.0003    -713.2990   -5645.3130    1201.0201
     459     322.5443     811.1137    1187.7020     349.4316     4908.7698    -692.0745   -5743.0666    1144.4203
     460     321.2052     796.6704    1199.6973     351.2926     4957.9654    -729.1105   -5709.6242    1188.0963
     461     312.2723     829.8557    1201.8769     338.1539     4885.9803    -704.2609   -5686.0753    1177.8030
     462     301.7144     779.8086    1188.4755     345.1998     4911.4556    -698.8799   -5714.5373    1113.2367
     463     305.6502     822.2231    1191.7090     352.2019     4915.9325    -719.2646   -5813.2145    1055.2375
     464     307.7324     823.2984    1184.3710     335.4702     4904.7733    -704.2053   -5671.1647    1180.2753
     465     299.9539     789.2080    1210.4711     332.8214     4885.0891    -690.2801   -5664.4153    1162.8480
     466     286.4496     799.8394    1196.8349     345.2270     4914.0649    -708.2900   -5789.7370    1044.3888
     467     290.0107     782.8053    1192.5434     356.2737     4932.5850    -721.9974   -5695.0224    1137.1983
     468     314.6048     805.9578    1198.0065     325.9194     4915.5291    -720.1228   -5718.4301    1121.4647
     469     289.8481     795.1025    1195.7381     339.3019     4893.8939    -718.2214   -5573.2774    1222.3858
     470     345.7228     826.1936    1216.6116     343.5823     4894.3316    -685.6970   -5679.2758    1261.4691
     471     295.1925     858.8106    1186.6279     336.2542     4876.0925    -714.1832   -5677.6475    1161.1470
     472     331.9081     810.4003    1193.9913     342.8774     4880.1195    -718.4237   -5695.3494    1145.5235
     473     302.9610     809.1490    1188.4197     338.1359     4898.4066    -712.9644   -5683.0678    1141.0401
     474     314.7193     767.4180    1181.7169     334.9324     4873.5491    -712.4269   -5713.2815    1046.6274
     475     294.1771     820.4991    1199.1087     337.2622     4874.4440    -720.6726   -5643.1769    1161.6417
     476     315.9668     823.3655    1199.9068     340.3748     4884.1706    -717.3190   -5568.8710    1277.5944
     477     298.4489     788.8118    1212.9716     347.4047     4916.3419    -709.3249   -5594.7743    1259.8797
     478     314.2948     844.5704    1210.8696     341.6451     4904.0577    -696.9779   -5561.0447    1357.4150
     479     292.2982     788.3368    1216.5099     343.1641     4924.0361    -714.0035   -5614.0077    1236.3339
     480     313.1750     858.1171    1202.4140     342.5965     4870.9478    -703.7503   -5583.9558    1299.5443
     481     312.1525     848.3153    1206.0179     321.7183     4863.0167    -704.5716   -5603.5638    1243.0854
     482     325.1136     813.1980    1219.4681     338.6647     4894.3310    -712.5827   -5589.8609    1288.3320
     483     313.0679     828.0356    1189.7695     345.2426     4898.8630    -709.8525   -5655.6579    1209.4682
     484     291.2211     813.7132    1214.4583     345.0919     4916.2824    -713.0880   -5585.5696    1282.1092
     485     304.8049     809.7098    1220.1382     343.3843     4882.0743    -707.1796   -5559.4186    1293.5135
     486     307.9627     816.2754    1195.0355     344.4759     4893.8577    -695.1739   -5633.2081    1229.2252
     487     303.7034     796.6787    1200.9956     348.4617     4878.2643    -713.5624   -5616.9082    1197.6331
     488     295.0075     836.8586    1188.5898     337.2620     4892.0442    -683.6767   -5683.2003    1182.8850
     489     295.5994     825.9787    1207.9549     339.2468     4918.6608    -715.3954   -5657.4646    1214.5806
     490     297.1660     782.4576    1189.1145     355.5452     4917.1067    -705.3122   -5622.2564    1213.8215
     491     299.3364     825.6001    1215.8813     344.8832     4902.0785    -683.1612   -5673.5702    1231.0480
     492     287.5691     819.2912    1196.1878     340.5411     4886.6230    -706.7740   -5697.0638    1126.3744
     493     315.4123     834.3197    1211.1714     344.2592     4889.0981    -700.4351   -5653.8910    1239.9344
     494     308.5231     809.7615    1203.4355     333.1408     4922.5639    -706.8201   -5711.9024    1158.7023
     495     296.7331     818.2874    1198.4723     340.5800     4880.0645    -723.8539   -5581.4534    1228.8301
     496     314.7374     786.6155    1208.8411     334.2785     4876.8043    -696.7174   -5537.6030    1286.9565
     497     317.9771     794.1859    1196.5996     337.6173     4905.4953    -698.5470   -5674.1294    1179.1988
     498     311.4016     814.3838    1217.5228     346.4475     4901.8088    -713.4786   -5683.4393    1194.6466
     499     332.2934     805.8023    1189.3888     329.7327     4825.8760    -720.9809   -5611.7018    1150.4107
     500     336.2770     804.4150    1182.5357     323.5440     4879.4866    -702.2445   -5647.8268    1176.1870
