0	0.0
1	0.7043596506118774
2	0.7480290532112122
3	0.6659074425697327
4	0.6438889503479004
5	0.7205551266670227
6	0.7940167188644409
7	0.714832603931427
8	0.7604894042015076
9	0.6291205286979675
10	0.787242591381073
11	0.600411593914032
12	0.684900164604187
13	0.7231543660163879
14	0.6869153380393982
15	0.7549446821212769
16	0.7246204614639282
17	0.6541752219200134
18	0.703850507736206
19	0.7310014367103577
20	0.747012197971344
21	0.7274317741394043
22	0.7569230198860168
23	0.7234458327293396
24	0.8236111998558044
25	0.7734847068786621
26	0.8398229479789734
27	0.6716358065605164
28	0.7495403289794922
29	0.694301962852478
30	0.686592698097229
31	0.7238550782203674
32	0.7310633659362793
33	0.6540500521659851
34	0.7433808445930481
35	0.700636625289917
36	0.6720386147499084
37	0.7249658703804016
38	0.8131778836250305
39	0.8073682188987732
40	0.7708547711372375
41	0.81076580286026
42	0.7424893379211426
43	0.8017172813415527
44	0.7731872200965881
45	0.6533287167549133
46	0.6692296862602234
47	0.6923297643661499
48	0.7150281667709351
49	0.7191666960716248
50	0.7379065752029419
51	0.7846179604530334
52	0.7277918457984924
53	0.6504645943641663
54	0.7509156465530396
55	0.7010107636451721
56	0.7554560899734497
57	0.7962671518325806
58	0.8580803275108337
59	0.7722229361534119
60	0.8249335885047913
61	0.7008712887763977
62	0.6922197937965393
63	0.8183531165122986
64	0.7063440680503845
65	0.7375269532203674
66	0.771693766117096
67	0.7536951899528503
68	0.7136824727058411
69	0.7146310806274414
70	0.7436342835426331
71	0.779754102230072
72	0.769680917263031
73	0.6823508739471436
74	0.7426454424858093
75	0.5931093096733093
76	0.6948674917221069
77	0.756431519985199
78	0.8326349854469299
79	0.7600721120834351
80	0.750929594039917
81	0.84598708152771
82	0.7589808106422424
83	0.6464865207672119
84	0.6988428235054016
85	0.6878296136856079
86	0.7499317526817322
87	0.6696137189865112
88	0.6711310148239136
89	0.7705667018890381
90	0.7508383393287659
91	0.7036681771278381
92	0.6473547220230103
93	0.756820559501648
94	0.679229199886322
95	0.736285388469696
96	0.773287832736969
97	0.731045126914978
98	0.7514090538024902
99	0.8504154086112976
100	0.8276492357254028
101	0.7542821168899536
102	0.6704944968223572
103	0.7804524302482605
104	0.843305766582489
105	0.7436364889144897
106	0.7921422719955444
107	0.8221327662467957
108	0.7312349081039429
109	0.8237783908843994
110	0.7655034065246582
111	0.8520883917808533
112	0.782242476940155
113	0.7358893156051636
114	0.8559269905090332
115	0.7885603904724121
116	0.7653604745864868
117	0.8711863160133362
118	0.809259831905365
119	0.7979134917259216
120	0.7705892324447632
121	0.7483774423599243
122	0.8126195073127747
123	0.8475082516670227
124	0.6329900622367859
125	0.7039058208465576
126	0.8046967387199402
127	0.7170030474662781
128	0.7058151960372925
129	0.7565143704414368
130	0.7807493805885315
131	0.6724991202354431
132	0.7479017376899719
133	0.785553514957428
134	0.7392642498016357
135	0.8259435296058655
136	0.7460520267486572
137	0.6861751675605774
138	0.7311981916427612
139	0.7361066937446594
140	0.8395482897758484
141	0.6632182598114014
142	0.7191219329833984
143	0.6784446835517883
144	0.7811660170555115
145	0.8312050104141235
146	0.6783956289291382
147	0.7497007250785828
148	0.6304974555969238
149	0.6506114602088928
150	0.6048405766487122
151	0.7993353605270386
152	0.7660903930664062
153	0.7192723751068115
154	0.6507028341293335
155	0.6812200546264648
156	0.79365473985672
157	0.8094669580459595
158	0.6917569637298584
159	0.6855913996696472
160	0.7315104007720947
161	0.7098583579063416
162	0.6189785599708557
163	0.7243920564651489
164	0.7445502281188965
165	0.6408371329307556
166	0.7893246412277222
167	0.7076250910758972
168	0.7403329014778137
169	0.7289631366729736
170	0.7138077616691589
171	0.8512282371520996
172	0.7942583560943604
173	0.6774463057518005
174	0.8346880078315735
175	0.6825579404830933
176	0.8299537301063538
177	0.5826119184494019
178	0.7796750664710999
179	0.7786619663238525
180	0.7692877054214478
181	0.8132758140563965
182	0.699198842048645
183	0.8256336450576782
184	0.7432557940483093
185	0.8106988668441772
186	0.8091121912002563
187	0.789126455783844
188	0.7302467823028564
189	0.8802559971809387
190	0.7162431478500366
191	0.7102363109588623
192	0.6216784119606018
193	0.7891879677772522
194	0.6265045404434204
195	0.7307648658752441
196	0.7462966442108154
197	0.8199445009231567
198	0.7279223203659058
199	0.7447996735572815
200	0.8087878227233887
201	0.7846208214759827
202	0.8008305430412292
203	0.6713717579841614
204	0.6973351240158081
205	0.7834603190422058
206	0.7559731006622314
207	0.7355280518531799
208	0.6891903877258301
209	0.8124744892120361
210	0.6993734836578369
211	0.6914803981781006
212	0.7549493312835693
213	0.7501521110534668
214	0.7350949645042419
215	0.7705715298652649
216	0.7545846700668335
217	0.6238687634468079
218	0.7334256172180176
219	0.7355532646179199
220	0.769264817237854
221	0.7594466209411621
222	0.7359851002693176
223	0.7666109800338745
224	0.8057851195335388
225	0.9268901348114014
226	0.8382039666175842
227	0.875605583190918
228	0.7868314385414124
229	0.8151236176490784
230	0.8520927429199219
231	0.7906966209411621
232	0.7080259323120117
233	0.8217217326164246
234	0.8322005271911621
235	0.7146925926208496
236	0.7259498238563538
237	0.6374326348304749
238	0.6849197745323181
239	0.8047864437103271
240	0.9352517127990723
241	0.719566822052002
242	0.779714047908783
243	0.7143261432647705
244	0.7300828099250793
245	0.7818941473960876
246	0.7243552207946777
247	0.681854784488678
248	0.7748310565948486
249	0.8216888308525085
250	0.8252384662628174
251	0.7567228078842163
252	0.7742573022842407
253	0.7331935167312622
254	0.7605378031730652
255	0.7602836489677429
256	0.729699432849884
257	0.6932131052017212
258	0.6954675912857056
259	0.6417480111122131
260	0.8000275492668152
261	0.7223817706108093
262	0.8068265914916992
263	0.7288429737091064
264	0.7841961979866028
265	0.7273056507110596
266	0.7758212089538574
267	0.7813207507133484
268	0.7942240238189697
269	0.6121838688850403
270	0.8076987862586975
271	0.7025308012962341
272	0.7354684472084045
273	0.7538380026817322
274	0.6527165174484253
275	0.8873695135116577
276	0.8894000053405762
277	0.7369334697723389
278	0.7687515616416931
279	0.8105818629264832
280	0.6528124213218689
281	0.7855905890464783
282	0.718968391418457
283	0.8413470387458801
284	0.7743317484855652
285	0.7073348164558411
286	0.7219741344451904
287	0.6773068904876709
288	0.7680171728134155
289	0.7503325343132019
290	0.6675480008125305
291	0.6518505215644836
292	0.6664560437202454
293	0.7937472462654114
294	0.7446251511573792
295	0.7517123222351074
296	0.7659918069839478
297	0.7175782918930054
298	0.6998974680900574
299	0.7597547769546509
300	0.7880105972290039
301	0.7739030718803406
302	0.7025445103645325
303	0.688637912273407
304	0.7602254748344421
305	0.7120254635810852
306	0.6155468821525574
307	0.738369345664978
308	0.7724137306213379
309	0.7264553904533386
310	0.7641580104827881
311	0.6899539232254028
312	0.7550340294837952
313	0.6776832938194275
314	0.7163094878196716
315	0.7816218137741089
316	0.7647855877876282
317	0.8240199685096741
318	0.7167726159095764
319	0.7424638271331787
320	0.7495103478431702
321	0.7890939116477966
322	0.6672309637069702
323	0.728929340839386
324	0.750301718711853
325	0.6557434797286987
326	0.6312814950942993
327	0.8181217312812805
328	0.831086277961731
329	0.6633161306381226
330	0.8449256420135498
331	0.7952802181243896
332	0.7690152525901794
333	0.6701590418815613
334	0.79329514503479
335	0.7213909029960632
336	0.8662508726119995
337	0.798143208026886
338	0.8014445304870605
339	0.7827792763710022
340	0.7478870749473572
341	0.771142840385437
342	0.7642703056335449
343	0.7690653204917908
344	0.8741264939308167
345	0.7955523133277893
346	0.7439720034599304
347	0.7450069189071655
348	0.7009627819061279
349	0.741355299949646
350	0.7508879899978638
351	0.7186536192893982
352	0.783639132976532
353	0.7001422047615051
354	0.7845427989959717
355	0.7550051212310791
356	0.707424521446228
357	0.7930984497070312
358	0.7265377044677734
359	0.7614529132843018
360	0.7294915914535522
361	0.6460851430892944
362	0.8499854207038879
363	0.8191305994987488
364	0.8409205675125122
365	0.8252114653587341
366	0.7607853412628174
367	0.8358879685401917
368	0.7662233114242554
369	0.8201571702957153
370	0.7412143349647522
371	0.6535841226577759
372	0.7019551992416382
373	0.6505821943283081
374	0.7882071137428284
375	0.8676849603652954
376	0.7361301183700562
377	0.7287557125091553
378	0.7496510148048401
379	0.6984459161758423
380	0.754487156867981
381	0.746600329875946
382	0.769140899181366
383	0.7804514765739441
384	0.7016183733940125
385	0.7477855086326599
386	0.7622127532958984
387	0.7940316796302795
388	0.8109022974967957
389	0.7245554327964783
390	0.7613500952720642
391	0.7741585373878479
392	0.7680792212486267
393	0.7739312052726746
394	0.7575556635856628
395	0.7941791415214539
396	0.740170955657959
397	0.6402478218078613
398	0.7359603047370911
399	0.7004688382148743
400	0.7460156679153442
401	0.6702675223350525
402	0.7686212062835693
403	0.7982375621795654
404	0.7815180420875549
405	0.7127514481544495
406	0.7821498513221741
407	0.7975593209266663
408	0.7332993149757385
409	0.7394624352455139
410	0.7599926590919495
411	0.7720710039138794
412	0.7526446580886841
413	0.6846551299095154
414	0.7460585236549377
415	0.8376802206039429
416	0.7296828031539917
417	0.9092410206794739
418	0.7491881847381592
419	0.6940734386444092
420	0.7195863127708435
421	0.6988071203231812
422	0.767160177230835
423	0.8255723714828491
424	0.8470050692558289
425	0.8650546669960022
426	0.7449782490730286
427	0.8395434021949768
428	0.7976256012916565
429	0.7016341686248779
430	0.8480220437049866
431	0.6655970215797424
432	0.7007412314414978
433	0.6746237874031067
434	0.7824427485466003
435	0.779114305973053
436	0.8032402992248535
437	0.7188448905944824
438	0.6628206372261047
439	0.7635660171508789
440	0.8295353651046753
441	0.8558014631271362
442	0.7713227868080139
443	0.7439782619476318
444	0.7364805340766907
445	0.8346949219703674
446	0.7644023299217224
447	0.8684439659118652
448	0.9288818836212158
449	0.8017494678497314
450	0.6872825026512146
451	0.7642877101898193
452	0.7054800391197205
453	0.8223806023597717
454	0.7145529389381409
455	0.6285883188247681
456	0.6855965256690979
457	0.7524473667144775
458	0.738756000995636
459	0.6682265400886536
460	0.7558501362800598
461	0.7994920015335083
462	0.7286289930343628
463	0.6837171316146851
464	0.785716712474823
465	0.8564012050628662
466	0.7974742650985718
467	0.7819539308547974
468	0.795839250087738
469	0.7616706490516663
470	0.743503749370575
471	0.7707110047340393
472	0.7772542238235474
473	0.7419028878211975
474	0.744695246219635
475	0.6736115217208862
476	0.7631691694259644
477	0.7352955341339111
478	0.8319557309150696
479	0.7931388020515442
480	0.7794432640075684
481	0.7452833652496338
482	0.6997334361076355
483	0.7257041931152344
484	0.7579396367073059
485	0.736061155796051
486	0.7320670485496521
487	0.8012111783027649
488	0.7922020554542542
489	0.7952030897140503
490	0.7530612945556641
491	0.7682139873504639
492	0.778623104095459
493	0.740355372428894
494	0.6070671677589417
495	0.7730401158332825
496	0.7679985165596008
497	0.7395009994506836
498	0.8027684688568115
499	0.8474182486534119
