0 3.9528554766026303
1 3.7931095846552925
2 3.4345836611012244
3 3.824320504607939
4 3.9476682711175424
5 3.6768732229117806
6 4.929701633862421
7 6.248973950356853
8 4.748639524417069
9 5.054771766681179
10 6.400247631344058
11 5.663966650765914
12 7.272518993053249
13 5.807587985299909
14 5.703379129402788
15 3.881247410672218
16 7.003145905037719
17 5.801424533539007
18 5.597486857932306
19 5.915445765711887
20 3.9640211570304786
21 6.304037023045908
22 3.951868242170492
23 4.099828521302315
24 3.841324620043198
25 3.7081514472341635
26 3.6932596785913936
27 5.6003887617949175
28 5.361084933892698
29 5.66454490795047
30 5.303340277294363
31 6.497396048209935
32 6.180100016746621
33 3.893875396455249
34 4.921140576397879
35 4.995521009366541
36 7.442012746880167
37 3.8107444102476715
38 4.219777751049667
39 5.155044541322928
40 5.11660726039609
41 3.6637931346425625
42 3.9410952438259224
43 3.8071668126481533
44 3.845124854822143
45 3.8833078211608463
46 7.783272514032033
47 5.799345439777085
48 6.504525019157382
49 7.964778896430651
50 5.736300588824157
51 7.513097704103212
52 6.027003357768903
53 3.9608360466068415
54 6.458894871586525
55 6.6820346427521
56 6.446034734869731
57 5.807191881062016
58 4.258817556284419
59 7.535692292110982
60 7.549589142329529
61 11.636711925752861
62 10.170185068010205
63 11.78504570751986
64 10.191575758441063
65 6.410676041817877
66 7.169705257235715
67 6.6193387263163395
68 7.438205801816701
69 3.8325354480259675
70 3.7937512374916977
71 3.825612027504973
72 3.7762740569007103
73 6.29396242738267
74 7.202518062294966
75 4.300204758780744
76 5.5074532472202335
77 3.9120130029152436
78 3.7630223821511914
79 6.436561611919165
80 3.7352021262357487
81 3.6427030894189247
82 2.9597012499921336
83 5.747772201236739
84 3.930310919038491
85 3.1663878898767557
86 3.692343055500221
87 2.9764244500422734
88 6.13510008382199
89 4.476245872842582
90 6.334771224881105
91 4.054843408652356
92 4.010075978094663
93 3.5934252785339478
94 3.768012411083453
95 4.098733367922558
96 4.0533193538471295
97 3.875902629750509
98 3.7568608228466513
99 3.7630474671148013
100 4.477734225710273
101 4.238887133250807
102 3.7468811751268407
103 3.941629120725352
104 4.205229360164093
105 4.495036010313734
106 3.8403350088196215
107 4.159739409607007
108 3.7274690149970877
109 5.021806327573256
110 5.910621920284214
111 4.255850446656088
112 4.096561893807125
113 5.655969642698153
114 5.170616291139888
115 4.282182623503418
116 5.459817007107015
117 5.076699492431291
118 7.902537538927699
119 6.533494100019571
120 6.587524042268802
121 4.830205830461602
122 5.604302058570212
123 5.188796408746781
124 5.651778576025032
125 4.550086426997745
126 5.37509992943214
127 4.28035316469292
128 6.107662749195664
129 3.6742765657352847
130 3.6421450450626973
131 3.8624815332237024
132 3.9210141265817247
133 3.975082499008727
134 3.9910964613799282
135 3.5565804226001467
136 4.935882107874355
137 3.913888884547507
138 4.278460251802214
139 4.324651808071128
140 3.9353419762452893
141 5.007213908327202
142 6.08049795606133
143 7.671376252491025
144 6.566061568955371
145 7.321729097859204
146 6.458949380427636
147 6.983344224382803
148 9.133145548349749
149 7.692721054894507
150 7.010931858894249
151 5.0517214135584165
152 6.427441423152169
153 8.205101353255689
154 6.575958661547294
155 6.965346737041013
156 8.237516914448422
157 5.746529931340352
158 6.263418804786652
159 8.037595636797771
160 6.5029259101839285
161 7.0165431047487825
162 6.588644051853569
163 8.138514677113884
164 7.625397882154882
165 3.640199236175799
166 6.998068576359822
167 7.671989552684529
168 7.760081176554434
169 7.74200023218107
170 9.374359818621093
171 5.785618892592503
172 8.159616491481987
173 8.391091996871955
174 8.010310790534373
175 7.502342655190827
176 8.0661908520023
177 8.003707558525372
178 9.21049406072423
179 8.827039076335904
180 8.117354288888698
181 3.8793910720116696
182 5.841699126043099
183 5.352194214319735
184 3.8405045121670054
185 3.713826232698396
186 3.9092171262623414
187 5.1044368348514535
188 7.290350981075477
189 7.939589356808854
190 5.931233063563468
191 7.749696125443017
192 7.37290279822122
193 7.355966238971877
194 7.235745946988465
195 6.2707483271772695
196 9.615369477719597
197 9.245208626353017
198 10.678909084975032
199 6.927576442384835
200 3.8850266609154027
201 3.899328701223245
202 5.887232108740511
203 4.965320614475948
204 4.092250126801191
205 3.8119976924762313
206 3.875511779740779
207 3.833230565389719
208 4.174989899651878
209 5.066596141872322
210 5.58396890172717
211 5.39503809942311
212 4.591184393690136
213 3.844732992109241
214 4.039250528186243
215 5.757666704669467
216 3.5632569562279057
217 4.178045636911816
218 4.194224338834835
219 5.972650361618087
220 6.676740672964901
221 3.911963195663024
222 4.507911337644898
223 3.8086504950525866
224 6.375075547953233
225 5.059696698072758
226 3.6705582036978974
227 3.825032449723791
228 6.231290718446825
229 4.054340787988377
230 4.2768877702625385
231 6.030878897387504
232 3.9742852171541094
233 3.687979834610576
234 6.648064607184872
235 5.197547472328851
236 4.926345381540937
237 6.529630321245384
238 4.97298879224248
239 6.678015773359587
240 5.123368549053712
241 5.259596621196409
242 3.874794962448552
243 3.8512664521966755
244 5.677373542019796
245 3.9062096248355447
246 5.579271871037889
247 3.72844429423906
248 5.9508802023281095
249 5.540074480749638
250 4.132664604820422
251 4.079663449374836
252 3.864429706044503
253 5.275877601600711
254 6.050182366623758
255 5.488077305947532
256 3.523702764510339
257 5.662377903103444
258 5.012656880749052
259 3.8341791244863876
260 3.9718092946631702
261 3.8272091499934593
262 4.31865561932572
263 5.090750265650117
264 3.7372035886820005
265 4.155745684782985
266 4.160055675471501
267 4.498837725684728
268 3.7937299109310105
269 4.982774817293355
270 6.0411810366802445
271 5.636972023472618
272 5.023488390611179
273 3.8237148230006417
274 3.8941407566405424
275 3.7833776087844013
276 5.820111046057846
277 4.850077601199022
278 3.932815146031631
279 4.17218214265962
280 4.0685201112865315
281 4.492084437335917
282 3.843229782029033
283 4.145103174851503
284 4.010628687200937
285 3.7931009779024674
286 3.852672499583653
287 4.002462885492625
288 4.9786231911294205
289 4.253381360260069
290 4.07095758209351
291 4.078202839216242
292 4.146005852166274
293 4.243011357039341
294 3.9325218872945777
295 3.949796566432927
296 3.7993187254841683
297 4.083769268943954
298 5.863841923224831
299 4.791118461794207
300 4.037383131526605
301 4.047497978274223
302 4.417553658105905
303 4.611287005418138
304 4.151955395466019
305 3.913382527203736
306 3.803878341903567
307 4.418890583698809
308 3.7442842741444564
309 4.468218572082715
310 4.034096660750647
311 3.744352595782755
312 3.3866213620264736
313 4.185579368069883
314 5.6629680073250785
315 4.9004692020201785
316 5.233770483337978
317 4.0645875879165185
318 3.700355702240002
319 3.596118047842126
320 5.3812648260822185
321 4.180176719685077
322 4.696765991493377
323 5.5515041207078
324 3.810773833645509
325 5.270110600520497
326 6.835850297150978
327 5.827890718002137
328 6.517999927520508
329 5.988094460760504
330 7.089012273992828
331 5.613452454956517
332 6.287236538096245
333 8.223293298713031
334 8.321463428781174
335 5.573454894524588
336 7.31039846857382
337 7.71341952616819
338 6.415267464451983
339 6.642032958928711
340 5.818456369054093
341 8.615082238815123
342 7.850834622106868
343 9.848598830254064
344 8.339549237718039
345 9.16411061845672
346 9.52275519187692
347 9.326908898090855
348 9.553219863344166
349 8.08416038190606
350 8.06162981531441
351 9.810213330527564
352 8.625110312030651
353 9.481140063307432
354 8.395999977451831
355 8.88485384225448
356 5.538785234289615
357 6.852342855975137
358 7.3827926448182195
359 7.581122885058464
360 6.604282249166241
361 3.9002973720495904
362 7.7441141698474905
363 8.581234482593185
364 5.61133043617783
365 9.764713005107364
366 8.651889716200605
367 9.72829786464255
368 6.865518705299921
369 5.43468019818316
370 6.9669604085372345
371 7.960206824910024
372 7.709276232747597
373 8.11697917041367
374 8.758328044285777
375 11.345506262185678
376 6.823731104889264
377 6.155670630708497
378 5.695062409270356
379 6.286085268348708
380 6.304624181628984
381 6.566636337745656
382 7.3106695957415795
383 6.687139946718545
384 7.303510719859903
385 8.375074187059235
386 5.684613797625351
387 7.984346073478376
388 5.498451320023124
389 6.182356590302146
390 4.856881374527678
391 4.689108106125753
392 6.449292917820135
393 6.125650787367392
394 6.2859372900349815
395 6.077045328414696
396 7.570199058239402
397 7.192718610409737
398 7.768645994180067
399 9.466378889314619
400 7.202171922511792
401 5.929488798719592
402 5.164815073453303
403 6.822958526665954
404 7.654988095937968
405 5.858838800090311
406 8.542705379426797
407 7.441320470730993
408 8.689748595493743
409 6.029775955996363
410 3.733817024159198
411 4.701761954397568
412 5.187208704258676
413 3.9686837040193983
414 4.203103181390704
415 3.9278270742175074
416 5.259935684208474
417 5.346097632984154
418 3.7699031298883514
419 4.72856906925925
420 3.8825576070385432
421 5.122468729556247
422 3.817726528045996
423 5.323901120450622
424 3.937082727950113
425 3.7048610016098085
426 5.520927027893271
427 5.342077537107077
428 3.9724182257048035
429 5.0038292815652685
430 5.5829416291970855
431 4.788723452499641
432 4.096740876517354
433 4.80695761916543
434 3.850293056435509
435 5.173833902322877
436 3.5037078962053636
437 5.440056468418834
438 3.96429040573681
439 3.635018826862339
440 5.336682190735634
441 5.91499583879714
442 3.8823513865863877
443 3.8285994690385046
444 3.807876780855877
445 3.4813925554035112
446 4.0227973158412595
447 3.7766051816669965
448 3.545167047118155
449 4.090618696690219
450 5.940498186550605
451 6.021757444074247
452 6.15073576278178
453 4.134684846780764
454 3.8526171119143666
455 4.0528607334810625
456 3.8495019220522537
457 4.029120343208825
458 3.4459812004227244
459 8.678297844272704
460 10.686463375305943
461 10.43123419654793
462 10.363366956907685
463 8.47463424265882
464 9.688196097814382
465 9.698608464162
466 9.70006265836125
467 11.14657564755602
468 12.722014081739855
469 10.455124705109993
470 10.809681304035433
471 8.025707850015557
472 7.836429396174185
473 10.528105835283034
474 3.7891678279528946
475 4.867210799123065
476 4.74138731220405
477 6.32632176692035
478 8.011869387582
479 4.34988865453919
480 3.8782233100026784
481 5.847076767969306
482 4.722766228176134
483 3.9161262283675478
484 11.014069695820691
485 8.022503090273226
486 10.115904902722503
487 8.375931138662965
488 6.775189015032219
489 6.603978458912767
490 4.638848739485415
491 3.886478957145472
492 5.753689986470028
493 3.637216638586079
494 3.7175550576931777
495 3.6222944467349345
496 3.8596933767723645
497 3.1315365866809217
498 3.9504932324309356
499 8.282711334187788
