0 6.143028386413916
1 5.546331370438846
2 3.803583456263994
3 3.8666543924869194
4 5.92525791184085
5 6.680691526702802
6 6.876650818531655
7 5.138386402473454
8 5.8108777297205325
9 9.076258939891972
10 6.5277976722685205
11 5.033506219828573
12 4.09891282205428
13 3.3482255491631556
14 3.1802760534271246
15 3.9353101083383786
16 3.8179665588428855
17 3.7371297701179977
18 3.8684419161838277
19 4.271501999828165
20 3.570098998334949
21 4.171248189468742
22 4.961275058919035
23 3.8042554183961608
24 3.741765282960794
25 4.150657487994316
26 4.321998444591929
27 3.993277748022829
28 4.262851542414002
29 3.0629390545524897
30 3.843655059477699
31 3.734989684548051
32 5.972022702043368
33 3.706568275929307
34 7.011940153614739
35 5.597147158142884
36 3.937990375486167
37 5.189333807259439
38 3.3577563949802487
39 8.122260849391614
40 9.691446798657683
41 8.065380045910675
42 8.84556354791197
43 9.50478630511276
44 9.527582509991536
45 9.01404786442376
46 9.872577280720234
47 7.500790982514863
48 8.047056582987278
49 7.586654458907967
50 6.28928352810381
51 9.593194045820447
52 7.838372452337962
53 9.656448562267022
54 7.790698759152069
55 7.906016653508261
56 8.649650024810246
57 8.442143471780959
58 6.460913995646055
59 7.721105317348007
60 7.445695398862547
61 7.647403002758259
62 6.969822482026558
63 8.539359912312731
64 7.723123113357292
65 6.619906119238209
66 8.230011380379928
67 9.546938679651005
68 9.007636075854453
69 8.064558501506912
70 8.492158065421052
71 10.285590129852588
72 8.049396752479948
73 8.082541911953614
74 8.294001050281665
75 10.017649218940113
76 9.549431087895561
77 8.584834577556204
78 6.802739587227817
79 4.715939886442961
80 3.9068404526385145
81 4.288291026875742
82 2.884901717568712
83 4.991697435601564
84 3.6990174489164467
85 3.948864825851147
86 3.733078826397106
87 4.430142889214874
88 3.9552985968379977
89 3.782059329412808
90 3.67246257173284
91 4.63217635129336
92 3.647122784990475
93 4.031970993058854
94 3.3309204005616517
95 3.7515605258324096
96 3.4184397258572607
97 3.6674377935148317
98 3.19040281100741
99 3.384505354766875
100 3.3907353227015142
101 4.7819206278049675
102 3.8141003229713966
103 4.531913998566854
104 3.2997412258859815
105 4.358560589469792
106 3.32174417100449
107 3.5710674116855534
108 3.6405237925534895
109 3.863436834438036
110 6.925205966871901
111 8.906228584150224
112 9.16395992895087
113 8.273050833150636
114 8.984881977095055
115 8.347930967825201
116 8.472000136892543
117 7.694805366526462
118 7.424357015845025
119 9.005913248262921
120 7.76116741754146
121 9.913098227962033
122 8.558072607828976
123 7.9969103350750705
124 7.721887057819446
125 8.806402159060603
126 8.214383763159761
127 7.489104805244565
128 8.259493084479233
129 9.036093543733928
130 7.739969418438192
131 6.814420399834656
132 8.854082125029882
133 7.83741795205049
134 6.906559496243569
135 8.505439669750036
136 8.217378309135631
137 8.562116699115883
138 9.27626445958505
139 9.127985578246433
140 8.424068059627503
141 7.283431137350334
142 8.662267417296574
143 9.037984660751823
144 10.884042819887423
145 10.642702209455702
146 7.965037188608156
147 5.380949829474577
148 5.6424729827687985
149 5.76946263754471
150 3.999988934440963
151 5.92491603861879
152 4.779327459042238
153 5.6696147472312655
154 8.213068780413034
155 6.925825666435234
156 6.625430090029948
157 5.818647792206968
158 3.801081170379705
159 4.376885819872151
160 8.667416670358712
161 3.7261198700971785
162 5.414917891260318
163 3.9819784551223005
164 3.678006568832804
165 3.730837501952479
166 3.5577135319938424
167 7.345829802142332
168 5.045496684133142
169 6.4983560267279366
170 3.584848916492269
171 3.8815312157009516
172 4.039608590116806
173 3.7715088899185147
174 3.1504983613836015
175 4.383797694778744
176 3.5318044405293274
177 3.905226473162849
178 6.236529936916494
179 3.837073445743134
180 5.69677972846214
181 5.87835889877733
182 4.848178872986938
183 5.951791787227189
184 5.663144629834448
185 6.4847122788992255
186 6.707660273361849
187 3.5915871305375835
188 5.9862838961154505
189 4.8952340843714435
190 6.5599466084674445
191 4.949288528461686
192 6.085143828714204
193 3.848120127921358
194 3.688705484382542
195 3.861945548655511
196 4.490255825708678
197 5.968392306486772
198 4.711143648321191
199 3.447694296888748
200 3.93165024808345
201 4.151640743759474
202 3.8751093135573784
203 3.7030819879679084
204 3.564000064026102
205 3.7417448837502096
206 5.11712051728012
207 3.0546475007900296
208 3.7354242075475144
209 4.076823430146869
210 3.0949398346584873
211 4.600627226874976
212 4.144271584463378
213 6.487537870668086
214 6.944937235525355
215 5.879431778993588
216 3.9390384357512276
217 5.36931808428265
218 5.79809270682033
219 7.793664350465802
220 6.811652405497335
221 5.87470771260908
222 3.770215058542762
223 5.377170443557261
224 8.028885368581742
225 7.631147157594211
226 8.226401958836902
227 8.282953238556107
228 9.025668060176997
229 3.962477375974369
230 3.8720113969184298
231 3.5101642051135458
232 3.368876927201269
233 3.4218162684812157
234 3.366315724442587
235 3.634929236394384
236 3.4887659218474707
237 3.380213796637668
238 4.675550456458928
239 3.719425957192259
240 5.907844436373373
241 3.5434835695750837
242 3.655058667331898
243 3.8882138342085506
244 3.254458614113016
245 2.9128046324805794
246 3.9367812940271736
247 3.4039276036682797
248 2.7877862882761626
249 3.5618713242084095
250 3.150833134987914
251 3.9809291553131967
252 3.8211989233898156
253 3.6235247878928534
254 3.8013969560554113
255 3.2141146006209382
256 7.545666007987993
257 8.484754352792558
258 2.8403581822416335
259 3.4321915727005003
260 3.0586399108114875
261 4.029123135944291
262 3.6685406585557723
263 3.1641794537202252
264 4.823903380380828
265 3.5626115273135754
266 3.651398920964055
267 3.642379803798601
268 4.0366889563143635
269 3.5576697406574183
270 4.322039773068968
271 6.12759281874644
272 3.833986191292562
273 5.139239928487284
274 2.8809088459948864
275 3.342194430511941
276 3.2931925245007663
277 3.7706004573854326
278 3.2911262691993226
279 3.4379810283687977
280 3.7678186810322845
281 3.6130988814984
282 3.3601455376176106
283 3.2511433447710925
284 3.7515318293045428
285 3.211878089233263
286 4.150021903428439
287 3.493982699789991
288 3.3566049531210034
289 4.316715155957981
290 3.520089925073355
291 4.103950505241024
292 3.5785710600033562
293 3.5912581852365775
294 3.853724244571207
295 6.000012603689457
296 3.1730987740961085
297 3.9076399830255504
298 4.163366842263464
299 5.874640858010275
300 3.374178194121896
301 3.2777476361335616
302 4.024292079364739
303 3.905543200902002
304 3.647677202733596
305 3.8502669285299653
306 3.782980302814821
307 3.3633502507962385
308 3.9531446296618316
309 3.5076639324748204
310 3.467299846573025
311 3.6181057920157436
312 4.082280245348424
313 2.9018077907942765
314 3.675295509272385
315 3.5997576976403147
316 2.8794878346604778
317 3.847319996221515
318 3.2202661374448467
319 3.049466333467455
320 4.817112928188641
321 3.7460870195417857
322 5.425469057667171
323 3.5123115220636527
324 3.566624270633989
325 3.6796417612213403
326 3.621515560251042
327 3.6454010962651537
328 3.833003211908461
329 3.6067216700808995
330 2.8659833971679474
331 3.5920675968131017
332 3.817806211910567
333 3.597605894342968
334 3.821759870139053
335 3.7789839445059563
336 3.150501597222874
337 3.361368101545686
338 3.594437420599632
339 3.2557487870860577
340 3.264763431527809
341 2.87573408599038
342 3.7574369696233587
343 3.9467763028503833
344 3.2558227912263686
345 3.5811097864018424
346 3.1601354610406305
347 3.2056595354931647
348 3.6296650822619467
349 3.330294741454182
350 5.2103502585298695
351 3.6529220625227046
352 5.150175707295989
353 3.670475271930014
354 3.3452145746949618
355 3.7538620457265828
356 2.782432379196498
357 2.8444446264502536
358 3.131673532579061
359 2.957638542824671
360 3.6705666846573415
361 3.0477917713247207
362 2.8630200775302637
363 3.0425792140757735
364 9.294162861747765
365 8.296672681642013
366 3.4360847924847326
367 3.8207709827894996
368 3.128981624483051
369 3.4348211089018834
370 4.019044603554686
371 3.0703131428020916
372 3.6810688473917974
373 3.270589356614181
374 2.8305325630557854
375 3.401108280256425
376 3.2873690771601938
377 3.596568614497217
378 3.450402740286842
379 3.080090262158498
380 3.5245971810674868
381 3.4646784883765798
382 3.317520817261485
383 3.4659673995539793
384 3.776085943347598
385 3.3527111892669663
386 3.614663782548864
387 3.9419152735910434
388 3.8728223362191283
389 3.5970971126777114
390 3.736246329006317
391 3.5018044361517924
392 3.487030313389054
393 3.264113847549431
394 3.4876888468355416
395 3.1511688870298213
396 3.772526048845489
397 3.6154442756937377
398 9.573110030590488
399 7.438147122301868
400 8.32117931446658
401 5.713009879841179
402 8.372400425647564
403 8.606513443388325
404 10.11011450146585
405 7.7121479354319815
406 8.30264604693459
407 9.345311616693051
408 7.557450574526905
409 9.164657022125548
410 10.725250601340633
411 7.170389184616799
412 9.512809893526406
413 9.284075211247469
414 10.17984746315732
415 8.183352580056914
416 8.791440710756882
417 10.33992204833288
418 8.677257404103035
419 9.63223551135565
420 7.285620765457506
421 8.126983764496599
422 9.355750259199343
423 7.6611411657250414
424 10.24386307212448
425 9.48882701061313
426 8.972995790954963
427 8.863841446509584
428 8.525020133721116
429 9.364935140456868
430 8.48288616649381
431 7.869774981648695
432 8.855837610992376
433 8.095664153183984
434 7.4235012424789
435 6.584631489653865
436 6.81518547234971
437 6.534213754444077
438 5.642809387420839
439 6.076691452798978
440 2.9554802599353827
441 3.5026238601556985
442 3.2017239375558257
443 3.3201890493090325
444 5.560219611226856
445 9.341645043863501
446 6.3573590382409035
447 3.0815621926123353
448 2.988533295654386
449 4.393851217243907
450 3.1528123405242185
451 3.7369025102476794
452 3.4481824259753955
453 3.7847261765525393
454 3.4866720858754974
455 3.703799404063923
456 3.7489286810868947
457 3.9484494996306236
458 4.254061112864942
459 3.353731716611693
460 3.101473359361069
461 3.671418437232333
462 3.0981192292826267
463 3.2788641966086964
464 2.7902047417627016
465 3.8741690043146217
466 3.0650215984462155
467 4.302992219007029
468 3.583794286046032
469 3.4906376177900276
470 3.573447518806565
471 4.001934118162868
472 2.7722554017879233
473 3.71013072000014
474 3.2855440751764955
475 3.393921003914009
476 3.5986504687177345
477 3.956827216103125
478 3.462203206468202
479 3.5801481842852505
480 3.038628614570719
481 3.364180406784257
482 3.8912767075207513
483 3.6883139562903366
484 2.892412274470395
485 3.5143096705531573
486 3.120011603630341
487 3.517431391132448
488 3.64027310762514
489 3.8901553943069294
490 3.5287526049529827
491 3.5970620838232086
492 3.778920322209265
493 3.8644538418740426
494 3.8173823672215237
495 3.6337597549799097
496 3.192892939695366
497 3.230462481613026
498 3.663450256549618
499 3.851445062286697
