0 3.2917452875132183
1 3.5912228391073793
2 3.735596269766421
3 3.2148437728281536
4 3.1767235292121905
5 3.4428474546815493
6 3.510376355059332
7 3.6898353523399545
8 4.938876570731047
9 2.922831341962567
10 2.8562170529099293
11 6.8861128809674215
12 6.207099844661919
13 5.787479223377111
14 3.2266524592355337
15 3.1659881485120964
16 3.7027898785441336
17 3.025100583128273
18 4.0699975032496125
19 4.618162548193272
20 3.5913259993951048
21 4.374140136313817
22 6.15967590588088
23 6.704346324221931
24 6.057785498912222
25 6.503369366809752
26 5.743450936452437
27 3.7109185923781696
28 7.929642491847582
29 8.9745400910509
30 8.291740502638907
31 8.103926779613284
32 9.935730448352952
33 8.294749083216505
34 8.431136235012595
35 8.85804880667426
36 7.516181720056008
37 9.057817424453777
38 7.6571126977829485
39 9.121992617607585
40 5.834837967454575
41 8.88250025872445
42 8.250440098758189
43 8.501899601106983
44 8.99618263051828
45 7.870241154489516
46 8.860452538208232
47 7.928776349339843
48 9.503840533497792
49 8.733950153509687
50 8.246796442542463
51 8.871730006001869
52 10.787851787855306
53 7.333985136811657
54 9.275830933177033
55 9.645335322874818
56 9.236345925624565
57 8.520758237669376
58 8.264523909629473
59 9.375605368574265
60 8.877845413749458
61 11.106446371034858
62 11.477548271419947
63 9.784305638638674
64 9.852942629574418
65 8.749296596856484
66 9.274098727959835
67 7.511112643875713
68 12.032440244537906
69 8.023782937863094
70 9.198601364136358
71 9.113277505587678
72 7.338385412009668
73 8.2493363135707
74 8.423972904977171
75 7.76587676642389
76 7.8349332677875685
77 9.337879160150067
78 8.285119450709896
79 7.670710962124843
80 9.39493507004881
81 8.433464658423803
82 7.738569269069496
83 8.659510015862237
84 9.488002155616964
85 8.066981083370294
86 8.62360661529233
87 8.721727897965051
88 9.429859540499736
89 9.148470473427466
90 9.143764997851878
91 8.756687048851214
92 6.6017641635355995
93 9.078425589112292
94 7.522910447065188
95 10.706761839976245
96 9.245054327261357
97 8.198049963490915
98 7.720689364164479
99 8.746921254356801
100 9.577591317883416
101 10.958351336264881
102 7.982851001486293
103 8.058337849171545
104 7.911281255612904
105 8.012215375849156
106 10.76929631434728
107 10.03803505723257
108 8.613810369977198
109 8.88583325931699
110 7.2880751589630535
111 8.055537722799897
112 8.24006854911091
113 8.294675078897958
114 10.381920123461047
115 10.212893957871136
116 10.562138989138514
117 11.590354055685978
118 11.045904687860183
119 11.812487188419901
120 8.403155063090502
121 7.280543658324863
122 6.9663603047129925
123 8.907959665253175
124 9.25873584326418
125 8.291699055383038
126 10.68150710713896
127 9.76809785899183
128 9.069892150031592
129 7.855437996203094
130 8.408088751266673
131 7.153873926800368
132 9.03190553598042
133 7.691146858544781
134 8.257992300609947
135 9.915617638727321
136 9.68058178638489
137 8.67584561619606
138 8.966285164429214
139 8.58599902360815
140 9.226104805205448
141 9.390630669908138
142 8.87211784948794
143 7.640489658004168
144 7.859546615360809
145 7.860250497963343
146 8.719499732038194
147 9.497516884547126
148 9.113716092938054
149 8.216402262789593
150 8.66466096391048
151 8.83444286597032
152 7.734947299196986
153 9.282051647579339
154 8.415744702116706
155 7.085428964615496
156 10.399678546248584
157 12.099840021091202
158 11.828935074678595
159 8.8486692494639
160 12.143628793032061
161 11.917971034895208
162 10.902269926521114
163 10.405992747667264
164 10.633564467381223
165 12.324980425330734
166 10.146971552262732
167 8.969413264513573
168 11.428690020464453
169 11.496343748353864
170 10.198695755974343
171 10.68564267726079
172 11.79187511575049
173 12.098542348216535
174 11.53455275840298
175 11.460528371626204
176 12.079193675510922
177 11.332023822068718
178 11.426251466782022
179 10.656348096465582
180 10.79676505722441
181 10.820987420147459
182 10.167788862829847
183 11.14812708030223
184 12.020080811813097
185 11.41331521195029
186 10.858326244042154
187 11.206545461976745
188 11.33327035270413
189 12.313934134164656
190 11.578601738977156
191 11.28705381841879
192 11.32051582838901
193 10.969675706663065
194 11.498265549894997
195 11.356787397220236
196 11.708102217199084
197 12.06949999644512
198 11.55394184437003
199 10.844033421235922
200 9.900210834832178
201 11.684766020659877
202 10.777925991097124
203 10.721863559353103
204 11.672860771464357
205 11.78974657093939
206 10.86279918931388
207 11.7144819738317
208 9.873762734945595
209 11.535688579514492
210 11.342220515890212
211 11.029027034384583
212 11.443379152409381
213 8.939972915100242
214 11.452603303862976
215 11.549964484236986
216 10.57795108584419
217 8.560303363827174
218 8.538440152265945
219 8.306433906137679
220 8.760233212102568
221 8.695844771448547
222 9.416467575078329
223 8.729353914707163
224 7.827339358413175
225 8.629822408603207
226 8.69971433181858
227 7.982993923224767
228 9.048477016569452
229 8.711697963078297
230 7.663806893934461
231 9.16185727355155
232 8.67963196024402
233 7.77816871516075
234 9.225976903573116
235 8.600066564523331
236 9.238712591033572
237 9.490577210183627
238 9.248028011983367
239 8.97999911327874
240 8.330143599520198
241 9.50911488952234
242 9.621234712219112
243 8.47446886624794
244 8.206554260426943
245 7.017793216771585
246 7.311567664799313
247 6.8225751769312595
248 8.14357506155868
249 7.140248264566329
250 7.5882336156957315
251 8.592419469989595
252 7.877217485562488
253 5.9378077817939605
254 8.25373689554482
255 5.125510110404226
256 8.161242471127386
257 6.724030251744161
258 6.113224424897087
259 7.845416001695264
260 7.577474325621908
261 7.149043731114304
262 5.3283233935496845
263 6.584475591560689
264 6.988113953992956
265 5.642033619063547
266 10.061848474103593
267 10.48524880880527
268 8.623462896634138
269 8.928344575362601
270 9.829057808610084
271 7.6280789388282
272 9.845414022099131
273 8.532769102996669
274 8.12973671716211
275 8.041811980466893
276 11.067226367453948
277 11.787291074396352
278 9.101128989812805
279 12.172118943216816
280 11.132100830437192
281 11.27391299487137
282 11.485790929459021
283 10.826842729698551
284 13.010734186605088
285 10.835560883778845
286 11.646784459107684
287 11.030762430682948
288 12.002634274404507
289 12.212886002820799
290 11.17844452838612
291 11.336374133296564
292 10.479162771848184
293 11.262447106158644
294 10.56198834976593
295 12.7448056167704
296 12.000582356985584
297 10.431211770834679
298 11.169907111490584
299 11.483162384176975
300 12.856265852245816
301 11.274769607240424
302 8.58824838348258
303 9.912609250030176
304 9.343244045604509
305 9.054847747370601
306 8.97097978692881
307 10.24319383405853
308 9.235898832377801
309 10.537506101480947
310 8.259304610318626
311 8.028921646210117
312 7.9888198749436174
313 10.139356413867095
314 7.846032571919063
315 8.89982862482524
316 9.53450176474779
317 8.142539222598073
318 8.291794674122357
319 8.035183172968582
320 6.32560991179958
321 5.121423135860773
322 6.422043156832015
323 7.958742864175652
324 11.73540214327228
325 12.533148324965047
326 12.077879144468916
327 11.61278349057573
328 12.12603939554726
329 10.767010858035222
330 10.497083131294415
331 9.471270841623808
332 10.80292659221175
333 11.648976547103626
334 11.129722474606343
335 12.769667903273604
336 10.279440667927004
337 8.606814431419528
338 8.717702883355065
339 10.620607943701367
340 8.206876322987956
341 9.776997260246375
342 8.15659259193393
343 8.997492444214366
344 7.604303286099389
345 7.815399590593639
346 10.724889004327174
347 7.302602841450152
348 6.628690086329797
349 10.230131167593315
350 8.705389122260723
351 6.485485380748721
352 8.05928424424374
353 8.13781198040919
354 5.4333920905162545
355 6.4682566176509235
356 6.605069356229106
357 6.011916318633473
358 7.4159926582173945
359 5.937037540272864
360 6.954468362010195
361 6.2840872197668025
362 5.754861603618342
363 6.448506721104465
364 5.19568513294925
365 5.62878077386904
366 5.741205016208531
367 5.187998175085763
368 3.117459756927912
369 2.922775458009246
370 2.8700228474205094
371 4.012673355700849
372 3.8752936289236364
373 3.444253567205898
374 3.843977084872797
375 3.8432450297473726
376 3.175172172833405
377 4.169280682646862
378 3.3735402636796574
379 3.597180397537379
380 3.827858918108769
381 3.1700274954390735
382 3.021143955966445
383 3.0386412564849357
384 3.0341747460182953
385 3.764359517198642
386 3.6480539492458015
387 3.168329046649907
388 3.6015236421529404
389 3.6757996333179594
390 2.8124525132227842
391 2.66200180200941
392 3.723396508746592
393 6.285153242847536
394 3.418201242673646
395 2.859139178273004
396 2.784437088664208
397 4.0060358696779526
398 3.2196712863561907
399 4.37010049639152
400 3.515485942684892
401 6.1820898966690905
402 6.445395105120569
403 8.362309164030455
404 8.52092853647168
405 9.789547452646717
406 11.15717329434562
407 9.197297358786162
408 11.671604338155504
409 10.61770500368123
410 10.904703329319569
411 8.654068103778936
412 8.056840616742722
413 8.959509671740669
414 9.255648943476105
415 7.7568956095665795
416 8.36282022331397
417 9.295708168695388
418 7.080628682557304
419 7.996757537808739
420 10.7421877114617
421 9.53055122168898
422 7.529531066691055
423 3.666321014171806
424 3.5649613105250983
425 4.355017652773307
426 6.187229210778982
427 3.7306111069749455
428 5.7673904420194395
429 8.959969236003174
430 6.218964275227823
431 5.717952403341229
432 6.78059528790867
433 7.899233836451665
434 9.411591864047569
435 8.877299911072289
436 8.77218874438312
437 9.434995943006905
438 8.880349666937713
439 10.30500152986108
440 8.437911101906302
441 8.635358543187706
442 10.673534837183935
443 9.496514791382895
444 11.956080246917475
445 9.438531710778301
446 9.937449831049369
447 11.227223340541654
448 11.32833374987963
449 11.321491559376396
450 11.818468834555265
451 11.5581552050588
452 11.735081862759625
453 9.87670779085969
454 11.311256707920357
455 12.433907394190738
456 11.5454014987172
457 11.638872212805946
458 10.827419739641092
459 9.78118512901343
460 11.531736826984089
461 12.506919186043808
462 10.773168697269037
463 11.351026762952328
464 12.3918124930736
465 10.5791825092739
466 10.258544596126733
467 11.801859758996589
468 11.089249403598492
469 10.647519373576356
470 9.755610993504497
471 10.901503381283613
472 10.345726478965508
473 11.84346189773797
474 10.462401516001139
475 11.019433599464927
476 11.516358254553444
477 11.563098809594713
478 10.757623354010045
479 11.605608763060474
480 10.527463438298218
481 10.826945404328516
482 11.810705909661316
483 11.370736144479913
484 10.584652365113097
485 11.41857037333235
486 11.73858738185335
487 12.326103998010113
488 12.684502580848205
489 10.83949061511379
490 11.285494724100431
491 10.17894202085239
492 10.99033537379752
493 9.534967193307734
494 11.69259020889474
495 11.479894340011548
496 10.011068880501458
497 8.931291425355502
498 10.409092787775574
499 11.157717990155769
