0 9.405473745024818
1 8.212478278248788
2 9.55365909006731
3 5.940840896272484
4 7.045570922147045
5 6.928068074317636
6 6.734135731557828
7 7.795221702940429
8 6.5538777329227775
9 6.60585012352087
10 7.207072134269221
11 6.06186470532942
12 5.925316082525029
13 5.532490970044919
14 7.423481153075908
15 5.924113265567375
16 3.6383232317990792
17 4.126957704431354
18 3.3540822594972304
19 3.88863427866107
20 6.7590670230767405
21 6.253114731560436
22 6.650797059754125
23 7.615336432722111
24 6.405754499746674
25 8.794378375408767
26 7.44757821478943
27 8.838517122582477
28 8.980644678079514
29 8.848379063525007
30 5.162677826683177
31 6.532977382262262
32 6.19043657197142
33 6.733360198635779
34 4.907440926247683
35 7.93417507307759
36 6.4199448746054095
37 5.114422762033542
38 6.888987470260164
39 4.37793813749915
40 7.888521370632508
41 6.901194360473795
42 6.042913995789825
43 6.05424932446562
44 7.263131377839796
45 8.165809462554687
46 6.277842808620695
47 4.235107706728278
48 5.493390193765775
49 5.308965806915314
50 6.0392874065857205
51 6.386631068295655
52 6.876761919012381
53 6.721936518114991
54 6.9707598721664565
55 6.092719521800601
56 5.646718086043811
57 8.266848556225126
58 8.645232400055924
59 8.099292999773432
60 8.888095264718798
61 6.371863038200821
62 7.283568041211249
63 6.6890860807989
64 7.448116229978248
65 6.980938826720091
66 6.109829521182819
67 7.798680533209441
68 6.398356534395916
69 7.070068386645122
70 6.116286309023453
71 6.1596587060176375
72 6.594510636554988
73 6.1857159802688795
74 4.618910362346108
75 7.2177380071664095
76 7.256908613930304
77 3.4399949184673737
78 6.798957664791632
79 6.978329285571123
80 7.2087645166339245
81 6.298456495395268
82 7.046156957820856
83 5.207504227972526
84 6.984887113134444
85 7.0820652702160585
86 7.07945864551896
87 6.883857857426424
88 7.422054260248869
89 5.178456304880358
90 6.676570687598405
91 6.260926756105186
92 6.7861294548202835
93 6.388867415019041
94 5.702240632590251
95 5.860881971040106
96 6.8485297614386615
97 5.620618106705198
98 6.896939789835105
99 7.224022715830806
100 4.629846125101763
101 8.001978041916706
102 7.567183637664477
103 7.226082478044655
104 6.6239886820985845
105 4.044752399570021
106 6.068749968910637
107 7.7550199570553024
108 6.572023155099746
109 6.3265302029185095
110 8.035144189703802
111 7.377051568682694
112 7.5943684550804935
113 7.802352335311837
114 4.034046802447878
115 3.736967532605182
116 6.8847546198709395
117 6.406341995323582
118 5.91257915707398
119 7.88941687958159
120 4.256113580532826
121 6.349382894784232
122 6.061272917901595
123 7.71783423282863
124 5.670459539945099
125 6.40255008959351
126 4.90165204440191
127 6.931653659098135
128 5.647786082773804
129 5.373507492027234
130 3.9012698149309086
131 3.848422494890962
132 3.752796373398611
133 3.9906711447347867
134 3.861441537994948
135 4.0720876516816285
136 5.1115809940601
137 3.425115450161045
138 3.869636869048182
139 3.8674564412304653
140 5.416115466832794
141 3.7867989766864993
142 3.7814852293931644
143 3.636579871782741
144 4.288300876163076
145 3.823651641302789
146 3.5906389121229427
147 5.765585672806354
148 8.188162756117018
149 3.7591098679089203
150 3.8270031254108234
151 4.8278995560218325
152 3.790777705929206
153 6.8712933033332675
154 7.642266309011064
155 5.95850008538495
156 6.500698236751212
157 6.636111250954795
158 5.060534781569725
159 6.57825056065682
160 7.537305540661981
161 8.214127208539496
162 8.443431752275469
163 9.118392064063718
164 8.270689127582804
165 8.928637558105319
166 8.324562862896041
167 9.207840912295913
168 8.35102976344688
169 7.357189445216294
170 8.40058395196215
171 9.576542268726424
172 8.596361704224408
173 8.327079595033796
174 6.563938247933136
175 7.88630522650111
176 4.197780783649017
177 3.668229404913423
178 7.185246319222345
179 7.048224047799081
180 7.702425850702311
181 4.1780668227929265
182 3.847728285470921
183 3.7782973626625656
184 3.7773671032089156
185 3.652976548902111
186 3.7086293008644584
187 4.6170720397845715
188 7.017237412218559
189 6.21993302273998
190 7.166962602277585
191 5.766855321850418
192 6.274259289028061
193 6.43360761011741
194 5.736792296087712
195 7.3689092688561155
196 7.274196282529813
197 6.454918685943233
198 6.383869240010107
199 6.335721903073833
200 6.150831690293067
201 6.035522624414852
202 5.739498307756721
203 7.828884502024068
204 8.166967420070472
205 9.145394713963046
206 7.553536419514395
207 7.102707897203952
208 5.780922790086526
209 5.2958185404832
210 7.5295246478587545
211 7.124826247913296
212 4.439311031963273
213 7.906525614510571
214 4.69418851786508
215 6.276220521445982
216 7.552174843774341
217 9.38269115551985
218 8.234024399313581
219 6.33258161160897
220 3.645591561259501
221 6.684434698095287
222 8.412079654034807
223 8.898638539666782
224 7.154021717619276
225 3.168559457425079
226 3.7568516213243597
227 4.446125157029559
228 7.670613316117802
229 7.394631383117791
230 7.567530767781748
231 6.147580614450313
232 5.835816166842214
233 6.95602682115644
234 3.774403369006125
235 4.945949652823669
236 4.077663856539466
237 3.874227438831931
238 3.749349740549789
239 3.926834499011671
240 3.8625352423039856
241 3.5397751983746963
242 5.795048515934603
243 6.280902099932486
244 6.158086022962528
245 7.681880875079677
246 3.8762293166174144
247 3.8027371267898236
248 3.462268192330596
249 3.49439149315361
250 4.06978896759212
251 3.752402093357371
252 3.8087232023605364
253 3.807946761417578
254 6.88409165821835
255 6.8999278159155875
256 6.354279049446071
257 5.254279765087362
258 6.475609535715975
259 5.4602376923734575
260 3.997849164021076
261 3.3334158796725752
262 4.094518086625375
263 2.8521970128821317
264 3.7423285860478286
265 4.346608785285082
266 9.388415517551747
267 8.57410869339806
268 7.363854357778429
269 7.498972344358315
270 7.846998635346816
271 7.574333821903412
272 8.099197552091933
273 8.720773246679043
274 8.239835964751656
275 8.994591030905614
276 8.237505266334185
277 9.493233226670016
278 9.608176727983496
279 7.143267847849463
280 7.322203184908049
281 5.474909885002319
282 7.160854251395452
283 7.30481568288257
284 7.350712467593974
285 5.9927977890506305
286 5.510403077200767
287 6.590969166878803
288 6.842138017113819
289 7.5939829269307495
290 8.096827752418227
291 8.492775655337548
292 6.89657420100539
293 5.823250422362857
294 6.704142585033338
295 7.817589439331643
296 6.79404587538084
297 5.851554868675443
298 6.354056105544711
299 4.36514662727844
300 3.641653483678861
301 7.409253396440627
302 7.913691434566629
303 7.068189398031692
304 8.48050332892031
305 7.722775450873471
306 6.746197444102275
307 8.438505076402656
308 8.9375553686329
309 3.9809269512066496
310 4.7209942307573804
311 5.536966889762113
312 8.703254989265258
313 8.913042670300708
314 9.56160899053095
315 9.33929846418513
316 6.787427629418554
317 7.160531057723554
318 9.779408935532349
319 10.054438896577453
320 9.640197503992797
321 7.257654537341278
322 8.126673086683294
323 8.393144924649679
324 7.649148473892976
325 8.605787901278918
326 6.327117147916557
327 6.956119420735485
328 5.618218207932695
329 6.95394283907057
330 8.46143180525338
331 10.683995173761733
332 10.72803475271199
333 8.94248255407325
334 10.744002448028558
335 9.733694419728835
336 9.332966298792003
337 9.50707833001625
338 7.803618107309124
339 9.758912722741758
340 9.157117013615279
341 10.572095251491637
342 10.693590206736088
343 9.630033083770748
344 10.526277735077576
345 10.109102267967389
346 9.980463828115548
347 9.318394264743864
348 8.806153990373796
349 10.154925742762357
350 10.240228787486926
351 9.623280297150371
352 10.374023947564906
353 10.427830651345497
354 10.151639001245831
355 9.26874101427741
356 9.099936881526295
357 8.93491583061145
358 8.591801470651683
359 10.226065352643518
360 9.61662184352587
361 7.229254056493432
362 8.273234698635774
363 11.632473873850389
364 12.052451392054092
365 11.379315708938444
366 12.431128818768963
367 12.072717589212376
368 11.183714866876361
369 10.782431037734366
370 12.776288372463563
371 12.035497211898987
372 11.747356278936877
373 12.030012823388066
374 11.895908222157857
375 12.500246307373148
376 13.123306830348207
377 11.87329190929108
378 11.313592915881115
379 10.994520629232637
380 11.486940516377306
381 11.844511884205183
382 11.740540316901527
383 12.051000775885608
384 11.512406922027075
385 12.613326321562859
386 10.84180217026299
387 12.295581769444619
388 12.641348344124438
389 12.616999485736198
390 13.232702134396327
391 13.033821389249127
392 12.005142425981084
393 11.893944298918628
394 11.120517253098445
395 12.077952902092031
396 11.549861069693534
397 10.235950690056802
398 11.6258541030612
399 12.111314752959649
400 11.683762603665155
401 9.797646112357963
402 7.858322452218749
403 10.842071451389113
404 10.213887077319518
405 11.785231611137373
406 12.244573066998797
407 12.373969369559763
408 12.592526747576892
409 12.233209192652604
410 12.96230838076868
411 13.212760221205244
412 12.002865545323372
413 12.08425519771
414 12.43306535668764
415 11.85849832741912
416 12.56438666302538
417 12.98017158968031
418 12.810779966044901
419 12.807590569191822
420 11.410429021668316
421 12.653305815569817
422 12.02983997653448
423 12.981257764626722
424 12.713220987608048
425 12.65197801074992
426 12.195057112549343
427 12.17049725805048
428 12.433549043920499
429 11.641467488428397
430 12.875052148213989
431 12.673882439117031
432 12.866754055414464
433 12.914260567436575
434 12.508862376344947
435 12.216859014616807
436 12.90916247672024
437 13.055488677421518
438 12.984673711756633
439 13.107036518578672
440 11.570087701261677
441 12.202716231561597
442 12.50428257031347
443 11.11654239996612
444 11.374183548124039
445 10.916691298059549
446 12.20872255302431
447 11.621747746820196
448 10.734846282613594
449 10.59753654929229
450 9.746962614069009
451 9.03067951655567
452 10.568473117783542
453 11.397847763874978
454 12.506325726018167
455 11.765798965178998
456 11.750327745400906
457 11.579118659710433
458 12.241057012988545
459 12.314129612011774
460 12.290904496231038
461 11.53708169772421
462 12.799599615871989
463 12.383454357309088
464 12.478788519505235
465 12.730478086013658
466 12.300130833594809
467 12.713010945105163
468 12.601948462560866
469 12.955772003235719
470 11.923491420381527
471 13.034677503610434
472 12.507965785296696
473 12.736738086114851
474 12.633604440352642
475 12.269938759328397
476 12.268836101495674
477 12.570775471634393
478 12.529410444544647
479 12.820139597324095
480 12.662311605534313
481 12.975145328459922
482 12.520120082537279
483 12.306292736563595
484 13.277752016567735
485 12.53271845815234
486 12.918502626022187
487 12.217375715263643
488 12.407377135463529
489 12.413937687738082
490 13.026836067911045
491 12.50570951012167
492 12.628527704666066
493 11.923668809126173
494 12.629094681837662
495 12.908854089588232
496 12.593075366343518
497 12.886808281060135
498 13.0193051173951
499 12.840371138572605
