0 3.774966115351831
1 3.348021381614803
2 3.522435772001977
3 6.612114526235725
4 8.501756855901919
5 7.591874883599069
6 6.579658186551102
7 4.745728591187823
8 4.754303652896978
9 3.8092807064820797
10 3.9006296706565924
11 3.7254689330558146
12 3.309449854595867
13 4.613380682143516
14 8.560467371787976
15 7.6749481135475275
16 8.539172739456465
17 8.331334613348988
18 7.804673240662983
19 7.662413877139265
20 6.718952216712727
21 8.434795165330547
22 7.957254734278697
23 8.284675505474123
24 5.932265815660734
25 7.6595075130743435
26 8.620875963642082
27 8.6820797880144
28 8.084427803643703
29 8.923428902669928
30 7.503565932077066
31 8.614942346195319
32 8.976831147252662
33 7.4789646235153615
34 7.515565036430378
35 7.598439311376135
36 9.781821042118501
37 7.922977457036594
38 9.02158282303972
39 9.229873695293604
40 3.3847407496111135
41 8.57552726993025
42 3.5469421769398672
43 3.8737144039787754
44 3.629108706591648
45 3.7755208532954896
46 3.276340642955683
47 3.8179717789049934
48 3.5789021822860563
49 5.383575842353706
50 5.505742853418917
51 3.6421491728337743
52 3.5991408485078464
53 3.9428619973441457
54 4.007995957428581
55 3.5675223900202875
56 3.4507039245346562
57 3.8042447128453274
58 5.8259009889283755
59 5.599255933796357
60 5.587802900097084
61 3.6565176966310093
62 3.1583623525180875
63 3.760442701079971
64 4.28082713872653
65 4.398261255148747
66 5.034123515919157
67 7.787725508750345
68 8.054035747742198
69 10.330562818112924
70 9.439150927744123
71 8.463807277651412
72 9.025778354063698
73 9.572654501815688
74 7.536944846558596
75 6.988421750208942
76 7.329715888323894
77 8.253901756285666
78 7.531917954353833
79 3.7530593504296634
80 3.0011337127947835
81 3.6644567779566626
82 2.99857348847072
83 3.8302145099010443
84 6.730379191071185
85 4.120894086380198
86 7.714403496381181
87 6.665130268814776
88 5.399480414447175
89 7.559105884166451
90 8.366249673346562
91 6.813927052430732
92 8.257025585925195
93 9.190796788124073
94 7.8029487518919245
95 4.760620787712651
96 3.5057840253695054
97 3.127117806156121
98 6.4055619117513105
99 6.667365731538069
100 6.406169080956064
101 6.145498402298377
102 3.4566596295234437
103 5.772658578943506
104 5.464458695295291
105 4.8077859036518396
106 6.0076504557343915
107 8.580751378710831
108 8.95157726709946
109 8.527234325654588
110 8.164580324157173
111 7.466889145274643
112 10.302292428356798
113 10.51558146095513
114 10.01959823223665
115 10.75196749038232
116 10.959754085274879
117 9.754216219626056
118 8.574484708946004
119 8.109390235504318
120 8.0281590990753
121 8.897484925511304
122 6.150465796168165
123 4.296156660029985
124 7.744398360764949
125 7.612324035841765
126 8.021230296870394
127 8.135228904197437
128 8.014847386238422
129 6.253224451229246
130 6.421528061382302
131 7.166060875814539
132 7.905345442094099
133 8.756078944183002
134 4.774306256692908
135 3.9807108514690253
136 4.975628154707778
137 8.263116874600525
138 4.863553997687191
139 5.807063931070051
140 3.653311620292985
141 6.6361425726081915
142 6.346733557034122
143 8.204398970473449
144 8.01460630753955
145 7.340729916699758
146 8.222749880967225
147 7.068707488011074
148 3.116804018509227
149 3.839283971563304
150 4.745753381845839
151 6.3500344973133815
152 3.4705875665934776
153 3.58777485885261
154 3.9435116305334104
155 5.451544285533583
156 6.97986528748012
157 3.5809143094159293
158 7.967542425571525
159 9.078818957285181
160 6.644991114682662
161 6.509611436290164
162 5.887999536517919
163 7.330116221225925
164 5.2801573599205085
165 8.172846554572226
166 6.711870272252199
167 6.575362132415348
168 7.09525843856811
169 6.943360564665792
170 4.515700708925871
171 6.54458529028296
172 7.294696084780432
173 6.680485594371978
174 5.367917149838033
175 4.169553255655307
176 5.257602625939363
177 8.4077740210687
178 3.980904496010155
179 9.143926769061412
180 5.911612431659318
181 7.886227807994116
182 7.315305996707876
183 7.1029151735014
184 7.108732179215648
185 8.552268370277277
186 9.34830855267157
187 5.774273297021225
188 6.596672662936956
189 6.684948665709425
190 6.797618745009812
191 6.829593096219302
192 3.5073751007475242
193 6.007767701154172
194 6.211714411988233
195 7.055626478537178
196 6.114714985895139
197 3.6676663335089166
198 7.477808245511481
199 7.282098790122581
200 7.638023348371097
201 8.293520781310637
202 3.7250031958465506
203 3.3871135220786477
204 3.9181556329849982
205 3.5473399524418143
206 3.8073801090428336
207 3.400839662798543
208 3.6575260685915696
209 3.4926285905396965
210 4.063726875358675
211 3.5806470503094077
212 3.797021199584951
213 3.692587537624874
214 4.407682484212334
215 4.092217531857868
216 4.534580847132284
217 5.806645396654546
218 8.63941328756918
219 8.763076629654492
220 7.854181998652085
221 7.9578664055739665
222 8.053705358260512
223 9.4453121209106
224 7.174821101174501
225 7.928716988183685
226 7.273584030807423
227 9.913807549343906
228 9.660037115512864
229 7.9933775668452505
230 7.9699972870436495
231 8.865349515772973
232 8.630291088718204
233 7.082757212581438
234 8.076188594423284
235 10.377750049088124
236 8.460045372872417
237 8.799233718325075
238 6.549707671667016
239 3.4812104616977133
240 3.504107512293655
241 3.7327433283469262
242 3.5240193972624985
243 6.371014435974989
244 8.337392142628287
245 7.795098522051003
246 7.994357244988383
247 8.225815707405605
248 8.651083041549235
249 6.338593376143297
250 7.847428791570885
251 9.614527369617543
252 7.389990886143199
253 8.919230119187434
254 4.061052132246821
255 4.541871198870069
256 4.093526088479318
257 4.495815917702386
258 3.595181198767474
259 4.3056303261314435
260 3.7734665408989008
261 5.39750941650581
262 5.76598413843061
263 6.046269808891394
264 5.893853966884032
265 5.6620331872016765
266 3.8006285270701046
267 5.199660938768201
268 3.488918291337948
269 3.669740712247507
270 3.442649598516729
271 4.8497624045474845
272 5.087956262900044
273 4.796745137488426
274 3.3400848269375847
275 3.7078450438572954
276 3.702493321681555
277 3.348853008932098
278 3.549161433415482
279 3.4444599929814617
280 4.035179085791481
281 5.076061835214518
282 3.875513172156318
283 4.4184775893806005
284 6.323297502134709
285 5.171367970668412
286 3.270127053632681
287 5.504038202282638
288 5.532722532850812
289 4.893669489371935
290 5.45229308794869
291 3.9479356183060745
292 5.7656642780679475
293 5.388048628947377
294 7.244944302125123
295 6.993511625769969
296 5.500965599691912
297 5.26590209911062
298 3.7920133477692795
299 4.1433297293064415
300 3.966371781622377
301 3.6428819971186024
302 4.003501210667644
303 6.481297597175151
304 3.331937161690581
305 4.00728985536926
306 3.3104056121418615
307 3.9792769990927934
308 3.578214541387301
309 3.7330314444330237
310 5.083358890340129
311 3.992878134388997
312 4.472300995363671
313 4.070008988339686
314 8.187496284438605
315 6.296361236196753
316 3.699020188712276
317 3.858273860293827
318 3.560343395032245
319 4.56348989506813
320 5.880587496445475
321 3.601894197497393
322 3.28688093742366
323 3.5076741774920746
324 3.7656245119051226
325 3.7665365337867276
326 3.7742147320863166
327 6.884066570738407
328 7.302682840772729
329 6.8276074144807195
330 5.814330618559315
331 6.843784821920383
332 5.192818396870437
333 4.6217126980525665
334 7.950487165585959
335 3.635264857088267
336 4.730006061046227
337 3.9320890855215422
338 3.3604206818106896
339 3.480723319558946
340 3.287349951687674
341 5.157366192767715
342 3.9151806970299257
343 5.696982971116084
344 4.793053156500866
345 6.222569664819824
346 5.3060484039316975
347 5.796077344066234
348 5.713646268224883
349 3.7016415291704474
350 3.6853778122803518
351 3.4799716670231646
352 3.8694236346039306
353 4.1670050692865415
354 3.5748359668820453
355 6.595270446826063
356 6.728291901291674
357 5.939351864314912
358 6.6139835427523535
359 5.114151910244661
360 3.7354889413789847
361 4.644373664446175
362 3.795217255767177
363 3.8883124794289903
364 4.345374902006103
365 3.770760273506244
366 4.750727931864683
367 3.4335145445627777
368 3.8277836551598705
369 3.4807051831745626
370 4.181173352184974
371 4.765879002678845
372 5.049321311810935
373 4.028593465687461
374 3.923069479971271
375 3.8469450363990703
376 4.384026699121487
377 3.8624912654830044
378 4.348188140634434
379 3.4213520433321447
380 6.111816679182275
381 4.150864322040428
382 3.6084848401852745
383 4.053157501935566
384 3.2925864202177935
385 3.906841401952898
386 3.6492198085240513
387 3.5319661033476915
388 3.7784127515139336
389 4.830110068698046
390 3.90189248928062
391 3.4231540666122746
392 3.6068774495892804
393 3.363739054813421
394 3.566536008526253
395 3.764847373757491
396 3.8536821658930576
397 3.4877953749024004
398 7.170190964036806
399 6.0844985241599625
400 6.71891888851417
401 8.060269318222867
402 6.366028805803883
403 4.572304596262723
404 3.4673580312807295
405 3.6185757000044423
406 4.418053112412351
407 5.867802195012061
408 6.036932616083559
409 5.057336504974899
410 3.638869845927546
411 3.6156902840663876
412 5.697279730152673
413 3.5391697747429856
414 3.8146688023064397
415 3.3499130656714007
416 4.677974923771226
417 3.7694388375492602
418 3.50196855495961
419 3.5479874035247394
420 3.761462148343845
421 3.7191458341101176
422 3.692356242451436
423 4.0196610780194995
424 3.5278427686979876
425 3.646807947704865
426 3.2571966376978647
427 3.5182412406787886
428 5.487716505687632
429 4.041760169396783
430 3.711868300635604
431 3.909553725367116
432 3.650705117953769
433 5.3082971817788644
434 5.398937898055454
435 3.778701772741853
436 4.030401727484212
437 4.574051616475495
438 4.232542442943125
439 3.850680750278885
440 4.244302831541321
441 3.9817649727573157
442 3.8815554457078734
443 3.5871365774654818
444 3.874042259757834
445 3.777743661081617
446 4.235596712580803
447 4.12072432360745
448 4.163474930430914
449 3.8008727402071534
450 3.787937454567897
451 3.9572260187376647
452 3.813763802123676
453 3.724551205568712
454 3.694840881771662
455 4.053527891850113
456 3.8983097205025787
457 3.999114919565895
458 3.8045116141347273
459 3.7966842859049916
460 3.6997475106719984
461 3.6688074747534247
462 3.4046992251282866
463 3.66736506518462
464 3.8927695878810193
465 3.5525377964911464
466 3.9135774947136364
467 3.588495647370434
468 3.4773556992890624
469 3.6839403113004416
470 3.144674074251306
471 3.8352857584290363
472 4.116580494338479
473 3.8552356656290065
474 3.7051519485944953
475 4.067161682146446
476 3.5790317288232116
477 3.9184957905377757
478 5.20320120008116
479 3.626557635780901
480 3.5951895265061853
481 3.900949951707564
482 3.6513338834207385
483 3.6844122786794276
484 3.6499525867591545
485 3.483545250468649
486 3.5976048220678565
487 3.5076410861493015
488 3.6152727670682845
489 3.635419966665012
490 3.909083627056347
491 3.94408807671903
492 4.031294412186286
493 4.149926180281142
494 3.6575607276261213
495 3.7983106764019556
496 3.79874875950095
497 3.6573168560657408
498 3.773539921264482
499 3.97018710808117
