0 7.7466143415222595
1 4.238580985437761
2 7.268802144366847
3 5.719089145821425
4 7.670771539685975
5 4.4654528589439915
6 8.012020759030161
7 6.515750993074893
8 4.074026420992384
9 5.122976027875189
10 4.422565349463191
11 4.452861318678406
12 8.443061170493092
13 4.610291881373068
14 7.356521148746602
15 4.218812140929211
16 4.4478358705610965
17 4.507137377986007
18 4.615552694415755
19 4.476407913946342
20 4.27742215614257
21 6.483306834661702
22 4.483178159404708
23 4.4146909351754795
24 8.028122380962785
25 5.4999826382842185
26 4.722771864842978
27 4.372045911203185
28 4.309861091065275
29 4.09278709848186
30 4.514847420865072
31 4.324053219190516
32 4.202054344181644
33 6.6025711964415015
34 6.64423739873574
35 4.36852493017238
36 4.258183184682203
37 4.360014745614709
38 4.34648120075787
39 4.510521434289981
40 4.284849304617989
41 4.431886975840383
42 4.202946774619216
43 5.980929147244061
44 4.92574883812987
45 6.272508079427217
46 9.411453961377301
47 9.955668765856492
48 7.989856326829565
49 8.886503613216945
50 8.581190995651392
51 9.892250022875361
52 8.791698163145925
53 6.536597656669845
54 8.020529577196285
55 8.14078280031035
56 9.033089073421701
57 6.1314615847840015
58 6.49525864396655
59 7.984980703427904
60 9.119888568701404
61 7.058436038666523
62 7.06061048816674
63 6.997370726733218
64 8.482917059539693
65 4.580052963090648
66 5.010727920017618
67 5.689225706044107
68 4.729200862738299
69 6.141916560428757
70 4.437684312022933
71 7.833033991667758
72 6.972024022691841
73 4.386649723773792
74 10.282102922733737
75 7.221107849815281
76 6.519296653484418
77 4.535895182587398
78 4.4386372503142155
79 4.601053508306199
80 4.373131958348639
81 10.662852109359537
82 4.151778748733797
83 8.503981376445855
84 8.454151972033435
85 5.877819684483447
86 7.395522431391518
87 4.105324564512194
88 4.358136319210839
89 3.9989100218316267
90 8.110877010961854
91 9.770684272961018
92 10.368927343678676
93 7.10954653878703
94 13.214906763539846
95 15.296319456796661
96 9.954971841426097
97 10.175346591596412
98 10.532509424483024
99 6.212362057293008
100 7.984903744422813
101 4.786626034236051
102 7.6341795890870605
103 7.528957455965534
104 4.39646869173914
105 5.307553409490291
106 4.547742440341822
107 4.438915704922445
108 4.502305158780266
109 5.1451315701971945
110 4.399247956849673
111 9.731013333833028
112 8.160295526115712
113 6.848827600652221
114 5.962590495029036
115 8.805422282414172
116 7.5697051942025135
117 10.727821129447422
118 9.066250740194961
119 4.180556855264119
120 4.767188836041789
121 7.439223357042038
122 6.874619295123901
123 4.585310347843273
124 4.167139025354553
125 4.305945974621725
126 10.348839077003856
127 7.8017729594978755
128 7.046336720851244
129 4.3488512012862905
130 7.182253107278383
131 5.37638382579868
132 4.262767242971755
133 11.366980923132244
134 8.016589974531437
135 9.615044932219869
136 4.4524293618662645
137 4.452430654362175
138 9.222248888814221
139 5.628544068653175
140 8.180452403361597
141 9.177723261518858
142 6.965494302937379
143 4.619092715424108
144 4.256016154334213
145 5.914084208906539
146 10.912250616079646
147 10.357911296521918
148 9.457835186388797
149 7.373414622720456
150 4.371949511842206
151 4.703549624711116
152 5.1968707426774845
153 4.61152796185922
154 6.823263213190182
155 4.587197009994315
156 4.660351319820242
157 4.549810598023294
158 4.519631580385709
159 4.718916630514793
160 7.539577996859544
161 4.82859128129164
162 6.045506764047201
163 9.612210074944002
164 13.798313567951848
165 4.901480820563604
166 4.401186552021349
167 5.449281772833118
168 4.1440176994131654
169 6.681359367019535
170 10.7814346772449
171 8.342260241679744
172 8.126707051170277
173 4.274505324424322
174 10.200127076019982
175 5.73303509445074
176 5.960813247507471
177 5.936702507317641
178 8.219808970527154
179 5.650973108216453
180 4.4061586299417055
181 7.812031004131121
182 7.618111911290965
183 8.96601432620646
184 9.582870608697155
185 5.925289697825277
186 4.697695389664193
187 4.519201297825896
188 9.495620560781836
189 6.361222068073163
190 10.46604348885641
191 7.322947588132052
192 9.058630203055825
193 9.747514166706845
194 6.683911652073542
195 7.3843236919993815
196 9.577816224635082
197 6.487811489213375
198 4.673011917348192
199 4.727881867042434
200 4.457486002881894
201 4.638353474074651
202 10.584390235520006
203 13.337309758601956
204 4.704044264539635
205 5.372217947154056
206 5.268667972226743
207 11.211013281473655
208 5.605082968607979
209 4.952179877718922
210 9.130011646778954
211 9.666666113678541
212 12.236354344428872
213 10.551809127747696
214 12.105672752267353
215 7.24990189354126
216 10.101664699075146
217 11.127390909595936
218 9.247301110136831
219 9.894330041969337
220 10.606222836529376
221 10.10041376177407
222 11.278446613364718
223 8.838999883051962
224 11.246453347622417
225 11.289960943178032
226 10.73711661013851
227 8.173460916731505
228 11.340004071720696
229 10.526166438817524
230 9.478496980805884
231 12.624512517611473
232 12.302236177061708
233 9.583276042428825
234 9.299490373832246
235 9.656592576954948
236 9.089309614622216
237 8.904917345461541
238 9.626533648063655
239 10.827091007902055
240 11.447643723023189
241 8.68370358121108
242 8.107841178094194
243 11.525473474626786
244 11.559923420873853
245 11.422864406660983
246 11.619802049948458
247 13.171718172109431
248 9.573995739273258
249 9.536065248362606
250 11.674582418785569
251 11.016035017459208
252 10.655087776503661
253 9.231311503780159
254 7.828528899299479
255 8.999934828659828
256 11.54754042068863
257 11.363674797757817
258 12.414024047538833
259 11.445742460258666
260 8.379928490900275
261 10.989282039627673
262 7.805764570085088
263 12.688334447653881
264 9.501422894085811
265 8.684073478062524
266 8.28981883442585
267 10.105894593416874
268 7.041971320279514
269 8.921330792870917
270 8.399674547826237
271 9.097866083725519
272 8.980623231731316
273 8.590073539311508
274 9.712754759028233
275 9.624848708432129
276 8.074882391936452
277 10.241873145643694
278 8.699065164355455
279 7.850632779103486
280 6.298956821753546
281 11.31433932736447
282 11.97311156215805
283 8.2301064773911
284 10.960516846087653
285 9.100326461558515
286 6.219417166385918
287 7.542009936648514
288 12.211725475978195
289 8.439002596697126
290 6.787828565415284
291 9.161831197464267
292 6.037177117589285
293 6.91139096611945
294 7.114012870325672
295 9.816059354246514
296 5.0988056941905375
297 5.686799937129005
298 7.361025265253543
299 4.567425507066205
300 4.470817555380872
301 10.097742416583822
302 9.355381997107092
303 4.164998597135881
304 7.30242979586879
305 11.532504366037879
306 7.886419042485535
307 9.23119170479468
308 5.946526060538663
309 8.282435271257766
310 5.95129587820267
311 4.402538323975703
312 8.247815394719275
313 6.977231037150939
314 5.683148091772499
315 7.4833161261650405
316 7.782388615835761
317 6.541018654342639
318 9.475414638881146
319 4.384984062733062
320 4.214054983125348
321 4.473056183518182
322 4.519331244090063
323 6.950073200310685
324 7.528771228176037
325 5.859624754509397
326 4.729819059136844
327 6.049908389258344
328 4.619832339257451
329 4.175700527505094
330 4.387999330179733
331 4.19863148330842
332 4.3480884414944505
333 5.05012071616478
334 4.600760212939367
335 9.198763953277854
336 5.104593373741437
337 5.766938620691035
338 5.378649469386671
339 4.420493884453695
340 4.036709136031337
341 4.7161013498166415
342 5.125355590758683
343 5.574077289659812
344 4.8117055805903135
345 8.147863310639408
346 4.54777952621849
347 7.150288450669008
348 5.225238555797037
349 5.5304582005362075
350 7.037714066801444
351 4.49569526868128
352 6.517707641357038
353 6.546178973527882
354 6.547396268937551
355 5.822085956988852
356 8.217017117458429
357 6.895811600945911
358 5.8167520502050305
359 6.9491974023622936
360 4.303544921708002
361 7.914717117692627
362 6.855505411144951
363 6.723101993692151
364 7.984019210982718
365 5.764155499472244
366 4.549412775936896
367 4.261124209147433
368 5.027992937252594
369 4.168473425458381
370 7.39315072125154
371 4.647991527996844
372 7.4685087286692
373 4.911481480912338
374 9.126883392984334
375 6.503250057018227
376 4.6119345426703635
377 4.5092735289597785
378 5.381073801977658
379 7.06833283471482
380 7.146047220241291
381 10.259150556635149
382 8.266950135560325
383 4.520495310415839
384 7.876072190814405
385 6.151550957979845
386 7.029690450466533
387 7.480329490017544
388 5.770016753316131
389 4.47206252651182
390 4.289053019125394
391 6.938609048385668
392 9.512762974609723
393 9.272807814154804
394 10.310096909026687
395 8.53150757469027
396 7.113043344613521
397 7.476282459238081
398 7.649344100472846
399 6.181709735872116
400 4.81461318014004
401 7.320135243262028
402 4.607726762288446
403 4.687352314605755
404 4.791001121026648
405 6.632191946398931
406 6.820611407668425
407 7.199953780545976
408 6.882280918873151
409 6.778129412039296
410 7.107554233215835
411 6.297079563450732
412 6.297085133242006
413 7.10730659720355
414 4.746360224899503
415 6.5308681984449946
416 3.967508158164236
417 5.877825492940052
418 4.811121413485809
419 6.043446102391193
420 5.960882782664408
421 4.8659661988271425
422 4.635570488410762
423 4.412230746255588
424 6.296408816768909
425 6.310127342317183
426 6.079563376793685
427 6.227864176015942
428 6.438435977697982
429 7.876224442819797
430 6.164415413357546
431 6.566876213885358
432 5.701001009388555
433 4.139052487760615
434 4.242340201179406
435 7.405231822381877
436 5.1472537275011
437 4.518285340725029
438 4.871337991697659
439 6.600661412074581
440 5.377095470968535
441 6.115960243887478
442 6.887669795200706
443 8.193707910671542
444 5.030124867064437
445 4.245900355561645
446 4.286126368293273
447 4.943003462649783
448 4.526821567853655
449 4.250692425094248
450 6.328919336699809
451 6.625362879461709
452 4.6305261242842555
453 8.45505741858812
454 8.95112975822363
455 4.278851206274862
456 6.0265095809022
457 5.880471374584832
458 6.152921187240439
459 6.119046750104775
460 8.371039691565286
461 4.948520327342264
462 3.925452714332519
463 4.453848330128634
464 4.3560466775488615
465 3.765590051543753
466 3.9975317526979812
467 4.182946745022955
468 3.7727277886201414
469 4.543943070887724
470 7.267092594954538
471 4.406901935422141
472 5.016040807201049
473 4.29457504695234
474 5.302406864223962
475 8.099751684860026
476 9.534478843331495
477 7.5046714457424
478 4.688399599990238
479 8.146107630374456
480 7.038876244687006
481 8.760786706163968
482 5.634973717104574
483 4.311436852091096
484 7.8814379948783095
485 7.7613690723588675
486 4.2107523312004504
487 7.4994773721045735
488 8.481219833866735
489 7.147486338462114
490 4.442956041945901
491 5.659233245703827
492 7.001116973447734
493 7.750178760817265
494 5.306349793394076
495 4.999663915080404
496 4.577041596816166
497 3.942339915062865
498 5.59707304288255
499 4.414389087933093
