0 3.7680048603857723
1 6.168836154571465
2 3.5722169256875254
3 3.7381962758317013
4 3.36112112141645
5 5.647622252705191
6 7.050084913707054
7 6.664741497262198
8 6.831652522202369
9 3.8237745417396485
10 3.0574805377501653
11 3.8708402645059006
12 7.027751715101039
13 6.396419348790944
14 7.845095155472397
15 6.508463738056986
16 4.142198960031983
17 6.463501650024369
18 6.616926354877083
19 7.828968108789939
20 3.825169498691999
21 8.550048763435937
22 8.332112287826307
23 7.488711017935508
24 6.9364123604771555
25 3.4965146437027
26 3.3474362123306625
27 3.9830465107619664
28 6.589498936716775
29 6.3567822607622375
30 6.955117667313615
31 6.779743939011739
32 7.072038145252293
33 6.664092375934171
34 6.344918486626776
35 7.608123856155398
36 8.284624344940143
37 7.164311899778639
38 5.484470441765428
39 7.049043276693745
40 6.5309773186867925
41 3.002247062216076
42 6.235812720569128
43 4.93056521294801
44 7.918049037596672
45 7.013158753322977
46 8.420943931584121
47 8.591309752858754
48 7.129665230353722
49 8.361164562391595
50 6.987147592572137
51 6.134693270802684
52 6.249581859125714
53 7.3683898770272895
54 6.422756140090765
55 7.801168588467371
56 7.297437612387406
57 8.160326183845847
58 6.546194487319614
59 6.654130761307245
60 5.891923688962853
61 3.422682731093293
62 7.33398065512159
63 6.426413510687031
64 6.075117593310676
65 7.76071630635788
66 3.776781817792529
67 6.301296678537257
68 5.117845600710957
69 4.007110190298008
70 3.9334379044779504
71 4.923105421068683
72 4.622081002945749
73 3.975415281262637
74 6.565109200363638
75 3.282097113066211
76 3.5773418301791025
77 6.533897882928502
78 6.891332458475191
79 7.054628291529683
80 8.670041791989068
81 7.582065477848021
82 4.528879297255642
83 3.594553203191806
84 7.591940380733376
85 5.016474363207099
86 6.343999347392873
87 7.0798285703510775
88 6.7264404472315125
89 6.921434581390213
90 6.913219282972825
91 6.161298158985849
92 3.084675969957588
93 3.647060840703306
94 3.9403986105497006
95 4.222607078720214
96 6.736350091429789
97 6.436017744586441
98 6.530079484979969
99 6.12585870872242
100 3.6826983856406685
101 3.7405947657595986
102 3.1044750900467717
103 3.1060214830464363
104 3.3728421084257074
105 4.055222296091067
106 3.4802458840146757
107 3.301511289358986
108 5.278969166423806
109 7.07447814475402
110 5.18224139179597
111 2.8928804667990446
112 3.533422300403486
113 3.811891460693632
114 3.6086941659478087
115 5.956161071185871
116 7.651226499634702
117 7.268334225692273
118 7.058266691062155
119 5.908701060548494
120 6.33406037900278
121 7.226576821588803
122 7.183541886750952
123 7.3666529291404945
124 6.101537971581648
125 7.296571041445155
126 6.470149554455194
127 6.292430073357559
128 6.35451180857371
129 6.585823758650598
130 6.964239515731002
131 6.783332759610892
132 5.770323394939024
133 6.7057405739836415
134 5.647294929060621
135 7.709311209394967
136 6.531768094032466
137 5.812812751980988
138 5.585788973413418
139 6.797353264741754
140 6.0577208024844795
141 4.909524948207497
142 8.173097998004321
143 7.2781817351023745
144 6.2301067139182535
145 7.607663389217358
146 6.94251800809543
147 2.836686957566602
148 3.9000702013536883
149 3.83326194458506
150 3.4666522327839004
151 3.58140283778488
152 6.204842800762637
153 7.061285202877161
154 5.6447018567589415
155 6.8579575416897685
156 6.001946317407937
157 6.998010894270237
158 7.664673373734932
159 6.661909891563265
160 6.714993471175777
161 7.1422622822817345
162 7.478133860027474
163 6.7875797930728075
164 7.534833767760369
165 6.175992943006279
166 6.011427719097335
167 6.847533493043778
168 6.761997616895542
169 6.130406068173683
170 6.7320223605249545
171 6.782043526178487
172 6.95056693514313
173 5.153894547156511
174 5.933761594309757
175 7.573578534808134
176 7.196609112872992
177 6.33704907878219
178 6.565957750346694
179 6.355848598209696
180 6.166665140971876
181 7.1197257896565755
182 7.151767460107042
183 6.410933288284427
184 6.701395020250925
185 7.764550607599343
186 7.2170845542297855
187 4.130921040676157
188 3.925320577029085
189 4.539292758952833
190 4.881731346672223
191 5.371944038785314
192 3.367867785226017
193 5.879220139884444
194 4.348252857800122
195 3.669701339765373
196 6.446755678302791
197 4.02064606824866
198 6.247616393298429
199 6.287207641829746
200 5.4700548888067955
201 4.231984538967826
202 3.965039574544564
203 3.1899031815716365
204 3.695437541309875
205 2.994935418891867
206 3.2729662361815577
207 3.8638954007646307
208 3.330508833863942
209 3.855295696736979
210 3.0338566171949446
211 3.7519412310804245
212 3.7377167871199792
213 3.8044129273020926
214 3.3083910948147204
215 3.966084067567622
216 3.6661009947497645
217 3.706619333645762
218 3.490248093060107
219 3.1855703976370515
220 2.914478476677565
221 3.7345304684075797
222 3.458290624997327
223 3.7421800413607205
224 5.766099044696901
225 6.105866187590911
226 6.721875363449516
227 3.102864374387886
228 4.0089655462751175
229 5.265100476825508
230 5.045898828058587
231 5.9098935835911135
232 3.113692195296095
233 3.177086232091973
234 5.790575681373399
235 5.872371678012302
236 5.527182455397761
237 3.557430615811616
238 3.768587796565208
239 5.207670306713763
240 6.937120540228125
241 7.231931257423978
242 3.244922544971602
243 3.7682662759775165
244 5.8154142941094475
245 8.305943664614071
246 7.815586860881446
247 3.0241191141172155
248 7.266187627362882
249 9.219686994151854
250 8.19742945266472
251 6.209074772252517
252 7.805557081365694
253 7.58172988646262
254 5.508746144076314
255 3.2641705378704047
256 3.313511627168934
257 6.5169801544561325
258 5.451732343921625
259 5.745360849584586
260 5.752054118295664
261 5.738855559403878
262 6.696512156003052
263 7.0809983947068735
264 4.1160056859233345
265 6.733812066836835
266 6.401843887648195
267 5.613213543274274
268 8.187789215765969
269 4.798042597684286
270 8.199756681562304
271 5.215337289265023
272 7.5103357827857
273 6.0594947862350415
274 6.000194361927563
275 5.48422782630652
276 6.440398112892983
277 7.009735649616396
278 6.2158538676802735
279 6.5230324241743345
280 6.881197131593658
281 6.3356264607782835
282 7.8077845304935085
283 6.412820525521183
284 7.8172344829268745
285 7.342035442807424
286 6.897575745622811
287 5.1895043604665565
288 7.0304959815163945
289 7.567639031363709
290 8.265975464229394
291 7.065994473465794
292 7.096511996667443
293 6.936151757382661
294 6.478778091345301
295 7.637410127727284
296 4.652930777264158
297 6.655389599105009
298 6.976539451508982
299 7.775587481080409
300 3.9111197718183126
301 6.871771412827434
302 6.589323837703165
303 6.577562469825245
304 6.720833133274411
305 6.8779383159868
306 6.17330092191986
307 7.41209882750715
308 3.6845438502566847
309 7.016898929759244
310 8.436134308617094
311 5.679452326447453
312 5.698505987630251
313 4.759196101987682
314 7.490543702573261
315 7.963650953748619
316 8.438161787932433
317 7.3637952501504085
318 7.3590123627242425
319 7.501496661564035
320 5.361071815244671
321 7.800937911497192
322 6.945719087795278
323 7.949519032936072
324 4.597367241481162
325 4.158938304509678
326 4.542875739363131
327 3.8360880491890557
328 5.846357913227921
329 7.422846116258426
330 8.26344516097523
331 3.8731482904029186
332 3.677686901936071
333 3.4434717782322783
334 2.9710009356409297
335 2.932175664024313
336 4.708988503689162
337 4.081546899596082
338 7.174389927838841
339 4.029417103177526
340 6.283301411809056
341 7.907124310747078
342 6.972538606131412
343 7.92672627415971
344 7.794394570262349
345 5.1986863375475325
346 6.910816971949968
347 6.689792510891876
348 8.56434601571261
349 6.1849052726634834
350 7.376216982747058
351 6.47117129065574
352 7.330456581841356
353 6.638003730015834
354 6.4995808853644546
355 6.297976957394395
356 6.524224829247329
357 3.1608965954376926
358 6.587157661609416
359 5.49196441872949
360 6.2587480597133105
361 7.362758611238485
362 5.042858723725482
363 7.798556270460611
364 6.000747471763772
365 3.7294216517617773
366 4.3473020457026825
367 6.88795738882704
368 6.749223355722387
369 7.32991964141664
370 7.036426437323129
371 6.54081699679419
372 6.4334237924961455
373 7.443489450187026
374 5.5808676631670755
375 4.0825568227024505
376 7.108898910884487
377 6.188426178029088
378 6.4714634027856865
379 6.489073633861984
380 5.202564358091691
381 5.538494337235836
382 7.2790441842073825
383 7.381911428961521
384 7.774471584995687
385 4.052817345148795
386 6.169942423280271
387 3.9301821396031063
388 6.856476945791676
389 6.538814692860723
390 7.468607303405107
391 6.682547483874604
392 7.7007944631279655
393 6.72327066660654
394 7.225900552076617
395 6.456119595727526
396 6.72178163587786
397 6.784788093274217
398 6.2299231045184955
399 7.844776510065992
400 7.200032689675588
401 6.463056444690556
402 8.294080288664778
403 6.988246371713353
404 8.378868693942898
405 6.775127791596454
406 6.82131372121677
407 6.436492204742119
408 6.165434138671428
409 6.082417935050073
410 7.142757111969049
411 5.743718198597448
412 6.61243172485217
413 6.161700349814061
414 8.168389186247886
415 5.702174979774003
416 6.919597057232559
417 7.912497811051598
418 7.5995396943745215
419 5.247677210057538
420 8.69900836727568
421 7.7598874794668244
422 6.399392049435035
423 7.5429934753266625
424 6.971689796916118
425 6.913826902015441
426 6.956781955168636
427 3.4121189915921226
428 3.5046326317357477
429 3.2370459604051773
430 3.7743518664092814
431 3.3491599892839483
432 4.603100250064498
433 3.653709106016514
434 4.269049943930582
435 3.824819404706591
436 3.513297670616171
437 3.81134738174512
438 3.2907895089184658
439 3.9542003693072547
440 3.8878631832643666
441 8.286262113149558
442 7.959177722684113
443 6.57446145454978
444 5.91334376095263
445 6.533714553452205
446 7.773262683899228
447 6.605152664250333
448 7.0482825008048104
449 8.047561009372453
450 6.077917062312278
451 8.05636101549472
452 7.562836032739283
453 8.629760600704614
454 3.6737224643538373
455 5.926623665695748
456 5.2817931500588555
457 7.082703794712928
458 7.291017623940366
459 6.963464266171967
460 6.040827858094361
461 6.505986387629713
462 7.2970034713293055
463 7.358119953450076
464 8.43554015937299
465 5.960402826378624
466 6.671848017717155
467 7.841955285490424
468 6.910354001159779
469 3.4341944716551707
470 6.491787437268792
471 6.538512738694402
472 7.603621827854468
473 6.444529578628321
474 7.214593506467746
475 4.987018459596156
476 7.413496691235051
477 7.362518951445694
478 4.894528465475247
479 4.638252478349758
480 3.5367951271620126
481 6.531337445396588
482 6.588517479209142
483 7.409824431601198
484 4.930644783548983
485 3.868679919297617
486 5.089331152053022
487 3.798637403224852
488 3.9299371858234267
489 3.613142087819978
490 3.28576515239007
491 3.7089939013034523
492 3.9404019890851005
493 3.9355797957468788
494 3.330910112729306
495 3.505786034624372
496 6.177435817962634
497 7.316303453632333
498 3.0743263019955136
499 3.4985758093759416
