0 3.842327179972501
1 5.021577937954996
2 6.094793577278431
3 6.686965894190381
4 7.195991992169481
5 6.483749555155698
6 6.65030278230393
7 4.833088193683193
8 6.039074999688545
9 5.358203822637252
10 6.483173152474952
11 5.621480856727846
12 7.20147839351895
13 6.072613394459557
14 6.528997421797008
15 7.383415689782877
16 9.239189385483716
17 6.3400833224213615
18 5.321987927722639
19 7.360787770049568
20 6.227598556133022
21 6.092538646427576
22 6.610818996713083
23 4.278033436840215
24 8.597374515547513
25 5.453832597549567
26 6.522883367416335
27 7.238497771775642
28 5.9133491642478795
29 5.992732127008651
30 7.637024685228587
31 5.1145031397757545
32 7.731331198426738
33 7.1245012643379875
34 4.861566968314452
35 6.050931562511407
36 7.171284841488227
37 7.04776647849568
38 7.288122393908223
39 3.884741303929518
40 5.8821094077605105
41 5.2931528846355524
42 4.768529886264511
43 7.068047666298617
44 5.185908559654064
45 6.110243988942364
46 5.801268424858788
47 5.598941709208642
48 4.912097421257027
49 5.5327794240502275
50 8.165204145645742
51 6.081204740582774
52 4.565870216779108
53 6.91506155814349
54 7.139852945376257
55 5.445097958230685
56 6.051788944923356
57 4.75937477316901
58 7.012011134301267
59 3.755115227373827
60 4.385514490616829
61 6.705596242209857
62 5.942193571462683
63 5.763002636660516
64 6.231323161265995
65 4.910935568141484
66 6.264171112680782
67 8.186355048262246
68 6.487607950132666
69 5.7939037379798926
70 5.9328006459811515
71 8.196970767693744
72 7.4388900914757805
73 5.737332592908163
74 7.1359599983492314
75 5.895493042891363
76 7.789872016387935
77 5.435794654151659
78 5.880392604331442
79 8.382169794582715
80 6.4239980539818005
81 6.964523914116168
82 6.33154711506911
83 7.361853534070392
84 5.521390127964764
85 7.2820263302522745
86 6.252537227390069
87 7.070484596387435
88 9.774890188451668
89 7.798155240709931
90 8.310524171343957
91 4.146081321581756
92 8.738245398509449
93 7.206974622487774
94 7.496659120001213
95 7.682379294261719
96 6.995473448194992
97 6.7651168195344695
98 6.212952013443046
99 6.83446893115634
100 8.420296638879114
101 6.949191231308547
102 5.547666908880649
103 6.194440798663953
104 7.072349799599095
105 6.098434116263126
106 5.282428137714427
107 6.646385231685305
108 5.118048656978779
109 6.997983069763385
110 6.721620137846814
111 5.629611739482722
112 7.550244607932238
113 5.062679392215422
114 6.434886361983154
115 7.227878204548866
116 3.827204624421782
117 5.1910609289375955
118 4.540612312298832
119 4.673438908517145
120 4.761981899345974
121 3.920233075167224
122 3.4677857332625583
123 5.10873386046008
124 4.93751821908471
125 6.2103539082727135
126 7.340886939010959
127 4.6891258832269775
128 5.438860909270051
129 5.281037220538376
130 5.344597684561719
131 6.3278862015698545
132 5.206905304173875
133 7.09632289225312
134 6.422207508383392
135 7.141235388825182
136 7.862069541184212
137 6.362833003492859
138 3.591069635637101
139 5.361240021780825
140 6.724086478962738
141 4.6336092351754425
142 7.192379013020921
143 3.950321776712012
144 5.0347730770888495
145 5.591107512886294
146 5.812462266474651
147 7.124972886707725
148 5.667632299998865
149 6.842974779695272
150 4.043717692187017
151 3.6672015781349065
152 3.564357254798323
153 3.575453140496195
154 4.452851484682211
155 3.404244833045979
156 7.5428396467985825
157 5.490877337740638
158 6.358710655226799
159 4.993784418292809
160 9.382724105525686
161 5.60530322201517
162 6.875134504869633
163 6.194576028259367
164 6.4489652162863065
165 8.333251658209075
166 3.7208991009093157
167 3.5778184603388614
168 3.542917423512506
169 5.910055809149646
170 6.2093417018974355
171 5.819130187539735
172 5.296261905341061
173 3.426674460493243
174 4.469840739230219
175 4.994471175023399
176 6.070738454180935
177 5.576528637593788
178 5.957769226441227
179 6.275634373097183
180 4.448348583866913
181 4.012789567519587
182 7.217291081253739
183 6.207808058208416
184 4.635400573625679
185 6.813975435927316
186 4.4247632351246065
187 7.199304042945875
188 4.865170725415076
189 6.0331232925339355
190 6.259680963288291
191 5.641440573696932
192 5.230078618691687
193 3.6973049636838593
194 3.6363340536692252
195 5.123217911780289
196 5.128330809862845
197 4.005957909728316
198 4.82872085858276
199 6.392114682532873
200 6.986060511741606
201 7.268367489153614
202 7.994719586428883
203 5.088191171591277
204 5.804292294756966
205 6.916708528145448
206 5.88871514828198
207 6.597757714224926
208 5.380813375290632
209 7.593552214177342
210 6.706481296259849
211 7.030627363289464
212 6.1209031657117485
213 5.52054334681207
214 6.480289865962468
215 7.9178217822702495
216 7.524752048001221
217 6.747912085202001
218 5.50496817481006
219 5.685250310697957
220 4.24735729218496
221 6.6528818179287725
222 5.569394421069339
223 5.994208874157068
224 6.962753022456441
225 3.983818828898159
226 5.009337174768172
227 6.189360701561117
228 5.754764391471066
229 6.473374478410112
230 6.2410303643186165
231 5.776953988877838
232 6.404539508010084
233 7.796436128659776
234 5.38133480180392
235 7.257664412848975
236 5.957868750849024
237 8.039111208240795
238 6.6890475320398775
239 5.517405658154583
240 6.816476662126684
241 6.533700349344755
242 6.901642038994125
243 7.442559149966147
244 7.65000286061006
245 7.463412859312856
246 7.811812998713618
247 6.302639790599949
248 5.644116798661346
249 7.208984630565841
250 6.100816015009785
251 7.654990460999631
252 8.870239739961923
253 7.118174248500018
254 6.77957949758998
255 4.598425087820636
256 6.140582702562774
257 7.323928027644076
258 5.945102139801924
259 5.259440589378941
260 5.818937904861525
261 6.097769936151414
262 8.191283204771649
263 6.604598081277029
264 7.784580133115783
265 6.485743025268459
266 6.620386910336375
267 4.856790236095247
268 6.046646339514555
269 5.842631212328812
270 4.755302597355143
271 4.7840897398843145
272 4.099014915447797
273 7.086651657638366
274 4.342465651606039
275 4.104571638726737
276 5.895632016483027
277 6.1285183039775095
278 3.6071847728079436
279 3.877559018071364
280 6.617097475250746
281 6.910321286310675
282 6.2914429413678015
283 6.175048171474745
284 3.823575933607232
285 4.093760908882987
286 3.2348776966884234
287 5.871241494191194
288 5.000746120631313
289 3.154145221602302
290 4.932967261317437
291 4.706341584886491
292 5.035491226232834
293 4.0182814584409
294 5.147268888600729
295 6.05469564275937
296 2.882076539789543
297 7.481262302636451
298 5.2862726742724115
299 7.766176079335423
300 5.92129814619455
301 4.04477618966424
302 3.7319703650793703
303 4.8491025130285275
304 8.047729020390015
305 6.372818190978968
306 5.252963378870802
307 3.9218041762796174
308 6.734378739451363
309 7.3827184557245475
310 6.739138793934077
311 6.6761013540284155
312 6.619433947376408
313 5.214114082741933
314 3.7694818213870662
315 4.005243955852245
316 6.232153917550456
317 6.740626943041654
318 8.325533527390538
319 6.152433292155876
320 5.739181503165635
321 4.8164162286696905
322 7.562882749925324
323 6.036726204253876
324 5.760534220550926
325 8.255176722490573
326 5.394705575735475
327 7.32653562713085
328 7.4079136535982455
329 8.738168309266964
330 5.816430962440343
331 5.964902196604006
332 6.4619942105040336
333 7.833068037499756
334 7.1878904663794465
335 5.150545700622268
336 7.899636923408162
337 6.923213676512504
338 6.901964575509991
339 5.777754596579765
340 3.53872976638759
341 7.346170560806514
342 9.110640796932454
343 3.9891675627852763
344 5.957582186543362
345 5.918295553588182
346 5.614439889659147
347 6.95801152879329
348 5.70795316864807
349 6.19194425432076
350 6.850923070377683
351 5.685037038345235
352 6.7237453101101705
353 7.9584837793366185
354 6.405986103794391
355 3.51159291935762
356 4.779017012515709
357 3.645418656109133
358 3.6936285159180953
359 5.9846421120235265
360 7.787611672342725
361 7.381190197342606
362 6.2276982190157915
363 8.044638339749515
364 9.688680707618248
365 7.954450223058794
366 7.363869369369743
367 6.536134230357014
368 6.398434509464382
369 5.748418344513826
370 4.607978288048674
371 4.0552287086259735
372 8.723186124044302
373 6.451482373423436
374 6.437032401449932
375 5.95967054023436
376 6.23336884937587
377 8.263690306206984
378 6.5732169553468
379 6.302271165319874
380 4.662907330009568
381 5.3218866109366845
382 5.541505612478667
383 7.8885943728788215
384 6.948502894016866
385 6.6123647339758325
386 6.47224341610941
387 6.381342615256561
388 4.217635749612443
389 6.31737568348136
390 7.634985424518814
391 4.9192179309655435
392 3.7889554009179274
393 7.815071157419605
394 7.17791759951063
395 5.912393309469465
396 5.480469332808307
397 7.104481180981273
398 3.3408491173278985
399 6.4056104062448505
400 6.082482525624102
401 5.334454235297187
402 5.88219126384816
403 5.912678347229124
404 4.7611226013845815
405 6.773463563670185
406 7.056615361431704
407 3.6911024218481066
408 4.853974003619498
409 5.79359358218934
410 6.336761812713553
411 6.671647440724335
412 6.673179467134806
413 8.17751366621165
414 9.496663070306594
415 7.612805102424787
416 6.136929848498771
417 8.084318306106438
418 8.37342326098602
419 8.005126409819585
420 6.612633669914683
421 5.55051851043611
422 5.397068380169737
423 6.474542665460729
424 5.368498965879998
425 6.0191905543302004
426 6.152881508931398
427 5.697338115858224
428 4.938776466537365
429 5.660827663991107
430 6.362832689648338
431 5.0080100632519375
432 6.70333141860815
433 5.469297250913916
434 6.4182143542994545
435 7.798287524113031
436 5.570068815569732
437 5.636805125402254
438 6.157336019560384
439 3.962441517392672
440 4.50906447431046
441 7.687902582619218
442 6.355786984180571
443 5.2768257486215875
444 6.364628929325769
445 5.689452599706309
446 4.117772020861093
447 5.063963865216577
448 3.7059368182044787
449 7.39633155928235
450 5.9986787383429245
451 6.7226202522716445
452 5.115987623408416
453 6.982942526040981
454 5.711745980628193
455 7.075365844782201
456 4.61555932031587
457 5.998446279320896
458 6.556783711768147
459 5.53473778817776
460 5.424695798717753
461 6.10910615129251
462 4.9552032902870256
463 4.163956417381791
464 6.916306080863976
465 5.595070530437544
466 5.946978647167786
467 3.786998186588097
468 7.051216604744878
469 6.2692159765243645
470 5.8875412833890906
471 5.001096554098905
472 4.65452723759241
473 6.148948286759032
474 6.786622207157203
475 8.220039246917604
476 5.665225621565176
477 6.7665301377767735
478 7.213645044793474
479 5.8611977677434055
480 5.223916049043208
481 7.137304119027972
482 5.478178140385453
483 5.8055413398197935
484 5.600617431867363
485 6.2763087289738335
486 4.779359190148498
487 6.085439848879049
488 5.546317794102134
489 7.957350163303259
490 5.83329328731251
491 4.158003624359677
492 4.076511353341804
493 6.35666072591125
494 4.4509074318332695
495 6.85640989502663
496 6.899076592810315
497 4.122371686209188
498 6.160002636289367
499 3.7116859490797185
