0 4.62918699096182
1 4.020597250117219
2 4.248919519654561
3 3.716240461242855
4 3.4598916388445633
5 4.16988522059661
6 3.7662261377266377
7 4.250887024123508
8 3.7205393581971156
9 4.194862725229642
10 3.9695245520433855
11 3.7297508577598593
12 3.5957765952252503
13 4.837991506611981
14 4.542431310533731
15 4.356541176333841
16 4.871491117234177
17 3.9109235581661133
18 4.658482147811805
19 5.486257000854192
20 4.549053703281184
21 4.860542936734883
22 5.201650184466826
23 4.458257134056977
24 4.77393669904909
25 5.8818422851197365
26 4.414766153412887
27 4.757167960308873
28 5.062447123590414
29 4.625674990053186
30 4.992213469224856
31 4.940372771167925
32 4.517362652049487
33 4.731464042415427
34 4.3806393793887635
35 4.40863254164309
36 4.4060539332287645
37 4.317765208588329
38 4.906343403036606
39 4.949352409032602
40 4.868133386985161
41 4.623096978003942
42 5.469486244081228
43 4.649649821203148
44 4.516136423063086
45 4.33609206639252
46 4.429022536018178
47 4.581394909330799
48 4.707791808897529
49 4.3798038539925646
50 4.5104193744396825
51 4.617151214657907
52 4.426000240806297
53 4.573383384378798
54 4.48348350897174
55 5.129261691993307
56 7.7076889983948
57 4.3638381076828745
58 4.724002321739806
59 5.555971364562972
60 3.704137257207639
61 3.7900647892194907
62 3.9252005455452803
63 3.5210795040008995
64 4.117519938637595
65 3.4679786582503955
66 4.047813579445703
67 3.9364421004194017
68 4.5827022912167354
69 3.971889392582114
70 4.234681668494248
71 4.4626421848915205
72 3.492678672849157
73 4.4292805157640505
74 3.9263496452806184
75 3.836119680150917
76 4.052937886876227
77 3.4111203905363423
78 4.133778623112554
79 4.013444292332801
80 4.080458471286415
81 3.8760635471887523
82 3.594041879065022
83 4.171164739425443
84 3.549246163247875
85 3.9029640474628273
86 3.4430807760081246
87 3.8465524014276387
88 4.1087452527279344
89 3.982685166878274
90 4.021084831687481
91 3.5484089216052546
92 4.130658665292415
93 4.49162063588639
94 3.4106337178691835
95 3.6263132753245317
96 3.4343858497021396
97 3.7687176300139904
98 4.15884597704553
99 3.8635893759874675
100 3.3744216085995444
101 3.5903187914582464
102 4.2128505100500995
103 3.464626026016838
104 3.5409853614365403
105 3.5947542813193727
106 3.595174722422321
107 3.441499001356486
108 3.6543313129399437
109 4.618012973792166
110 3.5418627479265354
111 4.0045820620732275
112 3.8083889816943093
113 3.472631822648734
114 3.4751336345982926
115 4.1154956390545205
116 3.751892513511851
117 3.4488948817773757
118 3.6422826917699713
119 4.010613317768454
120 4.0291019181799275
121 3.4288126398036236
122 3.4128912197125594
123 3.4158496709577086
124 3.903990651884806
125 3.833428938209122
126 3.3727886231072945
127 3.7646203570675807
128 3.6165239960717512
129 3.985678294517004
130 3.471029679662318
131 3.4678360003558173
132 3.84680557543995
133 3.7285448227014437
134 3.4643279899791635
135 4.037494297164469
136 3.907291081018707
137 3.866516663506989
138 3.5919600960725817
139 4.424015809702296
140 3.338607690663088
141 4.26451095611304
142 3.527928009283505
143 3.4629378891567555
144 3.9586725767524875
145 3.507395621084797
146 3.9559924141979055
147 3.9947678967808087
148 3.4512219713153414
149 3.636899370238729
150 3.604413167365221
151 3.5597130870509788
152 3.5054027226145577
153 4.26360321580015
154 3.627825051808178
155 3.3769862647203985
156 3.526889753290391
157 3.5018990918714876
158 3.9544394648753496
159 4.138669436777003
160 3.4608596601189006
161 4.059515502589653
162 3.9402481235801674
163 3.8576068102414904
164 4.259711693339531
165 3.3914182425863384
166 3.599698581137105
167 4.822585624817477
168 3.831237791268835
169 3.9155072331611773
170 3.803537411698627
171 3.416256093697352
172 3.722768088489452
173 3.9232617103400504
174 3.9391918892982187
175 4.253430024398305
176 3.735030612728726
177 3.699071735777775
178 3.3917715296819093
179 3.363279106857475
180 3.5743458823873415
181 3.824751229316025
182 3.879170849326147
183 3.710779406357201
184 3.44152102188219
185 3.3571520832422292
186 4.060615954203589
187 3.644488909833193
188 3.531939544158917
189 4.249916214248661
190 5.477295703458367
191 4.773962954647821
192 5.466117625431999
193 4.537405245577152
194 3.791947286498355
195 4.0237820051275195
196 4.30634370939334
197 3.9163344466105046
198 4.437905558341402
199 4.846871235752454
200 6.471839419676601
201 8.904573985635166
202 4.526787552125113
203 6.970196213703856
204 6.846677102397845
205 6.982384288237518
206 5.620120989212485
207 9.013870165974176
208 6.1767018146085855
209 4.473123040233683
210 7.331889788122892
211 7.305757849849936
212 7.283187942954675
213 7.9213451922701275
214 9.638493045590748
215 7.330239329849576
216 7.767457845261078
217 8.070283727105663
218 10.188614622621435
219 8.201244141567711
220 9.429139963324731
221 6.36440297143588
222 8.610823686119787
223 6.8545045358665035
224 7.639126870191303
225 6.306084431241868
226 7.200135161695108
227 6.928053146147148
228 6.438454248040689
229 4.740087052178889
230 6.566786118230494
231 7.737257258506642
232 5.39044643658328
233 6.463159593546868
234 7.330924910739146
235 6.037974907960341
236 8.565548426965606
237 6.8736188577646375
238 6.985611828976865
239 5.617388000387988
240 6.289789873092575
241 6.96927698459992
242 6.798948939221323
243 6.614238089029754
244 6.968525643161779
245 6.663095742940615
246 4.6998596749164
247 6.582461713100135
248 7.404516393111461
249 4.917886756384044
250 8.780008930518347
251 4.552974470369141
252 5.491130706449261
253 4.60288978215191
254 4.324187288255326
255 7.143897532155592
256 6.929511447988433
257 5.5956857170793475
258 6.351042705087337
259 5.319081928168829
260 6.402528962385119
261 3.9022122364187357
262 4.720079611854359
263 4.847578183251409
264 5.0771036861652
265 3.8057047200247887
266 4.128148194037589
267 4.063754156401276
268 3.977937250508155
269 3.426658431184148
270 3.833675386634121
271 3.914214521356361
272 4.389217938966643
273 4.050546758718648
274 3.445216046070641
275 3.6403334540401437
276 3.6837503795819506
277 3.949355080583793
278 3.63355645393977
279 4.108381084085349
280 4.254700669501164
281 4.333808961048251
282 3.490816922650589
283 4.17070526794421
284 3.463886792669111
285 3.628671184210421
286 3.9757679914332935
287 3.641079017262448
288 3.8999681582421206
289 3.7461730277710834
290 4.123777748466459
291 3.7587491011545673
292 4.37839419758772
293 4.823994840831963
294 4.828581656958971
295 4.328652744511428
296 4.492004608511834
297 4.596392608287456
298 4.625401942666081
299 3.575874499134775
300 4.033673865333259
301 3.676363630162466
302 3.7906715369981763
303 3.530993956228487
304 4.493327404618793
305 3.5642950305189522
306 4.1650111784465595
307 4.425737788989938
308 3.757192919715969
309 3.9206099169943696
310 3.393737486973419
311 3.7838508487618263
312 3.6838310333252813
313 4.170151232267028
314 3.6897909176145123
315 3.467272420522507
316 3.414860508099566
317 3.892155133256249
318 3.9135155914597455
319 3.356187418268803
320 3.694027966710123
321 3.394541690404226
322 4.026073519050336
323 3.6815477256044877
324 4.311431512323833
325 4.464489015846098
326 4.50694023967016
327 4.628371584995378
328 4.310873393962827
329 4.492112385841437
330 4.371927743668573
331 4.274004399599844
332 4.534084252310484
333 4.3201643770054226
334 5.073116434056861
335 5.707812988664921
336 4.4217897655929
337 5.1309304104704445
338 4.7621521536983265
339 4.953107489804574
340 4.17816292593311
341 5.879096671802559
342 4.316792930854478
343 4.78633944900441
344 4.668881731615782
345 4.637742884972084
346 4.679693367326234
347 4.548879047818728
348 5.989958270354404
349 4.851180849986946
350 4.5269772912453785
351 4.443609229310983
352 4.210751527734364
353 4.303763776164488
354 6.956299400078172
355 4.487192053582877
356 4.655175457596359
357 4.8037421855792894
358 4.114941565584528
359 4.061266742412927
360 3.894704650481764
361 3.9068241710329183
362 4.741543573445811
363 3.494031359130785
364 3.491773431429178
365 3.4844288545176383
366 4.002074930784503
367 3.922577775974545
368 4.290468122312833
369 3.9819946614599
370 4.355154023325665
371 3.8234115104485644
372 3.4825937569877397
373 3.922837008517767
374 3.3978008444937178
375 3.8998828766304925
376 3.463712868555072
377 4.285503996779202
378 3.540567798819422
379 4.014025037887379
380 3.5101915603597313
381 4.351981132946721
382 3.497704989145281
383 3.8355070634559536
384 4.616527584207561
385 4.596146410325183
386 3.715626736595198
387 5.319920099376908
388 4.071893933450662
389 4.521176966509701
390 3.9359756482742965
391 5.183546328029369
392 3.865854457995981
393 3.823515167926369
394 3.480173872987215
395 3.8086718869986647
396 3.878931981389966
397 3.951852456756707
398 3.471942690719498
399 3.93165556284766
400 4.055936089978812
401 3.8296120777848737
402 3.5469537761103394
403 3.9581051419587507
404 3.512662288272206
405 4.745616503431484
406 3.936127693049474
407 4.148030650819333
408 3.5360963194487245
409 3.780004793471421
410 3.570974923475292
411 4.055531168559262
412 3.832543740205345
413 4.1293960256148985
414 3.573607156567766
415 4.18780692821441
416 3.473574924012394
417 4.395125743510208
418 3.4810986905927264
419 4.094031801618609
420 3.76411749730665
421 3.412315503533539
422 4.033341408998846
423 3.839232719367039
424 3.860856490944856
425 4.2258846830455745
426 4.279374940675706
427 3.3704437824774067
428 3.9408407427366474
429 3.7863874445241903
430 3.677449441398528
431 3.4695790378433395
432 3.6670699819595094
433 3.4819402901179615
434 4.338909689830638
435 3.457302917583935
436 3.703283355503591
437 4.1621806411049
438 3.833493553618171
439 3.8455050688347794
440 4.059633857774285
441 5.326827096798458
442 4.066275967902685
443 4.262443814050774
444 3.4696989907245883
445 3.844881927497546
446 3.783758635136537
447 3.7531527287619926
448 3.8850309492599844
449 3.5676862993427445
450 3.550821701802011
451 3.628185619345455
452 4.158623528170968
453 4.359966411213274
454 3.5769460251786263
455 4.8664361651742345
456 3.556626682225802
457 3.5581114515623398
458 4.31574338221111
459 3.5743777656800493
460 4.544758169190457
461 3.981560745286054
462 3.5528860469787085
463 3.397958423156458
464 3.5049581195719997
465 3.636052566200599
466 4.057769293133654
467 4.11774865609987
468 3.877352199586799
469 3.3632696459226565
470 3.6845155144394703
471 3.4501620572010108
472 4.0789440800425325
473 3.6413567802522055
474 4.8350692252093035
475 4.8355562628640145
476 4.668267201077379
477 5.101815484068077
478 5.7055089195218205
479 4.09188258856356
480 4.517760666196675
481 4.853449345518537
482 4.39272518983342
483 4.882873723230601
484 4.109913740829871
485 4.382628574996802
486 6.756178492473894
487 6.237531460856139
488 5.172694726942573
489 4.664370232590192
490 5.246124663482408
491 4.7084360533191765
492 4.4916986974079895
493 4.031493724956334
494 5.470227503257081
495 5.206693347122166
496 4.750881809685813
497 5.55590257678924
498 5.802979139668219
499 4.50939058393075
