0 7.27586308931152
1 7.086709019692567
2 7.271012258513395
3 7.023732110279684
4 8.247453860247369
5 8.423286376068514
6 7.568088389257586
7 8.345784189009027
8 8.409774255472705
9 8.322212867397901
10 9.252617287038095
11 8.17410976961893
12 9.78380498179704
13 10.778920968890763
14 8.157220710273833
15 10.682472741964496
16 9.466737902736329
17 8.195012928055828
18 10.633769308650713
19 11.563490411183082
20 5.30921436615004
21 6.051845440065923
22 6.854518437505611
23 6.247738884143507
24 7.923920854324124
25 7.3889579436418265
26 8.909898524837562
27 7.564248046349997
28 8.207291850571353
29 7.406732403702764
30 7.530404933006461
31 7.701733871097127
32 8.040488211568723
33 8.45745596906653
34 7.338170297366333
35 7.023218578355014
36 7.449707500903318
37 8.88103570793244
38 7.959370155275029
39 8.262509160762352
40 7.790946052864166
41 7.803569883082949
42 7.309439844642108
43 8.299195514412704
44 7.572909017678926
45 6.619740633133573
46 7.78843117244707
47 7.799657159044829
48 7.645916927828429
49 6.721301395633374
50 6.1865183913404005
51 5.8606438169145045
52 6.0403220258333965
53 5.307594249069323
54 8.307409555582657
55 9.196359312881869
56 9.076591708542653
57 8.717491956654973
58 8.668803329951658
59 10.811290714302098
60 7.049792571902734
61 7.626639918942323
62 8.129628332538154
63 7.912099463469043
64 6.912436887182319
65 6.782078616572852
66 8.152588041304641
67 7.53247215850195
68 7.6706900143746894
69 8.350637763109535
70 7.5860523217256155
71 7.641048226432419
72 7.30435850375483
73 7.400701172284639
74 7.747201176839666
75 6.578081445799603
76 7.34894146778139
77 7.461559373938844
78 7.884215189789917
79 7.559949188529487
80 7.717597072625876
81 8.617742770868704
82 8.1534108576193
83 7.791130256709282
84 6.812290076592262
85 7.727311477205598
86 7.558724984823152
87 7.37031108492493
88 8.375948366484767
89 9.027052774153523
90 7.898543333526533
91 8.07663008236871
92 8.391476454059484
93 8.77130166638046
94 10.564686909447536
95 8.292041659547218
96 6.5199420225846625
97 9.00568133355881
98 9.278711048646285
99 8.012053159719523
100 8.659876440824986
101 10.558505927345347
102 8.174001323288262
103 7.08023000587354
104 7.389935643203893
105 7.224765897879292
106 6.335263955392345
107 4.098966988057756
108 7.666522054074819
109 8.159427718206217
110 8.078878779914682
111 6.932996369327212
112 8.277894997087817
113 6.941845327376966
114 7.875400609344344
115 7.769432974898565
116 7.819062948724823
117 9.00219063670246
118 7.9967909688012835
119 7.2413733443136215
120 3.870552943706636
121 9.294981857145153
122 7.1445857711300835
123 8.173858728413478
124 7.619026811265678
125 6.867918300020858
126 5.14333305100261
127 7.616703069279793
128 6.876730682600022
129 8.762965730328355
130 9.048081725638543
131 7.746152215915923
132 7.8705445385641335
133 8.681298600624496
134 8.084671282647616
135 8.555786211646751
136 7.772066310016751
137 6.632404090199242
138 6.323750828503923
139 5.074563601609459
140 5.576425744902759
141 7.9547781798126715
142 6.085708362616538
143 6.788585286633451
144 7.09244349558841
145 8.867168052332886
146 8.082090921640694
147 8.244681260103766
148 4.57393658284227
149 6.872032343014097
150 6.559244796042142
151 4.6958313965875975
152 7.023705515360243
153 7.563800371154837
154 7.8908764169745265
155 7.749454199721082
156 6.850074012399032
157 8.131036983891114
158 8.842161361230216
159 7.866561535035114
160 6.766365489500265
161 7.578995780595349
162 6.559903940212398
163 7.1420370340919455
164 6.604093009513357
165 6.44234192325033
166 6.723264242930013
167 7.030464418856872
168 6.717021232556084
169 7.226264881805417
170 8.239372003905354
171 6.2525785870987365
172 6.362561858049285
173 7.174694724975103
174 7.664859621161967
175 3.9352305847359212
176 7.667242407150882
177 7.615743698811408
178 7.819767129360084
179 7.508001271636457
180 7.542317519263647
181 7.666418942489308
182 7.3686308851762865
183 7.854397264319588
184 8.620009985660092
185 6.573109995288127
186 6.873192732647712
187 9.136122041438618
188 8.2040271810829
189 7.4173436695600525
190 6.602291398702422
191 8.237906364189508
192 5.705623570635161
193 6.706053542584591
194 8.28701028283545
195 8.445317178121003
196 3.7049878597708963
197 4.280950702148017
198 4.821314197733253
199 6.300966988493207
200 6.4919485111728195
201 5.386100770709951
202 6.755260817234626
203 7.807928942099269
204 7.75467937250622
205 8.220597750736824
206 8.518075958900798
207 8.488539833681488
208 7.060332495250113
209 7.147016593701541
210 7.8753392618185885
211 7.130712826758175
212 7.776501055949557
213 6.662002294568211
214 7.1945616530511
215 7.236119570804933
216 8.190998254883212
217 5.896225360015099
218 6.939041830517994
219 8.279098111884062
220 8.230872553886838
221 7.485329242131097
222 8.57531102809245
223 8.137042942292624
224 7.559737041656068
225 8.45666572714247
226 8.066670324504228
227 8.05981177244462
228 7.511471482897253
229 9.092431327888184
230 8.810146800456954
231 9.529074962635493
232 7.658713250832131
233 6.52427237710354
234 7.4463207626342225
235 6.474776184259365
236 7.704038382800285
237 7.292316433082925
238 7.686203147503339
239 8.704804480437337
240 7.450568405264073
241 8.237908204358844
242 11.419387510191951
243 10.743036081465728
244 10.409049117530126
245 5.563042868735706
246 8.032028181458548
247 6.905220373388653
248 9.49965216022976
249 4.519116334375815
250 7.4940374438810755
251 8.401786832863698
252 10.500646902897758
253 9.21396582543385
254 8.577308506345362
255 9.390590873318352
256 8.620415178786944
257 9.767088047770537
258 9.322744821263123
259 7.399403910136677
260 6.429296784733179
261 5.31933468333688
262 6.885884726961963
263 6.866493021585215
264 9.257868391953917
265 11.911409946063204
266 10.0461001370544
267 10.845129791924245
268 10.717252274192333
269 9.472012384665065
270 10.087569536203416
271 9.1708666291165
272 12.00116089485204
273 10.204682765931999
274 9.967842260454455
275 7.430593530456834
276 9.908765487341753
277 10.070763575976862
278 9.13913528645563
279 9.277924271226135
280 9.359530741189884
281 10.656949017943306
282 10.005392997399802
283 8.083113259042358
284 11.63036460824597
285 10.420184092645256
286 9.813766575302978
287 10.514786350249464
288 8.8841127176036
289 9.810229296962193
290 10.751842370852534
291 9.794766296998471
292 10.138839268070479
293 10.548560968852538
294 9.873001058220826
295 9.457892311922826
296 11.144024795140608
297 7.418990235512819
298 7.488265469409845
299 8.474491771165312
300 6.890830108571272
301 7.011102412292005
302 6.660140623317593
303 7.6213655657264265
304 8.03523171469947
305 7.53366865492645
306 6.795960579699552
307 8.259338336794043
308 8.507687797009927
309 8.323650506148642
310 8.675572692886073
311 7.667584763691281
312 7.9404149724279565
313 7.4519105919573
314 7.260398318171352
315 7.726234255861375
316 7.792995693457458
317 7.013670301118357
318 5.700231830318608
319 8.493685569925086
320 5.300292226870911
321 6.047899360782782
322 6.9500405318901946
323 6.835017142468724
324 3.6890975563631847
325 8.3034030197307
326 4.017882459687474
327 3.8108434678250496
328 3.9749506887488186
329 3.530591929440232
330 5.512440395939511
331 7.667641572263991
332 6.727939539719387
333 6.703790257710702
334 6.853015916076582
335 6.978635922572457
336 8.262436380380056
337 10.880555400763907
338 10.014480534899743
339 8.63671771495226
340 8.595412365146432
341 9.98187043539108
342 8.808306043339725
343 7.365906480617725
344 7.03427951634351
345 6.536195612205966
346 8.196208558903649
347 8.732303007098674
348 8.892512274237369
349 9.85849773537287
350 7.56484837764619
351 9.917985947633372
352 7.893254932133502
353 9.496715513810829
354 5.81878978990957
355 6.903248670758548
356 8.416593257264703
357 9.651237013295162
358 7.980635262127694
359 6.432143422862305
360 6.740551556265833
361 6.497899868662352
362 6.6758196858119225
363 4.377848442105335
364 4.582325331620397
365 6.931673184586409
366 5.937439269389661
367 4.648392738018108
368 5.076905584518965
369 6.447956969399912
370 7.049183152552577
371 7.193360959350213
372 7.2721497817656315
373 10.194734749588015
374 10.064151839743316
375 8.496521957198736
376 9.626639228442503
377 11.224185205883996
378 10.856147591327005
379 7.539265228522095
380 6.5003366056781005
381 8.419303877309313
382 8.047052377739027
383 8.108986525007667
384 7.159786045710559
385 7.888239149722956
386 7.235164519570015
387 7.970138651339332
388 8.174215048016453
389 8.020035909785689
390 6.981192423934331
391 7.345013253661675
392 8.14332702022137
393 7.205582928948549
394 5.704691129305528
395 8.246397277965817
396 9.955469359537956
397 7.503047914771679
398 6.89898138655138
399 8.025122889287674
400 8.22574954964265
401 8.386318640353212
402 8.231216000344816
403 10.701477050803007
404 8.97352446764041
405 9.045518408248599
406 8.620350916356776
407 7.366273002787703
408 8.107490426413658
409 8.838096902067518
410 7.926866776167428
411 7.573787538473362
412 7.205404572078819
413 8.180548624476364
414 7.903280589735881
415 9.365108988228517
416 9.230061498802957
417 5.857126523779409
418 7.942662035219223
419 6.780096064287222
420 7.382381219270042
421 7.204678280964991
422 7.665362146393962
423 7.62938369969362
424 8.587998404216291
425 8.272310780884748
426 8.55304502817511
427 8.31076830264801
428 8.89699748779284
429 9.306703854318677
430 7.955171878125192
431 8.369836358859812
432 9.102468561894726
433 8.604063223198834
434 7.880828653572517
435 8.365460938176023
436 7.6042564244475574
437 9.689890291387334
438 7.463687813858799
439 8.201830329728455
440 7.220792073778423
441 8.691268812743232
442 8.293965546658509
443 7.5716352397939914
444 8.70754858038327
445 3.401857900246697
446 7.211356931623057
447 7.724596352542355
448 7.72141916403356
449 7.875696757851951
450 10.770207831232488
451 9.491452961762212
452 8.003433271667907
453 8.897518806714901
454 8.7989343903935
455 8.241387604998264
456 8.553299531058133
457 8.69317744059197
458 5.197236579616458
459 4.025434101372179
460 5.661284045203394
461 8.092042469176441
462 7.983851510438684
463 8.950038181435191
464 8.885780921394947
465 8.30331561891233
466 8.53258368502266
467 8.043508697675472
468 8.717894160766004
469 8.88217624239774
470 8.14849997532542
471 8.092339209654352
472 8.466003950461284
473 8.650557941191678
474 8.901265375447734
475 8.789954919006473
476 8.55691520375781
477 7.672501517314667
478 8.644066231654385
479 8.715843047861734
480 8.604841673042399
481 9.214477575355321
482 8.529923936823492
483 9.372502803468617
484 8.232610136304757
485 7.939397333511602
486 8.649828948859147
487 9.462585284772635
488 7.97918295927717
489 8.48318510782358
490 7.9288264685311205
491 7.545535015168287
492 8.974523243592387
493 8.862111249012877
494 7.157834997515853
495 6.6773972992576365
496 8.14704465586442
497 5.421244537476177
498 9.973103244737365
499 8.19711059208411
