0	0.0
1	0.6781952381134033
2	0.7116394639015198
3	0.8136715292930603
4	0.7129231691360474
5	0.7377780675888062
6	0.6851885318756104
7	0.7823967933654785
8	0.6897503733634949
9	0.6547964215278625
10	0.7778233885765076
11	0.7288603782653809
12	0.7241457104682922
13	0.649635374546051
14	0.8128164410591125
15	0.6854611039161682
16	0.8008136749267578
17	0.8453488349914551
18	0.7172394394874573
19	0.7634989619255066
20	0.7579907774925232
21	0.6956952810287476
22	0.6938332319259644
23	0.7276951670646667
24	0.7000870704650879
25	0.7378023862838745
26	0.7341674566268921
27	0.7765910625457764
28	0.6686210036277771
29	0.70200514793396
30	0.7208298444747925
31	0.7500500679016113
32	0.7198218107223511
33	0.7350536584854126
34	0.7258050441741943
35	0.7462002635002136
36	0.7295137643814087
37	0.7358746528625488
38	0.7011083960533142
39	0.7524421215057373
40	0.6904454231262207
41	0.7142811417579651
42	0.6728633046150208
43	0.789122462272644
44	0.6109017133712769
45	0.7005023956298828
46	0.6892133951187134
47	0.743465781211853
48	0.7592669129371643
49	0.7268836498260498
50	0.7426396608352661
51	0.6314952969551086
52	0.6576874256134033
53	0.7663735747337341
54	0.766260027885437
55	0.8159311413764954
56	0.7038090229034424
57	0.6558541059494019
58	0.7021594643592834
59	0.7351515889167786
60	0.7443331480026245
61	0.6992232203483582
62	0.7330905795097351
63	0.7415571808815002
64	0.7246004343032837
65	0.7103195786476135
66	0.768025279045105
67	0.697100818157196
68	0.7370344996452332
69	0.7791703343391418
70	0.7161099910736084
71	0.6859222054481506
72	0.6801945567131042
73	0.6945279240608215
74	0.7031126618385315
75	0.714230477809906
76	0.7560184001922607
77	0.7196348309516907
78	0.7541676163673401
79	0.727260947227478
80	0.693325936794281
81	0.6546444296836853
82	0.697073757648468
83	0.7376423478126526
84	0.7365250587463379
85	0.6962443590164185
86	0.7232827544212341
87	0.6972909569740295
88	0.7622575759887695
89	0.7622172236442566
90	0.7469303011894226
91	0.7524455785751343
92	0.7207193970680237
93	0.7940875887870789
94	0.6460594534873962
95	0.785176694393158
96	0.7191395163536072
97	0.7077366709709167
98	0.723284900188446
99	0.7491257190704346
100	0.7142949104309082
101	0.7813503742218018
102	0.6788020133972168
103	0.7256551384925842
104	0.8061095476150513
105	0.8191715478897095
106	0.6791493892669678
107	0.6753671169281006
108	0.719071626663208
109	0.6509907841682434
110	0.7736434936523438
111	0.7205106616020203
112	0.6863270401954651
113	0.7878901958465576
114	0.7681695222854614
115	0.7460906505584717
116	0.7487658262252808
117	0.754477322101593
118	0.7682381868362427
119	0.7383474707603455
120	0.7002391815185547
121	0.68441241979599
122	0.7419596910476685
123	0.77256840467453
124	0.7042220234870911
125	0.7150216698646545
126	0.735581636428833
127	0.7636518478393555
128	0.7050514221191406
129	0.750989556312561
130	0.7989116311073303
131	0.8526910543441772
132	0.7756935358047485
133	0.778549075126648
134	0.7066285014152527
135	0.7522360682487488
136	0.7254666686058044
137	0.803172767162323
138	0.7302826642990112
139	0.7898744940757751
140	0.68883216381073
141	0.746045708656311
142	0.7395403981208801
143	0.6459991335868835
144	0.7991929650306702
145	0.7139984965324402
146	0.73861163854599
147	0.7820694446563721
148	0.7318456172943115
149	0.7133899927139282
150	0.7310548424720764
151	0.6158705353736877
152	0.7057967782020569
153	0.7080127000808716
154	0.8121330142021179
155	0.7064480185508728
156	0.7883684635162354
157	0.7864134311676025
158	0.7483094930648804
159	0.7695873379707336
160	0.7467904686927795
161	0.8068110346794128
162	0.7410493493080139
163	0.699587345123291
164	0.8332987427711487
165	0.785873532295227
166	0.7487438917160034
167	0.7794089317321777
168	0.7661206126213074
169	0.7909140586853027
170	0.7770636677742004
171	0.754689633846283
172	0.7700924277305603
173	0.7058147192001343
174	0.7045546770095825
175	0.7550713419914246
176	0.753810465335846
177	0.7629441618919373
178	0.8319539427757263
179	0.7976078987121582
180	0.7711235284805298
181	0.8109047412872314
182	0.7355483174324036
183	0.7710201144218445
184	0.7803898453712463
185	0.8575809597969055
186	0.7555297613143921
187	0.7424958944320679
188	0.8617425560951233
189	0.6924498677253723
190	0.764000415802002
191	0.7596482038497925
192	0.7884800434112549
193	0.6896490454673767
194	0.6909719705581665
195	0.8122517466545105
196	0.8005913496017456
197	0.7281920909881592
198	0.7377710938453674
199	0.7882293462753296
200	0.7520838379859924
201	0.7614395618438721
202	0.7515407204627991
203	0.7467369437217712
204	0.7517518997192383
205	0.7172909379005432
206	0.7236500978469849
207	0.7345088720321655
208	0.7367366552352905
209	0.8286992907524109
210	0.6947033405303955
211	0.723389208316803
212	0.7601619958877563
213	0.7843666076660156
214	0.776768147945404
215	0.7753600478172302
216	0.7171306014060974
217	0.7187248468399048
218	0.6964119076728821
219	0.7133960127830505
220	0.6552026271820068
221	0.8021580576896667
222	0.7105869054794312
223	0.7608657479286194
224	0.7516680955886841
225	0.7540209293365479
226	0.7839993238449097
227	0.7661615014076233
228	0.7955950498580933
229	0.8107379078865051
230	0.7754371762275696
231	0.6736639738082886
232	0.6997023820877075
233	0.7253448963165283
234	0.6797587871551514
235	0.8017537593841553
236	0.8394044637680054
237	0.7515339851379395
238	0.8599705100059509
239	0.8536555171012878
240	0.7637903094291687
241	0.6972540020942688
242	0.7524721622467041
243	0.6718018054962158
244	0.7647927403450012
245	0.7430474758148193
246	0.7768270969390869
247	0.7958367466926575
248	0.7691998481750488
249	0.7241252660751343
250	0.7844516634941101
251	0.7657836675643921
252	0.7113792300224304
253	0.7714635133743286
254	0.7760284543037415
255	0.7009228467941284
256	0.6791658997535706
257	0.75038743019104
258	0.7878350615501404
259	0.7247859835624695
260	0.754716157913208
261	0.77425616979599
262	0.7865467667579651
263	0.7938007712364197
264	0.7410312294960022
265	0.6960737705230713
266	0.7571792006492615
267	0.7434543967247009
268	0.7901319861412048
269	0.7904605269432068
270	0.706248939037323
271	0.7806769013404846
272	0.7396202087402344
273	0.7648604512214661
274	0.7232444882392883
275	0.7200033068656921
276	0.7185545563697815
277	0.7961413860321045
278	0.7796245813369751
279	0.8115087747573853
280	0.7313818335533142
281	0.7863547801971436
282	0.7130704522132874
283	0.7762309312820435
284	0.6601420044898987
285	0.7669546008110046
286	0.7455409169197083
287	0.8353469967842102
288	0.7634490132331848
289	0.8341113924980164
290	0.7568148374557495
291	0.707136332988739
292	0.7207037210464478
293	0.7457746863365173
294	0.7443334460258484
295	0.8596150279045105
296	0.7260526418685913
297	0.769071102142334
298	0.7145029902458191
299	0.7362112998962402
300	0.7039387226104736
301	0.7820875644683838
302	0.7360082864761353
303	0.7749164700508118
304	0.7459056973457336
305	0.7570641040802002
306	0.7657887935638428
307	0.6747480034828186
308	0.787983775138855
309	0.7626678347587585
310	0.7649189233779907
311	0.8126605153083801
312	0.8069837093353271
313	0.6886736154556274
314	0.740327000617981
315	0.7235965728759766
316	0.7784224152565002
317	0.7634127140045166
318	0.7311088442802429
319	0.7534825801849365
320	0.6870161890983582
321	0.731052041053772
322	0.6955884099006653
323	0.7362855672836304
324	0.6917120814323425
325	0.7083476781845093
326	0.7268595099449158
327	0.6725363731384277
328	0.7113448977470398
329	0.8188642263412476
330	0.7344279885292053
331	0.7685731053352356
332	0.7119742035865784
333	0.8086287379264832
334	0.7294312715530396
335	0.649497926235199
336	0.740591287612915
337	0.6518998742103577
338	0.7119878530502319
339	0.7369326949119568
340	0.7503297924995422
341	0.7683348059654236
342	0.7515246272087097
343	0.801666259765625
344	0.6814342141151428
345	0.7319654822349548
346	0.6619214415550232
347	0.7773898839950562
348	0.7564092874526978
349	0.7295921444892883
350	0.7875322103500366
351	0.808372974395752
352	0.6861008405685425
353	0.8126945495605469
354	0.7877378463745117
355	0.7574122548103333
356	0.7937188744544983
357	0.8206071853637695
358	0.8073506355285645
359	0.7327134609222412
360	0.8091865181922913
361	0.7191877365112305
362	0.7753506302833557
363	0.7739353179931641
364	0.7938818335533142
365	0.8154504895210266
366	0.7369533181190491
367	0.8030030727386475
368	0.8016114830970764
369	0.7525973916053772
370	0.7382386326789856
371	0.7137688398361206
372	0.7892116904258728
373	0.7903282046318054
374	0.6901070475578308
375	0.7548940777778625
376	0.7600505948066711
377	0.663024365901947
378	0.7341567873954773
379	0.7137722373008728
380	0.7458500266075134
381	0.7321470975875854
382	0.6790720820426941
383	0.727286696434021
384	0.6813161969184875
385	0.6522121429443359
386	0.6598524451255798
387	0.7866035103797913
388	0.719822108745575
389	0.7543567419052124
390	0.7290093898773193
391	0.7603923678398132
392	0.750608503818512
393	0.7937800288200378
394	0.7018476724624634
395	0.7358734011650085
396	0.7214885354042053
397	0.6717503666877747
398	0.7149284482002258
399	0.7557492852210999
400	0.7162126302719116
401	0.6917198300361633
402	0.7087327241897583
403	0.7475029230117798
404	0.7113012075424194
405	0.8021814823150635
406	0.8024802207946777
407	0.8610424995422363
408	0.7321807742118835
409	0.8312410116195679
410	0.7333030104637146
411	0.7218577861785889
412	0.7286832332611084
413	0.7811853885650635
414	0.7443098425865173
415	0.8438741564750671
416	0.672088086605072
417	0.741715669631958
418	0.750624418258667
419	0.6948496103286743
420	0.8037428259849548
421	0.7540724873542786
422	0.7625640034675598
423	0.7901478409767151
424	0.710934042930603
425	0.7235755920410156
426	0.7663472890853882
427	0.8163757920265198
428	0.7113494277000427
429	0.735637366771698
430	0.7304722666740417
431	0.700253963470459
432	0.7636305689811707
433	0.7048853635787964
434	0.8081943392753601
435	0.7485619783401489
436	0.7039755582809448
437	0.6819922924041748
438	0.6762620210647583
439	0.7573100924491882
440	0.7273485064506531
441	0.7152470946311951
442	0.6982384920120239
443	0.7182357311248779
444	0.6742457747459412
445	0.8115549683570862
446	0.7351140975952148
447	0.7150760293006897
448	0.6972549557685852
449	0.817699670791626
450	0.7403438091278076
451	0.7048088908195496
452	0.7273036241531372
453	0.7301206588745117
454	0.7547545433044434
455	0.7857058048248291
456	0.7078006267547607
457	0.6992247104644775
458	0.7392134070396423
459	0.786710262298584
460	0.7681912183761597
461	0.7274287939071655
462	0.8075100779533386
463	0.7858911752700806
464	0.6433387398719788
465	0.7466081976890564
466	0.7451633810997009
467	0.7245573401451111
468	0.7736980319023132
469	0.7497948408126831
470	0.775691568851471
471	0.7191004157066345
472	0.7940410375595093
473	0.7128235697746277
474	0.6886581778526306
475	0.663993239402771
476	0.7573888301849365
477	0.8231934309005737
478	0.7138501405715942
479	0.7097076773643494
480	0.7741395831108093
481	0.7330957055091858
482	0.7200801968574524
483	0.7765266299247742
484	0.7952538132667542
485	0.7985917329788208
486	0.7241863012313843
487	0.7753651142120361
488	0.7152299284934998
489	0.795107901096344
490	0.6842048168182373
491	0.7771339416503906
492	0.8182719945907593
493	0.7894737720489502
494	0.7879430651664734
495	0.7108398079872131
496	0.6782305836677551
497	0.6969483494758606
498	0.7339007258415222
499	0.6916701197624207
