0	0.0
1	0.6873780488967896
2	0.6091547608375549
3	0.5601119995117188
4	0.6017441153526306
5	0.6364786624908447
6	0.6240190863609314
7	0.6235032677650452
8	0.6745585203170776
9	0.6829227805137634
10	0.6968816518783569
11	0.6210557222366333
12	0.6248738169670105
13	0.5206289887428284
14	0.6165246963500977
15	0.5877593159675598
16	0.6293994188308716
17	0.6728084683418274
18	0.6543611884117126
19	0.6317400932312012
20	0.6772605776786804
21	0.601653516292572
22	0.638390064239502
23	0.5451720356941223
24	0.6627035737037659
25	0.5703986287117004
26	0.5966615080833435
27	0.6327549815177917
28	0.6254950165748596
29	0.6376853585243225
30	0.666405439376831
31	0.540834903717041
32	0.6586353182792664
33	0.5735838413238525
34	0.6439387202262878
35	0.595148503780365
36	0.6529881954193115
37	0.6811539530754089
38	0.6336365938186646
39	0.6349431276321411
40	0.655005931854248
41	0.6172942519187927
42	0.638518214225769
43	0.6640980243682861
44	0.6536736488342285
45	0.6980223655700684
46	0.5896946787834167
47	0.6097275614738464
48	0.6275171637535095
49	0.6768084168434143
50	0.6376437544822693
51	0.5889943838119507
52	0.6755529642105103
53	0.58297199010849
54	0.5893023610115051
55	0.624082088470459
56	0.620500922203064
57	0.5416105389595032
58	0.5989745855331421
59	0.6070523858070374
60	0.6205415725708008
61	0.6047784090042114
62	0.6096494197845459
63	0.612593948841095
64	0.6453278660774231
65	0.6261885166168213
66	0.6014515161514282
67	0.6056287884712219
68	0.5763252973556519
69	0.6158753633499146
70	0.6091771125793457
71	0.6962391138076782
72	0.6602680683135986
73	0.5460529923439026
74	0.6267074942588806
75	0.6772738695144653
76	0.6501556634902954
77	0.6256535053253174
78	0.6722834706306458
79	0.5843514204025269
80	0.5807197690010071
81	0.673560380935669
82	0.5981214642524719
83	0.5366621613502502
84	0.5908955335617065
85	0.7074093222618103
86	0.617103636264801
87	0.5576063394546509
88	0.6808933019638062
89	0.5572757124900818
90	0.6053504943847656
91	0.6672905087471008
92	0.7051500082015991
93	0.6090471744537354
94	0.6322773694992065
95	0.6492068767547607
96	0.5867093205451965
97	0.6079738140106201
98	0.6014674305915833
99	0.560271680355072
100	0.6589409112930298
101	0.6177449226379395
102	0.6431606411933899
103	0.6590752601623535
104	0.6375174522399902
105	0.5505911111831665
106	0.5802801251411438
107	0.6164395213127136
108	0.60212641954422
109	0.5979964137077332
110	0.6493432521820068
111	0.6205393075942993
112	0.6537437438964844
113	0.7029066681861877
114	0.5872188210487366
115	0.6196327805519104
116	0.6044274568557739
117	0.6368672251701355
118	0.5355992913246155
119	0.6714426279067993
120	0.6290438771247864
121	0.5931933522224426
122	0.6391598582267761
123	0.5689458250999451
124	0.6303223371505737
125	0.6992533206939697
126	0.6456295847892761
127	0.6139807105064392
128	0.7028801441192627
129	0.5796874165534973
130	0.6107723116874695
131	0.6068778038024902
132	0.7253548502922058
133	0.6289420127868652
134	0.6323084235191345
135	0.6256069540977478
136	0.5830290913581848
137	0.6271570324897766
138	0.5952277779579163
139	0.6140907406806946
140	0.579659640789032
141	0.5980247855186462
142	0.6022133231163025
143	0.604307234287262
144	0.5785079002380371
145	0.6503675580024719
146	0.6696484088897705
147	0.6796947121620178
148	0.6220709681510925
149	0.6592905521392822
150	0.591996967792511
151	0.6524439454078674
152	0.6271758079528809
153	0.6395082473754883
154	0.6896389722824097
155	0.669638454914093
156	0.5786007642745972
157	0.6945638656616211
158	0.6348103880882263
159	0.6366159319877625
160	0.582401692867279
161	0.577951192855835
162	0.6309557557106018
163	0.5597890615463257
164	0.5340549349784851
165	0.5929343700408936
166	0.6342805624008179
167	0.5565083622932434
168	0.7480075359344482
169	0.6675509810447693
170	0.6303699016571045
171	0.6154080629348755
172	0.5984578132629395
173	0.7723868489265442
174	0.654668927192688
175	0.6622613668441772
176	0.5955526828765869
177	0.682230532169342
178	0.6690413355827332
179	0.6240002512931824
180	0.6038028597831726
181	0.6383601427078247
182	0.5742081999778748
183	0.5501673817634583
184	0.6002129316329956
185	0.6846514344215393
186	0.6122187376022339
187	0.6094787120819092
188	0.5873915553092957
189	0.6153345704078674
190	0.6089292764663696
191	0.6396684646606445
192	0.6602418422698975
193	0.6046142578125
194	0.6307640075683594
195	0.6300548911094666
196	0.6471193432807922
197	0.625004768371582
198	0.6917945742607117
199	0.6102415323257446
200	0.6909242868423462
201	0.6417083740234375
202	0.5543588995933533
203	0.5653981566429138
204	0.7023676633834839
205	0.5940582752227783
206	0.5626181960105896
207	0.5535416007041931
208	0.5741445422172546
209	0.5791898965835571
210	0.6394788026809692
211	0.5974286198616028
212	0.6553401350975037
213	0.5865947604179382
214	0.6041485071182251
215	0.689785361289978
216	0.6134331226348877
217	0.6423078775405884
218	0.6101506948471069
219	0.5375576019287109
220	0.620686948299408
221	0.6049745082855225
222	0.6556452512741089
223	0.6264712810516357
224	0.6146119236946106
225	0.5715148448944092
226	0.5916836857795715
227	0.6090923547744751
228	0.5874422788619995
229	0.6609252691268921
230	0.5637832283973694
231	0.6297951936721802
232	0.5901706218719482
233	0.6260659694671631
234	0.5921919345855713
235	0.6196090579032898
236	0.6864821314811707
237	0.6768296957015991
238	0.6533209085464478
239	0.6003348231315613
240	0.7129945158958435
241	0.7111229300498962
242	0.7054073214530945
243	0.6342115998268127
244	0.6798447966575623
245	0.6381573677062988
246	0.6535452008247375
247	0.6372545957565308
248	0.6518592238426208
249	0.654844343662262
250	0.5566186308860779
251	0.6074119210243225
252	0.6387667655944824
253	0.6105981469154358
254	0.6109312176704407
255	0.6065978407859802
256	0.5908739566802979
257	0.6589236259460449
258	0.5785726308822632
259	0.5649047493934631
260	0.6692559123039246
261	0.624720573425293
262	0.6313101649284363
263	0.566018283367157
264	0.576237678527832
265	0.5915090441703796
266	0.6198828816413879
267	0.7011335492134094
268	0.5902480483055115
269	0.5927249193191528
270	0.5677521824836731
271	0.6273848414421082
272	0.6347980499267578
273	0.588870644569397
274	0.6226537823677063
275	0.6059829592704773
276	0.6605751514434814
277	0.6211374402046204
278	0.6565320491790771
279	0.7339398264884949
280	0.6357223391532898
281	0.6290948390960693
282	0.6197224259376526
283	0.5170148015022278
284	0.6148867011070251
285	0.6626700162887573
286	0.6089188456535339
287	0.5963758230209351
288	0.7278047800064087
289	0.5900267958641052
290	0.5839500427246094
291	0.7978000044822693
292	0.5958529114723206
293	0.6528086066246033
294	0.5824750661849976
295	0.6015586256980896
296	0.5716078877449036
297	0.5935208201408386
298	0.6661577224731445
299	0.5809845328330994
300	0.5913099646568298
301	0.7037707567214966
302	0.6657892465591431
303	0.6070338487625122
304	0.6277928948402405
305	0.7094064354896545
306	0.6625835299491882
307	0.6516636610031128
308	0.6578318476676941
309	0.6765023469924927
310	0.6269079446792603
311	0.5913954973220825
312	0.6017556190490723
313	0.6599186062812805
314	0.6883466243743896
315	0.7025555968284607
316	0.6964234113693237
317	0.6742211580276489
318	0.5582504868507385
319	0.6107187867164612
320	0.703538715839386
321	0.640870213508606
322	0.6469628214836121
323	0.612847626209259
324	0.5351951122283936
325	0.6644454598426819
326	0.6822301745414734
327	0.6471739411354065
328	0.6804249286651611
329	0.6149073839187622
330	0.5497799515724182
331	0.5820796489715576
332	0.6625639796257019
333	0.6194787621498108
334	0.6080830693244934
335	0.6800406575202942
336	0.6454766392707825
337	0.6061088442802429
338	0.5869386196136475
339	0.6509675979614258
340	0.602301836013794
341	0.6320613622665405
342	0.6091247200965881
343	0.5993513464927673
344	0.6788176894187927
345	0.5621355175971985
346	0.6151779294013977
347	0.6497891545295715
348	0.6683463454246521
349	0.653262197971344
350	0.5480712056159973
351	0.581482470035553
352	0.6087433695793152
353	0.6100891828536987
354	0.637283444404602
355	0.7124148607254028
356	0.5489916205406189
357	0.5857940912246704
358	0.5929451584815979
359	0.6887444853782654
360	0.6247207522392273
361	0.6259536743164062
362	0.657410740852356
363	0.5762253403663635
364	0.6430996060371399
365	0.6890318393707275
366	0.5872202515602112
367	0.6137849688529968
368	0.5941596031188965
369	0.5854089260101318
370	0.726504385471344
371	0.5606303215026855
372	0.6777617335319519
373	0.6642724275588989
374	0.6006576418876648
375	0.6696465015411377
376	0.6196004748344421
377	0.584740936756134
378	0.6294387578964233
379	0.5772822499275208
380	0.5778020620346069
381	0.6387988924980164
382	0.6148028373718262
383	0.5534481406211853
384	0.6486436128616333
385	0.6258705854415894
386	0.5941506624221802
387	0.554349422454834
388	0.602220356464386
389	0.6158658266067505
390	0.6671503782272339
391	0.5902303457260132
392	0.6987790465354919
393	0.7058154940605164
394	0.6139897704124451
395	0.6423041224479675
396	0.6728966236114502
397	0.6289542317390442
398	0.6119070053100586
399	0.6607621312141418
400	0.6097906827926636
401	0.6368345618247986
402	0.594274640083313
403	0.7471189498901367
404	0.6255349516868591
405	0.702085554599762
406	0.6567912101745605
407	0.5865079760551453
408	0.6818060874938965
409	0.6893542408943176
410	0.690251350402832
411	0.5542587637901306
412	0.6394601464271545
413	0.5838370323181152
414	0.6688792109489441
415	0.6129428148269653
416	0.6455451250076294
417	0.6603131294250488
418	0.6923872232437134
419	0.6313443183898926
420	0.5693486928939819
421	0.6130343675613403
422	0.6350656151771545
423	0.7021173238754272
424	0.6305492520332336
425	0.6713070869445801
426	0.6886077523231506
427	0.6717511415481567
428	0.6411961317062378
429	0.6007334589958191
430	0.5996743440628052
431	0.6706227660179138
432	0.6121943593025208
433	0.5968983173370361
434	0.7536315321922302
435	0.5973668098449707
436	0.6894553899765015
437	0.5391824245452881
438	0.6490063071250916
439	0.624359130859375
440	0.6324977278709412
441	0.5545915961265564
442	0.6515324115753174
443	0.630803644657135
444	0.6834784150123596
445	0.6142960786819458
446	0.6053651571273804
447	0.6813828945159912
448	0.6840021014213562
449	0.6334136724472046
450	0.5306078791618347
451	0.6934725046157837
452	0.6520715951919556
453	0.6037964224815369
454	0.5625856518745422
455	0.6661138534545898
456	0.6033340692520142
457	0.6131917834281921
458	0.5821182131767273
459	0.7130465507507324
460	0.5869148969650269
461	0.6535931825637817
462	0.7282257080078125
463	0.7540438175201416
464	0.6878164410591125
465	0.6586524248123169
466	0.6424494981765747
467	0.6456087231636047
468	0.6537516117095947
469	0.7589799761772156
470	0.6814835667610168
471	0.6356497406959534
472	0.6502946019172668
473	0.6285375952720642
474	0.6507335901260376
475	0.6727111339569092
476	0.634256899356842
477	0.6163567900657654
478	0.5844587087631226
479	0.6441116333007812
480	0.6579608917236328
481	0.5572314262390137
482	0.6553254127502441
483	0.634438157081604
484	0.7048360109329224
485	0.596578061580658
486	0.6610094308853149
487	0.5710915923118591
488	0.6977912187576294
489	0.6239001154899597
490	0.6500703692436218
491	0.6881378889083862
492	0.6206145882606506
493	0.6102616786956787
494	0.6271526217460632
495	0.5508299469947815
496	0.5653234720230103
497	0.6961618065834045
498	0.6774362921714783
499	0.6883388757705688
