0 4.907325261601937
1 4.564082858762128
2 6.737220716993865
3 4.647661173181721
4 4.55464861875206
5 4.6363602496371525
6 5.231034256159794
7 5.123183831091204
8 4.972289583531809
9 4.662218083860099
10 4.854447064462746
11 6.355293208005842
12 4.011874583002129
13 4.226139562925891
14 4.278176739970132
15 5.673874715853444
16 5.3426635630626995
17 4.969700355379482
18 4.784293529695825
19 5.133860429457371
20 5.298862601635374
21 4.744939886316542
22 5.579942407020374
23 6.865259748204802
24 5.003452234950111
25 5.6607760678262755
26 4.649004753455991
27 4.92600875267332
28 5.719293665712105
29 4.815576464535599
30 5.114405823705186
31 6.325162349661218
32 4.560153572934336
33 4.99928481821019
34 5.660055054301745
35 4.525459560184304
36 5.022296080650418
37 6.476458836092578
38 5.097312165455649
39 7.166486940151568
40 4.676312833428831
41 4.129779125710821
42 5.308846690733839
43 4.789411577596149
44 5.704225708835831
45 5.4885456071163965
46 5.830717962566293
47 5.290295990030962
48 4.90490845829151
49 5.0631069415793295
50 6.078861017906731
51 5.426322735725162
52 4.720253157643174
53 5.944058961666857
54 4.955420734656951
55 6.0513639435719995
56 5.3164938284627326
57 4.650783943525752
58 6.151423900737893
59 4.560976978372617
60 5.448146880453057
61 4.545265573925865
62 5.715934288368795
63 5.978478616549497
64 5.261140885922542
65 5.8531169593051295
66 6.09594006504989
67 6.1729153813084725
68 5.425109247082952
69 4.674113708069488
70 5.070881802501023
71 5.572595875013935
72 5.323533442224318
73 6.48681530940702
74 6.9764833837563724
75 6.80859057271542
76 7.449424496771511
77 6.767995863310377
78 7.341199209890291
79 7.444563592749087
80 6.684563227384927
81 6.264183175050943
82 4.841033158879196
83 4.946149017127895
84 5.073750695228391
85 4.1228693186473455
86 3.929857579199516
87 4.372857932028914
88 4.813265861312675
89 5.249372336169413
90 4.526116720573009
91 5.600136608039467
92 5.245098164357727
93 5.748551456952245
94 3.9926056367037432
95 4.728620874032025
96 4.6468885476255775
97 4.974775544594521
98 5.516730374218357
99 4.971552009917481
100 5.13060140544708
101 5.368464807383893
102 6.185571887709043
103 5.351079237641857
104 5.035758370476244
105 6.845746407303548
106 4.868535280824842
107 4.939462026575817
108 4.699927296623411
109 6.287411942742411
110 5.069215412745952
111 4.371964890305169
112 4.357989264335969
113 5.376406653137499
114 4.89204492402756
115 6.25782325688981
116 4.715168897040257
117 4.647937421024481
118 4.527521801106313
119 4.730347573041562
120 5.796268516832322
121 5.605514393059183
122 5.074499311326139
123 6.762044740148647
124 5.519871391141855
125 4.589180247851567
126 4.651901736075737
127 5.126634590995919
128 4.266081231394631
129 4.888235833194483
130 4.7893723618887005
131 4.787414148728386
132 5.722799307348389
133 4.734473804828302
134 5.808648602774557
135 5.394552030396793
136 5.451744378065076
137 6.886145469977597
138 6.599328603651632
139 5.920665435310852
140 4.393675543360139
141 5.164168116068871
142 5.518675640975563
143 5.926842756364562
144 4.7677277517850225
145 5.494172818510351
146 5.545822344577498
147 4.960135600576552
148 5.341002986108025
149 5.714814073166776
150 7.213317472526543
151 6.484606594406323
152 5.768814742673744
153 5.384716722903092
154 4.6951796540925566
155 4.5599450263052015
156 4.7129718091671435
157 4.7903680141374165
158 4.862272265502186
159 4.7402482143605384
160 4.974753998315378
161 4.498495762006407
162 4.635022804912108
163 4.734530031868014
164 4.9119911175485536
165 5.20487669702529
166 4.564868748098308
167 4.822325611193714
168 4.698148645775003
169 4.995588630029424
170 4.937501209324242
171 5.313362858804206
172 4.5486030622194455
173 7.015857337359892
174 4.9448322429389675
175 6.06166457135745
176 4.216203138014196
177 4.891318703084198
178 3.9028007226234247
179 4.510365985011109
180 4.420898150475096
181 4.168327231000202
182 4.799650177518843
183 4.443528633937397
184 4.535089561090631
185 4.50699835760567
186 4.314323107980784
187 6.1241235323666885
188 5.045258846842754
189 4.421663256586591
190 4.353386386730231
191 4.230827847022622
192 4.749298160054023
193 4.880047005751894
194 4.390294109772879
195 6.146491149006231
196 6.336781699615832
197 6.406274810127812
198 4.634979006654415
199 5.120752556544008
200 5.96268923778902
201 4.330525571978726
202 5.792222236060403
203 5.029188124519424
204 4.432467958553985
205 4.2074956347695
206 4.56022221847298
207 4.173535218992463
208 5.035197675432786
209 4.020832297057865
210 4.355813817725429
211 4.976325568448649
212 5.659027858682921
213 6.717691276660026
214 4.699002586475892
215 4.714456138957885
216 4.341684158794743
217 4.110472012058108
218 5.429975448146109
219 6.636000892259312
220 4.764681425901203
221 5.336161742979141
222 6.193109121213045
223 4.806782384056842
224 4.428641397824314
225 4.552555917593396
226 5.142751974527454
227 4.577799894960411
228 4.328767999224877
229 4.290987872552846
230 6.242703454354963
231 4.107729385474445
232 4.077946063006354
233 4.415439886090421
234 4.723031547037737
235 3.9812824566726515
236 6.742101032736451
237 4.28012185696817
238 5.116573829857438
239 5.524024924915966
240 4.487187283960685
241 4.36821155555443
242 6.854902983222299
243 5.461725769478473
244 6.071721788638941
245 5.257816057206474
246 6.776335109485103
247 5.151241302000197
248 5.186664506596024
249 5.024539824463232
250 6.775640074439654
251 6.133514188545246
252 4.679872919144414
253 4.590112959468231
254 6.250244192550389
255 5.677717267449303
256 6.772343649264668
257 6.677991410926163
258 5.910041427694115
259 4.917076823187208
260 5.497458955980718
261 6.842565507893978
262 4.577454446540649
263 6.428160079581534
264 5.416484009077632
265 6.183931100901641
266 4.35679130531547
267 7.306246130526361
268 3.9321449181164776
269 4.759006462351669
270 5.426800317745763
271 6.778565034861693
272 4.571340851044446
273 5.370139719156478
274 5.3133859876372815
275 7.23231759136292
276 5.188600114636098
277 5.991179109379638
278 6.176171586336355
279 4.785549711358446
280 6.334580455141919
281 5.408604104069828
282 6.452588766785426
283 4.800308339628317
284 5.069245937455278
285 4.675825977132076
286 6.215809601392492
287 5.9470269081494385
288 6.369246734532788
289 4.437468386832584
290 5.731001327359709
291 5.499565802589705
292 5.555563985811616
293 4.838022066558558
294 4.742437540318316
295 5.392741320543685
296 4.770663171285838
297 4.216008987623379
298 4.995162175213463
299 5.275162264566621
300 5.750006963259313
301 5.136354327159832
302 5.127965554588479
303 4.785367974408289
304 4.970274278366876
305 7.381739208487163
306 5.009338928614328
307 4.86277111907581
308 5.010151390124112
309 6.031802527564996
310 5.094156503137378
311 4.62212992012522
312 4.953457595624891
313 4.708221345546677
314 7.546118336685616
315 4.654066327723704
316 5.171349194263098
317 7.626286776226422
318 4.62005967767977
319 4.928434410227895
320 4.946831410456292
321 5.214493173974653
322 4.01425418264774
323 4.216599052151818
324 4.356438171515258
325 4.037831198741975
326 7.464087411279984
327 4.950947977072819
328 4.909698061820393
329 5.603935690878247
330 4.986947362962713
331 4.962249348149849
332 4.572084870997597
333 6.338179173347474
334 4.360221719969723
335 5.771557855135877
336 5.436018770040943
337 4.777852618088875
338 4.683265666812951
339 4.801860919343748
340 5.05132105997906
341 5.474019005898147
342 5.2760631242533975
343 4.148276503067802
344 4.504916044093609
345 5.161959816143488
346 5.09085313749879
347 5.7168305340010255
348 5.107260233566814
349 4.820929857461461
350 5.118486969248697
351 4.401227478568092
352 5.085176294590373
353 4.134216918291319
354 5.217822605125212
355 5.016629746461465
356 4.066298755302698
357 4.906892735101618
358 5.656931867447913
359 5.6053746968662495
360 4.871259077285662
361 5.365292048257357
362 5.270090980452001
363 5.231490047086459
364 4.392503318699857
365 4.452212793804247
366 4.376459241149831
367 4.8203810403874945
368 6.216875544359194
369 7.359758135178051
370 5.391049064608436
371 4.947905056702093
372 5.110492130506587
373 4.57511989316567
374 5.051781427834877
375 5.22691899157195
376 4.847224426954647
377 5.506427822373926
378 7.184817117374872
379 7.241162477953162
380 7.06530018790967
381 5.5639020545605264
382 5.323684807623674
383 4.738572667629816
384 4.254920322484994
385 6.215864550895662
386 5.027531775202904
387 4.215136186705116
388 5.104948544643398
389 5.397149121175814
390 4.612955182557427
391 4.504061317074283
392 5.658470245005507
393 5.01758436935918
394 4.638089192102959
395 5.8041651215995715
396 6.147073027909093
397 5.009683748396201
398 5.121324113922297
399 4.946683114449634
400 4.643570430124802
401 5.677546546820093
402 4.240386113981096
403 6.135432451172593
404 5.026415240178715
405 6.309969236250361
406 5.844060957834264
407 4.712291805962916
408 4.628508460889362
409 4.835636667156722
410 5.486860185743121
411 4.588258265689659
412 4.162264916115544
413 4.559905147054909
414 4.5783584495134715
415 5.4803015039235765
416 5.7997713395265835
417 4.385708967629765
418 5.246912680894921
419 5.13727970030397
420 5.761033286836562
421 5.064807802789865
422 5.252464573206559
423 5.119902444963399
424 4.998105477039908
425 5.27912286462261
426 4.695161867094904
427 4.384267570604616
428 4.831826232297018
429 6.556216685237285
430 4.587149316731411
431 5.0702836126937445
432 5.786883833042933
433 4.840034700890969
434 4.313480323246389
435 5.128040446153741
436 4.3810895003045225
437 4.267776615318289
438 5.303290679192879
439 4.69301300560186
440 4.2586715889707145
441 5.054565615555704
442 4.6582691982112125
443 5.858231187055515
444 4.107340585075083
445 5.060419216495283
446 4.283787420014623
447 5.028288642545592
448 6.571533674242173
449 5.201190803446219
450 6.616749448232053
451 5.680384415524813
452 8.04564147025258
453 6.348531394426746
454 4.914710026881298
455 6.9451482901489
456 4.54152707515949
457 4.39847142210056
458 4.351961608494418
459 5.51691976886808
460 6.681860900368756
461 4.632540799171915
462 4.912749010449082
463 4.851470590308691
464 5.407128747282931
465 5.846006363657433
466 5.508342117048475
467 5.914099704616545
468 5.462715710350328
469 5.835911356262905
470 6.986864846823084
471 6.5388586108464315
472 6.963035905141887
473 5.000535509009765
474 5.968992430543568
475 4.855060486300373
476 6.785463722530882
477 4.758966491199629
478 7.671873121889462
479 4.689326118199401
480 5.055786353377888
481 4.6954384885893115
482 5.478756361648274
483 5.85208730312533
484 6.033187191701985
485 4.873480233525916
486 5.756979536165401
487 5.7145400731582
488 4.609440621159812
489 4.999671783255213
490 4.376470081131063
491 4.338752642075783
492 4.215684088293191
493 4.772217126692299
494 4.043112666244457
495 4.467507790356103
496 4.328353090746175
497 4.184008819267112
498 4.42448436878147
499 3.461142741708961
