0 3.9476170335046588
1 4.491984680376882
2 3.737039217312611
3 4.221944569942101
4 4.3058176589432104
5 3.7692462819479355
6 4.186071232515638
7 4.021768000016318
8 4.113996959628827
9 4.053746336779554
10 4.047460361552257
11 4.938215914025483
12 3.962836778259796
13 4.235760794695168
14 4.122830441167459
15 4.53499530572425
16 4.4153898474879805
17 3.964314944672728
18 4.3619793613850355
19 4.286734124000281
20 4.23511821146304
21 4.14242658954559
22 4.546969364854128
23 4.465808712183988
24 3.9098701234598714
25 4.566557367879191
26 3.8774378014726447
27 4.772942380419514
28 4.201593358086107
29 4.569109916020782
30 4.1241819312586285
31 4.536135554714589
32 4.365025054687891
33 4.327916052856245
34 4.219135092827738
35 4.2598341733800895
36 4.134057215915418
37 4.351467931713238
38 4.061506689239576
39 4.040830727674407
40 4.137441592605901
41 4.316416047573795
42 4.695116711908897
43 3.946524196835297
44 4.020367511244605
45 4.140808460299821
46 4.148280228074163
47 4.423908753248456
48 4.527839761786137
49 4.03993885244678
50 4.536214546752972
51 4.082380276546552
52 4.49978339664898
53 4.251821790650392
54 3.987265223811677
55 4.250091386509526
56 4.349392251853297
57 4.303137716142985
58 4.604874890408078
59 4.248510750163572
60 4.385932212522236
61 3.8704755780578677
62 4.11752664420417
63 4.347982462439707
64 4.330064476659351
65 4.467217096529677
66 3.628278442438049
67 4.108876836382417
68 4.5085166242702845
69 4.211611069399393
70 4.509738435597546
71 3.8597977973355095
72 4.038644775788374
73 4.028814370669158
74 4.1703891162855165
75 3.840030937669354
76 4.314176359688031
77 4.303435347466399
78 4.64642368669118
79 4.130749652358694
80 4.2705330450491115
81 4.4270446972135495
82 7.018700358023787
83 6.188589023048349
84 7.796257779453283
85 7.139135087217042
86 7.027650281669715
87 4.569659566721928
88 5.110636189865589
89 4.737344825727084
90 4.608634514650722
91 4.501356334280544
92 3.8128411520710577
93 5.104652028147278
94 4.677181922871482
95 5.404983951969316
96 4.626794233014337
97 4.869328081063021
98 5.930311693049996
99 4.871616070358219
100 4.888412789492988
101 5.632786089477679
102 5.482688348970907
103 5.477118536185564
104 4.036163077040779
105 4.702547423052125
106 4.921868536674511
107 4.681007547816645
108 6.422258922008343
109 4.256902492562699
110 4.813772571282002
111 4.898485488048981
112 4.913753693056247
113 7.26666936866542
114 6.478057530750559
115 7.052908541747635
116 5.240588368328071
117 6.222794517429659
118 6.724413217257007
119 5.026442155873166
120 4.012070778428532
121 4.347861709131322
122 4.245192174628812
123 4.556035377292554
124 4.118702886260972
125 4.741228114684426
126 4.256914605498591
127 4.221391243912471
128 4.074933915919844
129 4.505685152563781
130 3.903744335160883
131 4.053200905724651
132 4.159368779103812
133 4.335544687918998
134 4.358937083783281
135 4.081615598080619
136 4.143570273855289
137 4.44439663743526
138 4.415274218028064
139 4.586973565828252
140 4.6359576971915875
141 4.485151988883008
142 4.072731292872749
143 4.085755140077323
144 4.288807257993316
145 4.01419144116351
146 3.8642044283875645
147 4.111422281016504
148 3.841944436555832
149 3.790544877197934
150 4.2490760529859655
151 4.141898863326218
152 4.362589398246027
153 4.537207519996708
154 4.131868397182498
155 4.076087921445128
156 4.336848471145622
157 4.459608076240094
158 4.3606433492467405
159 4.495582331235045
160 4.148258502808626
161 4.2029522834182815
162 4.123047933117116
163 4.253131307722595
164 4.624040739994146
165 4.3726314335388485
166 4.6574285561795525
167 4.71855467376946
168 4.035468143351511
169 4.209840348127157
170 4.1401355929805685
171 4.593639261574917
172 4.611133982702166
173 4.2157830524033235
174 4.524887446058927
175 3.822227871696296
176 3.657519743242989
177 4.068905642481036
178 4.085376715078233
179 4.237776829248335
180 4.030225220235185
181 4.480814009022921
182 4.596591608873101
183 4.30063191180172
184 4.157967813570218
185 4.121310604700309
186 3.609463130394967
187 4.268942284759339
188 4.183190128981788
189 4.186957379055897
190 4.262679542457816
191 4.1135087217101685
192 4.2932861799567705
193 3.9184868554654027
194 4.32421578760282
195 4.213746076574803
196 4.180563486846019
197 4.28983652862045
198 3.8301346606732687
199 4.326243594247778
200 4.325753995807917
201 4.224513100510884
202 4.172348155974042
203 4.282415765394251
204 4.199700264063957
205 4.163960841591629
206 4.379658509961046
207 4.163026031598988
208 4.109686222810114
209 4.42565382786174
210 3.9989473028283533
211 4.530375226133787
212 4.20727824595023
213 4.440092399783483
214 4.289209049915509
215 4.216913736775781
216 3.912876665881511
217 4.560079288812268
218 4.496404829499176
219 4.3404040183700445
220 4.298616342895552
221 4.38728623648286
222 4.473973768233023
223 4.416530534074976
224 4.544055682043495
225 4.407198900837505
226 4.046601525867858
227 4.657053365239803
228 4.413294827091565
229 4.463255184868937
230 4.561862813923319
231 4.372898322512201
232 4.238612900880932
233 4.570927775676346
234 4.050748482291266
235 4.081063739165385
236 4.501782946164996
237 4.0344646745761015
238 4.371221153882654
239 4.48272754169939
240 4.403332338746169
241 4.257394967790458
242 4.354019218646165
243 4.228629598645644
244 4.749517649110012
245 4.479497510431522
246 4.338543724088789
247 4.480687493345335
248 4.315007407798627
249 4.13694675836079
250 4.569272776501144
251 4.553896161491834
252 4.5010655947313145
253 4.190276114351545
254 4.117679975240357
255 4.2511445938368855
256 4.195163378303511
257 4.160020429193847
258 4.715559437395177
259 4.210087361441522
260 4.351771271385198
261 4.3804786479160605
262 3.897057605941124
263 4.065856879272261
264 4.169981103742086
265 4.718079010362458
266 4.350837443570098
267 4.463441552049425
268 4.397151149745511
269 4.487505756565654
270 4.208039060188735
271 3.810140604973522
272 4.519573651346868
273 4.131675629829052
274 4.551514389508369
275 4.68215797668727
276 3.871662676718188
277 4.091399596268989
278 4.421439193050391
279 4.331349581803895
280 3.653543107811524
281 4.306825475281964
282 4.293516836505837
283 4.709262841877087
284 4.363660681007525
285 3.85651168280246
286 4.596203509090004
287 4.225960705718861
288 3.9349111167151785
289 4.221127571108311
290 4.336813283084494
291 4.0060873996029915
292 4.056612939639654
293 3.8547110828835933
294 4.057391249733362
295 4.391578892578819
296 4.064656419001857
297 4.237812804129732
298 4.439196524911065
299 4.510654420847428
300 4.085157046719175
301 4.14479040928142
302 4.219864290823245
303 4.1512752171655976
304 4.170296456077728
305 4.028745855515416
306 4.486077747020335
307 4.3844444842814525
308 4.216516741013546
309 3.729898468866702
310 4.419655359260324
311 4.451398969724254
312 4.02916565794243
313 4.199645890964299
314 4.257497907745159
315 4.012140534101671
316 3.948737912574371
317 4.591455343325209
318 4.265005794399664
319 4.405974063758464
320 4.306392469901786
321 4.339898259940323
322 4.353170265411992
323 4.3385485830617805
324 5.7120334707015035
325 4.4110542744246946
326 4.3401355486798305
327 4.4129713251359135
328 3.98352409913197
329 4.1364272008247385
330 3.9308703925845228
331 4.489336201975461
332 4.354896655494756
333 4.380299335127281
334 4.372610511224715
335 4.406462153038631
336 4.267308992647651
337 4.36478693493046
338 5.389671177295803
339 4.2491659868268234
340 4.321790655322034
341 4.21209062460173
342 4.407601977033821
343 3.8764897570953605
344 4.363122884662703
345 4.191698639814496
346 4.273920391227787
347 4.021951948319436
348 4.357422370742123
349 4.221913194976417
350 4.49786132212319
351 4.051936316708928
352 4.203677855251724
353 4.27032233717869
354 4.369953675136718
355 4.192440434711055
356 4.51458682565148
357 3.9169044317029598
358 4.090463586882181
359 4.093671104475428
360 4.5218487580337605
361 3.920341938511953
362 4.431369822692496
363 4.380008575515308
364 4.202567240867836
365 4.202116899772125
366 4.109273792234113
367 4.423344842734465
368 3.943230073766929
369 5.562860313962595
370 3.979462572027534
371 4.474279980420438
372 4.172148828793738
373 4.381355994087131
374 4.13076578823865
375 4.458720155510447
376 4.189651952599114
377 4.2171150134556195
378 3.9573661967385907
379 4.154712637186097
380 4.196311606278815
381 4.038927780280214
382 3.9119063490462875
383 4.127256642322289
384 4.211553681104865
385 5.210446811139834
386 4.25837256309996
387 4.422234152218656
388 4.4794410724131035
389 4.288566585231605
390 3.8477670334837346
391 4.4332878467161665
392 4.343573161335781
393 4.5933632914300375
394 4.279355589907576
395 4.280219366196253
396 4.534908777132195
397 3.9658705653311315
398 4.27652307758912
399 3.8034408941087974
400 4.076158965400286
401 3.7997993498255616
402 4.125821725595885
403 4.383955072551139
404 4.193530535674273
405 4.404988815218561
406 4.239035165625991
407 4.481700968055475
408 4.103684981265652
409 4.39455134484379
410 4.335951106706449
411 4.29845641513592
412 3.9685095324390622
413 4.477475147250455
414 4.102280822281377
415 4.3352752986074234
416 4.238675818157936
417 4.156847828655253
418 4.197483260373446
419 4.97543720182553
420 5.204367629334763
421 4.41817730230312
422 4.160845307546357
423 4.223410448275773
424 3.9229516446160893
425 4.204186228892938
426 4.124575419317246
427 4.077046234604699
428 4.017012094843994
429 4.309823238441799
430 4.424615603843876
431 4.257835499806328
432 4.3199044001505875
433 4.0390791690872225
434 4.277067585298075
435 4.107233935995577
436 4.476415216607667
437 4.475138711316163
438 4.119501967130338
439 4.28022703678291
440 4.3392318940009185
441 4.327998455971013
442 3.9724237813672243
443 4.163215901865339
444 4.059263192923344
445 4.424051343191458
446 4.17439006174909
447 4.4141171781901525
448 4.2132710918493315
449 3.9972529094387195
450 4.653394859395276
451 4.35370645408046
452 4.397754549424363
453 4.214377530970009
454 4.241790660153928
455 4.325450684111937
456 4.156842551829605
457 4.2322392619650815
458 4.397313304557527
459 4.454679517020064
460 4.560810117421227
461 4.419951575047014
462 4.329902507255483
463 4.217135291968006
464 4.150686021221944
465 4.1241295543179834
466 4.048844906223756
467 4.414677568630225
468 3.949432401871091
469 4.270582364950781
470 4.291980230867916
471 4.362211907581292
472 4.191187621910092
473 4.443230838556062
474 4.187154663467271
475 4.257731592761971
476 4.489472293255184
477 4.359292940796324
478 4.3606897296014955
479 4.3336782292888945
480 4.447063664472384
481 4.326683882718744
482 3.9415585279104177
483 4.1408892089277085
484 4.371653349115456
485 4.128824550002583
486 4.108530205435348
487 4.077565156485798
488 4.36219687366326
489 4.344844005207705
490 4.080458143704941
491 3.8692648087469306
492 4.286431053110802
493 3.8793556738217974
494 4.1478847405517385
495 4.497696471789569
496 3.890467369646342
497 4.136494899597618
498 4.504190832528018
499 4.4948219632582775
