0 3.6734899957379987
1 6.282544231413514
2 3.9574111177431646
3 3.2088720756572857
4 3.620567750502887
5 3.636454468183298
6 3.180304997960925
7 3.6105626881780033
8 3.1540865488589884
9 3.367719200184329
10 3.716338526942585
11 3.89119029752955
12 3.5198769975737942
13 5.194670956484354
14 3.1236105443889497
15 4.008343222616677
16 3.64259356076814
17 3.864203744423329
18 3.835836584660806
19 3.7047727000787676
20 3.9193137580091575
21 3.671888075868149
22 5.29150202515366
23 3.682216762876783
24 3.886141372556858
25 3.8263583215087973
26 4.00586539343678
27 3.581264464005456
28 4.0682086132722475
29 2.91494993884125
30 3.811660933267643
31 2.950597660287797
32 3.85051717532962
33 3.694267581603842
34 3.6082770257803007
35 5.676895435782731
36 2.848882126626263
37 3.3667274943986056
38 3.8389601805491385
39 3.844977282848407
40 4.237036328929568
41 3.242781809588584
42 3.868933811649093
43 4.065575488605733
44 3.7729157164234874
45 3.6707625370470507
46 3.920382142746413
47 3.269612184061021
48 3.6391416430297654
49 3.800210596421006
50 3.9032907519433757
51 3.7007373714158533
52 3.0306291751508416
53 3.8182081932856895
54 3.763664030928234
55 3.664129839050584
56 3.93496980383485
57 6.736179093144123
58 3.628702238354514
59 4.48980074260746
60 3.454779126054529
61 3.559386662026682
62 3.625120412463048
63 3.7227406336670925
64 3.113809948423611
65 3.841768073254953
66 3.911035126295981
67 4.142646073272015
68 4.046259155651524
69 3.8568552580758544
70 3.7318554921660154
71 3.765283005534886
72 4.142250879001802
73 3.4455170862629596
74 3.800048440380606
75 3.833807899755629
76 3.5847515349579084
77 4.517290086664103
78 3.369498478716176
79 3.6025669254707395
80 3.4776488411806703
81 3.458386725710975
82 3.862805534434202
83 3.009569044370093
84 3.5738314789292036
85 3.6147820697974287
86 3.8004042683888026
87 2.7996013596384564
88 2.9584681802057893
89 3.592145817844354
90 4.130938449384842
91 3.6153955741872
92 3.451614494469985
93 3.3851839164909987
94 3.608993382609844
95 3.622669836423003
96 3.588120215575836
97 3.907951288184285
98 3.7718384605755504
99 3.3205186987880606
100 3.603989061440921
101 3.5875772722947095
102 3.96194722090213
103 3.7153643207715894
104 3.3243605375775727
105 3.5960014146711115
106 3.2172410191455456
107 3.3439895338220986
108 3.5058206421603346
109 3.7672513609528315
110 2.6296060078026393
111 3.232326364039472
112 3.568491772927158
113 4.012165160986775
114 2.849200514712877
115 3.1090104342764677
116 6.611123330605867
117 3.2029782924065824
118 3.9897308827463682
119 3.9186977843780793
120 3.4193157079873355
121 3.77037615341271
122 3.1747907372566595
123 4.112120301123851
124 4.185172527490253
125 3.5440835064967717
126 3.754304549254747
127 5.1229051689965175
128 3.7002328620207416
129 3.5536245335033962
130 3.696938844550019
131 3.084879886483759
132 3.610723159352788
133 3.5523621276367066
134 2.94619718871667
135 3.641897490266973
136 3.979741089715178
137 2.8072882421159666
138 3.529218656043393
139 3.64079494752458
140 3.8018635786776716
141 3.3710688265645525
142 3.213261941843529
143 5.65834927956797
144 3.385191596857537
145 2.590975250170487
146 4.70344493508593
147 3.470124455294176
148 3.6251870636993013
149 3.2233193506698385
150 3.2370501832883627
151 3.4089988713109975
152 3.7637642775295572
153 6.454417610819703
154 6.979407139326373
155 8.175085098027386
156 7.792233021692808
157 7.295941778484
158 3.6248649159769526
159 6.6940379890249355
160 3.3984510491665887
161 3.9805785561892124
162 3.6102015636875975
163 3.7438089637340433
164 3.8331023957826904
165 3.517439917238904
166 3.684743169680895
167 3.1050085709827435
168 5.622587702914317
169 3.90594437565437
170 3.9048567183820135
171 4.9482054874725705
172 3.6478433282874367
173 3.8015961466970736
174 4.043933500266756
175 3.1616717397676517
176 3.919016857667293
177 3.856156178106911
178 3.81709215469197
179 3.471326416523277
180 3.5822565872558347
181 2.634620371953166
182 3.7304043881783344
183 3.67955508290736
184 2.9016562350510715
185 3.5826529561722174
186 3.48774673022624
187 3.0896070422089905
188 4.063353285030541
189 3.6393795768226256
190 3.0142703672291993
191 3.21521954932315
192 3.7252360821617843
193 3.821605211889481
194 3.1381680080619194
195 4.2472623863465
196 3.7587880535926104
197 3.7734253547325514
198 2.922810709562284
199 3.4853045844541897
200 3.865469895701272
201 3.095179584369303
202 3.8877536298136675
203 3.43689620855211
204 3.5526350870578427
205 3.4431096226062823
206 3.546173833969981
207 3.740941409831758
208 3.214052074548849
209 3.7593152110299237
210 4.512790424390967
211 3.1177458610866045
212 3.707268059592171
213 4.057084389294787
214 2.9752262791673254
215 2.9093061278212358
216 3.9359504177766973
217 2.8696844806088366
218 3.8963560324449986
219 3.598027204861889
220 3.8769741268859406
221 3.9957117080329683
222 3.5285680581982257
223 3.7256033275184564
224 3.88560396863276
225 3.4025016769169816
226 3.737881668820258
227 3.8231388040619962
228 3.373615615312151
229 3.7942101827316166
230 3.807536271950656
231 3.854811346057672
232 3.8127324141630647
233 3.876857322494903
234 3.85347029032385
235 4.553799284356456
236 3.5865182170865553
237 3.785131932856883
238 3.778386954766599
239 3.9613414989669424
240 4.26455133095749
241 3.6338656305163495
242 3.423337430148589
243 3.657755419082312
244 5.665850878506016
245 4.043012253910447
246 3.811191902193356
247 3.5847828506352437
248 3.8656463627401325
249 3.7897285078518785
250 3.766844222126854
251 3.628950538383228
252 3.521053442225849
253 3.489877063557645
254 3.9299132661262086
255 3.7228741218513526
256 6.896144136160556
257 5.713630864341207
258 2.875182772856987
259 3.7830707454452663
260 4.464464230822963
261 3.875437446002316
262 3.7979009763786613
263 3.970730809369597
264 3.2412160162812893
265 5.012237681611073
266 3.5063259495662624
267 3.840057683547297
268 4.027930443977685
269 3.5781827103591035
270 3.776737624981408
271 3.638175817403219
272 3.742148221663418
273 4.905953300432269
274 4.866911173261328
275 4.8757193810678
276 3.9070832999191247
277 3.266241230651795
278 4.084871344712574
279 3.4818573144812737
280 3.5576947981495057
281 4.74093527660663
282 3.8311954695041237
283 3.47248612365741
284 4.291508223750564
285 3.883816421942722
286 2.815944187094142
287 3.090462423639587
288 3.7071876634006653
289 3.4644954278205575
290 3.5757883970168387
291 3.728164781339295
292 3.93999816022775
293 3.7832941006970553
294 4.828031702062714
295 4.519594316812804
296 6.737752660516108
297 3.9821195550020767
298 5.5628359572201305
299 3.935140200273253
300 3.7148191407946807
301 4.731955181395733
302 4.4499658075326405
303 3.6671774005297553
304 4.830132637630382
305 3.687192244236543
306 3.1182123884439266
307 5.505061079374259
308 5.840157111642607
309 5.195587354111776
310 3.237004615344489
311 4.035648492174241
312 3.47033874314935
313 3.5064660453138106
314 3.7777834361348024
315 3.5485662472074675
316 3.9038705604022272
317 3.951836713262431
318 3.2029268392966577
319 3.651719296985845
320 3.7752635391180154
321 3.766567225694059
322 3.506831286761023
323 4.1208552263747436
324 3.674674985867794
325 3.4870512063885
326 3.942550028042233
327 3.73255617589847
328 3.5147498507457864
329 3.652144760567117
330 3.788546294366148
331 3.0460016256001214
332 3.504851416260642
333 4.533796606100214
334 3.877823756847585
335 3.9482234906058586
336 3.9670783005286805
337 3.836887212608289
338 3.995294493290688
339 4.032678745546538
340 4.6131939081254885
341 3.818949927388191
342 3.8052976379312793
343 3.807115674510381
344 3.243473567071086
345 3.8387872186475964
346 3.8052506509901907
347 3.5218440243760405
348 3.68263753137198
349 3.6307584783440436
350 4.05611385318068
351 7.948743468808169
352 7.371117375636476
353 7.571880683414556
354 3.6316882778287094
355 3.822427086233177
356 3.8014918493323897
357 3.9462538876166295
358 4.736988300759305
359 3.5981245258542915
360 3.5626278785597103
361 3.6494075720993577
362 4.018362691523252
363 3.2388607862163648
364 4.9969187545189575
365 3.646404757654714
366 3.591073247595931
367 4.097063630243878
368 3.639843248467058
369 4.022835363441454
370 3.7227707812719637
371 3.987714186914588
372 3.4291981529468343
373 3.6327866610133936
374 3.933720438721479
375 3.8449813112402746
376 4.037177049518958
377 3.5158251953749526
378 3.58607265966194
379 3.4919931977442698
380 3.956584676067187
381 3.5338063339145767
382 3.6236594693169537
383 5.057602562160185
384 5.6626889664799265
385 4.8312395948147655
386 4.147240270458529
387 3.6455821972850986
388 4.623048128641272
389 3.844007611230747
390 3.4533002914266735
391 3.5368618873263746
392 3.968072374993702
393 3.018755947438053
394 3.916699384240479
395 3.690932176348725
396 3.8362702356592284
397 4.61021789595955
398 3.733288534845492
399 3.9511271108209716
400 3.743825315290607
401 3.8897837711440144
402 3.7896331324824675
403 3.590118632420621
404 3.6831921737695406
405 3.950513583904592
406 3.5576589847259186
407 3.824038282597866
408 3.867899434950396
409 3.9815654186416842
410 3.5322328664688687
411 3.1148467831927844
412 3.9975209514300505
413 3.6974171700167258
414 3.4101900296521546
415 3.3278988216324255
416 3.417433160979593
417 2.984720043575893
418 3.614670443648832
419 4.245677090513974
420 3.662990713658407
421 4.498149492818495
422 3.2259953552228637
423 3.8139373456073105
424 3.7213968269590123
425 4.031406663588945
426 3.2903480550165427
427 3.600968511191383
428 5.660966932889086
429 3.1912729053534745
430 4.1885679039856
431 3.3245753509576073
432 3.4364147356818746
433 3.446911140900235
434 3.6684622600197385
435 4.3977660063460595
436 3.7684236217420164
437 4.173730646799335
438 3.7312540422320124
439 3.3628138267316827
440 4.943011140898078
441 5.416082675871394
442 3.509290461518436
443 3.6507057888429415
444 4.757270739914227
445 3.615807000865482
446 2.9500907165575203
447 4.703685176205202
448 3.856522308640206
449 3.651741889316698
450 3.788535900064954
451 3.765563035710533
452 3.9748318123862862
453 3.9029162266186876
454 3.4917583043931786
455 8.33948021819728
456 7.577073246532246
457 8.47160297058757
458 7.364943184729846
459 7.509788888961
460 7.040355126624432
461 8.756006783596444
462 9.247755105327421
463 10.13426534769456
464 10.669713642980215
465 9.498345408408246
466 10.263494064204798
467 10.683479779261162
468 8.535902439262644
469 11.28107000559902
470 8.617413786744892
471 10.58552152802861
472 10.092946944493336
473 11.11044474810403
474 9.417404533204873
475 8.451967502089067
476 9.046152264371614
477 8.355449851614429
478 8.638769588145484
479 7.620267191552327
480 7.574663976706332
481 8.181880644308908
482 9.888417254824583
483 9.10777763061888
484 10.052664889238219
485 9.790766105976433
486 9.935640233659786
487 8.000158796707236
488 8.886137276966089
489 10.092597157156467
490 10.501383940274573
491 9.361893415743419
492 9.50488310998382
493 10.09970970951853
494 10.297048528366387
495 11.554937544291182
496 10.193239114659477
497 10.386411054786311
498 9.397305749205017
499 9.654189047654036
