0 3.423048549779791
1 3.5059009272771005
2 7.709806224560362
3 8.31960737866035
4 7.881115157351634
5 9.501415117066708
6 8.467008792258849
7 7.862569554799032
8 8.00489280905874
9 7.248264253844726
10 11.157667043135396
11 9.99518451147251
12 4.753240404412108
13 3.3897873405101464
14 3.5833765551177503
15 3.384448885207952
16 3.9194565367317797
17 4.8338719694051
18 3.79386844898493
19 4.051547877356903
20 6.398110902645663
21 3.841536813591944
22 4.870925782708481
23 4.486052832256493
24 7.092009516082287
25 8.577329781643067
26 7.920055910039477
27 10.216565777213328
28 4.439279509435441
29 6.629204580742988
30 6.734796384058949
31 4.7696219743784365
32 7.897867551325435
33 8.237164320238538
34 5.7232270607452005
35 8.554958213065131
36 3.6348070024806383
37 6.422476500697862
38 3.952723286775042
39 3.9010648975129816
40 4.047530744813787
41 3.6026196566915036
42 3.709134172534011
43 5.965180942985839
44 3.3646466141319875
45 5.59615270594054
46 6.828650158145914
47 5.584260239615064
48 6.426368309647572
49 3.9549330717913955
50 9.118018368714358
51 9.250040245531562
52 6.8399148871353725
53 8.041471211775717
54 8.780802343977745
55 9.570954743525585
56 8.450275058792156
57 9.98986307814583
58 10.136630459136803
59 8.044522392129004
60 4.164855802503545
61 4.781067198609648
62 3.7204616368835413
63 3.5111077435074955
64 3.200480735975698
65 3.594834522887248
66 3.909249466766727
67 3.780502108758146
68 5.68150562339024
69 4.972841734183751
70 6.761248026277037
71 3.578357277076178
72 4.866674269534303
73 3.7229956458993003
74 5.121690566864777
75 3.393976745267373
76 3.4876090179662884
77 2.8009327512338564
78 5.962635501465644
79 3.1144826428274044
80 3.143117987022691
81 3.30407284063063
82 3.7376118996231544
83 3.56901058709388
84 4.037575841605144
85 3.947948998424742
86 3.6265144772396787
87 3.959546620529148
88 3.8074512117133272
89 3.2914550600823587
90 3.8148402159788546
91 6.586515722696591
92 3.76694485268335
93 4.160233021019096
94 3.3984137417156624
95 3.624942481026362
96 3.3340088633830365
97 5.810539004309642
98 6.260180529173886
99 3.7353854714651464
100 6.414431527545667
101 5.439763787593606
102 5.25116604105013
103 4.618104363850374
104 4.258429199929137
105 3.790802947935232
106 3.525955794465806
107 4.048767795146777
108 3.8064354442985793
109 3.871190777887105
110 3.7614670789660165
111 3.4862405978830484
112 3.9734792879081757
113 3.495847092263973
114 3.6417213742213494
115 6.781070487576194
116 4.2296701079795715
117 6.447198250303684
118 3.5640453948142916
119 3.6111825799586423
120 3.9578102366849306
121 6.642393640586709
122 3.7966591594195958
123 3.313342626982873
124 3.5185647269117197
125 6.2486574114160645
126 3.4671276105569206
127 5.673563675873004
128 3.8892588510821735
129 3.362571670477124
130 3.8931396339552755
131 3.7402218052775176
132 6.789048467986792
133 3.471303006059309
134 3.571101555182887
135 5.895160900503581
136 3.6908493539768044
137 3.3151304052950534
138 3.5920374279429335
139 3.4612408934900794
140 5.079803611454826
141 4.334036959469929
142 5.116842856817609
143 3.2315275075631984
144 3.6544595672673417
145 4.626450135135123
146 3.3809123452922756
147 3.29706057482297
148 4.024021592162401
149 3.880337421064553
150 3.569699966707315
151 4.4623139999204176
152 4.067157248158639
153 4.706813325482435
154 4.415605562856062
155 3.6024709336072385
156 3.890893645234894
157 3.8416541751889657
158 3.5967446600694233
159 3.879575007985453
160 3.3383942212897963
161 4.521882003554426
162 4.071648890748337
163 3.91213146123031
164 4.019393223692051
165 4.196269522956672
166 3.827609807044817
167 3.5114255005937487
168 4.209173901561639
169 4.105713319832631
170 3.539503814684634
171 4.177052482716012
172 5.27359561423539
173 3.810835012782404
174 4.013951250357259
175 3.1234897533412274
176 3.5431244783577664
177 3.9702863957155006
178 3.564982855170657
179 3.802066587431215
180 5.974246307612679
181 3.610073875419914
182 4.144331801182362
183 3.598401173924056
184 6.8631728099365175
185 6.0398724558186485
186 6.938845920019297
187 5.380048138932236
188 4.166724111561032
189 3.8344288917662164
190 5.9171459432376725
191 5.928180869285491
192 3.6326639184584195
193 3.500061227642537
194 3.419569076358054
195 3.646028413971218
196 3.6814735059614034
197 3.701278100784593
198 3.3688925873337143
199 4.080567594055569
200 3.200437112367724
201 3.6451464947999437
202 3.642594496134568
203 3.198716877362312
204 4.069974458151356
205 3.865594574182257
206 3.812314280973058
207 3.952937047726437
208 3.929916413340098
209 3.207279117129659
210 3.792813707281984
211 4.117783106266179
212 4.0693239864754025
213 3.464933524423109
214 3.8267370802064455
215 3.2514902368933174
216 3.8048790161966197
217 3.250147241838884
218 3.48130756825669
219 3.944537159862803
220 2.944406205186387
221 3.6347323506033233
222 4.000114975356524
223 3.686656698362442
224 7.2986240375697085
225 3.5607159322932267
226 3.676626858190975
227 3.7164549302544754
228 3.756461637216467
229 3.402836588704002
230 3.7098095743824406
231 3.504853150050746
232 4.217959036952405
233 2.872009686509285
234 3.5579209635760463
235 3.725650870841316
236 4.041856267701865
237 3.627423272196542
238 3.784459106424637
239 3.769855329386873
240 3.4986352034606023
241 3.9050735919675783
242 3.644610574776374
243 3.9275993637188464
244 3.7942346730590306
245 3.2326175369633185
246 2.9513953295020565
247 3.656403584158101
248 3.5735499179262344
249 3.3060074645833444
250 3.4754604229020543
251 3.8314725511868883
252 3.6151992869338634
253 3.7932138605751886
254 3.8545829874635267
255 3.3985733610897966
256 2.8381531453367876
257 3.4669423999765026
258 3.722147032523479
259 3.6436090525692233
260 3.35291640609529
261 3.244506480190863
262 3.2580432345098487
263 2.9643690894515737
264 3.85624816277036
265 3.204421041211679
266 3.4893943646839505
267 3.0060499015525597
268 2.9417298649484587
269 3.616708247858156
270 3.539187224599056
271 3.1317311690520717
272 3.160976099437605
273 3.7765406752721886
274 4.067159529182752
275 5.425594059892921
276 2.824125557622831
277 3.8447584567353488
278 3.823086630775037
279 3.9107968534911586
280 3.144255451713173
281 3.6984451927480855
282 3.0552049155872583
283 3.7383890562459343
284 2.8873308547462977
285 4.001437906824789
286 3.760177612750494
287 3.9662038892449156
288 2.9598843137186313
289 4.138741102333424
290 3.5376322663874653
291 3.196035814548135
292 3.392615867596093
293 2.9368934796676456
294 5.39321783608273
295 3.2351224530159373
296 3.694723626329574
297 5.329640906343809
298 3.662284062102904
299 3.1996542996511224
300 2.7646582243519116
301 3.960839163158363
302 4.113650328556836
303 3.461972152253477
304 3.439997620350036
305 2.952131951185447
306 3.5675666043566876
307 2.783316291159342
308 3.6287301210540703
309 3.9415237243870536
310 3.062926604506131
311 3.7202993078845163
312 3.255493408690958
313 3.497043354744417
314 3.7051879414571136
315 3.031241369883477
316 3.718998032058943
317 4.214151762715892
318 3.8311175584718247
319 3.334183014494985
320 2.811247629536313
321 3.829785728141389
322 3.711687507271444
323 3.0929056037018126
324 3.880990993266308
325 3.7133220123066137
326 2.9798742567749965
327 3.375000306466588
328 4.211914348063212
329 3.578999393429232
330 2.902426642347163
331 3.4213918982297895
332 3.8718140247554587
333 3.3367392675356564
334 3.074101369181695
335 3.6375815329113412
336 8.397308896216604
337 6.19142116700612
338 6.359131519620224
339 7.541317678270147
340 10.870651120317806
341 7.670588918310471
342 7.565913081347567
343 7.66036062403904
344 9.073472440851514
345 10.253662417633922
346 8.118720488154283
347 8.779286338616515
348 8.650248104478054
349 9.981857744695851
350 7.745209991924122
351 6.701707871686357
352 3.918370370926481
353 3.768757839549434
354 3.625723599771937
355 2.882156589162082
356 3.9585035436538716
357 3.7745951963289333
358 4.159565879791261
359 3.0355106173557362
360 3.6809589765647104
361 3.5355912122542628
362 3.410728192305526
363 3.6757236424124633
364 3.732719600216243
365 4.032853050842875
366 3.5306833697581137
367 2.9722101003966626
368 4.3493552899089565
369 3.108901289293702
370 3.4620652776899195
371 3.9185523485845812
372 3.743509848312585
373 3.2809406206779386
374 3.657232777856869
375 3.781559890799421
376 4.20270291041078
377 3.739376564789584
378 3.738333611115882
379 4.5157956203889125
380 3.9789229303716636
381 3.500079871564328
382 3.8726085619470143
383 3.5927363864799307
384 3.6584802479061707
385 3.7461874923225364
386 3.8111636216049565
387 3.745293416540121
388 4.03577954404962
389 3.7641919267514243
390 4.910732977046625
391 3.7084259336764895
392 4.317516219339022
393 3.6594535830860218
394 3.557456491954178
395 3.392369107377723
396 3.4682874102256247
397 3.149548571689515
398 3.893808823326975
399 3.7397647418238735
400 3.702384459256989
401 3.566612109998058
402 3.686397110401766
403 3.78167945302702
404 3.429128108475872
405 3.644257790120103
406 4.3094994146026036
407 3.4249204796310506
408 3.3573954690163257
409 3.332107976917944
410 3.288603628636431
411 5.5230377172289655
412 4.121534782817757
413 3.7832987261557642
414 4.213115305543538
415 3.1712805506228645
416 3.0029938791470614
417 3.412853068436383
418 3.74495636043834
419 3.9062067140033974
420 3.3637011032684905
421 2.9712484718868155
422 4.2691389720712305
423 4.200271021335684
424 3.6647631865025407
425 4.096618736156481
426 3.6057587989653
427 3.306825180308903
428 4.015415994475357
429 3.732695251881673
430 7.151476411300664
431 6.198902694757624
432 3.4370711056087813
433 3.240963845368141
434 4.363557676274914
435 3.271494886487717
436 4.091666185359401
437 3.663406824563221
438 6.851981115521597
439 3.7412522517827402
440 3.8323981056520315
441 3.6525161173660248
442 3.411158631137576
443 3.7136706606564087
444 3.625652597905745
445 3.261116543713279
446 3.2017427234741334
447 3.0348084261337878
448 5.474476094352587
449 8.49512363273769
450 5.456017712440011
451 3.9361052444120594
452 9.151371382323394
453 6.19482370772682
454 6.923366884558852
455 10.549671182345765
456 9.513003489696239
457 10.0104611022341
458 10.710682555893632
459 7.445749241442061
460 9.081988284615948
461 6.519375223998612
462 10.45243870488102
463 8.587835807869862
464 8.246967696477132
465 10.765281040384423
466 6.849844977265733
467 7.047371835649728
468 6.951523921168955
469 7.197483392796845
470 9.765434206907933
471 3.849029124609904
472 2.6672195396653082
473 3.8308267041407893
474 3.5124482557533385
475 2.901944553750091
476 3.4741201642416457
477 3.4390430116499866
478 3.5687534218494825
479 3.052951506469892
480 3.4886601236066044
481 3.4490203242082065
482 3.421561270538595
483 4.7270750122687994
484 3.5093154337533714
485 3.883598896693584
486 6.449567748968794
487 3.20550870732068
488 3.5856389834400946
489 3.7366728558750233
490 3.257729682171135
491 3.3321274822254954
492 3.3881788049026134
493 3.755762518248105
494 3.7196019049739246
495 3.2353755745982293
496 3.5280192284463965
497 3.8338181306511765
498 5.547586237515609
499 3.7591328427949255
