0 10.641716848936586
1 10.748163851115068
2 11.1200535730394
3 11.423847003740178
4 12.156968625012103
5 11.148752245918802
6 10.148959834606826
7 9.988514950014869
8 11.044655149441189
9 8.96057772829957
10 11.524007792806046
11 8.117764772217283
12 9.059930349861489
13 10.488312805417692
14 10.23752566476638
15 9.995684347016383
16 10.504728753928061
17 10.475014214762325
18 12.251335813289908
19 11.277544499643193
20 9.610075322296371
21 10.441679480957
22 11.584293417748745
23 10.858714828572342
24 8.931021265057934
25 8.399849267478604
26 8.512858580089
27 9.731034778084934
28 10.33659041211005
29 9.444455398842456
30 10.408578129445436
31 10.246707735462284
32 10.124679329934317
33 10.926815380693697
34 11.406678263138994
35 10.420788526035286
36 10.272887871263908
37 9.722976051247533
38 10.24956874032157
39 10.672205997891906
40 10.644374475502705
41 9.557212059219818
42 11.65992162187686
43 11.368201263215045
44 10.002002656642125
45 11.530528245819838
46 10.077437981180706
47 11.554493367960722
48 9.48426083100193
49 9.585214483376978
50 9.421795316198624
51 9.462624646190472
52 8.536064881727288
53 8.304780188139908
54 8.175353372268352
55 8.38619868500245
56 7.817092023200635
57 9.562729263218525
58 9.052854635726233
59 8.2719392346251
60 8.708826513425795
61 8.858807404144269
62 8.065647563159049
63 7.766912365193641
64 7.59329550485258
65 8.427060537212308
66 8.338881761223584
67 8.032096825467248
68 7.439560811016245
69 6.722166219853627
70 8.37030734866685
71 7.584194213590022
72 10.07126974004241
73 8.219599636315861
74 8.62785615087204
75 7.799870337406809
76 8.238416826962181
77 8.036658322896159
78 8.066367282547246
79 8.598319727437111
80 9.508012601228225
81 7.923132891985283
82 8.083885547908135
83 7.599749714295718
84 7.279541060953988
85 8.322703895962102
86 8.376819665945991
87 6.660345584816612
88 8.064362763425274
89 7.531762861099736
90 7.37024250978593
91 7.590470576735088
92 8.170670195337474
93 7.9297387476996395
94 7.7306129616483075
95 8.801324929668771
96 8.243613258645512
97 8.499459119457777
98 8.419096053892892
99 7.483900066466778
100 7.779939904154512
101 8.491663617320278
102 7.836047114277617
103 8.596848947154776
104 9.669816414711928
105 9.391615637112807
106 10.74771858186317
107 9.82256158359442
108 9.268584933791002
109 10.26688395256013
110 10.32965614013741
111 9.236853722492544
112 9.483805145521702
113 10.617219319177279
114 11.65671130048679
115 10.827674522391323
116 10.34594850585278
117 10.658706655474887
118 10.438572694346922
119 10.795439089589383
120 11.081374044106317
121 11.983002753353691
122 11.666256794507554
123 10.834932338215774
124 9.715228851878082
125 9.72652398291451
126 8.754213437270696
127 9.558350199558008
128 9.807494651535189
129 9.48648332060395
130 7.601484014735186
131 7.697710123521888
132 7.760623808746208
133 9.974823508425727
134 8.405860847891256
135 7.312218046193224
136 7.251246263152311
137 8.815975146061007
138 8.05668586140156
139 7.447963301373831
140 8.770434291147257
141 8.309784387329596
142 10.829445262291172
143 10.737378155326972
144 10.210319431692106
145 9.14284172754077
146 9.312108157531544
147 10.973874868528977
148 10.075000432479655
149 10.398062612934869
150 10.744722139596954
151 9.81035960363937
152 9.651358526685343
153 7.79325514480644
154 8.172246289646852
155 8.524809803884976
156 7.873011453744647
157 9.63607671589646
158 8.84712835408116
159 8.122243581172347
160 8.406359833946004
161 8.509377460653287
162 8.553116657706266
163 8.950663221460747
164 7.875694062537231
165 8.465961654571604
166 7.3324802055016205
167 7.863102896627382
168 8.471297546642646
169 8.337670391752637
170 7.533255584290809
171 8.153504052778011
172 7.6985194135328365
173 9.638792070206097
174 8.370023925048635
175 8.394321322538621
176 8.116245638407111
177 8.622726578053483
178 9.775969595013997
179 10.83076871017695
180 9.75710669620053
181 9.485428064093673
182 8.589416480283301
183 8.545941660174858
184 9.071855274736087
185 9.872574352121173
186 8.948261388108019
187 9.169280879304637
188 10.689507944082626
189 8.724984390925473
190 9.315232061949914
191 8.527145616078316
192 8.069336834970974
193 7.999023642673102
194 9.135380022646977
195 8.911362214722928
196 9.90171800136496
197 10.785122577596185
198 11.993188483372261
199 7.7342647414499455
200 9.696019906115891
201 7.857404276467989
202 10.033727457741426
203 10.822371463464787
204 8.848867267493617
205 7.606339806025178
206 9.145902820415266
207 7.735477366694749
208 8.001511436946156
209 7.68369381698425
210 7.926208377069605
211 8.256757036989491
212 8.723666390685208
213 8.144714489548106
214 8.079929349670813
215 7.720945066284103
216 8.265997085559565
217 7.56886726479578
218 7.2020988179034315
219 7.607586160990551
220 7.805094544393334
221 8.128076977390917
222 8.25974632605387
223 8.810063554069163
224 8.84363090863325
225 7.45878106816569
226 8.11999340528508
227 8.259338776475898
228 8.367720936439927
229 7.57357886971164
230 8.511572468880445
231 7.748871326233454
232 7.687231415703617
233 7.867132761553215
234 8.037404782775063
235 6.924927397960329
236 6.476531559386687
237 7.985311693958737
238 7.623377657514165
239 8.20003630492142
240 5.315538925420359
241 8.523873960576916
242 7.854760232360696
243 7.776356448264513
244 7.8284186322885345
245 9.13668714460803
246 10.605372465915472
247 8.171183339676181
248 10.234884634960528
249 7.918531085201969
250 7.68441700530226
251 8.972649047645453
252 7.804598715136744
253 9.491766650308206
254 10.144714265261966
255 11.751263170980033
256 9.863162069219753
257 10.223246209115173
258 10.110825848793844
259 9.129372206747753
260 10.021715850197369
261 9.37198851549386
262 8.788902937209286
263 9.368146221392122
264 9.482196317753518
265 8.85331427612517
266 11.257521170261036
267 10.057592361759978
268 11.18788385782753
269 9.739340223930329
270 8.733630775450552
271 7.660589976462758
272 8.350965039688212
273 10.539824887001515
274 7.3672003388747775
275 8.119276154952292
276 8.404555742934509
277 9.219888023432166
278 8.500475003673488
279 8.431705707901592
280 8.54797090333317
281 8.18147612226266
282 9.157571371793429
283 7.947387015186383
284 8.172878431345362
285 8.580762071120779
286 7.888798794259883
287 9.199982282215311
288 10.275289924736372
289 10.18781717679335
290 6.869252633053507
291 8.073981156929632
292 7.677602575020647
293 7.904010590060459
294 7.195816259822211
295 7.818854338597151
296 5.875709127676475
297 7.698153703705018
298 8.566462085956653
299 7.783846930408336
300 8.298695502896408
301 9.849399619170885
302 9.253263537075322
303 7.751009768622348
304 7.97327674296863
305 7.4060459858629315
306 7.665847283275105
307 8.654639662320527
308 7.788174810161378
309 9.24687722264492
310 8.20477507637985
311 8.168805516911762
312 8.099202471304993
313 8.491563715065029
314 8.713931298720974
315 8.86793433928815
316 8.094108137892528
317 8.349963802366226
318 8.380758780453746
319 8.927179817456526
320 10.376295389223683
321 10.126624767891027
322 10.452580944187112
323 7.185612418023319
324 7.730440509459878
325 8.086461321618245
326 8.360469356880804
327 8.436450152077605
328 8.198691141075123
329 8.50511963900435
330 9.966952057899801
331 10.475737289248514
332 8.588806654240694
333 9.214063909892563
334 9.193310795989897
335 9.234872597988902
336 7.342910527732052
337 8.033170826197061
338 8.317213125942763
339 8.04749220570966
340 8.101586297029163
341 8.277959857456773
342 8.901275931661555
343 9.724217948665181
344 8.620050779041344
345 8.487348284844497
346 7.460462964167176
347 8.239916292804027
348 8.951091777615076
349 8.405465136544102
350 8.58234171450271
351 8.216829197143591
352 7.784078732568053
353 8.463091276192259
354 8.382547534844935
355 8.149981605241571
356 8.410512455584493
357 7.965805098598015
358 10.701277427126369
359 8.215025699914921
360 9.255211249382574
361 7.754573114252286
362 8.420038059367311
363 9.363953882691945
364 8.126240926974965
365 8.252526842979542
366 9.532877366273325
367 7.759719167321198
368 8.387435308724616
369 8.449813537164141
370 6.535352084886992
371 8.15825275390584
372 7.576095335893307
373 7.500224021374064
374 7.793649349048864
375 8.178317058643074
376 7.722017280870501
377 7.22731188722918
378 9.801244279540057
379 7.184696778642624
380 7.36156204666909
381 7.561686333521899
382 8.282163012591493
383 7.233542995749131
384 10.43865004923936
385 8.433201345653908
386 8.224433404488954
387 8.958288405241337
388 7.346605508379403
389 9.086345157584148
390 5.610058950830752
391 6.572643467266751
392 7.417738498025665
393 8.149817179978413
394 9.11398932176271
395 9.941713461435135
396 7.646563256280218
397 7.420081354217314
398 7.290083344549463
399 7.692605393740313
400 8.43883778072423
401 5.724367519633616
402 7.54783492211925
403 6.815879041718138
404 6.55198445003207
405 7.8396031189177116
406 6.378986401420447
407 7.497898262618977
408 3.5968975019601985
409 4.365056153709424
410 3.7607961597700674
411 3.9118453851393458
412 6.422448889663216
413 3.792654062516429
414 3.6284591124939842
415 4.044760644887157
416 3.9071956611478798
417 3.779299065062908
418 3.4394672546049625
419 4.210645508534183
420 3.5313756775626044
421 6.185474862648205
422 3.4903386394524976
423 3.850561437470311
424 4.046337055029695
425 5.433916510788399
426 7.0308690925249895
427 6.541356310118061
428 6.2779845651093105
429 3.8824373550353757
430 4.591123999124205
431 7.610066209360274
432 6.238831730198555
433 7.527489669362043
434 7.647315472900515
435 7.923862118968242
436 5.3540633673556535
437 8.344467575797248
438 8.99500661086351
439 8.214939498394827
440 9.822546763291456
441 12.93298269022837
442 13.168905483203641
443 10.799351837792065
444 7.465546660967859
445 8.01298929201291
446 8.997455423286636
447 8.909754904915618
448 5.264213864901004
449 6.336429876430938
450 6.817559793815641
451 6.325298600030613
452 5.952246147716263
453 6.42367504011552
454 3.6932222432506414
455 4.615056843891244
456 4.470554615972138
457 3.4186986751900106
458 3.5487353020762447
459 4.596434828929763
460 5.914180025420066
461 3.7721327739051413
462 4.214647437852627
463 3.7110029087505114
464 5.9244452858355405
465 4.21139092912044
466 3.8710756897097407
467 7.194812049970253
468 5.255231538448656
469 4.298012708763659
470 6.576309055775443
471 3.9678540555405233
472 5.619902615652377
473 3.8300095645321988
474 3.7337746568888783
475 3.8245260238293795
476 7.262057729301424
477 9.10097542184443
478 8.009722939766636
479 8.261883910660616
480 8.16292713474984
481 8.429120419572536
482 7.34907196378236
483 8.312502945260945
484 7.664745947762064
485 8.215645459366398
486 8.549934074778013
487 8.05076085376198
488 7.765425928310234
489 8.633215264968262
490 8.14131230857901
491 10.428245360865116
492 8.161309639528223
493 7.395580005154408
494 7.841284013056827
495 9.709518566396463
496 7.296111049382116
497 8.803077669393303
498 7.978156181525619
499 9.986082608614794
