1 0.6783225536346436
2 0.4206390380859375
3 0.3252117931842804
4 0.29404792189598083
5 0.29381799697875977
6 0.2620478570461273
7 0.29266420006752014
8 0.33444949984550476
9 0.3219817876815796
10 0.43907514214515686
11 0.4921569526195526
12 0.5080975890159607
13 0.33737578988075256
14 0.34282150864601135
15 0.3381991684436798
16 0.38445642590522766
17 0.3490826487541199
18 0.3474346995353699
19 0.2965511083602905
20 0.2999095022678375
21 0.2931973338127136
22 0.309455007314682
23 0.2788337469100952
24 0.2829812467098236
25 0.29999762773513794
26 0.47585970163345337
27 0.6164124608039856
28 0.6434412598609924
29 0.4742371141910553
30 0.4197789132595062
31 0.49905019998550415
32 0.4423494040966034
33 0.3619519770145416
34 0.48654425144195557
35 0.5414487719535828
36 0.46130838990211487
37 0.4681297540664673
38 0.3437870740890503
39 0.4145009517669678
40 0.4969938397407532
41 0.5503729581832886
42 0.6581629514694214
43 0.5875266790390015
44 0.5518397688865662
45 0.6423221826553345
46 0.6080134510993958
47 0.6393684148788452
48 0.5215286612510681
49 0.3854668438434601
50 0.3986402750015259
51 0.48727867007255554
52 0.437164306640625
53 0.37355226278305054
54 0.4656265377998352
55 0.414894163608551
56 0.3424963057041168
57 0.43171998858451843
58 0.5151647329330444
59 0.40662920475006104
60 0.3470396399497986
61 0.36144906282424927
62 0.3305053114891052
63 0.34445905685424805
64 0.3403875529766083
65 0.32513731718063354
66 0.37589725852012634
67 0.4013324975967407
68 0.36537280678749084
69 0.38058632612228394
70 0.4246803820133209
71 0.595900297164917
72 0.4912194013595581
73 0.41584312915802
74 0.5997896790504456
75 0.6176640391349792
76 0.6343514919281006
77 0.8586940765380859
78 0.7525826096534729
79 0.5956915616989136
80 0.584740400314331
81 0.6595848798751831
82 0.5422581434249878
83 0.48789674043655396
84 0.4375549256801605
85 0.38604703545570374
86 0.37878215312957764
87 0.33828020095825195
88 0.3126257658004761
89 0.33255988359451294
90 0.34649887681007385
91 0.33716636896133423
92 0.318716436624527
93 0.33591750264167786
94 0.37607112526893616
95 0.39815929532051086
96 0.46594953536987305
97 0.5138963460922241
98 0.5325412154197693
99 0.4005904495716095
100 0.3924669325351715
101 0.34250006079673767
102 0.2911556661128998
103 0.29868993163108826
104 0.34896591305732727
105 0.3852749466896057
106 0.45442888140678406
107 0.6483688950538635
108 0.5745832324028015
109 0.699026882648468
110 0.5723376274108887
111 0.498595654964447
112 0.5698822736740112
113 0.47527167201042175
114 0.3988526165485382
115 0.4275645315647125
116 0.46600988507270813
117 0.41515564918518066
118 0.3702201843261719
119 0.47478610277175903
120 0.5081394910812378
121 0.38266927003860474
122 0.40517231822013855
123 0.5119311809539795
124 0.47096794843673706
125 0.5627899765968323
126 0.46766209602355957
127 0.483907550573349
128 0.4263550043106079
129 0.4352922737598419
130 0.4532841145992279
131 0.42883944511413574
132 0.45336082577705383
133 0.5613781809806824
134 0.43978187441825867
135 0.4516010582447052
136 0.48935651779174805
137 0.474496066570282
138 0.358734130859375
139 0.3310444951057434
140 0.2940465211868286
141 0.2553759217262268
142 0.28533098101615906
143 0.31430110335350037
144 0.3116944432258606
145 0.29927828907966614
146 0.2996974587440491
147 0.3027051091194153
148 0.29967930912971497
149 0.3097057640552521
150 0.303266316652298
151 0.30649515986442566
152 0.34227970242500305
153 0.39109230041503906
154 0.39799878001213074
155 0.4720223844051361
156 0.510732114315033
157 0.5029195547103882
158 0.5291588306427002
159 0.4518500864505768
160 0.45665186643600464
161 0.547458827495575
162 0.536871075630188
163 0.5040453672409058
164 0.5704492330551147
165 0.6945724487304688
166 0.4649411141872406
167 0.5244872570037842
168 0.4911843240261078
169 0.39571765065193176
170 0.4220237731933594
171 0.534275472164154
172 0.6063765287399292
173 0.46229881048202515
174 0.5444881916046143
175 0.5066326856613159
176 0.37190794944763184
177 0.4285845160484314
178 0.47390538454055786
179 0.3692474961280823
180 0.3687972128391266
181 0.38266754150390625
182 0.4040670692920685
183 0.37078964710235596
184 0.37018126249313354
185 0.4285354018211365
186 0.47560468316078186
187 0.5136387348175049
188 0.5232285857200623
189 0.4604111611843109
190 0.41542232036590576
191 0.4779319763183594
192 0.5367833971977234
193 0.3696308135986328
194 0.3323584198951721
195 0.3502234220504761
196 0.5200080871582031
197 0.7463952302932739
198 0.5057082176208496
199 0.584566593170166
200 0.49727240204811096
201 0.39367714524269104
202 0.461991548538208
203 0.4503166675567627
204 0.3911307752132416
205 0.4334268569946289
206 0.4768783450126648
207 0.45539164543151855
208 0.41881006956100464
209 0.5034862160682678
210 0.575584888458252
211 0.593458354473114
212 0.6936338543891907
213 1.150351643562317
