1 1.0441346168518066
2 0.6468510031700134
3 0.6163619160652161
4 0.5728839039802551
5 0.4502885341644287
6 0.44445815682411194
7 0.47801876068115234
8 0.43666407465934753
9 0.39281296730041504
10 0.4567209482192993
11 0.5016551613807678
12 0.3979068100452423
13 0.3871559500694275
14 0.4269274175167084
15 0.38119399547576904
16 0.362785279750824
17 0.4655938148498535
18 0.4948985278606415
19 0.4383047819137573
20 0.431730717420578
21 0.5596226453781128
22 0.536317765712738
23 0.4563368260860443
24 0.48938223719596863
25 0.5924336910247803
26 0.7090648412704468
27 0.5560522079467773
28 0.503113329410553
29 0.5838467478752136
30 0.7269675731658936
31 0.577019989490509
32 0.5347892642021179
33 0.5927936434745789
34 0.46921366453170776
35 0.3685512840747833
36 0.4145846962928772
37 0.43283629417419434
38 0.3662835955619812
39 0.37620866298675537
40 0.41723015904426575
41 0.4032682776451111
42 0.3546786308288574
43 0.4515542685985565
44 0.47963663935661316
45 0.4240821599960327
46 0.4478722810745239
47 0.4834270775318146
48 0.4580807685852051
49 0.4388004541397095
50 0.507987380027771
51 0.5677540898323059
52 0.4983298182487488
53 0.42773693799972534
54 0.5234823822975159
55 0.5097590088844299
56 0.4121003746986389
57 0.4188762903213501
58 0.45011499524116516
59 0.40900370478630066
60 0.40392255783081055
61 0.4052234888076782
62 0.3628288507461548
63 0.396925151348114
64 0.43782374262809753
65 0.40208545327186584
66 0.3579774796962738
67 0.40393149852752686
68 0.4891952574253082
69 0.5120601058006287
70 0.5037024021148682
71 0.5111197829246521
72 0.5593655705451965
73 0.5771951675415039
74 0.4211716055870056
75 0.5259767770767212
76 0.46374619007110596
77 0.3718281090259552
78 0.40678873658180237
79 0.43379485607147217
80 0.3607185482978821
81 0.39941224455833435
82 0.46700358390808105
83 0.4477028548717499
84 0.3937808871269226
85 0.4220622777938843
86 0.442548006772995
87 0.386299729347229
88 0.35165494680404663
89 0.4000629782676697
90 0.38484272360801697
91 0.340808242559433
92 0.4061095416545868
93 0.418855756521225
94 0.38628020882606506
95 0.3935433030128479
96 0.4204719662666321
97 0.41311097145080566
98 0.37687066197395325
99 0.4256437420845032
100 0.4335080087184906
101 0.383036732673645
102 0.36863285303115845
103 0.47666916251182556
104 0.5059313774108887
105 0.48834434151649475
106 0.6490051746368408
