#Frame          CA.CA
       1   25737.0174
       2   25702.4322
       3   25012.7418
       4   25718.0604
       5   25651.0120
       6   26090.0974
       7   25714.4829
       8   25775.2988
       9   25650.5300
      10   25441.5714
      11   25447.2635
      12   25208.0345
      13   24805.4686
      14   25178.9655
      15   25277.0818
      16   25566.2195
      17   25351.4549
      18   25336.2747
      19   25424.8120
      20   25162.2584
      21   25125.7022
      22   25454.2831
      23   25116.9912
      24   25724.2567
      25   25440.6529
