0 3.2590837612539887
1 4.129825255873412
2 3.6430693116343837
3 3.129772526358143
4 3.9739983773692367
5 2.979468150279594
6 3.3038374813731224
7 4.072661625317578
8 2.8097269761541503
9 3.1212299499956346
10 3.4016704384786602
11 3.3065171660833608
12 3.2925598008119774
13 3.404097229204397
14 3.5544382795132488
15 3.3016989112179105
16 4.099883059722545
17 2.9065392204399343
18 3.3364934405266764
19 3.347507713877104
20 2.8986808966035937
21 3.0568353955063277
22 3.2099999227327407
23 3.592430970888202
24 3.2386451641092773
25 4.277538973707374
26 3.468485283189175
27 3.361229936154414
28 3.220262873033047
29 4.724446176714951
30 4.822449601802714
31 6.083945222678149
32 4.950100543706343
33 4.826284875466794
34 5.828573911541747
35 6.005065150288979
36 5.01720861915382
37 5.346120639928358
38 3.1205028242124713
39 5.859760150162804
40 7.526677900787649
41 6.255735103421602
42 4.291657906637197
43 5.369120300433861
44 4.733528983815268
45 5.6263836973408905
46 5.286881159018628
47 4.535308676153985
48 4.342246549813687
49 5.1471411190085785
50 5.381538223498107
51 4.698025950422721
52 3.2225256578764174
53 3.4489889528125643
54 3.0852636153612982
55 2.9058388894990044
56 3.3424594422952243
57 3.8645472959383986
58 3.4835165819314153
59 5.93080695012056
60 5.580451271904846
61 5.778712887845588
62 6.538315560222217
63 4.45028491373075
64 6.303603483607451
65 6.169344070023039
66 6.069152635090937
67 3.3900830554982933
68 3.4450695396173048
69 3.3261915159019138
70 3.3508445535713656
71 3.336186066615921
72 3.17870333745236
73 3.6019876951799317
74 3.495651946907525
75 2.7373653630063797
76 3.5209429497881675
77 2.8074473258631834
78 5.835549269185757
79 4.9699439873370865
80 4.783173483342624
81 3.0954746697037354
82 3.2975778813683814
83 3.041585688533621
84 3.925672711338392
85 3.162892429643211
86 3.2775043497198935
87 5.057984737798751
88 5.246909608553968
89 5.073719332707397
90 5.8972638993523505
91 3.4067505535801845
92 3.923564908919765
93 3.8669066076451624
94 3.5810306219537993
95 3.1941937416363175
96 3.202201574525409
97 3.7082568767528485
98 3.8612014399491446
99 3.3993237487009402
100 3.773087358690739
101 3.3235359999285032
102 3.1329898589976493
103 3.081924556227659
104 3.3261568388842133
105 2.981374152007318
106 3.50820236181023
107 3.744212520279351
108 3.017673243948304
109 3.065969476416069
110 3.6580786476948113
111 3.095701902423495
112 3.171777131314836
113 2.814592013278825
114 2.8004188308332325
115 2.8509488725761227
116 2.965364952683881
117 3.5202510154682822
118 3.3388245960107197
119 3.2837712327547823
120 3.3313780781323175
121 2.9985364442532236
122 3.2456579783891892
123 3.265451360931181
124 3.095063518180966
125 2.900594135451043
126 3.5841986889912736
127 3.0456277372796707
128 3.454915671929475
129 3.2769049144582
130 3.2548125932874097
131 3.2060878360260086
132 3.6361667612897133
133 3.7454035325791137
134 3.397763110272484
135 3.3053171542145563
136 3.4200248263180693
137 3.024437556300532
138 3.130392545096812
139 3.4021138640495003
140 2.967671492420861
141 3.865343220802746
142 3.154976180850444
143 5.712388537152125
144 5.290323652015171
145 5.058862986461635
146 5.186819668681315
147 5.724858591847351
148 3.4035478454677097
149 3.1145624129116563
150 3.8099953615701834
151 3.788341727918347
152 3.1756865473715434
153 3.390797083460651
154 3.570028160613027
155 3.0068170509756493
156 3.368846059333562
157 4.446276119168198
158 3.325439194328065
159 3.403857687692865
160 2.578359724832167
161 3.083742131560059
162 3.3950438148272912
163 3.512693214449017
164 3.8208274488965115
165 3.6435418431807087
166 3.2011061579873146
167 3.3900914751961455
168 5.660753636884869
169 6.423257913466543
170 3.392631970377581
171 3.605417099626429
172 3.036261104639751
173 2.932470481582818
174 3.4738266401699285
175 3.4822821760983858
176 3.5808657760158877
177 5.791213775718216
178 6.2357729739854735
179 6.961321515104148
180 5.537970941573731
181 5.112441823861415
182 3.6522656274655145
183 3.647999337722231
184 3.0498506577708198
185 4.305190610583395
186 3.488942759567261
187 2.8851927784743436
188 3.4228551037097388
189 3.3230998446236053
190 3.4762805430379955
191 4.277652478747378
192 2.880471480120667
193 3.5017886565899774
194 3.1387519810737756
195 3.2238359867162445
196 3.3644781920300586
197 3.414564296277743
198 3.0113367079080926
199 3.0660691272299854
200 3.243009448723002
201 3.2459713483536574
202 2.8883042102411256
203 3.6139938424848195
204 3.4758858486084945
205 3.3447565185790507
206 3.222124772368189
207 3.7380120318837973
208 3.3647200208929986
209 3.3495678378817035
210 2.9901142920528296
211 3.287324252923137
212 2.9223995451505185
213 3.380876790041737
214 4.1739678135996625
215 3.5171353178962836
216 5.257834338449323
217 5.5475189045952975
218 5.192315590078538
219 5.223631836810917
220 3.795883866200161
221 4.722120287521317
222 3.092425254043938
223 4.507248322950296
224 4.668105830846246
225 5.623829582390794
226 5.206155330280759
227 5.073321328853887
228 4.788659507137548
229 3.584106465427681
230 3.338164940399568
231 5.212572577666476
232 5.368088902467862
233 3.5205895947600965
234 6.709047457654303
235 4.174608332029753
236 5.01780811954941
237 4.268371507471023
238 6.602898908495681
239 5.77206106576495
240 5.356091179174959
241 3.0549232409936793
242 3.957765667914489
243 3.6552834092105626
244 3.3026445927717156
245 5.160697608163274
246 3.0614865982503714
247 3.234410537754592
248 3.544262348417175
249 3.1511132853569186
250 3.712047357695853
251 2.9060378555397115
252 3.739650596798776
253 4.028656375207037
254 3.243100822007252
255 3.153939878682396
256 3.036199530630605
257 5.441505344807585
258 3.263399814036005
259 2.991807103324431
260 3.2672809677005548
261 3.6458693977339673
262 3.282857489319698
263 5.010802626958708
264 3.0127693889089993
265 3.3337016507006423
266 3.286591838771949
267 3.125672671559051
268 3.607594216479212
269 4.534813603759621
270 5.242997575096831
271 3.4774058373670957
272 4.358724602371482
273 5.233879487835091
274 5.74066458178369
275 4.325048641170228
276 5.354794577111602
277 6.73088646877924
278 5.321171346908232
279 4.357623204625195
280 4.855452948807103
281 4.467824332476232
282 4.7878386805212205
283 6.130950967508421
284 4.891285369158486
285 4.453626852283336
286 3.947338456923078
287 4.605846839109217
288 3.1762611951304107
289 3.6475780721960174
290 4.586415160333389
291 4.661945646876579
292 3.3697314851902775
293 3.252770148445681
294 3.1706742882925116
295 3.130004716527472
296 3.04648353367742
297 3.3571302912811727
298 3.465359644563122
299 3.0095368540299834
300 3.4540443680753046
301 3.9246987860311364
302 3.445930949353086
303 2.905112034461355
304 4.7997327497888085
305 3.1755807095528845
306 3.071186644231861
307 3.1072295757243795
308 3.543476488290476
309 4.662469170964968
310 3.116482135948554
311 3.1437507552714474
312 2.9792731328871103
313 3.4647590935570927
314 4.226077141526025
315 3.325812318291511
316 3.268605275744419
317 3.659984304384896
318 5.540398564022871
319 5.816073401323512
320 5.5378721234235595
321 5.193505553155458
322 3.1087878850362145
323 3.4187348119669156
324 4.841547525029559
325 3.958404203524614
326 4.384049987666077
327 4.90732672789341
328 3.368482415503459
329 4.98708212172284
330 3.4548020675810522
331 4.631068872809941
332 5.188939922793212
333 5.903468028543731
334 4.793736426457352
335 4.987649609098524
336 5.2776321809875295
337 6.239578538689714
338 7.014835277510126
339 5.725637844804542
340 5.400913782265355
341 4.080851023003562
342 3.532051719137289
343 5.921394403768251
344 3.761876467393765
345 7.7854306468558185
346 7.632435600968204
347 6.061295633252551
348 5.286227804870178
349 5.870089170936512
350 4.804949029362666
351 5.914793646740843
352 5.78753803841367
353 4.971807275708263
354 4.980861930541321
355 3.6043080529085088
356 5.695551902880401
357 5.231674183393309
358 4.416528457625742
359 4.765073978904129
360 5.497052553584328
361 3.445147319754571
362 3.527666054976314
363 3.157346109586534
364 2.8558895444989445
365 3.2591932568990227
366 3.2389680315116443
367 4.297484248802254
368 2.8921590564991195
369 3.0301401306942424
370 3.41245834658559
371 5.2947910733927435
372 6.345961743750522
373 6.526556650562135
374 4.821825689242723
375 4.326544682367851
376 4.478245066686131
377 3.3125811205689217
378 3.1938482102182877
379 2.9517000975625125
380 4.503256629725368
381 3.048463458317574
382 3.08183176829544
383 3.878257984071982
384 2.9990288788589963
385 3.3195692076475285
386 3.058680400781453
387 3.5796413250816816
388 3.0922954883251244
389 3.6010294421009323
390 3.0769855236215773
391 3.2402937480462555
392 2.9057748393825267
393 5.828930795010801
394 6.616781974998384
395 7.59457295841166
396 5.7395737990269105
397 6.099648587225143
398 7.204551512466153
399 4.181245899526493
400 3.518712061275938
401 3.5783366365274647
402 3.381903404257906
403 4.420474254145799
404 5.720005456857628
405 2.9583282205464814
406 3.7567196435838675
407 3.238646707515247
408 3.3942342396726146
409 5.415593989024042
410 6.3808706160849
411 5.905990647456001
412 6.4884094285846485
413 7.761923062140129
414 6.105179982738923
415 3.314049909006599
416 4.186843940753483
417 4.095039804202873
418 3.709318784542347
419 3.4530564625457205
420 2.7260358150898614
421 5.074595600932997
422 5.6883266659180185
423 5.3029299281876945
424 7.365569113732942
425 6.208636124772701
426 7.07503587635956
427 5.434386775012149
428 5.343094886813432
429 6.880720121335776
430 7.8070460709414125
431 7.409372872717713
432 6.384133310761259
433 6.907663574977098
434 5.829002401657986
435 6.320611158403474
436 6.084737042940983
437 6.707053169426224
438 7.073431443518212
439 6.2582807659669895
440 5.726049249439632
441 3.2598253440508764
442 3.820146026380681
443 3.764157429659122
444 3.747144957991076
445 4.381867264712228
446 5.042787436673347
447 5.855381287348659
448 5.939565863156771
449 3.2115413842237768
450 3.5045021265941863
451 3.2735614592969906
452 3.9018177926753856
453 3.2411278263729235
454 3.5214577473916933
455 3.1677949534611116
456 2.8530298850889504
457 3.57808949800101
458 3.4558195040611683
459 3.305188153966432
460 3.576600594179965
461 3.199579073121292
462 3.4480758276399235
463 2.918605607815851
464 2.9774998969235043
465 3.260382828580644
466 3.0405810533069495
467 3.1354158198593
468 3.193345387779961
469 3.030899009287506
470 3.3063181362094674
471 2.983194196330223
472 4.888461675989492
473 2.96937713961649
474 3.2858327387652975
475 3.296256383118291
476 3.0270024666779203
477 3.344499002093177
478 3.487219815905154
479 3.3964350580029032
480 3.1155963011723333
481 3.21613073045578
482 3.4429287535051025
483 3.749178062676087
484 3.693722726291547
485 3.0879993101018908
486 4.1740596100850595
487 3.550420700386442
488 3.550128912252675
489 3.5161955374829885
490 4.9903461071908515
491 5.414458928452223
492 4.211407430365169
493 2.978215729904271
494 3.089180732847971
495 3.151529019263227
496 3.185238508459025
497 3.7750093993473675
498 3.5601629130068133
499 3.5714266717431844
