0 11.261846761166417
1 11.253274413020746
2 10.769298541168482
3 11.451191002136198
4 12.361515439384746
5 11.66333398609392
6 9.236003791802965
7 9.715620298251764
8 7.130689055124448
9 8.7196960090911
10 11.654149193301883
11 7.166838180804419
12 10.878902624101217
13 9.476127399565422
14 10.724964082769446
15 8.445440822273177
16 9.902566615004714
17 9.724337379799863
18 8.344791379276726
19 12.906791332270176
20 12.661574516236044
21 8.812879202348265
22 13.28652163712609
23 9.448262360951512
24 8.87496742809402
25 11.371270922493784
26 11.493579974241744
27 12.22518155176198
28 10.738523775715874
29 13.284216126292806
30 10.237150227824
31 8.696189266853644
32 12.090500708563654
33 9.882688261908923
34 12.13534666214147
35 12.615869725486204
36 11.58113351163069
37 11.941232209097402
38 9.50281515801417
39 11.869551458230939
40 11.26806551919526
41 9.31815787216716
42 8.569903554054997
43 8.957446600047936
44 9.477023960952888
45 11.10533265327524
46 10.226904056677586
47 12.509568576550684
48 9.259294099173895
49 11.175989552391965
50 13.610848440333891
51 8.902968329881585
52 12.167890265675853
53 9.927897287136233
54 11.680524729792223
55 11.688861157875968
56 11.588532171721393
57 12.581634421473955
58 9.997351146487867
59 11.00149429507735
60 8.642440541187765
61 10.620573097108235
62 10.908535512718055
63 11.559806589593855
64 12.25812406835338
65 10.95726382834818
66 9.448039417692566
67 9.919244038419686
68 11.467780348184442
69 10.691021554787042
70 8.16895021127484
71 7.953718818666283
72 10.721461110338305
73 11.000149582309522
74 10.825378369606264
75 10.291325351121818
76 9.932762631625701
77 11.275744776885832
78 8.214977724808328
79 10.792500283203408
80 6.2558002092235645
81 11.417622340042842
82 11.336208147438237
83 10.169595728425497
84 10.237699425083203
85 8.155069643514498
86 11.809187000716252
87 7.553560171278971
88 9.055151880241642
89 7.931020639490824
90 8.422872218652824
91 10.324358300195614
92 11.199382533359133
93 11.510128235194605
94 12.44322081947657
95 8.941774195214713
96 9.577636627384999
97 12.176739780722416
98 11.32250235986178
99 10.800923723416014
100 8.708749338402585
101 10.17234439863824
102 10.498328043093325
103 10.838157217109304
104 11.079291591734428
105 11.71873293643983
106 11.47365253206275
107 11.810670074612826
108 13.571771788825895
109 11.319167304410174
110 11.52288747382903
111 11.296682899601105
112 10.511719581440099
113 10.576174785885524
114 9.242076605236646
115 11.888273814140238
116 9.451741702851923
117 10.610331826774608
118 9.235903623668351
119 12.882513412188047
120 12.602561924309153
121 11.268054676589848
122 10.036042759268588
123 12.68201799651907
124 10.571820410278375
125 11.245943359700515
126 14.339583117579663
127 11.33318464923037
128 10.037795619303063
129 10.955142062360958
130 12.369361224971664
131 9.750784059441925
132 7.753782236598443
133 13.237899997417463
134 13.41985788536663
135 8.486282440813778
136 11.428549865848527
137 11.522500084191025
138 12.906257919986997
139 11.000946119451173
140 12.31859190804869
141 11.32044250160886
142 8.856135703560362
143 9.931908784003106
144 11.320083189348628
145 10.641574876121174
146 9.156505752165332
147 10.942767117628135
148 9.916056359307877
149 10.235523227393548
150 11.683467302063034
151 9.903535158049015
152 9.089554525446756
153 9.689206238698786
154 9.275767415653942
155 8.895409802610642
156 10.474082936114451
157 12.305274783311996
158 9.603925652780045
159 10.153504312723907
160 9.845119286874942
161 10.251329787185663
162 11.36688792276222
163 9.726957918601702
164 9.5762039251049
165 12.275089363556623
166 3.232585331878434
167 9.231275853118044
168 12.3363063821387
169 10.18432031700736
170 8.795810494787174
171 10.356063414843112
172 11.851039925488143
173 13.13798679606076
174 4.72620405661272
175 12.392994790273898
176 11.045573422162583
177 10.690474987326828
178 14.020928014598567
179 9.187845058363687
180 9.904147755534469
181 10.893993297314156
182 12.544424501318778
183 10.996985420597312
184 11.578051451363155
185 8.458071454097347
186 6.831350960541513
187 10.711389527192667
188 8.55024218036271
189 11.813014106589014
190 8.001940752504213
191 11.11324435035238
192 10.537604913313816
193 11.377031271985002
194 9.050961574443807
195 12.011479394647745
196 11.469934246321756
197 4.332995110949442
198 10.85435839173369
199 10.16832126208243
200 9.83080254679783
201 9.391984216355347
202 7.946666906476775
203 8.877457702728039
204 8.827605452093668
205 9.342588001351038
206 12.169398802475417
207 10.02500447568609
208 10.6232287438141
209 8.506010747019792
210 10.942391111251599
211 11.994009108937316
212 8.19219680770099
213 11.441332841851624
214 10.358102814288978
215 9.726391790996578
216 12.89515846595975
217 9.61086692814643
218 13.445619462891948
219 9.139861376011252
220 12.195520326913845
221 11.094473409222775
222 8.835206950117817
223 8.838967442522277
224 11.084249453553328
225 8.52389627377691
226 9.784623987419058
227 8.859708899217708
228 8.434248244252647
229 11.509109128842669
230 10.934699136683896
231 9.974555871998165
232 9.659363928147421
233 8.701517018601486
234 10.882918807373137
235 8.845288991588628
236 11.34696200578539
237 10.26790032582115
238 11.080830394125426
239 11.32800497665472
240 12.77514418581943
241 12.084062053386656
242 11.05572219430451
243 11.498602322249686
244 6.813656890399121
245 7.156832675154758
246 13.611010199617294
247 8.32301199736717
248 11.562680006504042
249 13.782230361074026
250 7.967049941080119
251 13.539770716375282
252 12.086325648344907
253 11.32664304384318
254 12.812205852308262
255 6.150559290734598
256 10.173048314998923
257 7.226197327832285
258 11.734901226544311
259 8.400859986325338
260 9.330697421758158
261 9.554868807776526
262 10.743140698931654
263 11.955608398947993
264 7.003889001548759
265 7.444263292434968
266 8.63298636334332
267 7.56910762896769
268 11.421741658506566
269 11.211488964433508
270 11.992756487141978
271 12.880206979323729
272 8.813981816338204
273 11.989898910163777
274 10.727012365011522
275 10.827663538784027
276 12.940445425804402
277 10.153320571585223
278 11.696239982079861
279 5.896791379064301
280 8.34011761207235
281 6.406742548038155
282 10.34653165128584
283 4.865378461171036
284 5.551861440037147
285 6.222812371378377
286 11.449108434976115
287 8.20883713894422
288 5.479444144598798
289 3.634363041164339
290 7.060554388427186
291 6.726330472293305
292 9.261991395361896
293 7.849416000193798
294 7.778537371831064
295 7.639933322477241
296 10.42569660174576
297 12.556405156002912
298 8.694587803997239
299 7.4952050585947445
300 3.7503445745260824
301 9.689276976724347
302 10.948590618623149
303 7.689337065504608
304 6.159438583243424
305 8.31124264996061
306 9.660082567945304
307 10.772382271034786
308 10.787363560632597
309 6.835385392076029
310 7.210281869180605
311 5.658711390161656
312 5.344579221966509
313 10.106548146817687
314 9.144516071219853
315 9.553201596928558
316 10.03652314088513
317 10.237818867766292
318 8.670446430351223
319 3.9092135155957584
320 7.136936353522614
321 7.034087065742781
322 10.44722033446879
323 7.805737231603223
324 10.144436966650941
325 7.192459825576884
326 4.131808505927147
327 8.057244447640251
328 6.4092270039301535
329 9.79775867204555
330 13.408136522020618
331 8.444228779347108
332 11.055205735342868
333 9.905325143576787
334 12.88866713908308
335 12.754011381530363
336 12.488906921792198
337 11.844313137805928
338 7.400605940744085
339 12.413085960830882
340 9.623308960795113
341 11.832125177333676
342 11.605394263506481
343 10.719372433217117
344 12.437818331855384
345 10.204333441404218
346 11.281059305960348
347 7.8686086968859446
348 8.722273156344402
349 10.575778564789877
350 11.592002634435996
351 9.27578464401756
352 9.584440089062715
353 8.70032359176516
354 11.603725144974133
355 7.00569988483583
356 8.839454590795011
357 10.851302595358643
358 11.684768548357754
359 10.292468355094517
360 9.673852839646184
361 11.32656928331911
362 10.647897172443209
363 10.43004748079606
364 12.539585514733027
365 10.323033195353846
366 11.460029882379425
367 9.219625838495217
368 13.70398218897859
369 9.144192120295136
370 10.868770624850253
371 10.111358026872372
372 10.560343885704382
373 11.949204510774893
374 9.334047651590238
375 11.774462805635016
376 10.990731195583555
377 11.639707142630824
378 7.280663480456789
379 11.530542798882399
380 11.291732921567773
381 10.567032519784961
382 12.557388870312879
383 13.324538929765955
384 11.310188790588441
385 13.244280712090577
386 13.12403553794107
387 12.6206302672794
388 13.792838255900602
389 12.227166780384655
390 8.401718280899829
391 11.964665332404314
392 11.500146400328735
393 11.943172780373885
394 13.22945846098218
395 8.009395782704557
396 11.462189047144534
397 11.130340827885165
398 10.64693578974572
399 14.040002621511476
400 11.47519740394423
401 13.615186456209996
402 10.941920430671042
403 12.580576161764862
404 11.422325382351216
405 10.86455287292506
406 10.934406290170413
407 11.380136449892255
408 12.846645567293342
409 10.826339377830331
410 11.831056306815599
411 12.33902855026477
412 4.744690487998655
413 13.879672846563807
414 12.431174275749285
415 11.610570759503227
416 14.83808235830501
417 12.465305964497933
418 12.962662891820447
419 14.29743769627742
420 10.840426551941635
421 12.01406160117225
422 13.637067169436373
423 11.040365234335885
424 13.388362004657314
425 13.423120604032453
426 11.878516988890263
427 11.50008343595808
428 10.216272997563228
429 12.682260087032267
430 13.173733878305859
431 12.477855737304989
432 13.515719746346472
433 11.936837045617628
434 13.805583414364929
435 12.495346986872445
436 11.793760160330171
437 8.541458484931105
438 11.266456750070295
439 9.771412929250362
440 11.071908265174812
441 11.018814348003048
442 8.248548201586695
443 10.026161585415156
444 10.104462653799379
445 11.037214107190252
446 12.744836158079739
447 10.297780870906323
448 10.26120014717595
449 11.422756277424368
450 10.973339184664402
451 8.168627627669583
452 10.02028865776468
453 10.318419480253405
454 11.254920618633149
455 10.579393682632825
456 11.587497018905307
457 12.142804686842355
458 9.616189206514017
459 11.139250408604713
460 9.953784137226663
461 9.78505318050017
462 9.820225754381427
463 9.752525666683194
464 9.827258480698493
465 8.67224770429095
466 9.482455799665061
467 11.415575804588315
468 10.16082856639883
469 11.530550425801382
470 7.3073766815200205
471 10.106208080184722
472 10.027277285535
473 11.508434899632658
474 11.193622659602033
475 9.784957774759585
476 10.261966118885718
477 9.568308140250819
478 10.636466908627007
479 9.908832211688553
480 9.349480983831386
481 11.340246118790391
482 9.305239482981932
483 10.676966546712153
484 12.2152017723485
485 9.6261559080296
486 9.92952542915049
487 9.262844187341132
488 9.776613800650535
489 7.223476303849647
490 12.146646285149647
491 11.835371220248707
492 9.603140644209875
493 6.971346429911604
494 9.457316308048336
495 11.913108723858954
496 9.955777614701299
497 9.66520624997487
498 8.45767915808832
499 9.016196420322451
