1 0.5158986449241638
2 0.4068405032157898
3 0.33715301752090454
4 0.3007975220680237
5 0.3323620855808258
6 0.3452383577823639
7 0.3983505964279175
8 0.5950360894203186
9 0.6601148247718811
10 0.5968888998031616
11 0.49058082699775696
12 0.45931026339530945
13 0.5509279370307922
14 0.4028332829475403
15 0.36740636825561523
16 0.3896065652370453
17 0.3802298605442047
18 0.428393691778183
19 0.4621795117855072
20 0.43756723403930664
21 0.37820619344711304
22 0.3795512020587921
23 0.34268030524253845
24 0.3706354796886444
25 0.38907766342163086
26 0.34047847986221313
27 0.3132052719593048
28 0.34834203124046326
29 0.3658778965473175
30 0.3488161861896515
31 0.3753950595855713
32 0.4767853915691376
33 0.5370211601257324
34 0.4776724576950073
35 0.46772879362106323
36 0.4481111466884613
37 0.4905194938182831
38 0.4238051772117615
39 0.5092540383338928
40 0.40530380606651306
41 0.3537504971027374
42 0.36104846000671387
43 0.3466251492500305
44 0.369865745306015
45 0.3719799816608429
46 0.6118590831756592
47 0.6319995522499084
48 0.52889484167099
49 0.4267599880695343
50 0.4048911929130554
51 0.4541895091533661
52 0.4367964267730713
53 0.5097963809967041
54 0.37282347679138184
55 0.3662818670272827
56 0.33262062072753906
57 0.38383686542510986
58 0.4062330722808838
59 0.42673638463020325
60 0.4646010994911194
61 0.3899095952510834
62 0.4917762577533722
63 0.42427903413772583
64 0.4546125829219818
65 0.3967440724372864
66 0.37669476866722107
67 0.3379420340061188
68 0.3166418969631195
69 0.33091530203819275
70 0.3760471045970917
71 0.487293004989624
72 0.6412187218666077
73 0.7618073225021362
74 0.837885320186615
75 1.0304951667785645
76 1.2307378053665161
