1 0.6782605051994324
2 0.4401377737522125
3 0.34325653314590454
4 0.31748640537261963
5 0.3193773627281189
6 0.3096337914466858
7 0.30176809430122375
8 0.30364981293678284
9 0.2901458740234375
10 0.3407592475414276
11 0.45143139362335205
12 0.460325688123703
13 0.4610932171344757
14 0.4914529621601105
15 0.626975417137146
16 0.45435234904289246
17 0.5417273044586182
18 0.35472625494003296
19 0.3652796745300293
20 0.37152671813964844
21 0.3619202673435211
22 0.33808043599128723
23 0.331471711397171
24 0.38980162143707275
25 0.3398500382900238
26 0.30709320306777954
27 0.4151160418987274
28 0.4554715156555176
29 0.3704394996166229
30 0.4280642867088318
31 0.2992452085018158
32 0.2939181625843048
33 0.33239200711250305
34 0.30617430806159973
35 0.3304807245731354
36 0.3358002305030823
37 0.36649829149246216
38 0.39489394426345825
39 0.5404434204101562
40 0.5750212669372559
41 0.548949658870697
42 0.37069979310035706
43 0.32856208086013794
44 0.308370441198349
45 0.29511547088623047
46 0.3148794174194336
47 0.3593943119049072
48 0.29541099071502686
49 0.36311185359954834
50 0.4269612431526184
51 0.4202248156070709
52 0.46470537781715393
53 0.36284348368644714
54 0.30933481454849243
55 0.39050760865211487
56 0.3930170238018036
57 0.32688108086586
58 0.3456227779388428
59 0.43393996357917786
60 0.38597726821899414
61 0.3390684723854065
62 0.39953047037124634
63 0.5520882606506348
64 0.42893490195274353
65 0.44494906067848206
66 0.567740797996521
67 0.5664832592010498
68 0.434253990650177
69 0.47947943210601807
70 0.4501211941242218
71 0.5074621438980103
72 0.4542260766029358
73 0.37736254930496216
74 0.39659708738327026
75 0.38738924264907837
76 0.42749732732772827
77 0.4080362021923065
78 0.4561113119125366
79 0.5133672952651978
80 0.42894038558006287
81 0.4818855822086334
82 0.5262385606765747
83 0.48010045289993286
84 0.46645528078079224
85 0.5848497152328491
86 0.44461286067962646
87 0.35564887523651123
88 0.41169002652168274
89 0.3747541606426239
90 0.5130916833877563
91 0.9963905811309814
92 0.47108104825019836
93 0.3486669361591339
94 0.3146283030509949
95 0.31445133686065674
96 0.3519936203956604
97 0.3588384985923767
98 0.3297813832759857
99 0.29307934641838074
100 0.3367542028427124
101 0.4411083459854126
102 0.43232157826423645
103 0.43443700671195984
104 0.5100972056388855
105 0.6273056864738464
106 0.44842424988746643
107 0.5040645599365234
108 0.36209142208099365
109 0.4231383204460144
110 0.38981449604034424
111 0.35983511805534363
112 0.33409732580184937
113 0.3265153765678406
114 0.3738531172275543
115 0.3435971140861511
116 0.320772647857666
117 0.411275178194046
118 0.43368902802467346
119 0.4128791391849518
120 0.4605361223220825
121 0.30505338311195374
122 0.32269012928009033
123 0.3430425524711609
124 0.3114386200904846
125 0.3410934805870056
126 0.341336727142334
127 0.3907321095466614
128 0.4261762797832489
129 0.5883156657218933
130 0.5147837996482849
131 0.5066260099411011
132 0.37084105610847473
133 0.32893842458724976
134 0.3259841501712799
135 0.3006473779678345
136 0.33414971828460693
137 0.36530694365501404
138 0.2881676256656647
139 0.3772199749946594
140 0.45068714022636414
141 0.46026942133903503
142 0.49138936400413513
143 0.38215431571006775
144 0.3068852126598358
145 0.38862013816833496
146 0.41255778074264526
147 0.33150216937065125
148 0.32416602969169617
149 0.414255291223526
150 0.40575507283210754
151 0.3514687418937683
152 0.41612860560417175
153 0.5575141906738281
154 0.4451126754283905
155 0.44360435009002686
156 0.5486108064651489
157 0.5286793112754822
158 0.40823009610176086
159 0.42244476079940796
160 0.36851853132247925
161 0.4048086702823639
162 0.45238420367240906
163 0.3672507405281067
164 0.4014924168586731
165 0.38925501704216003
166 0.4084499180316925
167 0.40574249625205994
168 0.45583269000053406
169 0.5555815696716309
170 0.44021403789520264
171 0.5408724546432495
172 0.5546533465385437
173 0.5340753793716431
174 0.5000433325767517
175 0.583763837814331
176 0.45508357882499695
177 0.36446091532707214
178 0.4697444438934326
179 0.4808623790740967
180 0.5843192934989929
