0 10.51633616195008
1 7.7355830278873325
2 3.9582552095098467
3 4.028065838289853
4 6.881811036690129
5 8.137768005772463
6 7.615688566762559
7 8.45746431109694
8 7.622928937919514
9 7.640931148808685
10 8.068792749298122
11 8.773590039118702
12 6.275999723431289
13 7.866783810028678
14 8.769965706116992
15 8.493311027100265
16 6.29248040581951
17 7.996582243239508
18 9.04059805402249
19 6.316238712651883
20 4.8441527451620665
21 6.305727407071957
22 7.3544063042447485
23 9.700940491959544
24 5.186195389984431
25 7.610362031613267
26 5.289912794700962
27 6.086539724492514
28 5.788799989658712
29 8.825747115391886
30 7.796320706063654
31 8.249093604635416
32 8.481214130345373
33 7.789211628458663
34 6.840708881358941
35 5.764270505432725
36 5.7075658519239845
37 5.04758828257408
38 3.905835168734033
39 4.347241612672722
40 4.569012053896514
41 5.853228721871229
42 3.9446068704087907
43 4.264736025239195
44 4.014120259387354
45 4.4623276298803525
46 3.96362864782962
47 4.209022090946854
48 4.59934315186229
49 4.088883034503754
50 4.478059190542328
51 5.567923944607553
52 6.4722323505814305
53 4.708055449950966
54 4.694290313570654
55 3.766006357883538
56 4.305266495657747
57 4.438737256236834
58 4.46884081299342
59 4.559204862548032
60 4.23080252912832
61 8.247765911203068
62 10.449159588976244
63 8.581373814486303
64 11.254008789998105
65 10.407076971539889
66 9.652009696380258
67 10.852845390814
68 10.035589180447431
69 11.056648624347133
70 10.665632391422024
71 12.195924682512649
72 7.494119723483569
73 6.79732415852017
74 4.2416541799614755
75 4.467331085854661
76 5.114075994660792
77 4.314222943057329
78 5.104269360560385
79 4.867364959192689
80 4.7070239844178365
81 4.634702562460594
82 4.656430077766789
83 4.777341264340072
84 4.687716196896303
85 4.4108543736470995
86 4.59865382099863
87 4.516987157765635
88 5.013271252468242
89 4.881853752960492
90 4.279826275159056
91 4.690334019138708
92 4.42249729047089
93 4.306174830443916
94 4.276722752208173
95 4.624754710083556
96 4.653262260934929
97 4.400761543898564
98 4.156533353509743
99 6.621878069361247
100 6.450717285979392
101 7.0557599128566215
102 8.462746046771588
103 7.549792088228419
104 10.292445042653458
105 10.467825636279487
106 8.906617043042258
107 7.919988949869866
108 7.431633647365474
109 9.00469707061324
110 8.317208347305971
111 8.34099630464854
112 9.058266485807778
113 7.683184234028018
114 5.536033192915325
115 9.196419532842842
116 7.3588532604086065
117 9.474044710232898
118 6.624979836927642
119 8.488952728403444
120 11.163710239457611
121 9.278715553559392
122 10.453583789577795
123 8.45761856732014
124 9.658559583605545
125 9.622930224827064
126 12.33507391341912
127 11.351025962301948
128 11.768386081601825
129 12.366556592358641
130 12.18199022335034
131 11.584650775533209
132 11.331327050249381
133 12.699033461258313
134 11.685319618554267
135 11.832911310028065
136 11.28323235622229
137 9.661969459808743
138 7.75678403464733
139 6.750667415084901
140 9.144083875162503
141 7.265979945274717
142 6.773905210746565
143 10.71672398216666
144 7.736704259948438
145 7.063522784640505
146 7.804013294176172
147 6.111031971881062
148 6.525316880802501
149 6.450603606109182
150 6.30251126490961
151 8.866168240181082
152 7.97952612890223
153 9.140708896229066
154 7.321803937022938
155 8.215746383912274
156 8.199333959416029
157 11.008002393369823
158 10.887080216356011
159 7.646751037412912
160 7.018094988605085
161 8.206289664466377
162 9.380482773836764
163 7.8302536148860105
164 11.623809941651373
165 12.279501726659362
166 12.334761255396515
167 12.003252771989901
168 10.909645912007187
169 10.767554702696087
170 11.467051242548493
171 11.616407590616118
172 12.869440644326225
173 12.223787889346816
174 12.359651918584952
175 11.872954154035014
176 13.173501425878952
177 11.477938385615303
178 11.583156120405004
179 11.239228495872462
180 11.740582707916213
181 11.96134638510183
182 11.796071045045863
183 11.418813654256606
184 11.06590488060645
185 12.928256192659287
186 11.975627688205947
187 10.989714816382369
188 12.29367956307592
189 12.599741582462979
190 11.7836674442057
191 12.462294208126732
192 11.975271662622154
193 8.529977264257278
194 7.520814895567543
195 7.99990601629623
196 7.691639844929632
197 6.265040948485701
198 8.649158331236498
199 7.43864068170822
200 5.726258819177714
201 7.399169396999477
202 11.165895414069857
203 11.732927924891174
204 10.82853114335747
205 11.943861014791267
206 11.982782028187236
207 10.924181853862722
208 12.081341596122428
209 11.414066159693558
210 12.171623782128904
211 12.12014577281399
212 10.82578680797023
213 9.43092968239978
214 10.016044112883499
215 12.000403215276952
216 10.284031328175544
217 9.491902670496287
218 10.310728809741118
219 8.9954343965717
220 10.82520957324013
221 9.91928350144173
222 8.533761892066844
223 11.600804372274405
224 11.19063821906993
225 11.156560241356926
226 11.718882498054507
227 12.519145307005926
228 11.66739099313338
229 11.082674236472641
230 11.54593588085347
231 11.49957695379006
232 12.575579604680577
233 11.716082192400497
234 11.669886776373817
235 11.725207641451629
236 11.51680689064134
237 11.503477696245401
238 10.61968868837718
239 10.963005738569029
240 8.704937732153796
241 7.916186201899457
242 12.067986205170586
243 10.591056662297312
244 8.142428013555818
245 12.209836855850131
246 12.278481850165809
247 11.311880048279605
248 10.823787523118288
249 12.70375381367928
250 10.781870802801924
251 11.05676557245882
252 11.50549848769012
253 12.944905436523952
254 11.775729143359492
255 11.72321735399127
256 10.992271679015152
257 12.053927292371982
258 7.235723361627557
259 7.998566634239309
260 8.623646528162514
261 7.960894425604226
262 8.287093537275435
263 8.317056024644735
264 9.189672710581005
265 7.730611967974543
266 4.968378569379454
267 4.068433488787886
268 4.507351325082137
269 4.326559438210902
270 4.992662195814485
271 4.807321296504669
272 12.448098209885703
273 12.337535607395926
274 12.394036006568289
275 11.73917395999755
276 11.594013984259554
277 12.632071554672864
278 11.861693055138833
279 11.708728893744496
280 10.749582307860962
281 13.387217603651285
282 12.387444248766085
283 9.61442125247196
284 11.698533152300124
285 12.654514892406809
286 9.754614061742295
287 12.430885015592517
288 11.522045923732486
289 10.265677669652538
290 13.00439763749431
291 10.52727753434438
292 12.490629359702066
293 11.044677086873556
294 11.426321858467821
295 11.681634263042028
296 12.59376978263582
297 11.974514576185229
298 12.340462715560314
299 11.74312298671894
300 7.851992790100414
301 11.999356758976157
302 10.528250730921242
303 11.492563744704695
304 12.402552629457151
305 11.634791296156935
306 12.595279825583528
307 11.869050311699274
308 12.075881209539338
309 10.49837849766107
310 11.96284047368192
311 12.282127607199621
312 10.881918994473626
313 11.117469203014416
314 13.04701572046067
315 11.612925981538012
316 11.759262976972988
317 12.78137733092282
318 11.345157680197422
319 12.601607964263508
320 11.551530863461855
321 10.453741220845439
322 11.270405990965685
323 10.532407510503567
324 11.385120238933466
325 10.639495235568532
326 10.395149487880827
327 8.132065283817399
328 11.06447793355308
329 10.789698079997809
330 10.222986892812726
331 11.08282657820805
332 9.291443728210036
333 9.180514906753695
334 11.419142261199896
335 5.883932071206778
336 5.822257897640284
337 5.691411698148213
338 6.388011029907009
339 4.810287523313688
340 4.389859985460345
341 7.273182605184064
342 5.406382373640077
343 5.813622202556781
344 4.664770120863482
345 4.7213881456446485
346 7.576877982070462
347 4.65661240414583
348 7.932385234242131
349 7.302185582587546
350 7.124531186146546
351 4.17455314785927
352 6.574183103923779
353 4.3843863853031495
354 5.092673364549888
355 5.807818497782069
356 7.006071439066285
357 6.97339939493589
358 6.376449858747531
359 4.969195268897376
360 5.07755293238976
361 6.678285034768639
362 7.019907665651194
363 4.74075565187784
364 6.305531969346751
365 4.858905763147397
366 4.013469013817833
367 6.856658509113982
368 10.73382796156575
369 8.445241469015945
370 7.159195361417184
371 9.40447844890361
372 7.79452787072043
373 7.518721444694739
374 6.273501530722372
375 8.051446971145493
376 6.700767147840345
377 8.438347656714154
378 9.234115452767627
379 8.502625765824204
380 8.53108425374763
381 8.169383885001738
382 6.851257256850557
383 7.701914462761887
384 6.855886719199609
385 6.5485926588861805
386 8.772089531000747
387 9.025272185346711
388 8.847060986353926
389 8.584279894312811
390 6.966619940370263
391 8.34487904754801
392 11.317559751762186
393 6.4852715212363705
394 7.102273720119716
395 7.400578519112477
396 8.977013120864429
397 7.013720155058839
398 6.742865658362367
399 6.1298825895204505
400 10.058505716962395
401 7.304809935189699
402 9.45539064287429
403 9.536666838646473
404 7.288447701658828
405 7.142167691167001
406 8.505435958848617
407 7.1753044066717075
408 4.136087462953235
409 4.745179645603573
410 4.2294868294092005
411 4.315399711086704
412 5.062719025753142
413 4.775011984240827
414 4.530405487406844
415 4.9734147936095505
416 4.520436892061378
417 4.496457467953593
418 5.118107186700238
419 4.7686745802534
420 4.322619053565689
421 5.875385281785542
422 5.948628325497776
423 7.232340109843354
424 7.030609641559455
425 7.003288782050439
426 11.580384650506982
427 9.933221488427085
428 12.692456770046958
429 10.59986993900269
430 12.8012420246889
431 13.244945694174607
432 12.442446984824059
433 12.516283755045443
434 13.201293215116896
435 13.338447460955877
436 12.270501655411985
437 11.25040612641262
438 11.457166320310337
439 11.675316324313714
440 10.700397180130494
441 10.338071020486165
442 10.854547262140757
443 11.884967420037617
444 11.503748267498226
445 11.457680209516074
446 10.888498170938849
447 10.509313242769501
448 11.627265384095788
449 12.889044557894465
450 13.000763197551592
451 10.391235245970071
452 11.259723384569046
453 10.885832050566396
454 13.038944961838418
455 13.265742125067439
456 12.177293631874296
457 10.944442116738143
458 11.827922073027809
459 13.205401837299833
460 12.725226535339601
461 10.97559530116084
462 11.497456225469197
463 11.848221467502528
464 11.21468289944057
465 12.089910057297867
466 13.116574769358435
467 11.91061486723226
468 10.633021037594535
469 13.470391531617077
470 13.37990823984991
471 11.257989049816679
472 13.641724632098443
473 10.86039082272615
474 10.191494949757969
475 11.497929412595685
476 10.898275039790512
477 8.358966534341493
478 8.351396613000645
479 7.559928883133595
480 8.429338946126173
481 9.166585835712578
482 8.948714548517197
483 11.031402302595787
484 4.009835398518597
485 7.357702864081391
486 6.6600998646804
487 7.290155779471342
488 6.819525381949267
489 6.929413659764742
490 8.574853023202389
491 8.413733785564236
492 6.827709719333749
493 7.294102508652123
494 5.750769984922254
495 5.021154147521568
496 6.851105116402626
497 6.464793471335662
498 6.816041925385402
499 6.371330495293901
