0 9.548442921337088
1 11.499001838263371
2 11.736396024253308
3 11.01596342197771
4 12.033482594936018
5 12.502285776572668
6 10.971533408237173
7 10.703282807103347
8 10.39110494447624
9 10.261306278670016
10 10.530700316956215
11 11.266115879625758
12 10.574300298871055
13 10.485218860911012
14 11.471743711713259
15 9.867154466115716
16 6.848007804622209
17 6.9554242317055754
18 6.8477596610645595
19 5.110024944208755
20 4.662600908840925
21 5.673930563203678
22 7.366232135572707
23 7.6368148306576344
24 8.448306700174909
25 7.936353760078754
26 9.090186963100717
27 10.693367887884563
28 11.602789733744476
29 9.92765951392837
30 10.872679258313205
31 9.79200230836179
32 11.15626057260711
33 11.115170434020794
34 10.045749705136284
35 9.24407112007337
36 6.390071154493402
37 8.158636761114407
38 8.095695979330136
39 4.510842371849476
40 5.422276609654353
41 5.013774468488684
42 6.790961908088441
43 8.409710098879128
44 8.148888441409232
45 8.554592565608404
46 8.661211241221984
47 10.376080738252202
48 9.51942627776438
49 8.067296029690011
50 9.030856710083558
51 9.194155068920645
52 8.870705517947917
53 7.231688990707056
54 8.460007913435962
55 7.499706064823386
56 9.070150291499605
57 7.932038303125442
58 7.618748643525818
59 8.954766237540106
60 9.016369347931846
61 8.324329816417501
62 7.451878621790981
63 7.323640964465794
64 9.096133133257142
65 8.306460347766027
66 8.397851415927358
67 12.660679375502351
68 10.105144585398596
69 9.112582829274325
70 11.7014514713019
71 11.789176695753728
72 10.60967204147624
73 9.984395064560632
74 12.422243109056392
75 9.906957219634908
76 9.573644825209685
77 10.216507222939166
78 11.938205824818706
79 11.28813353352414
80 10.775518029441228
81 13.407892148707173
82 10.769719931111794
83 11.85914759123918
84 11.033816538167358
85 11.421892107083364
86 10.84449592390406
87 11.310482318823755
88 12.529680667176441
89 12.578655024452603
90 10.780994358965872
91 10.1036959459814
92 9.733340649523914
93 10.621205610694213
94 9.75683623335916
95 11.529174090489645
96 9.996874220361835
97 10.37309346254817
98 9.071961741284676
99 8.686765045959401
100 10.480559259310175
101 11.48351625246396
102 10.055852290441194
103 10.4049970351803
104 8.660395060951252
105 7.944045258113661
106 9.028164830736163
107 9.25015978904661
108 8.290191523093272
109 8.850861898439737
110 8.487574345224745
111 10.808224984866076
112 11.062461850339135
113 11.820764845876015
114 11.501223054332609
115 10.394582086461412
116 10.57627359986494
117 9.702531868335974
118 9.966182667920313
119 10.67851231611628
120 9.400925007129011
121 9.980887858163966
122 12.06814858352921
123 10.041478779030841
124 9.144947914299976
125 9.076870700921088
126 9.793806283561944
127 10.625221497794639
128 11.450070059723611
129 11.119725226460018
130 11.502882030957817
131 12.014432080395583
132 12.399125200028882
133 10.512699244846665
134 10.540218179374522
135 11.095229508363849
136 11.266722363590198
137 10.742902275021647
138 11.76622598866047
139 11.092559442706532
140 11.332367256892942
141 11.536940028338192
142 9.8556532456668
143 11.091241511305167
144 11.951442404236927
145 12.058599137578044
146 11.716759614580514
147 10.881958382859944
148 10.630302761028883
149 12.185820359352466
150 11.038906117531441
151 9.508496976588098
152 7.261456115420556
153 10.801295744659503
154 12.301665419408765
155 7.665830362412243
156 8.230411107078302
157 7.9048832815487655
158 3.598547830908736
159 3.5598578545829422
160 3.5635474535118195
161 4.2594073222264885
162 4.0316206622760395
163 3.3941815660907952
164 3.532414615195087
165 3.6463663408900815
166 3.131881286454134
167 3.612197365491922
168 8.254792762030473
169 10.642766084735847
170 9.476721238298778
171 9.87633525097132
172 11.411630706124257
173 10.396878843007586
174 10.741553487474745
175 9.37099952300807
176 10.703403952824589
177 11.500317540938015
178 11.303161490887199
179 9.832184391902574
180 10.830048974432211
181 11.195232375062897
182 10.981286598375448
183 10.249974544851975
184 10.372191485614728
185 6.764827045385809
186 8.504083134958549
187 4.0373494294919645
188 4.083722088530049
189 3.7065664995737997
190 4.837761448892713
191 8.83565547605616
192 7.0698993973532485
193 6.777913472304428
194 3.907382050771851
195 12.390479953917014
196 11.002412184040814
197 7.685642025481375
198 9.159162512551116
199 7.827333924353711
200 7.204179269051319
201 5.491455777618722
202 7.0516071064198
203 6.504775468341115
204 5.480194836273276
205 6.769397147618119
206 4.054268222699452
207 12.128343619298805
208 9.49353410653574
209 9.222439807160805
210 7.397856883166112
211 9.237543781767819
212 9.649573044711854
213 11.215345774315336
214 8.958633941123525
215 10.82576836889618
216 9.960332945653773
217 9.987646695874378
218 8.839858245970076
219 9.2260266709787
220 11.450596135194564
221 11.286756528388588
222 12.312231920784637
223 10.45312636578538
224 10.127355804873527
225 9.766809752126091
226 9.90610108711956
227 10.17307219489162
228 8.867647644152761
229 12.254734535664804
230 10.317790879726072
231 11.24231858174021
232 10.505616678962719
233 10.819557472291887
234 11.815307314908926
235 11.688068807490907
236 8.93456972715346
237 11.301977705667712
238 10.783918933972371
239 10.321584558537639
240 10.790820529342492
241 10.57770542923696
242 9.37168242562943
243 10.827228838124825
244 9.853505970614943
245 12.095891678331425
246 13.016176210493322
247 11.824047420892848
248 11.99644576030553
249 9.29415549492125
250 12.141890153785448
251 10.735389330131648
252 9.322503118357838
253 12.728049437359173
254 9.393698231967331
255 9.415978292106074
256 11.658593776970529
257 8.457791080196298
258 9.128450908663668
259 9.060550600272519
260 9.324513510247424
261 13.774339570119691
262 13.484704557562532
263 11.851658990098496
264 11.494069204530275
265 10.718562009450752
266 9.636569751077147
267 9.636001532153967
268 10.387334023265739
269 10.606146250732087
270 11.274915774100474
271 11.112617425749178
272 10.47282065408112
273 10.277806973007847
274 9.666688706172348
275 9.282158976167109
276 9.894035492026118
277 11.6939631844199
278 10.555391976290991
279 8.66328360932003
280 10.328847198839537
281 10.559456104086909
282 9.905017240115969
283 9.392644922855522
284 9.71982926786749
285 11.734824143897953
286 7.97064662551198
287 10.166612991854866
288 3.9980162974101425
289 4.200197693486442
290 3.7325991871003823
291 8.156964607800827
292 11.72852727996861
293 7.505337821429051
294 8.231000161079407
295 9.892328752891054
296 9.027213929934218
297 8.305679352683994
298 7.317939656289633
299 8.340892056761353
300 8.08870852742093
301 10.045312295478206
302 7.7870502356133064
303 8.438014260767583
304 8.292150187080923
305 6.796371775390671
306 8.582361765634309
307 8.49426608749714
308 9.190317171987568
309 10.071889586759507
310 8.328571348832174
311 8.847682339484294
312 7.548102982888182
313 8.953980717258052
314 7.407033509988431
315 7.650050321131795
316 3.452811144087972
317 8.225014550566492
318 6.65194716890798
319 3.783863798400233
320 3.8311039382132934
321 8.656649385636198
322 7.7121000061080975
323 9.945627991190216
324 9.880425611731152
325 13.145175460136794
326 13.208785101026843
327 12.039359288505759
328 12.066781177725373
329 13.842710991781058
330 12.2622261279707
331 11.751259459059465
332 11.63746500647971
333 6.183503864153044
334 5.751015926906275
335 7.276927734316353
336 7.947736673793263
337 10.64653927181405
338 7.174492292336976
339 10.049045384832613
340 10.146407566657057
341 5.943253109482243
342 6.4437738896987025
343 8.397750183549991
344 9.819248457931803
345 6.315735466989648
346 7.321478362947841
347 6.051867240067373
348 9.645385322005861
349 3.1926276691026687
350 2.864815728749608
351 4.542115698491329
352 9.053926365058537
353 8.357593266233929
354 11.737797151668198
355 10.421973338904767
356 9.421545233706683
357 11.661250187998634
358 8.276729769200633
359 8.799059028496094
360 8.892228790511293
361 10.625883765034718
362 10.212867894181107
363 8.910662673502252
364 10.839793157069005
365 11.090523678975888
366 9.781398899238736
367 9.809196504391242
368 10.177717881730306
369 10.094476884504973
370 7.6994896317454415
371 10.464818427291567
372 9.036669110650381
373 9.90798402654996
374 10.34687509248377
375 9.785029668337508
376 9.512392404435017
377 11.12958669974746
378 11.876996555077929
379 9.223999028165611
380 11.1506095673529
381 9.84904511949791
382 9.652043331454584
383 11.245397676885823
384 10.58207895556231
385 11.294560563239367
386 10.756825468301772
387 9.732352852326382
388 9.449415111786172
389 9.696478961046209
390 11.101148224450418
391 8.867609774034186
392 10.347941956985473
393 10.555132223924089
394 9.352970077640178
395 9.5563939874235
396 10.883979202451556
397 9.340152644842524
398 10.201036511719007
399 10.192595961587402
400 9.103827182511717
401 11.221014593897179
402 10.261160833493527
403 10.245479002581622
404 9.729456925606181
405 5.0701184823813525
406 7.416196376574963
407 7.296415859871022
408 7.5234672145175026
409 7.936003186119703
410 7.615433499390017
411 8.382499204261732
412 7.898703135195203
413 8.890021366167266
414 12.198823881613343
415 11.718821987236623
416 11.201208864441476
417 10.184651356691031
418 9.337460310820308
419 10.262603877535867
420 10.141219647163924
421 10.89501224309934
422 10.177756553400702
423 10.519646226158052
424 9.921605218318069
425 10.443237240040904
426 9.937333237560814
427 9.263579706435229
428 9.592612819521609
429 10.252709381410751
430 10.28578884762282
431 9.948183290026954
432 11.48365792065521
433 11.097448606621612
434 9.025918890257275
435 10.994017526837615
436 12.181453606075879
437 12.155819257474056
438 11.257030158881292
439 7.957162127685297
440 8.443424006555428
441 7.534439145390234
442 7.732743471934543
443 7.060428133236335
444 6.083879498326145
445 8.626715030307917
446 6.356374347815103
447 5.736643542956732
448 6.389486584736739
449 9.862976399278823
450 9.631647070041518
451 7.037834279538076
452 6.860102577175681
453 9.217382150462301
454 8.106954766418177
455 9.303047338974382
456 9.572468210296579
457 7.3701863101212775
458 4.329905701874256
459 3.8808047706236266
460 5.9585104260895525
461 10.944700794318637
462 3.6859112405677608
463 3.7600788012661703
464 6.138143686117158
465 4.993398805900351
466 5.649897405725362
467 6.834095540113422
468 7.30280963373609
469 5.616800517916265
470 10.5232593054202
471 11.254709649757471
472 4.150500105525889
473 5.1492725738978296
474 6.4390622923772565
475 6.238862395426734
476 6.993374342990873
477 3.5340319074702737
478 9.77848931051769
479 11.23936674275492
480 6.638945360862718
481 7.464886238090329
482 8.499661177843794
483 6.766072902194553
484 6.644888954457188
485 5.766099524934328
486 3.6041469172774847
487 5.39780930053855
488 6.231578647642916
489 8.29900478311892
490 3.792400908684034
491 6.7832387993880285
492 7.73335797352166
493 5.876222966347537
494 8.258893113554695
495 6.352289203493903
496 7.377068054476968
497 5.7191700593111765
498 7.827039679772647
499 7.8525572911304495
