0 4.362347461872454
1 4.53038443134141
2 4.518188311957365
3 4.873518009467409
4 4.803707751351666
5 4.347738041505698
6 5.30764015715546
7 5.98969815774738
8 7.334038907253747
9 5.069359418618227
10 4.538447054627279
11 4.2466849997865825
12 4.5170025277593915
13 4.270805386330843
14 4.4023373817674
15 4.61324532326163
16 4.249832775177696
17 4.778553038167258
18 4.431387545564443
19 4.848215170008284
20 4.4174800807851335
21 4.421520500889899
22 4.558252111732593
23 4.359150867386556
24 4.525083098043267
25 4.496874082602773
26 4.859768949778654
27 4.505570337746038
28 4.422550384820812
29 4.485652532753856
30 6.0375843770247
31 5.984180553839852
32 4.602832096210368
33 4.382365917559747
34 6.498945014895744
35 5.589037206217024
36 5.713486195644634
37 6.456427060031769
38 6.496740230475161
39 4.683797608667808
40 7.135954505767903
41 7.211521606089782
42 4.654131247918564
43 4.264992852149474
44 6.333153480615749
45 5.978951808638649
46 6.023117376121406
47 4.72623328845341
48 6.540410922829645
49 6.807474131248565
50 5.839652501377641
51 6.420314622898393
52 7.0910977404755045
53 4.3114151405538585
54 4.209460782546908
55 6.255967425511285
56 4.491672555531832
57 5.443505347113546
58 5.8480208021900175
59 5.238292995830116
60 6.0172511603558085
61 6.918271590509971
62 5.781640689175182
63 5.487563616938766
64 7.7239433291411075
65 3.5328654671602986
66 6.6696210359842025
67 5.152354110433991
68 6.4342988731371635
69 5.46954287828426
70 5.965434556289181
71 6.376409114641924
72 5.239898231676086
73 6.505125661340178
74 4.441310968993181
75 3.3110358909106017
76 4.229277011413709
77 4.637306337219334
78 5.000805942324576
79 5.422345149765198
80 4.405859294137198
81 3.978082593716284
82 3.7926160325495784
83 4.136596188136147
84 5.365967686379554
85 6.176425193771833
86 7.027719622298721
87 5.205801979678015
88 4.3418542128495625
89 5.7581580135634
90 6.0539720891732305
91 5.645411779085551
92 4.392205801541362
93 6.07261573862431
94 4.997587546174372
95 5.77775750135105
96 6.7017853442085125
97 6.100054888538983
98 7.152241884723119
99 6.908428685801211
100 6.597024914535057
101 6.838668208483139
102 4.253813109972528
103 5.222640995601145
104 7.232314230531606
105 7.194260169172813
106 7.375212053019843
107 6.736509322621728
108 6.011855572435378
109 7.315594979354416
110 5.9257639547703835
111 6.577062734877515
112 4.002050397214995
113 6.3423216452176865
114 5.418538934491283
115 5.4536473421716805
116 6.82327653946491
117 4.184861554015881
118 7.256287824909301
119 8.424775380932479
120 5.843900946784744
121 6.555104963633962
122 3.3583015758392056
123 4.210839031522837
124 3.634316225452554
125 4.524238846380616
126 6.3791151851179455
127 3.589596820651985
128 4.297050875158836
129 4.49331813402248
130 3.86182645258161
131 6.22325541075181
132 5.349321760418707
133 4.79231673620889
134 3.894609108588233
135 5.109647999349128
136 3.4489669703045354
137 4.079650314679224
138 4.102784314591091
139 4.049377111944808
140 4.209232078403997
141 4.940950513110569
142 6.67519284024223
143 5.711349764411523
144 6.762202431269779
145 3.8924017175687036
146 4.327012691906543
147 3.606413754397502
148 4.196978346100374
149 4.096182229418039
150 4.240779936800087
151 3.746886288192585
152 5.306332106017517
153 5.637654645540725
154 5.188250845800932
155 4.698492219530792
156 7.1624221510600155
157 8.721947218559032
158 8.649142731602117
159 5.7701924047329065
160 7.474830579617829
161 5.214502675571792
162 6.538638890758622
163 5.606897955576398
164 5.283989420484315
165 6.377722022835798
166 4.39012700802867
167 4.97580412948482
168 5.037684617628484
169 4.678771839201491
170 4.610375038662988
171 5.340170126082984
172 5.400497374038486
173 4.662025015290491
174 3.380043197450384
175 4.12782232238468
176 4.565073675063723
177 5.781176536893533
178 6.068237729371029
179 6.832829421434495
180 7.160978405378881
181 5.058938806915325
182 7.463115137083495
183 6.619664859200319
184 5.830626150700044
185 5.501430111167551
186 4.554670886324046
187 3.3926358392334794
188 3.890353013604966
189 4.163347519407243
190 3.672166995212668
191 4.4470345323578435
192 4.11794458731284
193 3.8922446312010197
194 5.098004969105762
195 4.4305721610764275
196 4.263111129659376
197 6.314515539773794
198 5.795069159567967
199 5.715388481881103
200 5.972337440374725
201 4.981275939047052
202 7.874096948587989
203 5.5440922742899
204 6.07118049334017
205 6.965311724141613
206 6.420283893288969
207 5.647364184027937
208 5.478469101537894
209 5.741426489437118
210 6.417718966708327
211 4.572569054211451
212 5.522356007465145
213 7.13029123374853
214 6.377421863554865
215 5.263221260846928
216 6.777795253265776
217 4.727405218632902
218 7.08521069289545
219 5.447847128453741
220 4.515824134608643
221 4.810382241752975
222 4.375333359689281
223 3.4530837642115646
224 4.93483566271573
225 7.011125786722007
226 6.045495869354821
227 6.231846965738658
228 6.387746787943661
229 3.6682248881437833
230 3.4848430632791207
231 5.986620434387326
232 4.686761756048326
233 6.281502335523142
234 3.96265817885912
235 3.832038476569343
236 4.155532760189691
237 3.995495605594898
238 4.055329320571694
239 6.504059485247306
240 5.169074814460518
241 7.870633470497622
242 4.604241351775825
243 4.19604439655986
244 4.090873214402632
245 4.086145452881285
246 3.2703958981638275
247 3.7651225124903682
248 3.9592361436997057
249 4.15275672734792
250 5.446078150982326
251 8.004163243456166
252 6.93140956957374
253 7.123820705464426
254 4.881232465803307
255 5.7745889745557495
256 5.4813962062716275
257 5.92451507215288
258 6.639650376297729
259 5.726605235199248
260 4.885688927282733
261 4.257097228339638
262 4.363458571674589
263 6.223955608195484
264 5.574045626883375
265 5.469779132406579
266 6.6000944687167955
267 5.262624161540429
268 4.981082682599744
269 5.606315056983203
270 6.374007376066719
271 5.672660580571747
272 6.155460544379068
273 6.421470321018893
274 6.379818551410895
275 5.836744212264833
276 4.116787757357903
277 6.410403575394847
278 6.319846261674187
279 5.360009956195222
280 6.6052487336940695
281 5.071129844122764
282 5.11687955125374
283 4.730657473899942
284 3.731166382025006
285 4.6577365592405515
286 4.0064356307609
287 3.932323479349332
288 3.8345494760164716
289 4.406581880071191
290 4.45448972759248
291 4.079058301553064
292 3.9929098358147646
293 4.598984173107017
294 4.989011326541786
295 7.771635067041345
296 6.631994318616614
297 7.210375433761973
298 7.1774747282480185
299 6.1135110888227215
300 7.175701122215665
301 6.416960303173627
302 7.017721693332298
303 7.064687175343394
304 4.921064552683761
305 6.138433786241307
306 6.269908074249318
307 6.130311705926346
308 7.788382598524574
309 5.175446688898542
310 7.037670317626563
311 6.907660878622146
312 4.138466043612428
313 5.956665630074753
314 6.250224214436692
315 6.959244074301048
316 6.710165779775777
317 4.229094611724259
318 6.212680600078809
319 5.631531386327485
320 5.406505119673683
321 5.171462419186979
322 5.970117221846723
323 7.05397012243106
324 4.5574059172313905
325 6.392432083642837
326 4.143968211907143
327 5.497749546620478
328 4.61978246601081
329 4.669156070839612
330 6.678962705628155
331 5.852738807913731
332 5.917572423781901
333 5.858658548618363
334 4.536969949116764
335 4.4852424533467445
336 6.069387045908178
337 5.956829946801777
338 6.251491870540666
339 4.865568662392017
340 7.655260894445858
341 5.414303394004072
342 3.8775433101093157
343 3.8815215474521847
344 4.526437471325455
345 4.549371669648527
346 4.254007226669629
347 5.624387363047014
348 7.971777413902322
349 6.397406481487313
350 7.653527177975577
351 5.797327345300445
352 6.89850533062117
353 5.4288295753143965
354 6.443040413270161
355 5.467805269048707
356 5.298775909414162
357 6.375757517751608
358 6.307745095802104
359 6.700184058286479
360 5.399816387975813
361 5.847567859500322
362 5.819325909329407
363 6.680756943044136
364 7.074248263799211
365 7.62001088594433
366 5.819721952819749
367 5.944504712702123
368 6.818593246913649
369 4.351647584771951
370 4.636139045827388
371 4.807221302469789
372 4.359444242279408
373 4.474944273128531
374 4.4322145918072255
375 8.080461795502844
376 4.950562994243092
377 6.973032041934901
378 6.439227906477559
379 5.507379018942667
380 6.355576446486475
381 6.966790111163664
382 6.575706840270316
383 6.645148414977002
384 5.300197767159047
385 4.7687432616829035
386 4.790757144894381
387 6.760230308239766
388 6.090418493468263
389 7.28624704168042
390 5.652475882179414
391 5.738560571202733
392 6.981552270298703
393 5.899843229208101
394 3.7084486548986404
395 4.3451184798643165
396 5.655659577481303
397 5.637871895254817
398 3.409252451725617
399 4.072668311090936
400 4.345465545109441
401 4.5603858151727
402 4.286353449847842
403 4.35599710379254
404 3.893841230085994
405 4.230005310787261
406 7.10828809811729
407 5.0089834826028605
408 5.658827996847431
409 7.400354218838264
410 5.55597762180551
411 6.355844802955314
412 6.569509556654741
413 6.879041564568854
414 6.9569634080121485
415 5.691214785626811
416 4.122773878490053
417 6.433300479494591
418 4.477789064102888
419 5.845630701779048
420 5.838453884019352
421 4.381188200079839
422 5.600640118774373
423 6.6416092641008415
424 5.756905095964964
425 6.703750445696031
426 7.7258971771379805
427 9.261460675002574
428 8.443843664127973
429 5.274846616567037
430 6.195895026524175
431 4.898008841601905
432 5.38547798555957
433 4.946376309603488
434 6.565197497728669
435 5.0655793690702575
436 7.125246765969722
437 5.256679216354163
438 7.18831649291546
439 6.8186503042102755
440 5.176632517327856
441 4.178629348273377
442 4.3286239744256525
443 4.429097368074255
444 4.502053524392348
445 4.361412883618692
446 4.478926974861404
447 4.276230492066991
448 4.514564671744252
449 4.4049099902007605
450 4.368054843168776
451 4.2702403200399015
452 4.988369882463644
453 4.488412976134229
454 4.230668024644007
455 4.223055100227838
456 4.528229188150113
457 4.475217124675865
458 4.43885497664461
459 4.260684310237017
460 4.4582416804124945
461 5.419300978520435
462 4.4252039471527524
463 4.420452751300144
464 4.411100150756004
465 4.293030987710848
466 4.367719714923452
467 4.2062843800315335
468 4.708009135362685
469 4.5313726478156795
470 4.479090005418022
471 4.387153431573699
472 4.288594155702777
473 5.1768012935241865
474 4.37749147274171
475 4.195490058360257
476 4.62430148615194
477 4.781307851719272
478 4.818646802048396
479 6.282162097216741
480 7.157144480642281
481 5.162970806108948
482 6.291460461526903
483 5.631519980143122
484 5.887091527977338
485 4.982722195740103
486 6.732963127256836
487 4.329906822950936
488 4.293328845668376
489 4.39902767895557
490 4.605420009254009
491 4.221081210820401
492 3.9392331552053235
493 4.090576095589619
494 4.279454769990077
495 4.149385250413464
496 4.1302459359127734
497 3.4388302757135425
498 4.215278611431232
499 5.152099951936112
