0	0.0
1	0.6572986841201782
2	0.6681616902351379
3	0.6863927841186523
4	0.6731098890304565
5	0.7818827629089355
6	0.7138339281082153
7	0.7088625431060791
8	0.666710615158081
9	0.7000139951705933
10	0.6898660659790039
11	0.7239981889724731
12	0.6688223481178284
13	0.6980145573616028
14	0.6697837710380554
15	0.6448483467102051
16	0.6644688844680786
17	0.6831150650978088
18	0.7295129895210266
19	0.7461845278739929
20	0.766696035861969
21	0.7529869675636292
22	0.6949159502983093
23	0.7441255450248718
24	0.7028735876083374
25	0.7265153527259827
26	0.660973846912384
27	0.7277807593345642
28	0.720507800579071
29	0.7111936807632446
30	0.7149115800857544
31	0.6997377872467041
32	0.7764618992805481
33	0.7196832299232483
34	0.751003623008728
35	0.691704511642456
36	0.7746562957763672
37	0.6824259161949158
38	0.7194458842277527
39	0.7137850522994995
40	0.6414082050323486
41	0.7018281817436218
42	0.6765702962875366
43	0.6874299049377441
44	0.7187985181808472
45	0.648260235786438
46	0.6651041507720947
47	0.7519736289978027
48	0.7725793123245239
49	0.691918671131134
50	0.6999056339263916
51	0.7230058312416077
52	0.6999402642250061
53	0.7331792712211609
54	0.734958827495575
55	0.7209682464599609
56	0.7020907998085022
57	0.6924375295639038
58	0.6925404667854309
59	0.6936752796173096
60	0.7287918329238892
61	0.7416125535964966
62	0.7515866160392761
63	0.683360755443573
64	0.6895085573196411
65	0.6559677124023438
66	0.6740543842315674
67	0.7138382792472839
68	0.6871692538261414
69	0.6532052755355835
70	0.7195253372192383
71	0.7011837363243103
72	0.7961049675941467
73	0.7188205718994141
74	0.7193765640258789
75	0.7337689995765686
76	0.7534619569778442
77	0.743859052658081
78	0.6966623067855835
79	0.69483882188797
80	0.678394079208374
81	0.7539104223251343
82	0.6478240489959717
83	0.6672604084014893
84	0.6704471111297607
85	0.6733834147453308
86	0.684173047542572
87	0.7350242733955383
88	0.7259228229522705
89	0.7718780040740967
90	0.7575129866600037
91	0.7570734024047852
92	0.695861279964447
93	0.6984118819236755
94	0.7846033573150635
95	0.749500572681427
96	0.7523042559623718
97	0.7153288722038269
98	0.7398269772529602
99	0.7207784056663513
100	0.7212576270103455
101	0.7334374785423279
102	0.7067590951919556
103	0.7345475554466248
104	0.7012228965759277
105	0.6685470938682556
106	0.6699333786964417
107	0.6944965720176697
108	0.6832032799720764
109	0.663817286491394
110	0.7121483087539673
111	0.6593871712684631
112	0.7021740078926086
113	0.7285799980163574
114	0.7283284664154053
115	0.731155276298523
116	0.7706989645957947
117	0.7349849343299866
118	0.7496099472045898
119	0.7303081154823303
120	0.7118787169456482
121	0.7175568342208862
122	0.741623044013977
123	0.6792892217636108
124	0.7280536890029907
125	0.7897198796272278
126	0.704951286315918
127	0.7129408121109009
128	0.6929250359535217
129	0.7054441571235657
130	0.7427637577056885
131	0.6867560744285583
132	0.6947445273399353
133	0.702090859413147
134	0.7061432003974915
135	0.7242591381072998
136	0.7203203439712524
137	0.7330405116081238
138	0.7053945660591125
139	0.6968908309936523
140	0.7083910703659058
141	0.7310305833816528
142	0.7012335062026978
143	0.737309992313385
144	0.7653729915618896
145	0.7075016498565674
146	0.7652382254600525
147	0.7341229319572449
148	0.7409802079200745
149	0.6621541380882263
150	0.7757012844085693
151	0.6927279233932495
152	0.7570319771766663
153	0.7519453763961792
154	0.6620791554450989
155	0.7652802467346191
156	0.7929962873458862
157	0.7804166674613953
158	0.6658886671066284
159	0.7498376369476318
160	0.8019961714744568
161	0.716665506362915
162	0.7403982877731323
163	0.772703230381012
164	0.7342559099197388
165	0.7131193280220032
166	0.763333797454834
167	0.7518478631973267
168	0.7447381019592285
169	0.7828989028930664
170	0.7344948649406433
171	0.7390321493148804
172	0.768113911151886
173	0.72105872631073
174	0.7537076473236084
175	0.7298234105110168
176	0.7698220610618591
177	0.7757056355476379
178	0.793520450592041
179	0.7065997123718262
180	0.7570751905441284
181	0.7351894974708557
182	0.7188385128974915
183	0.7084662318229675
184	0.6972173452377319
185	0.7729138135910034
186	0.7456033229827881
187	0.7429307699203491
188	0.7208777666091919
189	0.7807077169418335
190	0.7618705630302429
191	0.7549445033073425
192	0.7583170533180237
193	0.7160063982009888
194	0.7461292743682861
195	0.7172126173973083
196	0.7632691264152527
197	0.776857852935791
198	0.7075064182281494
199	0.7259994149208069
200	0.7363119125366211
201	0.714035153388977
202	0.7494698762893677
203	0.8244696855545044
204	0.7819550633430481
205	0.7024993896484375
206	0.7809327244758606
207	0.7558394074440002
208	0.7447865605354309
209	0.7524682879447937
210	0.7580285668373108
211	0.7533331513404846
212	0.7277111411094666
213	0.7344028949737549
214	0.7770014405250549
215	0.7398492097854614
216	0.7941228747367859
217	0.7970388531684875
218	0.780599057674408
219	0.7534758448600769
220	0.7566747665405273
221	0.7814388275146484
222	0.7836854457855225
223	0.7112722396850586
224	0.7586457133293152
225	0.759663999080658
226	0.8151417374610901
227	0.7931848168373108
228	0.8072059154510498
229	0.7405928373336792
230	0.7962669134140015
231	0.7666668891906738
232	0.7959467172622681
233	0.7841956615447998
234	0.7626135349273682
235	0.7753600478172302
236	0.7551398277282715
237	0.728088915348053
238	0.7427857518196106
239	0.7494528293609619
240	0.8139258027076721
241	0.8139320611953735
242	0.8026130795478821
243	0.8350774049758911
244	0.7499765753746033
245	0.6800920367240906
246	0.741485059261322
247	0.7494946122169495
248	0.7290340065956116
249	0.6678903698921204
250	0.7565499544143677
251	0.8152872920036316
252	0.792339026927948
253	0.7575867772102356
254	0.760004460811615
255	0.7883243560791016
256	0.7750630974769592
257	0.7297926545143127
258	0.7308437824249268
259	0.8335329294204712
260	0.7930542230606079
261	0.8078216910362244
262	0.7093644738197327
263	0.7045623064041138
264	0.7146921753883362
265	0.6685430407524109
266	0.7180802226066589
267	0.7026950120925903
268	0.6577713489532471
269	0.7543962597846985
270	0.7434083223342896
271	0.7385728359222412
272	0.7375726103782654
273	0.775185227394104
274	0.6914675235748291
275	0.7671707272529602
276	0.7295291423797607
277	0.7098036408424377
278	0.7978028655052185
279	0.709908127784729
280	0.7266092300415039
281	0.7474276423454285
282	0.7800583839416504
283	0.7387702465057373
284	0.6977433562278748
285	0.719900369644165
286	0.7409710884094238
287	0.7414856553077698
288	0.7420023083686829
289	0.7481277585029602
290	0.7197185754776001
291	0.7821852564811707
292	0.7592876553535461
293	0.7688995003700256
294	0.7777957916259766
295	0.7161872386932373
296	0.7342385649681091
297	0.7712106108665466
298	0.745167076587677
299	0.7291182279586792
300	0.7052253484725952
301	0.775337278842926
302	0.7489604353904724
303	0.6753173470497131
304	0.7395315170288086
305	0.7425671219825745
306	0.7688271403312683
307	0.7568807601928711
308	0.7150503993034363
309	0.7096169590950012
310	0.7389863729476929
311	0.7432499527931213
312	0.7250398397445679
313	0.7771314978599548
314	0.7600024938583374
315	0.7441011071205139
316	0.7433570027351379
317	0.6853052973747253
318	0.7847917079925537
319	0.7229844331741333
320	0.6943003535270691
321	0.7143374085426331
322	0.7674264311790466
323	0.7510377168655396
324	0.6962307095527649
325	0.7582111954689026
326	0.7331861853599548
327	0.7204731702804565
328	0.7398999929428101
329	0.7145592570304871
330	0.7408360242843628
331	0.7400951981544495
332	0.7790042757987976
333	0.7406182885169983
334	0.6640045046806335
335	0.6859990954399109
336	0.760020911693573
337	0.7091154456138611
338	0.7391692399978638
339	0.7924133539199829
340	0.7259519100189209
341	0.7127037048339844
342	0.6962867379188538
343	0.7487145662307739
344	0.6912520527839661
345	0.7193790674209595
346	0.7716265916824341
347	0.6989560127258301
348	0.765968382358551
349	0.7102463841438293
350	0.7007923722267151
351	0.7649196982383728
352	0.7457332611083984
353	0.7244197130203247
354	0.7298075556755066
355	0.762647271156311
356	0.7512565851211548
357	0.7026470303535461
358	0.775850772857666
359	0.7882023453712463
360	0.7524845600128174
361	0.7789666056632996
362	0.7394026517868042
363	0.7504684925079346
364	0.7601140737533569
365	0.778982400894165
366	0.7634657621383667
367	0.7296500205993652
368	0.7104661464691162
369	0.750088632106781
370	0.7142854332923889
371	0.7601204514503479
372	0.7878050804138184
373	0.7098211646080017
374	0.6612946391105652
375	0.6986685395240784
376	0.7465136051177979
377	0.7202084064483643
378	0.7383597493171692
379	0.7181239128112793
380	0.72598797082901
381	0.7008839249610901
382	0.6923545598983765
383	0.7877318263053894
384	0.7200380563735962
385	0.6975611448287964
386	0.7520476579666138
387	0.724301815032959
388	0.7704907655715942
389	0.721555769443512
390	0.7227523922920227
391	0.6639185547828674
392	0.7465603351593018
393	0.7424591779708862
394	0.7405018210411072
395	0.7293335199356079
396	0.719292938709259
397	0.6730796694755554
398	0.6952676177024841
399	0.7763859629631042
400	0.7642131447792053
401	0.7110689878463745
402	0.7645973563194275
403	0.7877624034881592
404	0.6810340881347656
405	0.7257311940193176
406	0.65434730052948
407	0.6702851057052612
408	0.7346585988998413
409	0.687754213809967
410	0.6815139055252075
411	0.7510080337524414
412	0.6884537935256958
413	0.7400240302085876
414	0.6835192441940308
415	0.7733042240142822
416	0.6943161487579346
417	0.6923238039016724
418	0.7533650994300842
419	0.738373875617981
420	0.6990092992782593
421	0.7216870188713074
422	0.7020878791809082
423	0.7199516296386719
424	0.7105521559715271
425	0.7198060154914856
426	0.7300353646278381
427	0.6613396406173706
428	0.7070020437240601
429	0.6820007562637329
430	0.7907877564430237
431	0.7715016603469849
432	0.7309384942054749
433	0.7977204322814941
434	0.7735375165939331
435	0.779808521270752
436	0.7744093537330627
437	0.7549945712089539
438	0.7438198924064636
439	0.6991183757781982
440	0.75538569688797
441	0.7179520130157471
442	0.746787428855896
443	0.7485321760177612
444	0.7221413254737854
445	0.7532066106796265
446	0.7007029056549072
447	0.717306911945343
448	0.7426761984825134
449	0.7562852501869202
450	0.7176645398139954
451	0.6899724006652832
452	0.7832747101783752
453	0.71831876039505
454	0.7528241276741028
455	0.7307121157646179
456	0.7458726167678833
457	0.7217084169387817
458	0.7114335298538208
459	0.7867005467414856
460	0.6681402325630188
461	0.6677371263504028
462	0.6883670091629028
463	0.7706596255302429
464	0.7106972336769104
465	0.7456861138343811
466	0.7621094584465027
467	0.7083039879798889
468	0.7537782192230225
469	0.7875488996505737
470	0.7232785224914551
471	0.7339459657669067
472	0.7765271067619324
473	0.7486428022384644
474	0.7148144245147705
475	0.7458286881446838
476	0.7551144957542419
477	0.7591909766197205
478	0.7791473865509033
479	0.7612467408180237
480	0.7586961984634399
481	0.81186443567276
482	0.8046404719352722
483	0.7826818823814392
484	0.7602263689041138
485	0.7213161587715149
486	0.737567663192749
487	0.7472010850906372
488	0.7071062326431274
489	0.734420895576477
490	0.7712332606315613
491	0.7294146418571472
492	0.7621355652809143
493	0.7280373573303223
494	0.665666937828064
495	0.7968586683273315
496	0.701590895652771
497	0.7395647168159485
498	0.7444821000099182
499	0.7583779096603394
