0 7.488236531230382
1 8.301550304987671
2 8.62491278253276
3 8.272307938450894
4 9.580719236307894
5 9.567103176447516
6 7.064199186421194
7 8.62381908281853
8 9.791522419059737
9 7.919465438724095
10 7.5031633580612205
11 7.838828048697723
12 9.394110272171268
13 10.683574578306413
14 12.29488457061104
15 12.509917224263173
16 10.98916442512754
17 9.455838057721774
18 9.017998783366469
19 8.249046937623671
20 10.694090405879026
21 8.97766171782437
22 10.251641942989053
23 8.349813316301205
24 8.761952576928849
25 6.996502790725227
26 8.77150009474204
27 7.475818597068475
28 9.273989074195567
29 7.752511406761986
30 8.634200999700981
31 8.473341038821289
32 11.205180894508134
33 8.363143475147256
34 6.1283389581631615
35 8.027575452270655
36 10.347969671513557
37 10.38064560462483
38 8.941604292160191
39 10.22069828558178
40 10.801340059325168
41 9.85697398853777
42 10.897582321067725
43 8.902236943237536
44 10.63696553713782
45 11.800126761129095
46 10.012979442447492
47 8.225330638965316
48 7.4297954009452445
49 8.392670815366362
50 8.105802926397136
51 9.701612645391005
52 8.151560342048574
53 11.271547338420433
54 8.083438041402953
55 8.359780244364966
56 8.031704060385776
57 9.226094605648886
58 10.069407819899439
59 10.237652997800309
60 7.853220986370836
61 9.337581691234657
62 10.221138409609239
63 9.432053219755902
64 10.024644140828446
65 11.071798223394316
66 10.10008329738742
67 9.737729908661235
68 10.210358220898122
69 7.720830574875428
70 9.409864464666548
71 8.244287815827716
72 12.195157512384542
73 12.924850973565837
74 10.923866538349865
75 11.404513423059603
76 12.288319950262963
77 11.155076250057734
78 11.766420734704841
79 11.867052308756158
80 10.618711435348322
81 10.55891047756324
82 11.851576177003976
83 11.833287019935355
84 10.425323195764529
85 10.1375261830912
86 10.54215901034326
87 8.446187439378852
88 9.720417843649589
89 10.764795864099666
90 10.375643586191387
91 9.466567203577405
92 10.83839299288579
93 10.166107774059208
94 10.701683133667123
95 8.341616628727511
96 9.352929044120529
97 11.258029610907142
98 10.777691487331927
99 10.410029558794754
100 10.287578739491027
101 8.692147375551258
102 8.240273655401616
103 9.867692920924304
104 9.63129845993051
105 9.560398173139005
106 9.795073376247677
107 9.648874389241197
108 10.448485814308917
109 9.88105993150328
110 8.84663137391114
111 12.720231325089395
112 12.808017122432542
113 9.71201737962977
114 10.861692647122101
115 10.249065709217295
116 8.931219509280815
117 10.1653431442432
118 9.92911261153323
119 10.37492028003215
120 11.287692071215977
121 11.471465083688019
122 10.639097564866494
123 10.672154323463186
124 10.514336039934383
125 9.23854578557918
126 10.310220240721236
127 8.659624324826241
128 9.40695667058306
129 7.90903351581439
130 6.543174437431561
131 6.921079587509485
132 10.274670818951432
133 9.600299706317083
134 4.133849874300813
135 8.335465327814997
136 5.822493484050717
137 9.0204668649628
138 10.210929765971198
139 9.811749814963228
140 8.9942915612464
141 9.40654944043013
142 8.947137770405739
143 7.1418623155546
144 9.25887293389687
145 10.57891383464844
146 8.866699294280373
147 9.475445950246112
148 10.034084759704244
149 10.413739602455486
150 10.400569411512633
151 10.262456572825863
152 9.64583774206636
153 8.857116222343054
154 9.147400507199087
155 9.612527067367614
156 8.834049511768725
157 8.338782621777527
158 8.927563712221094
159 8.171993781623831
160 6.966847221725257
161 10.989750113483845
162 8.223784892011224
163 6.759143006218453
164 6.018826023267401
165 6.680765242945561
166 6.5811519317511475
167 8.23883175106116
168 8.329886843983315
169 6.5271775450733776
170 8.23032535851001
171 6.415742657041078
172 8.96959479106989
173 4.93372474192783
174 6.021372094350344
175 7.858905660074001
176 6.045479527118792
177 7.780651284249332
178 10.31517974575801
179 10.564857630429781
180 10.952973762209137
181 11.241565445648227
182 10.626200666515393
183 7.332762051313003
184 7.889003874820056
185 7.680337924351146
186 7.157306339746397
187 7.103833368970243
188 8.92979202814863
189 9.832973284442485
190 11.698980382211518
191 10.003968392938816
192 11.828852070679618
193 13.227654053399803
194 9.372930343452515
195 12.61083616988208
196 10.950924709161022
197 11.889596742112293
198 7.1859581642592625
199 7.424392364130479
200 10.754410964029061
201 9.812553642459847
202 7.376780574218138
203 7.143862635609791
204 12.619293152701351
205 14.216117031132772
206 12.868129371355478
207 10.605254643253373
208 6.813233990532969
209 5.975706200144034
210 6.072963111712109
211 5.949176202751714
212 5.937609049978334
213 9.356816398259994
214 8.734451537291712
215 8.802675690470366
216 9.19014150586205
217 9.954117893425545
218 6.514363217720229
219 7.400931088910407
220 9.044990201078656
221 5.8627294953016875
222 6.770225750481688
223 9.691353821270118
224 8.32595424092625
225 7.522639769113181
226 7.732310762016572
227 7.893555936804962
228 5.894459715002083
229 7.178972107540414
230 6.963727423958901
231 8.808966698528327
232 9.789322770811518
233 6.904293313645687
234 9.184220579714589
235 10.178380107829796
236 9.244120381428244
237 9.621444019799313
238 10.858666839753399
239 8.1445225226245
240 8.404994515104988
241 7.978027664672407
242 10.759760428172426
243 10.058875635428883
244 7.742470217164682
245 9.500493481631073
246 9.931727590271345
247 9.756015289301784
248 9.62461249241702
249 6.746499653678603
250 6.373764620202049
251 7.252375276985804
252 11.308291430646712
253 9.410332007530045
254 9.85855239825046
255 9.421603030432209
256 11.115502383049787
257 9.989381035962666
258 10.557544882185935
259 10.782939044925069
260 9.948215085948602
261 10.085250633954162
262 10.03903928068545
263 9.460337071021085
264 6.697255643267689
265 9.061605806154567
266 6.443232423105895
267 6.544777507022375
268 6.840488482669154
269 7.4700513005342595
270 10.278068109878541
271 9.082580583543033
272 11.51053818043751
273 9.662406561444216
274 8.021758556095115
275 6.887017185895602
276 9.842260111732065
277 7.408321270211307
278 8.053324751834612
279 9.142787005771826
280 8.229388207174683
281 6.964667745567978
282 8.508177228109236
283 6.483566825428879
284 8.52411743068891
285 6.872804460003293
286 8.59201821380417
287 6.677928475418887
288 7.974577470894776
289 8.680597220540022
290 8.028346508402768
291 6.174704816075441
292 11.015333565506818
293 9.853627208909487
294 8.35102124211939
295 8.334511877620967
296 8.915958138096004
297 8.129699398978207
298 9.212539500053744
299 8.958951477851205
300 8.411523583774512
301 8.890317844374996
302 6.900313174136535
303 6.756551549078618
304 8.837981294775206
305 6.261529835075363
306 7.4794577141907945
307 7.343731235923009
308 8.325735986904778
309 7.554458302778862
310 6.817724260739295
311 3.7384423402353315
312 9.522463629923559
313 8.167529094383916
314 9.275119793042016
315 7.24406711544861
316 7.971331066455767
317 7.747377746651085
318 6.788150538054566
319 7.452325780355058
320 9.627207234467539
321 7.97702321366356
322 7.6287312165771635
323 4.242719022962911
324 4.018286173591363
325 3.842756473618
326 3.6774944069795583
327 7.734729243376281
328 7.157830265504901
329 6.626972300377824
330 6.907919820801999
331 7.837982462494732
332 8.264358610947212
333 8.665576845513352
334 9.64789826335948
335 9.077121003730335
336 9.221448061768626
337 10.363244345088379
338 9.83718064091347
339 8.596885474606504
340 11.077178726725476
341 10.701466622625142
342 11.319884286628072
343 12.511726029980865
344 12.60561869025768
345 13.042837016448898
346 13.312233686399658
347 13.69593671868609
348 13.661097115709095
349 11.164139651528656
350 10.575070640482364
351 9.989639532277023
352 10.675746984874191
353 11.57736837862182
354 10.530193049879491
355 8.915317140739683
356 9.676390197739725
357 5.2390004705380075
358 8.718318546466202
359 8.072221523081453
360 7.465010585524083
361 8.246325573029928
362 9.308868596514827
363 6.719229373750432
364 8.587173094050419
365 9.167399034576244
366 7.420149998527703
367 11.827265862585909
368 9.01403076327086
369 9.01168277573219
370 9.824282575902258
371 9.341986221803868
372 9.064235473883901
373 7.0198980326798255
374 9.592575851083373
375 10.614236087233486
376 8.574303693657152
377 11.051112919227064
378 9.800371928665717
379 9.170462881349208
380 8.9001140981421
381 11.554410992084536
382 8.464664095267558
383 9.29744778287826
384 10.070246753599095
385 10.404803381468986
386 9.613556658284166
387 8.031556323132024
388 7.63662577397163
389 8.261161068075928
390 8.826388665565817
391 9.399299509225544
392 7.417906932965371
393 10.035813187252549
394 8.451188287410794
395 9.679151466329268
396 9.02808415663722
397 10.39792784696131
398 9.348571580735927
399 9.699968844252298
400 7.706932124972677
401 8.691872937545488
402 9.01100904717723
403 9.848658379623865
404 9.844588469470917
405 9.989482995194088
406 9.08100834508118
407 7.6823184765311
408 5.852684795521197
409 9.502128829794014
410 9.530675022495812
411 9.620268302910322
412 11.329113553975525
413 6.461065784672698
414 6.225113632707894
415 5.390325693783157
416 7.9474762216009935
417 7.904452190821048
418 7.983839584946987
419 7.230634446525191
420 7.583826076170159
421 9.806881327631615
422 7.187661111040134
423 6.5176897726944105
424 7.6657599742287506
425 6.683133052497283
426 8.738445245924124
427 8.583727205965623
428 5.745649612306656
429 8.272975325189625
430 9.395903785968843
431 11.819197240347922
432 10.023459116400625
433 7.402227357650681
434 9.176495324450977
435 9.966701698020197
436 11.096203796580154
437 9.068796430473437
438 10.91916128626189
439 8.354431662644522
440 12.050886206316049
441 12.185903247150367
442 10.391808396785938
443 9.24370355179027
444 9.220008054332622
445 10.568446404190851
446 8.355256195684825
447 10.333436051570239
448 9.48666347319714
449 9.123692106714977
450 11.199768563691373
451 9.878990701677647
452 9.5168131669057
453 9.066943082916671
454 10.707094913995554
455 7.884848267724836
456 8.973081247524208
457 9.132121172479303
458 8.631876290748949
459 9.161883132105256
460 9.412436470625586
461 9.814744390749258
462 10.793477187886479
463 9.384782017627618
464 9.921253252315823
465 9.325007659322633
466 9.912668067610914
467 8.350483058218785
468 8.775287864861424
469 8.717681029058944
470 9.166931708529141
471 9.301498699140524
472 10.558918024198755
473 10.288504373981038
474 10.095335183598285
475 10.993166456454432
476 13.087208478920111
477 13.091276064378581
478 12.187685320728978
479 13.916006470547758
480 12.788698583751033
481 12.730876888337589
482 13.422116635142896
483 13.751626571162246
484 14.830749169544992
485 11.678485023457725
486 12.277791142748436
487 12.153362846178151
488 7.455239504890919
489 11.285873307312599
490 11.757054243999654
491 11.856334684896598
492 9.512461572565282
493 8.432026855430173
494 10.025128809427612
495 9.966000229872284
496 9.877143989536927
497 9.908683933357164
498 10.816626771517473
499 13.288167839571354
