0 5.849540437291548
1 7.295971327638565
2 6.559278195454359
3 7.551654751022275
4 5.880793146987311
5 5.612330966234241
6 5.11069469884802
7 7.516469640416083
8 6.997686564971452
9 7.392980730343154
10 6.203753651961215
11 6.096509429396884
12 5.771805962825222
13 10.187866866820894
14 10.50406484937167
15 11.070061031584993
16 6.881868200199131
17 4.59724839114436
18 6.78073369257848
19 6.562239272375496
20 7.318391749535633
21 6.076584694089691
22 5.483158313490054
23 6.727854208813554
24 5.948813143349407
25 6.746061439171449
26 7.482584553684858
27 5.545008970076413
28 7.938885506530839
29 6.092837538941779
30 7.1124336215322534
31 5.487921576779913
32 7.454516708544341
33 6.16365847294717
34 5.774898844942209
35 5.723883154059854
36 5.645451454977418
37 6.430140499399506
38 6.3973903829516185
39 6.343050501139941
40 7.284165063118281
41 7.235217969743119
42 6.969847424173942
43 7.180898389567742
44 7.613055859319662
45 10.010042162051025
46 5.9752970608161355
47 7.919963366768269
48 7.057023490721793
49 9.447060648601438
50 6.0808245124808895
51 8.345893185966228
52 6.5056129635939515
53 9.91981943705199
54 7.366779213292266
55 7.7948570335211045
56 7.600593201091796
57 5.332730951592677
58 7.260784236862826
59 7.0888296965183075
60 7.815683446221261
61 7.62362413705968
62 8.378643964915414
63 6.6501971500157975
64 5.129480290751476
65 6.392978396455264
66 4.8825909198819675
67 7.137642786198417
68 6.0379873603081595
69 5.103717361729366
70 6.612499405870579
71 7.2145203403236
72 7.682580436513516
73 10.295277468013445
74 8.323443949671331
75 7.209655927302689
76 8.034573640840343
77 8.335464888211696
78 8.760732735397655
79 8.048186819809478
80 8.931346675129937
81 8.605635563212306
82 8.547278955355102
83 8.80981840290951
84 7.665044369627147
85 8.58512326544724
86 9.320915830123415
87 8.72040998568409
88 9.846371741603269
89 9.000198956840109
90 7.3491918510104615
91 7.971837752282409
92 7.012252162003182
93 7.151918133857054
94 7.655066788090409
95 7.779001438183771
96 4.4261774855441685
97 5.480663728539487
98 5.7454270645484815
99 7.08504425943687
100 8.111359893924927
101 5.9427538727520925
102 6.402848348691422
103 8.200701585187275
104 7.758046009882543
105 6.252995485732382
106 6.987598269795152
107 5.591160267049606
108 7.438290038052837
109 5.490998908000027
110 6.634973761055423
111 9.530923912808055
112 8.931775375314285
113 5.466592524901174
114 6.689004746413881
115 6.697075140807807
116 5.320998291173845
117 6.9930131010483585
118 7.918515323717367
119 8.467756320372036
120 8.406480288121504
121 8.23949545270077
122 7.144142881724594
123 8.182994984014762
124 7.487212783445423
125 7.066963192430429
126 7.967608233564927
127 6.4217515251066475
128 8.283780644035417
129 7.091164192423321
130 7.807906850736043
131 7.614316979993208
132 9.488624453760277
133 9.538654369877797
134 6.072899035251048
135 8.165298912010288
136 7.539306908354167
137 6.3852774921428175
138 7.99849808659108
139 5.341575335719486
140 6.889752651285305
141 4.732814161435406
142 5.401681464853004
143 6.132108761704808
144 6.409831120206579
145 6.848454058823024
146 7.976785509771423
147 8.13200643392593
148 6.9091872651698
149 6.814503138718606
150 5.9475445702137595
151 6.156186864259757
152 6.381547625746919
153 4.9728882920542095
154 6.440862103785319
155 7.212466850881912
156 7.975309965157817
157 7.964809326962015
158 7.190328156929044
159 6.974937941289303
160 6.694933312030899
161 9.871301348426234
162 7.63709898170018
163 8.122328702175134
164 7.071714287926693
165 7.602458784639342
166 7.491169296564365
167 7.696152138770506
168 6.176205126529731
169 6.1975842044899325
170 7.897637044828278
171 7.0612813490185475
172 7.39898256463148
173 7.851817132572369
174 7.525278772927088
175 8.217980731879575
176 8.04187867790407
177 9.563493485461215
178 6.972500591601972
179 6.687237732035145
180 7.394351001470589
181 6.731435712023811
182 6.595000682850999
183 5.72552946419587
184 5.513090067031846
185 5.97470463198979
186 4.992260626354825
187 3.4752977894118784
188 5.880081090633716
189 7.01427893443203
190 7.815041630686312
191 7.900542996369382
192 6.8962082795925905
193 8.601821421286902
194 10.130127332719187
195 7.8435662258799
196 7.7779438897828115
197 7.570946371700594
198 5.00290925031163
199 3.75476583564162
200 9.276039860228263
201 8.807095282763179
202 5.655489501464732
203 4.622372968648336
204 10.933381597124313
205 11.212962966528744
206 10.845694935791567
207 8.169653418401605
208 7.352773705446702
209 7.077699017881587
210 6.1505610709768055
211 6.559400474582094
212 5.037953106140222
213 7.378858420359249
214 5.106600100109616
215 6.8639509471999025
216 6.314440336618869
217 6.951294385114002
218 5.356185879275051
219 6.888393122865528
220 8.716814267522407
221 6.304494338764661
222 7.639656175786818
223 6.547127430442251
224 9.696856093116118
225 7.951983927272943
226 7.156588360582288
227 8.436693867852014
228 7.992145835724869
229 7.405318766675748
230 8.165408524823622
231 7.647947503008372
232 5.798433757992029
233 7.097605015085084
234 6.656441924322374
235 6.459188484243375
236 5.00767910219205
237 4.304071419469209
238 6.6865716307838445
239 5.3358861609816515
240 6.133386150353566
241 6.106161004626006
242 6.739096671200878
243 7.806032881213156
244 8.4535131321531
245 6.143172478868596
246 5.656806590660471
247 5.69519864646232
248 6.155793935367662
249 6.521200690391573
250 7.357477814221043
251 5.768119358964227
252 6.701590425792886
253 6.012389402747423
254 6.214022606770673
255 6.0677214713475935
256 7.443606523204816
257 7.9282677373696915
258 5.915117187635556
259 4.938722326771725
260 6.372402691286755
261 6.497506306558483
262 7.480317680719229
263 8.736376732279469
264 6.402803899329927
265 6.842385399883971
266 6.79300965988932
267 6.810075232757626
268 5.835366797248073
269 6.30007140324619
270 7.184636036659521
271 5.993482349197921
272 7.32286325232003
273 6.338036671240447
274 6.205819667151608
275 5.973736900035455
276 6.8392856576806444
277 5.534354415398959
278 5.613247029075234
279 8.049042531093844
280 5.574050919209932
281 7.98585539875987
282 5.297309082058443
283 7.058761656397199
284 7.444049581216833
285 5.316832408127056
286 5.9504465486071325
287 6.081165651931729
288 7.910341210935813
289 6.801552591619941
290 6.094453229038391
291 4.923785528111112
292 7.556259441270006
293 8.255716682046355
294 6.837041814560495
295 5.55177733037006
296 5.770101471078064
297 5.654305725687782
298 7.5319937602236005
299 8.030975511438498
300 6.936488343533277
301 6.787632833186356
302 5.827857536903905
303 6.098356558023267
304 6.603155158784701
305 5.8076965120437425
306 7.934251016457872
307 7.820034694593981
308 7.723346566730038
309 8.220115178498034
310 9.192974769617168
311 6.731614481886735
312 8.825579536608986
313 5.985160769391041
314 7.9962342636883745
315 7.370096045494939
316 7.38100116814434
317 5.1588753758672246
318 3.800704609153747
319 3.343863347944765
320 6.489619951586817
321 5.930343685228851
322 4.491872848279108
323 3.1879185198814324
324 3.742839800507684
325 5.693579591497473
326 3.819654562617319
327 7.858091636138706
328 6.558717492328056
329 6.361258663569961
330 7.467924176135719
331 7.2481380489845595
332 5.510814678043265
333 6.114601812641328
334 6.603898409367945
335 5.4931513988810945
336 5.659672127004066
337 8.053898346986815
338 5.206716083968891
339 5.614726720945542
340 7.839440593046146
341 7.320968417388155
342 6.846840623934526
343 8.192307934411007
344 8.26455962886459
345 8.571000664667112
346 9.135301745226322
347 10.180194606924651
348 9.503342508946178
349 7.210670799651928
350 7.229132663457734
351 5.798169237304763
352 6.205791521177604
353 7.154935059424048
354 6.847221697053055
355 8.256166791970696
356 7.918479940909382
357 6.861097285183409
358 6.433738585587887
359 6.2202489700704655
360 7.878943883504855
361 8.426128173031996
362 7.198737299095202
363 7.584762365106067
364 8.22254820941224
365 8.870049199235574
366 7.559440903761722
367 8.400588733015619
368 6.55484746108216
369 7.280921825347232
370 8.194920337450407
371 6.7957991469822305
372 8.079873093615154
373 6.337056259003916
374 9.229746347807723
375 10.148564313756605
376 7.466297727399702
377 10.975251614837093
378 7.237187303108811
379 6.364267725796676
380 7.1251875445748585
381 7.792096844972883
382 7.907744720855649
383 7.223620009129683
384 7.324496183111709
385 8.220308716456639
386 6.16508648408036
387 5.665014114030672
388 7.104139895550584
389 8.871270855574291
390 9.314320467961519
391 7.378269944025198
392 7.819310211535086
393 6.5767008199550645
394 4.433848922891245
395 9.147002748418416
396 9.533586836040676
397 7.4499671589377225
398 5.965997445838748
399 7.0806837095206205
400 3.6587429898991624
401 6.406661893793098
402 6.463087741540424
403 6.864161387260115
404 6.865322326129239
405 6.516704387374195
406 6.20662503243643
407 5.415513456484836
408 6.469449209584396
409 5.715695900432552
410 7.093070280918959
411 7.493721073783091
412 7.816925724134405
413 6.839426540973478
414 6.553624447595061
415 5.99056764987633
416 7.385221849499712
417 6.142336882505101
418 5.476601222600192
419 7.0835766759799235
420 6.017766980323067
421 6.232726493596449
422 3.7090619957872493
423 6.3443482681315775
424 7.189221953271908
425 4.543195409742147
426 8.001283905494367
427 6.067530979537358
428 6.196197492395991
429 5.487655116149835
430 6.655044866856684
431 7.50145728298926
432 5.781063825890944
433 3.2546895930650055
434 6.415575859179703
435 7.3679342756790875
436 8.036494833813576
437 6.2558400891336605
438 7.24635394287328
439 6.981801177043178
440 7.533488319243249
441 8.546423420577321
442 7.999948388548962
443 6.8457909672612525
444 5.9055922674301495
445 7.979386150040229
446 5.524379169921347
447 7.190028761349711
448 6.8585678200967495
449 5.2253639449897955
450 7.187408043905401
451 7.142307846945873
452 6.235451345717391
453 7.157470414465065
454 7.231466038946341
455 5.7513170332166785
456 6.421925341553681
457 7.082142136440343
458 6.716422772361827
459 5.480322620236042
460 8.239128611917607
461 4.603160501427124
462 7.165773818550092
463 7.180850644569056
464 6.350484089578059
465 7.798683894803001
466 6.036721521868884
467 4.633562761052967
468 6.416284106328289
469 6.33475805973923
470 4.151897451569482
471 7.0228628658449015
472 7.731790745037642
473 5.858782881500344
474 6.097273429365668
475 7.112530224592475
476 9.387781833091896
477 8.952906794687113
478 8.581034874254977
479 8.79071636875399
480 8.316978282546263
481 8.500839056499983
482 7.8375929129559445
483 9.857445564751291
484 10.356646864285315
485 10.235697144200286
486 8.92341576081189
487 10.012295591276606
488 3.601697602518439
489 8.209827980379755
490 8.429580739770637
491 7.968574127611259
492 6.8344676215168185
493 7.088737096654763
494 6.417001293889555
495 6.623359464492186
496 5.885127223752328
497 6.6159616339431055
498 7.006512980664321
499 8.157749800404273
