0 10.842058751441797
1 10.472871712324645
2 9.657587581150512
3 9.049000573747929
4 8.062636888651753
5 9.338735914458255
6 3.7555963646622392
7 3.6751627291244433
8 11.43824965998363
9 11.31246961941514
10 10.322000133629382
11 10.729466653214827
12 10.519195593787689
13 12.213914124072803
14 9.417702049563681
15 9.312342653729525
16 9.703495796901693
17 10.298149097277582
18 9.038491264469402
19 10.385849936599877
20 3.5524879654645027
21 8.49594551391966
22 10.966558022358129
23 10.699420719247422
24 8.55899482061348
25 10.338483933068622
26 8.98255755358596
27 7.813328929460148
28 8.964495049319943
29 8.99233868893429
30 10.044120586878037
31 7.241938862416918
32 9.399540355602442
33 10.27136243491704
34 12.157110124694377
35 10.367625740559838
36 9.250311664812793
37 9.072104269792625
38 11.512867286937999
39 7.485642177657722
40 9.954254213574407
41 9.924605823750243
42 9.778958013579789
43 9.686727828822429
44 9.803960520200109
45 5.497646245075838
46 11.041310731100797
47 8.443188241128638
48 10.009203315982191
49 9.350091002762143
50 10.721022500549271
51 11.15494200277602
52 7.939092655997678
53 10.341766729099307
54 3.7211583644236996
55 3.583863933274094
56 8.90063762642224
57 10.423466492635518
58 7.558003136656689
59 7.6241899263140676
60 10.224460123246756
61 10.755032087145363
62 7.219873857565021
63 8.001776095433916
64 13.143597030222242
65 11.360163777289179
66 10.04020783243994
67 10.242463673555095
68 8.94168197640009
69 11.609527907359553
70 7.683944951145957
71 7.783919001735665
72 8.702193332530491
73 10.513398133215686
74 11.970743570012512
75 5.440007475545639
76 10.582339175476857
77 11.321871634397928
78 8.647472769050507
79 9.379708506624853
80 9.679565945622059
81 11.079569387108217
82 8.495773517117337
83 9.786604830844487
84 9.587182848000092
85 11.214375548004906
86 11.114963502801514
87 11.852514598215325
88 8.290479653732152
89 11.774626967852145
90 9.57585477208115
91 12.86267002835661
92 10.797352205418823
93 10.80591249850081
94 10.226761200146859
95 10.057065956799923
96 8.902718411190383
97 11.448205693727076
98 12.56573385293804
99 11.91930305999528
100 10.76277806076949
101 12.31689518565473
102 9.837039231767267
103 9.230417522270855
104 9.350897530971427
105 10.08852239882422
106 12.84486219999685
107 9.047369110019961
108 11.333932358328742
109 12.33865001960731
110 11.859067687530057
111 11.796104340551684
112 11.994054405576348
113 11.730547414223762
114 12.789671094421758
115 9.399168725954326
116 9.635074160128854
117 13.232835902568132
118 11.409943182902607
119 9.699998974871047
120 10.132578673788913
121 11.037549506298088
122 9.983239324766668
123 12.514494339894844
124 8.368845878220629
125 11.70764054361947
126 12.56008675984612
127 11.577396511669424
128 11.505051453741178
129 11.090575533843975
130 11.563608638043137
131 11.134827252250915
132 9.184627829424352
133 9.873126135224396
134 11.492020034572294
135 8.9820844467942
136 9.54262840497237
137 11.261086743242414
138 12.470694104624064
139 12.606958192834842
140 12.056820357673892
141 8.938171918170177
142 10.898377099380056
143 11.066596934023002
144 11.012781691541898
145 11.110147057204848
146 10.741150335646912
147 13.113291658743874
148 12.339706450851827
149 13.031521653651808
150 11.318916546569662
151 7.973564531577684
152 12.643694259972936
153 10.830354126583815
154 10.258227786537972
155 9.899285827086743
156 12.127592094468758
157 8.8326300633736
158 12.733809118923897
159 10.526667711508917
160 11.732410415666376
161 11.604817630085842
162 11.049350494221754
163 9.878883314023364
164 12.709438674203739
165 9.656324049018293
166 10.522275760035525
167 11.63072761472781
168 9.893057100775765
169 7.851596688467505
170 10.003313052696821
171 9.035885243352892
172 13.290167496385795
173 10.283859334264656
174 9.404684533618662
175 10.056474414306035
176 8.390256326078772
177 9.843707931312018
178 11.453885523290296
179 11.283120130973899
180 7.571430198911511
181 7.246951490479648
182 10.78919667173718
183 14.064860127892363
184 11.864659796027107
185 7.145386448073065
186 10.934118296771262
187 13.966589351451281
188 12.701752338501864
189 13.345083545676584
190 13.494565962650201
191 12.228410551254376
192 12.91090781837713
193 15.947286325890557
194 10.928474685715381
195 10.711283012500786
196 13.407841380667637
197 8.885596056077617
198 11.710270529710149
199 9.939193563156817
200 9.411874278623937
201 11.395462439516711
202 8.73757936664018
203 10.708186672083913
204 11.274897733421648
205 9.9589708197161
206 10.159982401494698
207 11.130168516645014
208 10.993295213036559
209 11.891388947345716
210 14.653767587134952
211 12.48517883175547
212 14.441099491940818
213 13.817693199995574
214 13.12448164582008
215 11.482945447019635
216 12.31363489170769
217 13.487783797307229
218 12.076025625136099
219 12.20514562087822
220 12.757299280612797
221 14.071866446435463
222 13.392651573302556
223 13.014491721315125
224 12.628601304449294
225 12.315893189045362
226 12.295355301284523
227 13.168707435816657
228 12.813602473311471
229 13.366102352359517
230 9.835368478531853
231 9.839046988295902
232 10.135489507057416
233 11.32079585186319
234 13.193416679319311
235 14.34381571949637
236 11.425695671422645
237 11.354911482293549
238 11.662539963788326
239 11.953611239166381
240 13.610020764878723
241 9.00379119043853
242 11.36692013533361
243 11.3175650579597
244 11.401665022201952
245 12.954997038258046
246 9.149945327769098
247 10.246122652961427
248 8.562171614547896
249 10.013188165243141
250 9.803793013817998
251 9.817562326796978
252 8.973100708275974
253 11.697922976488437
254 12.15496011530709
255 13.216370031294172
256 12.810196525956014
257 10.15115456340581
258 13.715179686229055
259 10.971937747962345
260 12.841044396652643
261 12.147509076461349
262 13.402463179087087
263 12.612900720171423
264 12.94425503938823
265 14.117083751641413
266 10.942206979817767
267 11.847171712938419
268 12.806227534353685
269 13.498657058206259
270 13.727657422945315
271 10.412580201357411
272 11.033779085199846
273 12.246402386967342
274 10.187953501278685
275 7.289770892132803
276 9.346506068060874
277 9.563592101634896
278 8.252702500452003
279 10.476465359971815
280 7.207767445363937
281 11.104049963368912
282 10.870716716196858
283 10.344562210701273
284 11.590785436018944
285 10.489047767491524
286 9.976351568526631
287 11.664713564277731
288 10.159139460157851
289 8.943441286980375
290 12.582440666097977
291 10.072207103156082
292 12.25542496426305
293 11.908720789874174
294 10.364481358269922
295 9.156385823990231
296 10.853248461631518
297 9.711569129061084
298 9.677784581357066
299 10.153319364838937
300 9.203271243651008
301 10.507079809265509
302 10.23306404775382
303 8.52967482458836
304 7.78649455069682
305 5.336092567969963
306 9.755940452225436
307 8.132406171853331
308 10.973697087704357
309 9.903782079171473
310 10.151247369065958
311 11.36948719271217
312 9.615914418954237
313 9.598869270580254
314 12.2015697059493
315 10.181300382642615
316 10.106801087806264
317 12.610680296426436
318 11.895476200474397
319 11.071890388523816
320 9.133689338080053
321 11.331485669976827
322 10.124440378005355
323 8.825486884672054
324 10.566003948930147
325 9.01044221065489
326 12.681335823007073
327 11.65587867672924
328 10.276471267024974
329 10.276026793750509
330 10.64002736507819
331 11.369799217350957
332 12.081334223400656
333 12.332961724659532
334 11.635412882177908
335 12.29319167321221
336 10.24201856909162
337 10.899100654370375
338 9.036855784169985
339 7.928518962559356
340 5.923965883476208
341 7.969807250839385
342 8.606059955804094
343 12.69080303146523
344 9.438946787699452
345 8.818746644110673
346 5.6581501047164044
347 8.676763265724867
348 8.080124740014503
349 6.482055682540802
350 10.27884008503681
351 11.64680393398459
352 12.102376608388537
353 11.434129244414914
354 7.1388281872726
355 6.47179873012131
356 4.670506783019765
357 3.973792177531584
358 3.6680162142929245
359 3.643773567486274
360 3.799648565547174
361 4.07923546697231
362 3.930842704210649
363 3.6515773268504903
364 3.8613417812614306
365 10.099688057267675
366 6.779683249567243
367 13.2113934181708
368 5.7017035203327975
369 12.794999250046606
370 10.504998190401528
371 12.86675747879918
372 11.922229498375279
373 12.456766146961002
374 10.581823337730247
375 10.391122911733138
376 10.09089624471026
377 11.669186272547984
378 8.877166548586723
379 11.005351371094902
380 10.181592279323361
381 10.607368067722497
382 11.073038534813277
383 9.61357983213791
384 11.523796037135664
385 9.333289856005177
386 11.430649880160784
387 10.722183415412426
388 9.239735322560083
389 11.5125161854945
390 5.939355746685665
391 8.933496994185028
392 8.498226605087421
393 11.598792216098984
394 9.684200153603395
395 11.348477786293056
396 10.159294810804232
397 8.154777455896063
398 11.776794629410722
399 8.85733694386824
400 11.23321026037508
401 8.742736100550706
402 10.139205825532258
403 14.055659517303791
404 10.461589507270265
405 12.555214425243696
406 10.178248189240946
407 10.86669636318279
408 9.205274175745695
409 8.838662664787284
410 10.84781784104767
411 10.860325196534468
412 6.1237061386188545
413 5.904289414504272
414 10.72975289855875
415 8.723193490840965
416 10.587181643000031
417 9.120642921254822
418 10.073023838779816
419 10.877696997754846
420 10.642692847366979
421 10.268625328850502
422 9.99621406973855
423 9.312166722880109
424 10.185260475642915
425 10.174338672843865
426 11.014994745559934
427 9.818509698292965
428 9.471873747268953
429 7.558140132908654
430 6.229591431969806
431 11.681240386180585
432 8.225015249297345
433 8.132297765962166
434 9.535006801420387
435 7.495479640929245
436 8.390099578190267
437 9.926692594280155
438 10.49680195004274
439 10.884728499613919
440 9.770000530853576
441 10.345321754222768
442 9.037148642472362
443 7.7879690447651635
444 9.590422005264399
445 10.497910389586549
446 10.791954829648166
447 7.8357294576117935
448 8.768348277923996
449 8.877086844217695
450 10.59351471342515
451 8.178208300543162
452 9.87954596217404
453 9.90515189272531
454 9.495025625400249
455 9.603303410975839
456 10.403605289295873
457 13.373378454078988
458 10.037287478361824
459 11.58205222029848
460 12.148112018623923
461 9.496622535730722
462 11.32070807474327
463 9.283118957729615
464 10.79111679729989
465 11.893358765834046
466 9.452995321786563
467 11.67666263155909
468 9.33713146550767
469 9.057474516220534
470 9.464338483824099
471 9.49163569654339
472 11.291747452444804
473 9.19391630891915
474 12.5292655995514
475 12.404626833464919
476 11.79333026669785
477 11.113214140979311
478 9.91991207264655
479 10.768359001163686
480 13.13812843512298
481 12.245912123925933
482 13.095093793036307
483 11.79776797281168
484 11.27355733875203
485 10.57010135683675
486 12.069464364374275
487 12.29046445448047
488 13.075362113474464
489 11.174255234121295
490 14.036648619429503
491 13.18610460062805
492 11.879435213814121
493 14.069182343009428
494 12.296324316684565
495 11.485959867408802
496 12.716359744454433
497 10.966864934477849
498 11.691699970335492
499 13.498119462775863
