0 3.855888442588548
1 3.4706083721138348
2 3.8883608195489825
3 3.8466172536946304
4 4.6628622326461775
5 6.353581664355559
6 6.506523760252846
7 5.335996504208711
8 8.356958812644116
9 6.265052331171736
10 8.618793226181557
11 6.9316213694000615
12 3.69403428948336
13 8.439397896966277
14 5.966672159052935
15 8.933349112442897
16 5.680482154620052
17 4.034350135469073
18 4.543252189208123
19 3.896948650576024
20 6.952930262578633
21 6.791624946610056
22 7.224566436317801
23 7.847678735516491
24 7.663534520424968
25 4.058052584551155
26 3.8707751588487103
27 4.227466561741578
28 4.188208670836678
29 4.102622136072412
30 7.183093144807339
31 3.782208594234059
32 3.476489807885309
33 3.720896199785169
34 3.478230639143218
35 6.647958554231909
36 3.349424006843868
37 3.939497311079686
38 4.314361214172895
39 7.958394106576319
40 6.822533238928292
41 4.384004340130847
42 3.490511454481122
43 6.4919546604992995
44 4.218440243194153
45 4.553999968255811
46 6.298473831628127
47 7.8576007345539
48 4.707845633657513
49 3.71612072565014
50 4.824706243865612
51 4.2457012397346165
52 5.347384284154817
53 6.936998010798622
54 3.859534329927993
55 9.67396513792529
56 8.748299791891135
57 6.469906263951315
58 5.62631461726209
59 3.6814711433057816
60 2.921250585013902
61 3.9553698184645056
62 7.680331197705156
63 3.6654938584228143
64 4.7061883266854725
65 3.7568104307370414
66 7.220511127657992
67 4.053020439932834
68 3.936606395452793
69 6.26268610470229
70 3.9596714325203393
71 3.917613521471021
72 4.01548164250476
73 3.8609926653905653
74 3.8934665971456313
75 3.693730634507653
76 3.847075181288319
77 10.156428993836153
78 8.14838603434226
79 9.041451644639707
80 3.7307686482014435
81 3.4323107259970502
82 5.379371446419208
83 3.8086822364726407
84 4.616804630506672
85 3.7306551313740144
86 5.524568612404603
87 3.873429672478435
88 4.429501634306039
89 3.9760116312725917
90 3.545468356000311
91 3.8269121770766548
92 3.9627344846473336
93 7.111948738697702
94 6.187172603982882
95 7.171149890102694
96 6.380130485646798
97 3.8562504812396927
98 7.437796954065454
99 8.5419194128407
100 6.327388498034873
101 3.678524269674081
102 5.643557748598642
103 3.732532305151125
104 3.6773986650418293
105 3.7587132763668722
106 3.784397968229788
107 3.7110903947887155
108 3.679389733689691
109 4.021911444759925
110 3.9945806602270464
111 3.9351066906874133
112 4.405320886632952
113 4.363477359403941
114 4.40688770010527
115 7.669104368688426
116 8.087151113868842
117 6.315707748334897
118 3.3008685522009484
119 4.048858084222965
120 6.802221039351727
121 7.914786711787537
122 7.202325681628454
123 3.6996791442446857
124 3.7657171392739146
125 8.216683665699819
126 3.778093438588229
127 3.750736019736865
128 3.90292389365444
129 6.595852006579698
130 5.208530472131387
131 4.23584934702473
132 4.57162101114093
133 3.645952467746353
134 7.594250098651843
135 6.519766509910614
136 5.9492819051439225
137 3.9171564343383714
138 4.170815138304288
139 6.290756421459004
140 7.809456706618577
141 7.232863095654069
142 6.9496188128232586
143 4.041379301606681
144 4.051938382289535
145 3.823441429191773
146 3.9432822300655834
147 4.390521812999665
148 5.656930424433162
149 3.8826032364728285
150 3.9164160800234864
151 3.5886589461243115
152 3.9818559548057504
153 4.194248510650323
154 3.569839178306918
155 3.4918102863432336
156 3.9981624941830773
157 3.400452242412438
158 4.2556860067676405
159 3.8875952833677347
160 3.713342544715921
161 4.055020570083366
162 3.5457940802427075
163 5.412927919918642
164 4.485531520877828
165 3.8645125194415693
166 3.676608310884163
167 3.867274180720559
168 3.783461196048613
169 4.0918110195605735
170 3.8257623930515496
171 3.9447570721734104
172 3.8813201192778695
173 3.6520804328815166
174 4.5470118154229615
175 5.891354793218
176 6.2184233290278765
177 4.487777821261487
178 3.6674241959028873
179 7.833057455779007
180 3.95193551815668
181 3.8531636116111185
182 3.7537947023569775
183 3.4802471679896074
184 4.0367807418947015
185 3.972813288685793
186 3.9866273990548127
187 4.220812080028758
188 3.4152606783496844
189 3.3502566328442076
190 3.7824368463428173
191 3.833133452454026
192 3.5809604684777487
193 3.7277691933053205
194 5.91630122495076
195 4.71059907148591
196 3.9182969721289505
197 3.9475310919988433
198 3.6909501147638646
199 3.7340731198501182
200 6.244852915924514
201 3.2804321943044994
202 3.817329639993035
203 4.38807724651934
204 3.8379825731730812
205 6.6004285582042765
206 3.969831449066491
207 5.009149428571248
208 3.888360326002109
209 3.0013013931159174
210 3.9096983944871333
211 3.8772702257090454
212 3.7561639860998577
213 3.71645774806855
214 4.00727754281974
215 5.590719985925368
216 5.383054477660749
217 3.4992945020018618
218 6.618164685827233
219 8.268745680276595
220 4.315123288676921
221 3.614062898033087
222 3.811018196421881
223 4.33590824532692
224 3.8555649536369803
225 4.257736381789456
226 3.7229523903167
227 3.741711406113682
228 3.8063493453745996
229 4.316644549873951
230 3.8187697145440143
231 3.7345796141887044
232 3.449186200517272
233 4.351418960492916
234 3.6330466576151936
235 3.5508581625248667
236 4.280110743643694
237 3.5778528319124367
238 3.4316145366525914
239 4.364316944007276
240 5.695917382513117
241 7.178623026938674
242 7.006459054368183
243 6.3415145955532415
244 5.704054591560631
245 5.120570219685499
246 8.156874519679242
247 7.185683248105978
248 5.986520160712023
249 8.020747731237838
250 5.904019921419655
251 7.349162810046796
252 7.119242480697224
253 6.249786924415556
254 6.783533066285929
255 3.6369159637724096
256 3.461783316864048
257 3.784261998341554
258 3.8420293084985406
259 4.114303051635447
260 3.3302010077898396
261 4.295495750332395
262 3.8490083291027113
263 3.8154431093337076
264 3.400547506575492
265 3.372981232653076
266 3.0760382896800973
267 4.814092488790524
268 4.621259523663364
269 3.764158463974587
270 5.096874356689704
271 7.62893802156474
272 3.783457160251672
273 5.625359366726822
274 3.613050538536053
275 4.10789352880301
276 3.824622741091289
277 3.7941449310113247
278 3.613631944262247
279 3.5532363400579006
280 3.915340091069941
281 4.070411309828555
282 4.594021815958944
283 3.944836092748324
284 3.586023076344844
285 3.548699743041142
286 4.0459777143666305
287 3.840301634136083
288 3.7061038667340984
289 3.7462942940361055
290 4.0203943451837825
291 6.076442762053698
292 8.569019176760886
293 6.5064714134000665
294 9.528596394303367
295 7.902906486802688
296 7.979850945763882
297 7.595013406642875
298 9.636211043081001
299 5.801872118188189
300 7.172284399938363
301 9.74772966484978
302 3.4329737058703125
303 3.7505833975806535
304 3.8179863973478287
305 4.8659462087788965
306 3.4372884933550516
307 3.7813188842683476
308 4.099854459216981
309 3.7530917427926043
310 3.719167741089244
311 3.485082488981275
312 5.306158811388086
313 3.7897760009116066
314 3.8005976107815767
315 3.784088572194148
316 3.7108757077893606
317 3.66557900393136
318 3.903122140148884
319 3.920944091854944
320 4.810002266268787
321 6.402623172040782
322 7.060827920712367
323 7.634047788731162
324 4.605302056801613
325 3.529089486072066
326 5.451952112138372
327 3.7613193856154554
328 3.9923550353639894
329 6.816476104529026
330 8.280487058659102
331 8.957269630358732
332 9.886098883067602
333 10.1528234578811
334 8.240393440704283
335 3.446488801460419
336 4.510881324244198
337 5.972698735636611
338 7.3777124344509994
339 3.8801431947262457
340 6.6371690561418974
341 3.802889187872788
342 3.959795182816487
343 3.3273315804460104
344 3.774830194667047
345 3.7890829188857977
346 5.559149540759591
347 3.771313859761217
348 4.395135708627853
349 7.297293971448629
350 6.369472737487485
351 3.680388143003525
352 5.237741689866798
353 3.4919271954889677
354 3.705599704148497
355 3.898950364120015
356 3.9107284889947844
357 3.8020650453603575
358 7.88966421797258
359 4.008160160286371
360 3.644012572264364
361 6.478873803739319
362 3.6506064392806765
363 5.194417024312768
364 6.982924393141837
365 10.20537827809018
366 7.455493300159047
367 6.521358935446097
368 6.8829814478613
369 6.637319779523074
370 6.7473403135939085
371 7.139465398232012
372 8.868073091304337
373 7.358553154295672
374 7.506233234429463
375 7.090665269413705
376 7.178166728832922
377 4.235004633952988
378 3.6077654278443427
379 3.8572397376484164
380 5.26246985400382
381 7.64372947212283
382 7.18780732708385
383 6.4010770821715415
384 7.015350299839509
385 7.626986550616117
386 6.931064297024819
387 6.774995619370822
388 6.459448426489074
389 6.860537276158476
390 3.4592649130619106
391 3.696937442122072
392 5.204238154776764
393 5.411805104133387
394 5.947088844030265
395 3.4040724118419625
396 3.9243553190652185
397 3.905200819692683
398 4.1693550942681235
399 3.7347542613117404
400 3.856164373846447
401 3.781491193700683
402 3.8422645647304843
403 3.621395710146291
404 6.360256767021517
405 3.8111950445845615
406 3.497654090584782
407 8.385309246950472
408 4.173862600732629
409 3.4481593065083542
410 3.865569978090509
411 4.975546997510688
412 6.405017125165671
413 4.4870183242628725
414 4.373423697427309
415 4.964493532310084
416 4.184266249594236
417 3.197834268248944
418 4.388586547010614
419 3.987273951748037
420 5.307450539252275
421 4.04565449943164
422 4.606055235282644
423 6.938446144792802
424 5.870180112873251
425 3.389201589634404
426 6.209699303778988
427 3.7285389672743223
428 4.247887023789566
429 3.813117592347956
430 3.3747838973718145
431 9.022746413768742
432 3.591742579452191
433 3.8306753016072785
434 7.025760447049653
435 7.060438592861077
436 5.73830789316618
437 6.215439587071784
438 7.605405502198688
439 8.153117574859847
440 7.13058961599252
441 6.816955717218254
442 9.18123770798529
443 7.7504127208700595
444 6.751763636161272
445 9.805964607461604
446 8.356215440501021
447 3.71898083462823
448 3.7916656943926825
449 3.5232098957592273
450 3.8848173411743754
451 3.6923795412981772
452 5.593996032497445
453 3.8837175226522134
454 4.291977968971762
455 3.686940237222372
456 8.408346975837901
457 6.780127518061094
458 3.8669461998528325
459 3.8766179758003667
460 4.373328419305466
461 3.766132827976358
462 8.059038895746486
463 5.415213494172041
464 7.196231803853612
465 8.304079340905307
466 4.168790047381838
467 3.456680612517845
468 3.157829936076712
469 3.6666251236733296
470 4.035856621977449
471 5.5277145635432925
472 8.319554592126263
473 5.792545514506078
474 5.986224970530126
475 4.495308614371834
476 12.212546797038431
477 8.181771462270344
478 7.932002232625098
479 7.72979521339796
480 7.464302913800732
481 11.417970123702126
482 10.091909297922639
483 8.635831160725663
484 10.856170389943562
485 10.263435952432854
486 8.416307313743525
487 9.138959428551471
488 9.069945315955069
489 9.505011552922381
490 10.09685850386722
491 11.87801386593305
492 9.826159771613554
493 11.142544637040737
494 9.185940164095598
495 11.702843451872221
496 9.352693233289497
497 10.594186911779147
498 7.138462037788751
499 9.923961206875346
