#Frame    total[bond] total[angle]   total[dih] total[vdw14] total[elec14]   total[vdw]  total[elec] total[total]
       1     173.1338     412.6606     683.5597     193.6870     3048.8709    -386.3491   -4384.0034    -258.4405
       2     161.6188     387.6299     692.0029     197.2811     3048.1003    -378.7064   -4368.7542    -260.8276
       3     171.5518     384.2602     684.2116     180.5431     3021.9836    -387.2171   -4337.0763    -281.7430
       4     152.6336     386.6358     687.8079     191.0077     3036.3532    -392.6411   -4286.6690    -224.8719
       5     161.9091     408.2238     687.7432     204.8075     3063.9919    -374.9817   -4400.0061    -248.3123
       6     182.1839     392.4123     699.3251     191.2540     3048.8947    -378.9500   -4334.4445    -199.3246
       7     179.7309     398.2575     704.1505     181.3390     3021.6326    -391.5609   -4352.8257    -259.2762
       8     152.9619     409.9962     694.4639     185.5556     3061.2548    -375.2664   -4381.7939    -252.8279
       9     158.9535     410.4962     705.8480     191.0047     3057.2786    -381.4063   -4431.4253    -289.2507
      10     171.0863     399.4854     691.1002     193.8496     3099.6496    -373.9368   -4457.5649    -276.3307
      11     181.0356     386.5712     704.2142     187.4038     3041.5461    -375.6668   -4338.0585    -212.9543
      12     150.9849     393.5568     700.2831     196.3194     3035.4223    -385.5209   -4370.1134    -279.0678
      13     172.0842     390.5709     691.8250     190.0586     3046.1247    -388.1942   -4347.6417    -245.1725
      14     176.4399     391.5810     674.8480     189.2468     3077.6988    -380.5427   -4323.0870    -193.8153
      15     149.6772     416.5061     693.7660     203.1297     3054.3801    -384.3911   -4356.5113    -223.4433
      16     152.9753     388.3880     683.4148     192.7899     3052.4649    -384.0322   -4380.4355    -294.4348
      17     159.7057     379.0906     691.4317     185.4926     3070.9883    -387.8879   -4403.0375    -304.2165
      18     172.9154     394.9603     688.2956     196.9850     3022.5395    -384.6234   -4396.0411    -304.9688
      19     170.9328     400.3584     671.6709     192.4360     3067.5546    -383.5766   -4334.3879    -215.0118
      20     174.3156     376.1432     698.1355     196.5225     3041.5540    -394.2491   -4371.9834    -279.5617
      21     157.5856     401.5270     687.1213     197.1253     3027.1857    -381.2475   -4353.5365    -264.2390
      22     158.2748     403.1778     684.8669     191.7794     3026.1310    -374.4015   -4359.3527    -269.5243
      23     138.0597     411.0279     704.4865     205.2988     3059.0208    -387.2472   -4391.7983    -261.1518
      24     148.3777     398.7885     684.0563     199.0444     3037.9636    -373.1164   -4319.9371    -224.8231
      25     175.0102     409.5278     678.8579     188.1353     3049.3230    -380.9333   -4321.7514    -201.8306
      26     168.0725     387.7727     694.0822     188.0983     3029.9376    -384.3504   -4298.4441    -214.8311
      27     159.6851     402.4439     691.0260     205.0990     3046.7523    -381.4353   -4294.8192    -171.2483
      28     165.4636     401.1778     683.3691     188.9180     3045.6452    -370.9167   -4358.0087    -244.3517
      29     143.4475     388.5744     697.0255     186.7235     3047.1407    -396.1283   -4344.2399    -277.4566
      30     148.7562     405.4898     700.0731     191.6679     3030.2466    -376.6443   -4293.5433    -193.9541
      31     173.5024     401.2530     674.9881     198.5371     3045.1174    -385.2074   -4345.2369    -237.0463
      32     155.0473     400.2398     690.8856     191.1049     3034.8546    -389.2665   -4300.6533    -217.7877
      33     165.6622     383.7116     689.3896     191.0897     3034.6221    -394.2921   -4303.7250    -233.5420
      34     158.7022     423.9758     676.9026     189.1835     3018.9971    -392.7390   -4287.8369    -212.8148
      35     177.5924     424.4602     685.2732     195.7232     3007.1281    -381.2345   -4276.8598    -167.9173
      36     178.3245     400.6855     681.5356     183.3344     3026.8022    -381.5674   -4273.9986    -184.8838
      37     142.3450     408.0121     679.5369     188.9950     3007.2668    -371.9561   -4323.3920    -269.1924
      38     171.0201     394.5012     686.8041     184.8363     3036.5070    -384.2734   -4360.7718    -271.3765
      39     155.8592     406.6446     685.6447     191.0186     3022.0713    -387.4524   -4345.3835    -271.5976
      40     172.7365     379.0726     695.0173     193.5713     3028.3565    -381.2161   -4342.6353    -255.0974
      41     171.9965     374.0695     692.5989     190.3427     3018.8219    -381.5535   -4352.5392    -286.2631
      42     166.8924     388.4823     689.8341     188.1673     3024.3667    -386.5806   -4258.5476    -187.3853
      43     173.6052     403.8300     691.7564     190.2778     3015.2523    -388.1463   -4294.2963    -207.7211
      44     163.1062     395.7899     702.8785     194.0208     3015.7339    -370.2950   -4277.8884    -176.6542
      45     163.1028     403.8068     691.0477     189.2130     3047.0578    -390.8554   -4362.3595    -258.9869
      46     159.4411     409.8984     683.4150     198.3931     3059.9723    -359.6905   -4415.9207    -264.4914
      47     177.9449     380.4928     681.1021     194.7487     3036.9894    -396.1031   -4373.5691    -298.3944
      48     162.5130     409.9470     686.7279     190.6428     3009.3771    -377.0628   -4280.5789    -198.4339
      49     154.6953     403.3989     682.0222     196.9381     3025.3449    -375.8531   -4373.7032    -287.1570
      50     162.2264     416.8341     687.7790     192.6425     3000.3413    -389.4215   -4324.9261    -254.5243
      51     148.1132     379.6447     700.8257     191.7142     3036.3775    -396.0563   -4340.3432    -279.7241
      52     157.4653     407.2925     691.6603     204.5198     3040.4726    -385.5473   -4308.9292    -193.0659
      53     171.5168     404.8655     681.6627     190.5988     3032.2615    -403.8079   -4254.1820    -177.0845
      54     152.9524     418.3521     685.4499     206.2447     3043.2370    -383.2627   -4338.7876    -215.8142
      55     176.4240     393.7918     677.0547     191.7388     3014.0021    -379.8802   -4311.6302    -238.4990
      56     170.6477     398.0753     688.5449     188.9748     3022.1117    -386.3843   -4286.6097    -204.6396
      57     153.7006     385.1187     704.8832     200.8224     3010.0921    -369.0592   -4447.0922    -361.5343
      58     185.5123     403.9562     683.9104     188.9322     3016.8140    -382.4105   -4396.7997    -300.0851
      59     168.3303     403.8999     703.4661     197.3549     3014.0292    -381.6024   -4289.9316    -184.4536
      60     165.9023     398.5875     678.8492     192.1216     2985.9501    -378.8737   -4318.3555    -275.8184
      61     175.2932     378.2852     682.5405     193.4117     3010.0575    -378.6279   -4352.7586    -291.7983
      62     171.5199     402.3394     696.4132     188.0988     3032.3170    -374.9621   -4369.2558    -253.5296
      63     172.3754     401.1620     690.5577     179.1761     2987.3323    -384.5703   -4388.1928    -342.1595
      64     179.5286     362.2250     690.5977     194.0217     3030.7708    -370.8102   -4427.7785    -341.4448
      65     170.2115     412.9405     676.8194     196.7262     3023.3912    -391.0620   -4357.0414    -268.0145
      66     159.5076     382.2820     688.0000     187.7779     3014.9426    -391.9132   -4344.7705    -304.1737
      67     176.2179     384.2075     695.7020     184.0582     2993.2891    -375.2449   -4376.2357    -318.0059
      68     158.4814     419.3001     677.5401     195.3742     3038.5324    -390.4790   -4350.4576    -251.7084
      69     183.2023     411.1568     688.3180     184.8878     3005.2648    -380.2701   -4329.3220    -236.7624
      70     175.1384     382.6790     701.0929     189.8169     3028.4596    -379.4360   -4283.9001    -186.1493
      71     162.9026     401.7276     691.4604     186.6753     3051.7110    -372.5670   -4366.7913    -244.8815
      72     165.7417     393.9989     693.1639     191.1818     3050.4376    -374.6634   -4331.7548    -211.8942
      73     170.3120     393.8209     691.7009     187.1034     3052.9713    -383.2916   -4333.6860    -221.0691
      74     156.2037     410.7460     686.4472     191.8713     3049.1635    -384.6614   -4373.5451    -263.7748
      75     178.5199     420.0416     681.5483     191.8293     3017.3956    -380.7719   -4378.4819    -269.9191
      76     164.5118     401.3969     697.9584     193.8802     3039.8196    -373.3577   -4347.7080    -223.4989
      77     154.1312     367.5805     697.8770     198.3577     3059.1957    -378.9625   -4440.1738    -341.9941
      78     153.1171     399.8497     699.3056     196.9880     3031.7034    -387.6091   -4327.5137    -234.1591
      79     164.3867     404.4655     697.9879     199.8212     3037.4855    -383.4958   -4335.9234    -215.2723
      80     173.2964     381.7534     683.2586     203.0705     3018.0631    -374.9926   -4349.4722    -265.0227
      81     168.1340     455.9696     673.7864     187.2407     3053.7061    -381.0565   -4294.6089    -136.8286
      82     159.3091     414.2496     687.2928     201.2632     3048.0053    -382.4024   -4324.0296    -196.3120
      83     159.5740     373.5647     680.5396     196.8397     3046.8127    -383.2127   -4311.7076    -237.5896
      84     156.4939     408.3243     693.0727     187.3707     2984.2335    -382.3279   -4306.0715    -258.9044
      85     154.1036     406.3796     688.4164     189.2821     3013.3489    -388.8075   -4330.9476    -268.2246
      86     157.7133     375.4058     695.0186     195.4010     3015.5672    -393.1980   -4302.6882    -256.7803
      87     156.5299     405.7329     681.4309     194.7511     3022.4592    -381.4128   -4331.5938    -252.1025
      88     159.4902     403.6406     682.0023     190.9213     2994.7210    -386.8999   -4210.1889    -166.3132
      89     168.1464     365.2212     675.4506     190.2350     2991.8456    -374.2061   -4242.2774    -225.5847
      90     163.4215     406.6106     678.7087     186.2605     3003.6839    -386.9171   -4145.4753     -93.7072
      91     160.9200     401.8078     683.4957     196.0224     3023.8358    -379.9083   -4200.5340    -114.3605
      92     165.5751     385.4997     690.8401     191.9505     3005.5761    -373.1269   -4213.7741    -147.4595
      93     170.0568     397.7287     681.3875     197.7895     3015.9949    -381.2328   -4215.6226    -133.8980
      94     164.6272     382.8246     675.1520     199.8226     2991.2088    -386.7677   -4164.4254    -137.5579
      95     162.5094     406.8594     674.4386     188.0261     2982.6539    -382.2766   -4215.7902    -183.5795
      96     161.5334     391.3416     672.1129     191.3875     3005.8166    -382.9598   -4265.9076    -226.6754
      97     161.1117     405.7689     670.0240     192.4119     2983.8831    -384.4089   -4262.0459    -233.2553
      98     143.2189     381.4902     689.6193     186.2984     3025.7240    -379.0172   -4245.3074    -197.9737
      99     152.3590     410.2607     699.8318     191.2623     3008.3926    -375.8574   -4206.0354    -119.7864
     100     168.7487     367.7908     695.3837     191.6990     2997.8543    -380.4881   -4274.7121    -233.7238
     101     162.6088     399.8999     677.4535     191.1232     3016.2598    -376.5428   -4228.2251    -157.4229
     102     158.8890     402.6985     678.1188     195.4388     3016.1499    -379.7909   -4287.3555    -215.8513
     103     176.3979     401.1997     676.2634     194.3569     3001.1184    -362.6265   -4210.7236    -124.0138
     104     156.0128     414.1370     679.5646     188.1711     3032.0790    -384.4444   -4282.4753    -196.9551
     105     157.0581     401.6737     693.3286     193.8950     3018.0990    -388.0585   -4181.1523    -105.1564
     106     173.3503     398.3358     686.9472     195.9260     3039.7275    -382.6776   -4247.1338    -135.5246
     107     172.6361     409.5542     680.5994     188.1889     2994.9470    -383.2144   -4196.9892    -134.2780
     108     166.4062     424.8943     697.6601     190.4669     3003.0736    -365.4429   -4165.7738     -48.7155
     109     152.2831     411.4760     692.5248     190.0656     3016.3739    -402.8290   -4290.3258    -230.4314
     110     159.4841     407.7650     677.8341     188.6159     3032.3759    -374.9198   -4330.3789    -239.2237
     111     160.4988     383.7948     678.4455     193.2278     3017.7146    -386.9966   -4288.8312    -242.1464
     112     182.3929     388.6980     690.4422     184.3623     2989.6518    -389.4766   -4288.1017    -242.0311
     113     156.0461     392.8022     670.9372     207.5397     3033.3907    -390.9417   -4286.1302    -216.3559
     114     152.3883     379.1829     700.0716     195.7542     3031.7154    -375.8165   -4333.3729    -250.0771
     115     178.9120     403.6279     684.7578     200.2240     3023.1370    -370.8283   -4358.6264    -238.7961
     116     163.5875     400.6596     700.9434     193.9021     3033.4947    -378.1275   -4310.1898    -195.7299
     117     152.7379     386.3999     675.3601     191.1296     3007.5665    -378.0736   -4377.2500    -342.1296
     118     167.0749     371.8220     679.6484     192.5608     3017.4776    -374.9628   -4289.1626    -235.5416
     119     162.1432     424.6888     690.9910     192.8140     3020.9658    -388.7247   -4202.3238     -99.4458
     120     166.5668     393.9071     673.5419     188.5584     2987.3077    -371.8967   -4181.8256    -143.8404
     121     166.5066     395.3983     691.8603     191.1378     3010.5994    -376.7021   -4169.8285     -91.0281
     122     184.3046     379.0924     683.8534     189.9319     3002.4739    -383.2528   -4299.6066    -243.2032
     123     170.3338     428.4358     685.0588     185.0507     2981.0250    -376.6252   -4238.3350    -165.0561
     124     161.7186     376.6368     685.5909     187.3311     3046.7606    -382.0474   -4342.8289    -266.8383
     125     157.5855     415.8850     688.7889     184.6854     3018.0494    -385.3154   -4287.5249    -207.8462
     126     189.2030     405.4227     674.9715     182.9009     3038.0766    -388.4162   -4333.5538    -231.3954
     127     165.0616     389.0273     690.6115     194.6562     3029.5523    -398.1431   -4364.2233    -293.4576
     128     168.8487     384.6395     688.7106     193.0323     3056.7951    -388.7354   -4380.3098    -277.0191
     129     171.1543     412.6623     682.0572     186.0675     3035.4777    -391.9912   -4377.4551    -282.0273
     130     152.9305     413.8855     690.9979     195.0552     3045.9213    -384.6107   -4332.6114    -218.4317
     131     168.0622     387.8172     691.6011     184.2521     3025.3690    -385.2456   -4323.4150    -251.5590
     132     166.5335     435.7707     689.6990     190.2807     2999.5471    -376.1917   -4407.5465    -301.9072
     133     168.5022     393.5211     684.0460     195.6732     3058.0683    -391.1773   -4409.0263    -300.3927
     134     180.9014     401.3904     670.5248     192.1126     3029.9099    -391.6749   -4352.2787    -269.1145
     135     154.5609     366.4735     677.6067     191.6872     3080.6616    -384.7832   -4358.5825    -272.3757
     136     160.1024     411.8345     679.8760     188.5208     3042.6911    -383.4572   -4374.7640    -275.1965
     137     168.3855     404.8904     692.1258     194.9408     3014.0696    -382.0875   -4272.7189    -180.3944
     138     173.2710     401.3920     672.9613     187.9691     3002.9878    -388.7038   -4352.7053    -302.8281
     139     159.4620     388.0350     687.6691     188.9915     3036.6743    -367.1252   -4348.1002    -254.3935
     140     178.3948     406.9514     689.7928     194.1664     3005.9990    -391.0180   -4301.8738    -217.5874
     141     157.8280     416.7427     681.2703     187.0260     3004.6706    -379.6956   -4315.8677    -248.0256
     142     164.9625     381.3632     680.3758     190.9679     3019.2541    -391.9845   -4339.4505    -294.5115
     143     160.8702     401.9580     681.8885     191.0599     3009.1770    -384.4419   -4300.9734    -240.4617
     144     178.3068     393.9603     688.0063     192.5703     3015.9360    -399.1950   -4330.0139    -260.4293
     145     186.4557     403.1840     684.0895     185.6658     3021.3506    -383.5833   -4370.2267    -273.0643
     146     159.1075     394.4104     698.6478     194.7054     3040.5503    -379.4227   -4427.4122    -319.4135
     147     158.9544     401.7297     686.5985     188.2761     3054.3177    -379.2510   -4439.6585    -329.0332
     148     158.6247     409.9197     680.8265     192.4982     3017.1861    -392.4753   -4390.3701    -323.7901
     149     177.3087     377.3078     695.5843     198.7613     3027.6184    -379.7678   -4388.5301    -291.7173
     150     154.9173     400.2818     675.8099     196.5510     3035.3191    -382.5816   -4350.5797    -270.2822
     151     154.1050     395.0450     688.6919     199.5478     3029.2648    -389.3662   -4307.6892    -230.4008
     152     166.4553     414.2750     698.6029     190.5451     3020.7145    -385.6434   -4249.3082    -144.3587
     153     155.1994     408.8161     697.6966     192.3606     3018.0525    -368.4970   -4307.1663    -203.5382
     154     161.0123     364.5148     695.4674     188.2611     3000.6706    -383.1690   -4337.1385    -310.3812
     155     186.9494     398.0656     667.1271     186.3500     3009.0571    -389.1265   -4351.4650    -293.0422
     156     150.0750     372.8148     672.0577     194.9320     3009.6969    -389.0343   -4332.7016    -322.1595
     157     182.8218     366.7687     692.4997     194.7261     3017.6852    -383.9535   -4403.9499    -333.4018
     158     176.6561     397.9961     678.7491     200.0425     3026.9734    -374.0431   -4376.5247    -270.1505
     159     168.9768     378.7039     687.4670     197.6112     3011.0379    -372.7462   -4323.5999    -252.5493
     160     154.9637     379.4884     693.7275     201.4601     3001.0344    -383.0902   -4378.6956    -331.1116
     161     172.0923     394.2405     690.9602     199.9980     3015.0949    -375.5436   -4409.1356    -312.2933
     162     165.5958     424.1169     676.9891     202.3479     3032.0526    -375.7871   -4343.5529    -218.2377
     163     159.8777     377.8857     683.4341     188.8586     2981.4823    -393.7293   -4281.9502    -284.1412
     164     159.1409     413.5763     674.4035     180.4535     2995.1047    -392.6168   -4238.3492    -208.2872
     165     167.4067     390.0325     688.4920     189.6015     3005.8274    -395.0851   -4291.0994    -244.8244
     166     172.7068     406.0287     687.5937     191.8629     2976.5970    -386.1755   -4291.4284    -242.8148
     167     188.0446     382.6532     678.1068     192.1674     3010.1162    -408.0665   -4293.3630    -250.3413
     168     165.6806     386.4411     674.9293     194.6967     3026.1228    -379.1179   -4350.9036    -282.1511
     169     165.4933     411.0185     682.9344     193.7036     3023.3806    -379.7285   -4370.5166    -273.7147
     170     171.4552     397.5028     693.1079     186.5423     2998.9091    -388.4636   -4307.4034    -248.3497
     171     169.4177     422.7202     687.1864     182.5435     3001.8606    -383.8272   -4204.1422    -124.2410
     172     167.5945     416.6278     722.2865     199.5882     3027.3442    -382.8081   -4334.2461    -183.6130
     173     160.8517     397.1870     697.4815     204.7327     3047.5602    -387.3663   -4313.6311    -193.1844
     174     172.3734     384.2401     691.3109     188.4848     3041.6850    -384.8808   -4342.3084    -249.0948
     175     163.6376     403.2411     679.6335     191.2285     3001.5485    -385.1651   -4278.1467    -224.0225
     176     167.7124     393.6919     702.5565     190.3546     3014.0030    -396.2970   -4260.2814    -188.2600
     177     149.6323     396.5963     694.8211     185.9060     3052.3401    -384.1246   -4289.4086    -194.2374
     178     188.2616     385.2009     695.0651     185.4982     3044.7570    -379.6592   -4355.6789    -236.5553
     179     178.3057     397.3011     690.1486     191.9757     3021.3006    -370.9900   -4326.1324    -218.0907
     180     164.6630     387.1765     693.5585     193.9446     3041.0885    -399.9450   -4381.8855    -301.3995
     181     173.5527     408.6404     689.2692     187.8826     3070.0336    -375.2246   -4354.9637    -200.8098
     182     163.8087     399.4632     690.5315     201.3589     3023.7938    -379.1035   -4292.8321    -192.9796
     183     160.9887     430.6901     696.0877     185.8612     3009.9363    -373.1881   -4275.2869    -164.9110
     184     146.8814     406.6132     709.3350     197.7144     3003.0950    -382.9908   -4234.6566    -154.0085
     185     161.0449     378.5021     696.5742     197.2615     3003.6281    -375.0558   -4295.5986    -233.6436
     186     162.6166     394.4813     695.7977     201.1473     3036.5356    -383.5152   -4332.2151    -225.1518
     187     165.8341     394.4300     703.4411     194.9174     3036.7220    -379.1920   -4326.5247    -210.3722
     188     162.5137     385.0565     688.5195     196.7720     3009.1664    -385.9074   -4348.1915    -292.0710
     189     186.7651     382.7073     681.4516     189.9781     2990.7418    -373.9438   -4342.9287    -285.2285
     190     166.9980     405.6379     662.4428     180.4176     2987.3683    -392.4015   -4297.0191    -286.5561
     191     166.6073     390.8270     692.5729     194.6404     2992.7734    -388.3948   -4290.5173    -241.4912
     192     154.7770     400.9127     680.1505     188.5274     3015.9005    -386.0408   -4275.7368    -221.5096
     193     174.5800     377.9120     666.3891     195.4214     3000.4265    -385.8886   -4338.5523    -309.7119
     194     178.7163     394.1015     678.5846     191.0572     2990.8504    -393.0152   -4288.6828    -248.3879
     195     176.7091     378.4138     701.0526     183.3238     3014.6614    -383.2244   -4381.3887    -310.4524
     196     157.8553     396.8794     677.7083     194.4481     3034.3778    -379.8210   -4361.3673    -279.9193
     197     154.3111     400.5881     687.4089     190.4006     2996.2281    -390.1400   -4292.2739    -253.4771
     198     188.3922     400.6604     691.9605     187.4828     3001.2944    -379.6592   -4287.5615    -197.4306
     199     150.3300     399.3582     676.1591     192.8748     3026.9887    -384.6797   -4269.5051    -208.4740
     200     177.4296     371.8757     697.4308     192.7198     3027.9110    -380.0342   -4307.7777    -220.4451
     201     149.4742     415.3710     679.3346     187.7538     2979.8329    -390.8273   -4333.0727    -312.1334
     202     172.5935     406.8566     679.6929     192.3362     2980.9149    -384.8589   -4323.5977    -276.0626
     203     168.6303     409.9274     678.1488     191.6875     3009.4273    -399.7659   -4280.6150    -222.5596
     204     172.8682     386.5394     696.7139     187.4255     3015.6085    -378.9936   -4229.9979    -149.8360
     205     176.8466     413.6853     693.3213     180.9657     2980.7519    -376.5158   -4327.1377    -258.0826
     206     153.6996     398.0104     681.2794     204.5635     3036.2271    -380.4882   -4250.5097    -157.2179
     207     159.4375     395.4299     688.3395     195.3873     3009.0995    -394.5914   -4307.0483    -253.9460
     208     169.8874     401.1699     687.6636     189.0958     3020.0722    -399.2460   -4255.4675    -186.8246
     209     189.1987     429.4585     676.8997     185.0239     2998.3232    -390.8369   -4304.3192    -216.2521
     210     165.1084     378.5041     689.1828     193.8744     2985.6397    -387.5701   -4281.8316    -257.0923
     211     175.4411     387.7368     685.9868     194.9100     3007.4039    -386.0201   -4249.6245    -184.1658
     212     162.0045     393.4481     705.5382     190.3527     3014.4594    -374.7149   -4294.5558    -203.4677
     213     175.9867     401.4354     679.5521     189.0273     3005.4530    -373.6359   -4257.9057    -180.0872
     214     181.1483     430.6828     685.3250     192.6209     2997.1369    -382.7920   -4311.1795    -207.0575
     215     171.1309     430.9265     679.1993     186.4858     3003.0627    -392.9098   -4370.1306    -292.2352
     216     152.7389     394.5709     682.7313     183.1661     3018.2161    -386.4159   -4419.1362    -374.1287
     217     159.6005     407.0802     694.1578     188.4020     2982.4700    -371.0362   -4286.8093    -226.1350
     218     167.7940     394.0460     689.0285     191.1790     3023.1214    -387.2463   -4340.2475    -262.3251
     219     175.3040     392.2931     690.5118     190.6273     3012.6719    -385.8083   -4336.5902    -260.9904
     220     186.8048     417.8970     685.3598     190.4788     2989.8817    -373.3309   -4223.4379    -126.3466
     221     156.3550     374.2026     683.0904     203.8830     3020.1081    -372.3867   -4349.7315    -284.4791
     222     139.4401     434.8722     687.4796     190.7732     3008.9871    -377.3124   -4268.5196    -184.2796
     223     169.9770     392.5529     689.1788     184.2248     2998.9194    -373.5866   -4234.9824    -173.7162
     224     160.1013     380.8370     682.4559     197.3697     3035.6726    -385.6141   -4217.2323    -146.4099
     225     158.7999     349.8484     714.5055     203.1985     3047.3696    -380.9169   -4265.1147    -172.3098
     226     165.3078     410.5614     683.0565     192.2847     3020.1844    -363.5928   -4329.3215    -221.5195
     227     180.1673     428.0708     690.2525     195.8584     3015.0433    -391.9845   -4259.4027    -141.9948
     228     168.5814     392.9469     689.8894     201.0874     3028.3833    -382.2508   -4270.8648    -172.2272
     229     175.4192     387.8355     693.8107     188.8882     3041.6162    -386.5703   -4272.7321    -171.7326
     230     154.6567     416.4019     690.3325     196.2403     3019.7936    -384.0767   -4221.0577    -127.7095
     231     172.1200     411.0543     681.3574     187.4216     3000.7764    -386.5286   -4286.7516    -220.5504
     232     192.6041     389.4506     685.2201     185.8697     3008.0472    -368.4366   -4297.6868    -204.9317
     233     153.9144     365.3782     688.3748     190.0868     3011.7738    -366.5969   -4331.0820    -288.1510
     234     180.0687     391.9345     688.3480     192.9114     3020.1090    -395.6754   -4273.5519    -195.8557
     235     183.8388     411.2693     670.8465     184.2418     2995.5674    -372.2397   -4243.4321    -169.9080
     236     161.2338     394.2931     685.5825     196.1363     3036.0302    -393.0832   -4241.5606    -161.3679
     237     165.0700     439.9232     699.7687     188.7048     3018.7684    -396.4987   -4255.0049    -139.2684
     238     168.6651     377.4255     674.6771     183.7903     3017.9037    -379.0611   -4258.5524    -215.1517
     239     176.5161     369.7775     676.4575     195.2627     3059.7063    -383.0683   -4256.3465    -161.6946
     240     157.4836     378.8088     684.3861     199.5994     3054.8984    -391.0171   -4267.4642    -183.3050
     241     166.4322     401.6112     701.2932     189.9721     3025.1303    -380.3909   -4230.0085    -125.9603
     242     162.5400     368.4521     700.6889     191.2286     3046.3556    -371.0473   -4268.9149    -170.6969
     243     170.3688     390.7968     674.8532     196.3072     3042.7026    -374.0138   -4275.2698    -174.2551
     244     164.9050     400.0061     697.9919     192.1055     3023.6763    -384.3496   -4260.2662    -165.9309
     245     167.6532     420.0760     693.6095     181.9798     3032.7420    -382.6233   -4262.4806    -149.0433
     246     170.3894     394.3091     693.0056     196.5331     3047.8402    -381.6248   -4267.2264    -146.7737
     247     176.2577     369.2571     692.1951     197.6097     3039.4955    -394.4603   -4307.8273    -227.4726
     248     153.0276     404.0186     677.8536     191.2458     2998.9767    -383.5786   -4266.4922    -224.9484
     249     169.1644     408.0008     686.1197     205.7984     3067.9935    -375.1227   -4289.2536    -127.2994
     250     158.1888     395.0311     686.1233     186.0777     3009.3561    -388.2578   -4281.4194    -234.9002
     251     165.3103     383.6834     679.2745     201.4706     3029.4713    -385.3009   -4332.4599    -258.5508
     252     157.1203     424.7693     685.5832     197.8579     3018.7191    -378.3155   -4278.0853    -172.3509
     253     156.4563     394.8424     705.3788     193.8418     3040.3987    -392.1390   -4374.6437    -275.8647
     254     160.7398     415.9875     686.1452     193.3542     3025.3396    -382.9529   -4254.9235    -156.3102
     255     166.1976     408.5790     695.8930     190.2952     3041.2128    -385.9461   -4267.4668    -151.2353
     256     153.7813     411.6374     687.9204     197.9019     3007.1348    -373.5467   -4250.2823    -165.4532
     257     161.7660     386.8540     685.7697     193.0725     3025.7507    -362.6044   -4212.5050    -121.8964
     258     173.0551     409.0799     703.3462     184.5419     3006.7347    -369.4764   -4236.3900    -129.1085
     259     163.3879     390.4414     688.1315     192.2662     3004.0823    -376.6176   -4164.8968    -103.2051
     260     158.8783     415.5005     676.3465     190.0902     2989.6755    -394.2129   -4247.2672    -210.9890
     261     171.7505     375.5324     701.7160     197.6886     3010.2542    -382.5945   -4223.4415    -149.0943
     262     161.1650     399.4946     690.5209     189.3693     2995.9395    -394.7430   -4213.8975    -172.1512
     263     165.0589     411.1953     702.0695     190.4042     2999.6916    -374.9987   -4221.1391    -127.7183
     264     140.2711     413.8916     682.6163     199.3653     3025.3166    -376.9445   -4252.2955    -167.7792
     265     168.9821     393.4340     682.2085     191.7337     2996.1405    -387.0348   -4215.6907    -170.2267
     266     178.2423     372.3411     677.1450     194.9797     3020.1918    -395.3599   -4228.8471    -181.3072
     267     167.5607     399.5663     700.6274     186.4787     3026.0235    -385.6302   -4208.7882    -114.1618
     268     171.0990     402.0309     702.8376     193.3629     2986.6689    -375.0179   -4217.9473    -136.9658
     269     182.4748     404.2796     701.2733     189.0855     3023.2745    -380.9117   -4278.4470    -158.9711
     270     157.3900     403.8321     689.0121     198.1310     3064.5289    -370.8534   -4287.2338    -145.1932
     271     173.4097     412.4869     685.9238     182.4214     3005.2863    -383.4356   -4203.5603    -127.4679
     272     161.9156     378.2757     666.2895     187.5219     3020.7432    -378.2747   -4277.6241    -241.1529
     273     148.1629     375.7195     670.8495     197.1607     3046.2120    -379.4872   -4254.5528    -195.9353
     274     150.3527     398.3810     691.8564     193.0963     3009.9256    -371.3056   -4208.4121    -136.1056
     275     172.4125     409.0792     694.7546     188.9107     3013.5828    -377.3759   -4209.0815    -107.7176
     276     158.9841     365.1444     688.0876     201.6347     3022.6018    -376.0454   -4220.8602    -160.4530
     277     162.2316     379.0176     685.2577     190.4220     3019.2498    -367.9702   -4226.6234    -158.4148
     278     169.2426     398.4210     679.8449     187.9663     3014.4409    -379.4352   -4201.4664    -130.9860
     279     159.1173     387.2302     687.4170     191.3300     3027.9069    -376.0525   -4187.4683    -110.5194
     280     167.5127     412.3269     665.3266     187.5580     3015.0029    -379.3715   -4154.8834     -86.5278
     281     151.1337     392.8487     673.5742     200.9851     3027.5975    -368.4267   -4241.9288    -164.2163
     282     176.8920     390.3478     679.3794     195.8532     3026.9296    -364.1229   -4213.4704    -108.1914
     283     148.5542     404.9941     698.7004     195.8646     2994.0175    -379.8015   -4206.9334    -144.6042
     284     165.2422     408.8903     682.2002     188.8644     3024.2070    -388.8595   -4218.3578    -137.8132
     285     182.2938     377.7108     678.5767     194.0976     3000.2666    -361.4204   -4253.5269    -182.0018
     286     178.5923     409.6387     693.2534     192.8993     3008.2734    -384.3319   -4237.8733    -139.5482
     287     170.0341     415.7850     681.2994     182.4286     3022.1961    -384.9920   -4219.7383    -132.9871
     288     169.9224     414.0531     691.1547     196.8884     3028.6039    -380.7414   -4275.1535    -155.2725
     289     151.6419     400.6112     682.0508     188.3583     3028.2230    -374.0933   -4220.2477    -143.4557
     290     154.0602     406.8145     680.7484     200.0707     3029.1123    -383.1984   -4199.3420    -111.7344
     291     172.3454     418.4514     698.7174     195.1157     3026.3365    -382.7936   -4218.4889     -90.3161
     292     147.8747     400.6287     706.7979     199.2246     3049.4995    -364.4552   -4251.0618    -111.4917
     293     180.2797     427.5500     701.0066     190.1263     2980.5614    -373.9684   -4199.4998     -93.9441
     294     165.4155     388.3066     688.4197     183.2887     3018.4557    -388.8236   -4263.9319    -208.8693
     295     160.4676     413.9666     696.7194     191.4183     3033.5614    -381.6349   -4286.3091    -171.8107
     296     178.4665     381.1297     696.9372     186.6439     3028.9677    -389.8630   -4225.6960    -143.4140
     297     171.3947     405.4168     692.5157     190.2065     3018.0239    -392.7936   -4183.7491     -98.9851
     298     180.4370     399.0869     695.6641     183.5125     3014.9847    -376.4453   -4171.6016     -74.3618
     299     187.7966     386.0871     690.2714     185.0020     3043.1745    -381.6426   -4223.4127    -112.7236
     300     154.0751     410.1883     685.9888     199.8306     3012.1022    -394.3729   -4154.6783     -86.8662
     301     161.4202     399.8642     690.4561     184.5994     3015.6604    -389.6042   -4220.9267    -158.5305
     302     180.1962     389.6616     691.0025     186.8894     3004.8689    -387.1685   -4255.0736    -189.6235
     303     148.6674     379.0663     681.4795     193.9549     3024.1796    -368.4741   -4391.8268    -332.9533
     304     178.3839     403.0960     685.4114     196.4175     2999.7487    -393.6868   -4246.3091    -176.9383
     305     178.5984     409.4925     669.6884     196.3277     2992.5410    -389.6754   -4242.8098    -185.8372
     306     154.6149     363.2550     693.2472     198.2240     3021.4165    -389.9147   -4290.1757    -249.3326
     307     175.9195     382.3943     699.1024     188.2747     3034.4939    -391.4663   -4310.0418    -221.3233
     308     179.1938     391.6074     691.1015     188.1234     3040.7443    -380.3096   -4367.4318    -256.9710
     309     168.2694     419.1397     696.2873     200.3565     3054.7671    -377.5177   -4369.0408    -207.7384
     310     185.8720     380.2130     699.7755     199.4179     3016.0707    -383.4078   -4299.9150    -201.9738
     311     147.4967     400.3990     676.5262     197.4436     3017.2684    -388.7987   -4366.7125    -316.3774
     312     158.6214     425.0935     685.4398     191.0522     3038.3707    -393.4093   -4266.8769    -161.7086
     313     165.2680     414.3201     677.4636     191.7388     3018.5786    -381.0153   -4356.0894    -269.7357
     314     164.4800     397.2089     676.7175     197.5748     3052.5385    -381.9088   -4375.0703    -268.4594
     315     164.5860     371.7862     681.8554     188.6614     3022.0847    -394.3652   -4261.8706    -227.2622
     316     155.5708     410.8070     669.6264     196.5043     3042.7890    -392.3078   -4246.9847    -163.9949
     317     163.0981     393.1339     686.0525     207.4652     3072.6816    -373.2909   -4333.8938    -184.7534
     318     159.4992     425.6222     685.1453     193.9274     3019.2931    -378.4489   -4315.9354    -210.8970
     319     170.7339     412.5251     677.6537     191.9842     3006.5230    -380.0999   -4276.0746    -196.7544
     320     177.8560     392.4868     672.7949     191.4133     3025.3515    -384.1538   -4247.9431    -172.1943
     321     166.1018     389.1844     679.2334     186.7296     3001.6162    -392.0396   -4318.8561    -288.0304
     322     169.8368     406.4241     690.0740     194.0656     3027.4426    -383.6378   -4325.9878    -221.7825
     323     153.0238     433.4087     666.3700     186.0300     3024.6331    -378.8408   -4322.9864    -238.3615
     324     172.0815     404.5548     687.2013     193.4017     3010.1895    -370.3202   -4322.6673    -225.5588
     325     166.9622     406.8882     693.4274     190.0705     3024.3777    -378.8766   -4313.2854    -210.4360
     326     173.0984     413.9852     688.1300     182.5756     3007.7689    -381.4943   -4379.4339    -295.3702
     327     167.5817     390.6106     690.8017     195.6971     3040.5255    -382.4641   -4447.1794    -344.4269
     328     186.4457     426.3218     680.8711     199.0332     3054.7422    -380.5230   -4451.3351    -284.4441
     329     171.2027     396.3631     690.1157     195.0298     3031.2992    -377.5795   -4400.6295    -294.1986
     330     163.7423     387.9227     695.9797     205.5783     3036.5632    -371.3243   -4344.2992    -225.8372
     331     157.7601     416.1312     679.2915     182.8972     3016.2672    -396.9135   -4375.2054    -319.7716
     332     176.0833     421.5750     683.1073     191.6910     3016.1265    -392.8530   -4410.8372    -315.1071
     333     168.0052     407.0342     696.6282     192.7085     2991.0542    -373.1386   -4387.6803    -305.3886
     334     154.4331     432.9506     690.3687     199.0845     3054.8762    -383.4149   -4389.1188    -240.8205
     335     179.8112     410.6068     688.2259     187.1908     3042.9016    -375.5384   -4350.7337    -217.5358
     336     169.4349     390.3694     680.4902     189.2668     3031.2574    -385.4993   -4317.6483    -242.3289
     337     176.4782     402.7761     700.4929     193.0880     3043.3837    -391.4126   -4376.0864    -251.2801
     338     156.8900     398.6965     704.5061     188.5640     3050.4873    -394.1859   -4431.9275    -326.9695
     339     159.9107     407.1307     686.7255     200.0713     3036.3593    -391.4229   -4335.0780    -236.3033
     340     169.7584     403.9520     686.3312     182.8508     3027.4991    -386.2255   -4379.3133    -295.1472
     341     160.9054     404.6058     690.8584     190.2299     3030.2256    -383.2169   -4270.9222    -177.3140
     342     152.5049     413.5645     692.7244     188.6501     3006.1951    -383.8374   -4357.3616    -287.5601
     343     171.6511     377.9003     677.7670     187.6374     3022.8922    -393.6488   -4332.2402    -288.0410
     344     169.0661     374.2660     694.1648     189.4212     3051.0870    -380.3815   -4413.5349    -315.9114
     345     176.7500     390.9835     687.4967     197.4220     3044.2687    -370.0025   -4383.0955    -256.1771
     346     165.5674     434.8008     687.9953     191.5540     3015.2265    -408.5569   -4225.6599    -139.0728
     347     174.7395     400.7468     712.3824     192.6181     3030.5109    -396.3896   -4378.1288    -263.5206
     348     158.6682     401.0217     692.5104     181.8951     3051.3696    -390.0746   -4284.6028    -189.2126
     349     167.3661     415.8883     700.1681     192.4203     3040.5316    -388.2431   -4381.4137    -253.2824
     350     156.6360     390.8188     700.4362     198.0144     3031.3376    -391.5483   -4383.0036    -297.3088
     351     173.5850     384.9740     686.2577     193.3792     3029.1739    -386.3303   -4272.6782    -191.6387
     352     155.9397     372.8676     697.5514     189.6456     3046.1013    -387.2554   -4382.5904    -307.7403
     353     167.3703     418.1463     689.0473     187.7203     3018.0156    -376.2293   -4441.7978    -337.7271
     354     161.2802     406.5128     696.2461     189.0534     3003.2390    -392.8639   -4306.5870    -243.1194
     355     154.2638     405.6523     701.4031     196.5260     3050.0428    -396.9074   -4359.4548    -248.4742
     356     158.3476     398.9771     685.5313     193.9070     3038.2893    -385.4277   -4367.6883    -278.0638
     357     179.3589     407.4791     696.0644     195.3058     3015.2604    -388.8278   -4365.9186    -261.2778
     358     172.8051     387.5891     690.3527     189.1987     3013.8717    -383.3507   -4266.1952    -195.7286
     359     167.0941     425.1244     700.2936     191.6400     3043.1979    -382.3695   -4304.8844    -159.9037
     360     164.4871     384.1141     685.0355     194.6764     3057.5356    -386.7297   -4285.1639    -186.0449
     361     160.7156     363.3147     683.8283     194.0016     3047.2806    -397.5710   -4268.8493    -217.2796
     362     156.0072     425.6484     701.6894     194.0883     3022.2532    -376.6408   -4299.4068    -176.3612
     363     157.7601     393.5211     691.9802     190.0600     3044.0788    -375.3945   -4373.7614    -271.7557
     364     168.5585     379.6624     683.7357     187.7324     3030.8303    -392.0529   -4331.0591    -272.5925
     365     169.6215     399.0557     695.2480     186.8250     3037.9167    -393.8061   -4286.5389    -191.6781
     366     158.8889     370.2550     679.6657     192.3111     3065.3806    -383.1016   -4352.3743    -268.9746
     367     179.5012     408.4127     685.4963     193.4482     3015.6844    -384.8390   -4244.7453    -147.0414
     368     179.5754     464.0156     682.6456     180.0379     2995.4503    -384.4482   -4252.8828    -135.6063
     369     144.0797     381.1254     688.7802     196.6577     3020.0316    -378.1594   -4201.1641    -148.6490
     370     151.4449     401.8363     683.5967     194.0038     3012.8742    -384.0281   -4266.7583    -207.0306
     371     163.1863     382.0690     688.3376     198.8003     3017.7629    -383.5790   -4226.7318    -160.1546
     372     173.1116     400.6746     671.4003     204.6945     3020.2520    -374.5714   -4243.2408    -147.6792
     373     181.2525     389.1725     676.2626     185.8628     3025.8614    -382.5299   -4284.8782    -208.9963
     374     167.6744     372.5989     688.8320     192.3045     3071.6855    -390.0572   -4380.6731    -277.6350
     375     164.3407     398.3041     689.9565     189.3762     3053.0570    -384.9898   -4379.2350    -269.1903
     376     143.1596     393.0608     701.9797     198.3311     3049.0612    -380.7458   -4361.5100    -256.6634
     377     168.7658     423.3955     683.0960     197.1506     3023.9528    -387.3607   -4288.7282    -179.7281
     378     173.9466     404.0784     688.0917     200.1294     3024.5584    -398.7757   -4405.7708    -313.7421
     379     178.9203     403.4353     675.7515     192.6872     3024.1117    -386.6667   -4369.9634    -281.7241
     380     162.1922     396.0518     692.0035     189.8771     3019.2546    -388.9895   -4282.8979    -212.5081
     381     169.4489     394.0960     686.1962     189.2829     3030.9636    -362.9856   -4309.3046    -202.3026
     382     161.8688     407.1806     704.0417     197.7607     3043.5199    -387.7940   -4315.4562    -188.8786
     383     177.0503     381.5532     695.2061     196.3048     3049.2102    -365.8112   -4334.2107    -200.6974
     384     147.3727     383.6829     682.5696     197.5714     3033.1202    -382.7560   -4313.5898    -252.0290
     385     169.7887     399.9512     700.6486     198.8638     3042.6397    -384.4687   -4340.3453    -212.9220
     386     159.7907     411.7019     683.4520     200.8759     3050.2936    -386.9162   -4268.8064    -149.6085
     387     151.6647     388.3512     698.2586     195.8594     3056.9456    -383.4747   -4300.2789    -192.6742
     388     155.1766     407.3522     684.5417     194.3153     3022.4622    -392.4445   -4231.0351    -159.6315
     389     153.5888     409.4336     679.5648     189.5949     3032.1688    -371.3774   -4201.8694    -108.8958
     390     151.1352     409.3573     686.7634     196.0738     3025.3896    -373.5744   -4194.8046     -99.6597
     391     174.5406     388.0690     688.9977     187.3081     3029.4078    -381.5869   -4306.9451    -220.2088
     392     197.9554     418.5480     691.5902     182.1753     3011.0243    -370.2560   -4354.5384    -223.5012
     393     146.7627     442.3769     691.6808     194.0365     3018.8104    -390.6441   -4359.2719    -256.2487
     394     160.4501     387.7409     678.2963     184.4216     3029.1927    -382.8988   -4400.2229    -343.0201
     395     163.3109     384.8361     681.2379     189.9948     3031.0516    -386.4270   -4313.7978    -249.7935
     396     155.4988     434.7989     671.7324     193.4309     3056.9608    -375.9481   -4387.4502    -250.9763
     397     163.5626     411.5909     689.6709     186.5408     3026.4994    -389.8565   -4310.5715    -222.5633
     398     167.7402     385.6152     673.4233     192.9028     3038.8938    -376.0358   -4183.2317    -100.6923
     399     171.0511     413.8414     684.5180     192.2513     3046.4088    -380.3500   -4182.8172     -55.0967
     400     170.6551     407.0147     692.6255     186.1549     3026.5379    -371.3933   -4320.8337    -209.2389
     401     182.9680     384.0345     680.7708     193.1233     3046.6175    -380.5380   -4313.9343    -206.9583
     402     169.8792     391.3375     702.9261     186.5990     3040.7676    -384.6484   -4274.6248    -167.7640
     403     175.2712     387.1494     693.6224     187.5154     3034.9792    -374.2053   -4336.1366    -231.8042
     404     162.1035     385.4958     683.9778     203.4727     3030.0082    -371.8347   -4320.3679    -227.1447
     405     147.8753     398.1193     684.2087     203.7043     3053.2355    -383.0731   -4325.4841    -221.4142
     406     166.1892     418.4934     691.7045     183.5969     3006.4436    -386.1106   -4316.2123    -235.8954
     407     150.1911     422.7434     692.7167     200.6152     3023.1669    -367.1675   -4289.4402    -167.1745
     408     155.0834     377.0018     676.7779     193.2514     3023.5246    -374.5421   -4356.0217    -304.9246
     409     170.9449     377.8397     685.1194     196.7909     3020.0392    -390.5466   -4384.4556    -324.2682
     410     154.2527     421.4453     680.0474     193.9890     3033.6990    -372.6983   -4347.9467    -237.2116
     411     165.9090     350.2065     691.1717     186.6959     3041.8703    -390.3794   -4301.2808    -255.8068
     412     171.7717     389.5204     683.8623     190.4921     3012.9946    -393.8208   -4366.0693    -311.2490
     413     181.6070     372.4969     688.2806     191.5122     3052.8935    -402.8017   -4375.6316    -291.6432
     414     155.2522     379.7207     681.4546     212.6061     3058.7416    -372.1889   -4258.8269    -143.2405
     415     159.3879     420.7608     699.5618     188.5759     3010.8662    -390.3586   -4178.2767     -89.4827
     416     161.6929     403.0004     682.5075     200.9937     3012.3003    -399.2062   -4250.5415    -189.2529
     417     163.0810     397.4180     692.6332     192.1907     3021.3716    -378.2960   -4341.0443    -252.6458
     418     181.7465     381.9244     682.0769     184.9133     3025.7773    -374.1483   -4215.2399    -132.9498
     419     169.4814     426.7582     688.1592     184.5477     3021.4731    -377.7412   -4186.5732     -73.8947
     420     167.0650     402.8058     696.2217     195.2581     3059.4275    -386.9360   -4412.1222    -278.2801
     421     144.7031     424.0828     667.5885     188.8185     3028.9299    -381.5504   -4290.9450    -218.3726
     422     160.9029     410.9515     697.3428     189.0083     3016.8687    -385.7477   -4303.0311    -213.7046
     423     166.0894     391.2916     684.6436     189.9124     3052.4597    -385.3399   -4206.6784    -107.6216
     424     188.9584     376.5731     697.4903     191.2994     3015.8896    -387.8160   -4189.3037    -106.9090
     425     168.6215     387.7581     695.2614     193.8123     3019.1129    -384.5109   -4278.1138    -198.0585
     426     167.8726     395.7090     690.4480     184.9836     3016.3052    -368.6290   -4279.4051    -192.7157
     427     189.8848     390.3471     686.1140     201.8798     3028.3330    -389.5929   -4305.9771    -199.0113
     428     155.5926     392.1535     693.8469     191.2457     3038.6680    -384.5452   -4224.0817    -137.1202
     429     165.0490     394.8021     698.4042     199.2432     3049.4075    -385.8366   -4400.9364    -279.8670
     430     153.1481     418.6664     674.9965     188.0303     3027.3146    -378.0338   -4332.6724    -248.5504
     431     172.0486     393.9606     689.8134     185.3201     2984.7602    -388.9420   -4256.0754    -219.1146
     432     169.6782     405.6801     697.3668     210.0966     3035.6571    -385.3787   -4319.1396    -186.0395
     433     151.6899     384.3660     708.1849     195.2691     3033.8152    -383.9638   -4204.0908    -114.7296
     434     159.3281     399.8790     676.1379     187.7933     3005.1068    -388.4284   -4238.5957    -198.7790
     435     176.7976     410.4211     698.9373     189.1954     3028.5134    -377.2423   -4238.5749    -111.9524
     436     162.8603     388.4245     683.9287     197.3437     3024.8821    -399.1998   -4240.4364    -182.1970
     437     170.9762     381.4663     692.0912     185.4027     2992.5972    -396.5661   -4223.2885    -197.3209
     438     141.1945     377.4181     681.6822     204.1937     3048.0250    -382.7749   -4324.2637    -254.5252
     439     172.7583     359.2548     690.4098     184.0220     3024.3444    -395.7779   -4255.7626    -220.7511
     440     166.1111     411.2835     689.2308     185.7609     3004.4042    -385.7414   -4215.9405    -144.8914
     441     149.6269     377.0198     685.7740     191.7124     3040.6654    -381.6362   -4300.5206    -237.3583
     442     158.6728     433.4614     690.1706     200.7897     3045.2926    -395.2548   -4326.1553    -193.0231
     443     168.4575     376.7330     683.8269     192.5079     3023.9622    -369.7474   -4279.9466    -204.2065
     444     159.1822     399.3093     691.2952     197.0910     3016.4703    -376.4658   -4232.6653    -145.7831
     445     165.8127     404.0965     679.4826     189.4999     3038.3396    -366.5290   -4237.3179    -126.6156
     446     159.8781     410.7780     699.7196     184.7228     3043.0727    -389.8904   -4223.4641    -115.1832
     447     147.7189     383.8007     699.1286     189.3774     3039.9301    -376.1131   -4281.6360    -197.7935
     448     178.1699     416.1934     701.2807     203.3532     3058.8892    -380.8354   -4337.0946    -160.0437
     449     153.3203     416.2422     685.7902     185.9573     3018.8920    -383.8061   -4281.7170    -205.3212
     450     172.5499     384.0344     694.8516     193.5494     3031.5393    -381.8422   -4300.4364    -205.7540
     451     164.8377     391.1981     690.6730     193.3423     3057.5793    -373.2212   -4313.2750    -188.8658
     452     155.2616     412.6966     695.9522     194.4227     3062.4215    -374.1585   -4350.9403    -204.3442
     453     180.2440     401.5426     679.4552     200.6800     3019.4182    -375.4024   -4313.4396    -207.5021
     454     162.1973     366.2481     682.2106     183.6192     3037.9612    -379.1700   -4209.1287    -156.0622
     455     166.0324     408.1231     677.6785     190.9236     3017.9205    -375.7694   -4309.6926    -224.7839
     456     163.2358     406.7644     685.8268     194.8689     3042.1491    -376.3075   -4275.3854    -158.8480
     457     163.5673     389.9887     675.3135     201.1726     3033.1339    -367.6926   -4280.1087    -184.6253
     458     175.4866     405.6490     690.9097     188.3749     3027.5263    -380.7320   -4249.7168    -142.5024
     459     150.4858     388.4500     677.4182     200.4573     3058.1296    -369.0766   -4311.9271    -206.0627
     460     175.0935     416.3847     683.6793     192.8833     3014.6714    -387.2456   -4218.3825    -122.9159
     461     168.5786     408.6480     683.2097     192.4746     3023.0991    -382.6089   -4238.5677    -145.1665
     462     160.9127     399.7719     690.9310     188.5407     3077.9568    -386.1493   -4335.7347    -203.7708
     463     167.4193     432.6589     680.6193     190.0976     3047.0251    -377.7047   -4300.2035    -160.0881
     464     156.6763     403.7790     693.3612     203.2828     3038.1628    -388.6471   -4317.1980    -210.5828
     465     164.7445     413.8697     698.0719     193.8999     3038.4810    -388.8354   -4367.8290    -247.5975
     466     163.0123     408.9719     684.8671     192.7999     3032.0170    -391.6763   -4311.7689    -221.7771
     467     168.4495     389.7895     672.7064     197.6033     3040.7517    -382.6014   -4322.9155    -236.2166
     468     176.9681     411.7241     693.5420     187.9091     3021.9782    -385.1671   -4288.2411    -181.2867
     469     163.9822     418.5868     687.5396     195.9738     3023.6543    -379.4993   -4334.3687    -224.1314
     470     158.3248     409.0257     691.5723     194.9959     3025.2312    -386.5954   -4363.7083    -271.1538
     471     169.4456     387.4741     680.5055     180.6433     3008.5821    -393.1893   -4327.1964    -293.7351
     472     173.4958     403.1099     684.2315     190.8415     3020.1710    -376.6050   -4318.2426    -222.9979
     473     156.9443     412.9930     695.9888     184.2862     3053.9134    -385.1554   -4389.4254    -270.4550
     474     159.9139     397.5714     672.8858     191.6582     3041.7687    -400.4527   -4336.8579    -273.5125
     475     160.2522     406.6631     699.0027     188.7119     3031.3441    -386.1080   -4398.3760    -298.5099
     476     167.5323     401.8145     696.6156     187.1484     3012.3967    -393.2717   -4299.9579    -227.7222
     477     156.8135     403.6955     688.0622     194.7323     3029.1865    -387.0064   -4331.2385    -245.7549
     478     180.2058     393.7917     689.9439     187.7635     3015.1459    -381.1330   -4283.0955    -197.3776
     479     155.9437     399.9198     699.4144     186.0682     3005.4828    -386.7252   -4329.2894    -269.1858
     480     185.3717     382.4591     694.2037     189.8219     3033.6426    -386.2887   -4398.1116    -298.9013
     481     183.5929     412.4976     691.9181     188.3539     3050.5078    -387.9001   -4377.5498    -238.5796
     482     145.2491     384.1597     700.0513     192.2138     3038.0150    -386.5326   -4312.5978    -239.4415
     483     183.4279     425.5101     692.4441     188.9377     3047.2255    -375.5887   -4296.1665    -134.2099
     484     148.3150     382.6325     697.0594     190.7350     3040.0083    -378.4970   -4316.6659    -236.4127
     485     188.3578     371.7039     690.9054     188.6974     3040.6104    -375.4644   -4350.3292    -245.5189
     486     181.5751     377.8996     679.9496     188.1752     3053.0915    -370.0699   -4385.8394    -275.2184
     487     166.0798     406.9280     689.1207     194.3434     3031.3108    -386.5244   -4310.0672    -208.8089
     488     173.1083     420.4457     681.2982     184.9266     3022.4329    -369.5549   -4312.4006    -199.7437
     489     174.4894     397.7402     691.6183     186.4325     3002.1949    -364.1062   -4314.3920    -226.0229
     490     168.7832     397.6469     681.7865     186.4509     3004.5169    -371.7765   -4309.7645    -242.3566
     491     171.6400     394.4788     686.0678     185.5815     2999.6276    -387.7412   -4349.3345    -299.6799
     492     182.7251     406.4845     709.5868     183.7722     3032.5029    -390.4938   -4285.3463    -160.7687
     493     163.3736     396.4700     687.2637     193.6565     3016.5645    -382.1769   -4307.5639    -232.4125
     494     155.9780     386.2248     683.6453     185.1472     3048.0773    -393.6382   -4313.8371    -248.4027
     495     150.0224     420.0571     680.7527     193.9295     3026.6645    -389.4799   -4230.8835    -148.9372
     496     180.0538     383.7192     681.2740     191.6687     3030.6449    -381.2657   -4286.6061    -200.5112
     497     166.5136     371.7755     685.8400     184.7339     2988.1655    -398.6459   -4241.5102    -243.1275
     498     174.6096     378.3779     681.8125     197.4148     3026.1384    -375.8621   -4272.4832    -189.9920
     499     154.6051     380.8653     684.9783     202.6347     3043.9685    -392.0512   -4349.0070    -274.0064
     500     165.6393     398.3922     691.9894     187.2393     3011.5760    -379.7189   -4215.1752    -140.0579
