1 0.8408174514770508
2 0.7275801301002502
3 0.6519792079925537
4 0.6216091513633728
5 0.49336737394332886
6 0.4637543261051178
7 0.5158057808876038
8 0.48071157932281494
9 0.38763487339019775
10 0.47146642208099365
11 0.5098882913589478
12 0.49726253747940063
13 0.363079309463501
14 0.400362104177475
15 0.49634110927581787
16 0.45032089948654175
17 0.3593718707561493
18 0.5059875249862671
19 0.5174710750579834
20 0.5001413822174072
21 0.4868112802505493
22 0.47933468222618103
23 0.4488891661167145
24 0.5063501000404358
25 0.3870866298675537
26 0.31637707352638245
27 0.32595109939575195
28 0.3468416631221771
29 0.3040946125984192
30 0.294882208108902
31 0.3499302268028259
32 0.36937084794044495
33 0.3444489538669586
34 0.3483411371707916
35 0.427981972694397
36 0.37501657009124756
37 0.3733833432197571
38 0.42790937423706055
39 0.5159945487976074
40 0.4962751269340515
41 0.51921147108078
42 0.7303845882415771
43 1.0877872705459595
44 1.2264865636825562
45 0.8665181994438171
46 0.8325942754745483
47 1.0034315586090088
48 0.9178225994110107
49 0.9244136214256287
50 0.810167670249939
51 0.7450553774833679
52 0.7104406356811523
53 0.6912564635276794
54 0.779178261756897
55 0.7508118748664856
56 0.6497045159339905
57 0.6786821484565735
58 0.6001870632171631
59 0.5697482228279114
60 0.650124728679657
61 0.5852142572402954
62 0.5685913562774658
63 0.5939774513244629
64 0.5846869945526123
65 0.4423007071018219
66 0.4925712049007416
67 0.5324782729148865
68 0.4277331829071045
69 0.3601910173892975
70 0.4474421441555023
71 0.41682347655296326
72 0.3262973725795746
73 0.41278353333473206
74 0.46718183159828186
75 0.3541935980319977
76 0.34615790843963623
77 0.4042329788208008
78 0.3663657605648041
79 0.3647421896457672
80 0.49248993396759033
81 0.6356841325759888
82 0.6602731943130493
83 0.43506094813346863
84 0.4482271671295166
85 0.47645267844200134
86 0.38530978560447693
87 0.3534438908100128
88 0.4048297107219696
89 0.4744195342063904
90 0.4393348693847656
91 0.4310068190097809
92 0.46344250440597534
93 0.41105327010154724
94 0.3455977737903595
95 0.4074942469596863
96 0.47720667719841003
97 0.46321675181388855
98 0.45875123143196106
99 0.5670984387397766
100 0.5919877290725708
101 0.5809493660926819
102 0.7545889019966125
103 0.8005582690238953
104 0.7375550270080566
105 0.9708443284034729
106 1.2399958372116089
