0	0.0
1	0.8151659369468689
2	0.6909613013267517
3	0.7246119976043701
4	0.7396108508110046
5	0.7634073495864868
6	0.7671587467193604
7	0.686750590801239
8	0.901134729385376
9	0.7770163416862488
10	0.6329488754272461
11	0.7253717184066772
12	0.6322705149650574
13	0.7616219520568848
14	0.7161626815795898
15	0.7722922563552856
16	0.7077147364616394
17	0.7193323373794556
18	0.7203431725502014
19	0.6357972621917725
20	0.7162119150161743
21	0.669411838054657
22	0.8532747030258179
23	0.7256761193275452
24	0.7852989435195923
25	0.7164329290390015
26	0.6091715097427368
27	0.7531542181968689
28	0.7553743124008179
29	0.7695732116699219
30	0.6566193103790283
31	0.8566007614135742
32	0.9202765226364136
33	0.813697099685669
34	0.8028457164764404
35	0.7395269274711609
36	0.6958792209625244
37	0.7460650205612183
38	0.6794353723526001
39	0.8189561367034912
40	0.7418404221534729
41	0.7123808264732361
42	0.7320876717567444
43	0.7574111819267273
44	0.7036738991737366
45	0.8656807541847229
46	0.7462537288665771
47	0.7295819520950317
48	0.8547974228858948
49	0.8512759208679199
50	0.7784401178359985
51	0.7650473117828369
52	0.7267808318138123
53	0.8472594022750854
54	0.7966808080673218
55	0.7782250046730042
56	0.7060197591781616
57	0.8071838617324829
58	0.7466686367988586
59	0.8258005380630493
60	0.795139491558075
61	0.8125978112220764
62	0.7320596575737
63	0.7530680298805237
64	0.6635057926177979
65	0.8116407990455627
66	0.8154665231704712
67	0.77568519115448
68	0.7652559876441956
69	0.9437317252159119
70	0.7569962739944458
71	0.7898542881011963
72	0.7704601287841797
73	0.8333163261413574
74	0.9058712720870972
75	0.7820819020271301
76	0.7802071571350098
77	0.7612367272377014
78	0.872934103012085
79	0.8316094279289246
80	0.8398816585540771
81	0.8820929527282715
82	0.8128313422203064
83	0.753572940826416
84	0.8205274343490601
85	0.8823500275611877
86	0.8098875880241394
87	0.9018097519874573
88	0.9446871280670166
89	0.800483226776123
90	0.781561553478241
91	0.6822503805160522
92	0.7773038148880005
93	0.8942551612854004
94	0.7813208699226379
95	0.8651683926582336
96	0.8618565797805786
97	0.861925482749939
98	0.7362586855888367
99	0.8175995349884033
100	0.8368973731994629
101	0.8093237280845642
102	0.8570200204849243
103	0.8372519016265869
104	0.7326867580413818
105	0.8163081407546997
106	0.7923216819763184
107	0.7531092166900635
108	0.8169087767601013
109	0.9016476273536682
110	0.8152008056640625
111	0.812222957611084
112	0.7744147777557373
113	0.9219595789909363
114	0.7905033826828003
115	0.7670332789421082
116	0.821013867855072
117	0.9222701787948608
118	0.8384061455726624
119	0.9338632822036743
120	0.7747069597244263
121	0.8295855522155762
122	0.8035179972648621
123	0.8221327662467957
124	0.8014761209487915
125	0.8563402891159058
126	0.851410448551178
127	0.8469535112380981
128	0.7608869075775146
129	0.8712893128395081
130	0.7560208439826965
131	0.7556717991828918
132	0.8077621459960938
133	0.6617492437362671
134	0.7777742147445679
135	0.7435954213142395
136	0.781617283821106
137	0.8170040249824524
138	0.6891584396362305
139	0.6864042282104492
140	0.7116683125495911
141	0.7709253430366516
142	0.8080676198005676
143	0.7957707643508911
144	0.702896237373352
145	0.7697620987892151
146	0.7842773199081421
147	0.7422377467155457
148	0.7690398693084717
149	0.7806598544120789
150	0.6780794858932495
151	0.7374381422996521
152	0.7492872476577759
153	0.8036465048789978
154	0.7546358108520508
155	0.7340695261955261
156	0.8517918586730957
157	0.7259860038757324
158	0.7975972294807434
159	0.8252210021018982
160	0.8316940665245056
161	0.8572580814361572
162	0.8232121467590332
163	0.7620006799697876
164	0.7337976694107056
165	0.7553653120994568
166	0.7426228523254395
167	0.7872140407562256
168	0.7895312905311584
169	0.7730778455734253
170	0.8918681144714355
171	0.7594238519668579
172	0.8176921010017395
173	0.8224191665649414
174	0.775606632232666
175	0.8341725468635559
176	0.7722181677818298
177	0.8071161508560181
178	0.841518223285675
179	0.8295899033546448
180	0.7777061462402344
181	0.8003467917442322
182	0.8189408779144287
183	0.7114613652229309
184	0.8273118734359741
185	0.7793030142784119
186	0.7444362044334412
187	0.761809229850769
188	0.7821202278137207
189	0.7347082495689392
190	0.8090223670005798
191	0.7715851068496704
192	0.7832286357879639
193	0.8144201040267944
194	0.7679874300956726
195	0.7941266894340515
196	0.7624345421791077
197	0.7922093868255615
198	0.6856713891029358
199	0.7661182880401611
200	0.7929646372795105
201	0.782374918460846
202	0.8230777978897095
203	0.8103839159011841
204	0.7736369371414185
205	0.7637545466423035
206	0.7305632829666138
207	0.8033780455589294
208	0.7324380874633789
209	0.7756520509719849
210	0.8196809887886047
211	0.7828649282455444
212	0.7606626152992249
213	0.7850779891014099
214	0.7105642557144165
215	0.7414035797119141
216	0.7494348287582397
217	0.9340608716011047
218	0.8041528463363647
219	0.7590795755386353
220	0.7856195569038391
221	0.7178984880447388
222	0.7804452776908875
223	0.716064989566803
224	0.8193968534469604
225	0.8638351559638977
226	0.8024139404296875
227	0.8081550598144531
228	0.7447508573532104
229	0.7182009816169739
230	0.8055328726768494
231	0.8652051091194153
232	0.8101741075515747
233	0.8125867247581482
234	0.7635464668273926
235	0.8248942494392395
236	0.7682276368141174
237	0.735216498374939
238	0.8806319236755371
239	0.7788047194480896
240	0.8908512592315674
241	0.7865304946899414
242	0.7997332811355591
243	0.8197183609008789
244	0.78459632396698
245	0.8041679859161377
246	0.8134737610816956
247	0.7529811263084412
248	0.7790672183036804
249	0.7859513759613037
250	0.7291622757911682
251	0.798686146736145
252	0.8539150357246399
253	0.7715436816215515
254	0.8442033529281616
255	0.7931964993476868
256	0.7413238286972046
257	0.8056877255439758
258	0.8268401622772217
259	0.8523669242858887
260	0.809516966342926
261	0.7329831719398499
262	0.8085629940032959
263	0.8027841448783875
264	0.7998996376991272
265	0.754473865032196
266	0.7299280762672424
267	0.8448448777198792
268	0.7684937119483948
269	0.7610244154930115
270	0.7056999206542969
271	0.8061614632606506
272	0.7332175374031067
273	0.9284397959709167
274	0.7626627683639526
275	0.8614516258239746
276	0.7651368975639343
277	0.7756170034408569
278	0.8403266668319702
279	0.7426982522010803
280	0.6789101958274841
281	0.8402636647224426
282	0.7939453125
283	0.7314705848693848
284	0.9068753719329834
285	0.8295084834098816
286	0.8644660711288452
287	0.7300428748130798
288	0.7513853907585144
289	0.7612130045890808
290	0.8536242246627808
291	0.7181797027587891
292	0.8126011490821838
293	0.8500338196754456
294	0.8651888966560364
295	0.7746971845626831
296	0.8251838088035583
297	0.7818076014518738
298	0.7539945244789124
299	0.8102319836616516
300	0.8489158749580383
301	0.7545807957649231
302	0.7442300319671631
303	0.806964099407196
304	0.7733849883079529
305	0.7651277780532837
306	0.761175274848938
307	0.7153518199920654
308	0.7118373513221741
309	0.829266369342804
310	0.7423484921455383
311	0.8117207884788513
312	0.723703145980835
313	0.7763471603393555
314	0.7716866135597229
315	0.691830575466156
316	0.7616865634918213
317	0.8709914684295654
318	0.7526006698608398
319	0.7840109467506409
320	0.8093128204345703
321	0.7617467641830444
322	0.7280442118644714
323	0.8101309537887573
324	0.7998188734054565
325	0.7538710832595825
326	0.7156293392181396
327	0.8190804123878479
328	0.8041802644729614
329	0.7659953832626343
330	0.7063482999801636
331	0.8119512796401978
332	0.7134857773780823
333	0.8058590292930603
334	0.9277412295341492
335	0.7253550887107849
336	0.7599223256111145
337	0.7364835739135742
338	0.8012373447418213
339	0.8368704915046692
340	0.8729930520057678
341	0.7279075384140015
342	0.782314658164978
343	0.8151450157165527
344	0.8388626575469971
345	0.8377111554145813
346	0.7850517630577087
347	0.8432338833808899
348	0.8103406429290771
349	0.8012698888778687
350	0.7904499173164368
351	0.8443607687950134
352	0.7283322215080261
353	0.7240352630615234
354	0.7830174565315247
355	0.9356011748313904
356	0.8465756177902222
357	0.8684730529785156
358	0.859749436378479
359	0.8427938222885132
360	0.8685864210128784
361	0.8442086577415466
362	0.7627707719802856
363	0.8269312977790833
364	0.7516493797302246
365	0.7586410045623779
366	0.7986197471618652
367	0.8981773853302002
368	0.8050361275672913
369	0.8492769598960876
370	0.8783714771270752
371	0.9154081344604492
372	0.801633894443512
373	0.8086566925048828
374	0.8744470477104187
375	0.7858384251594543
376	0.7282930612564087
377	0.8281415104866028
378	0.7418262362480164
379	0.8110548257827759
380	0.8523621559143066
381	0.8721372485160828
382	0.8490825295448303
383	0.9350841045379639
384	0.8346273303031921
385	0.8569543361663818
386	0.7316833734512329
387	0.8306170701980591
388	0.7414513230323792
389	0.7269498705863953
390	0.847421407699585
391	0.8453759551048279
392	0.8467026948928833
393	0.7915003895759583
394	0.7931599617004395
395	0.9046069979667664
396	0.7518453001976013
397	0.8473212718963623
398	0.7962020039558411
399	0.7266008853912354
400	0.7556999921798706
401	0.9102022051811218
402	0.827517569065094
403	0.799709677696228
404	0.8144100308418274
405	0.8568007946014404
406	0.9401184916496277
407	0.848911702632904
408	0.9111651182174683
409	0.8420698046684265
410	0.7563365697860718
411	0.7891401648521423
412	0.867752730846405
413	0.760302722454071
414	0.7566860318183899
415	0.7984408140182495
416	0.7967615723609924
417	0.6699446439743042
418	0.7833957076072693
419	0.7229249477386475
420	0.8011921048164368
421	0.810197114944458
422	0.8629892468452454
423	0.7850516438484192
424	0.8343839049339294
425	0.8297463059425354
426	0.7376473546028137
427	0.8012105226516724
428	0.8348076343536377
429	0.821962296962738
430	0.8749811053276062
431	0.7633588314056396
432	0.8746412992477417
433	0.8471822738647461
434	0.8818225264549255
435	0.8230779767036438
436	0.77373868227005
437	0.8188905119895935
438	0.8153014183044434
439	0.8854870796203613
440	0.8335715532302856
441	0.7528722286224365
442	0.8308418989181519
443	0.7045069932937622
444	0.7166659235954285
445	0.7774574160575867
446	0.8557185530662537
447	0.8160359263420105
448	0.890065610408783
449	0.7176583409309387
450	0.8158302307128906
451	0.8366612792015076
452	0.8397312760353088
453	0.7717307209968567
454	0.701270341873169
455	0.9269299507141113
456	0.722134530544281
457	0.7767196297645569
458	0.832936704158783
459	0.6728411912918091
460	0.818510115146637
461	0.7354540228843689
462	0.7260292172431946
463	0.6957566738128662
464	0.7505583167076111
465	0.7486680150032043
466	0.7880035042762756
467	0.7775850892066956
468	0.7919895052909851
469	0.778820276260376
470	0.7093339562416077
471	0.7323181629180908
472	0.79770827293396
473	0.8336172103881836
474	0.7468776702880859
475	0.8720221519470215
476	0.7332780957221985
477	0.7548723816871643
478	0.802375078201294
479	0.7213892936706543
480	0.7795300483703613
481	0.7911621928215027
482	0.8697698712348938
483	0.8207510709762573
484	0.9231733083724976
485	0.7197380065917969
486	0.690144419670105
487	0.814923107624054
488	0.8153080344200134
489	0.9125398993492126
490	0.7611303925514221
491	0.8551270365715027
492	0.833240807056427
493	0.8832433819770813
494	0.8522979021072388
495	0.719754159450531
496	0.8464866280555725
497	0.8620778918266296
498	0.8275989294052124
499	0.7594315409660339
