0 5.409737927092048
1 5.68827959924381
2 6.5699268729244995
3 5.448232556648623
4 7.062904923161743
5 5.233270603232284
6 6.640245686498694
7 6.201417586627249
8 7.3988759215894015
9 5.989750546593958
10 4.79434500646224
11 5.397824964286948
12 7.772587995478448
13 7.551387326322222
14 5.968871415080535
15 7.445585721817492
16 7.301866927700604
17 6.184594078762488
18 7.956713195488617
19 5.593149970923928
20 7.320334246557227
21 6.52483983421268
22 7.357859801640351
23 8.018537322046964
24 6.121322047732028
25 8.002893587409401
26 7.134545761758916
27 4.735138017907794
28 6.117953676549496
29 4.700083140761848
30 4.999896782366359
31 6.7904819124236235
32 6.349645098486477
33 7.937958892986665
34 6.21550096483097
35 7.4451905773724825
36 7.1284968888450795
37 8.431485302817949
38 6.688765648690268
39 6.265442678075361
40 7.805078296034882
41 7.264163734658917
42 7.686490975812601
43 7.89168563969838
44 8.547165443464095
45 8.984161922350614
46 8.582826915506445
47 7.743623769254396
48 7.971670375680849
49 9.573932168213467
50 8.63071845866611
51 8.299084476575793
52 9.554571923550041
53 8.330544485215185
54 9.26648068161484
55 9.753020451476257
56 9.487116286259173
57 9.77273876897053
58 7.324838722468809
59 7.252585053344173
60 8.981043704982712
61 10.250966383281007
62 8.753813269332552
63 9.661851966998206
64 7.520299929246634
65 9.729658307329823
66 8.946244566166415
67 8.807658130614469
68 10.124501711085502
69 6.6322612234339084
70 4.900459559902282
71 4.374556923841847
72 5.86890693434858
73 4.49281577402991
74 4.6487569096925325
75 4.45150286505057
76 4.3387821250491525
77 4.231050178487076
78 4.684493399738965
79 4.414333940135242
80 4.461851759941003
81 4.421454950648367
82 4.225756726524966
83 4.179584290220283
84 4.129450070887528
85 5.698670467956147
86 6.7526621866760435
87 6.252003891620808
88 6.259067347677222
89 5.780243688734367
90 4.280047718153769
91 4.387861223437829
92 4.70891462491483
93 4.407616379093266
94 6.728767882783312
95 8.630383268956077
96 7.026857645178265
97 7.505957943964003
98 6.4094688354901415
99 5.890185651437821
100 5.364053613015678
101 4.567194160737709
102 4.377770571719538
103 4.467734863304523
104 4.3979853438053125
105 4.423332165115405
106 4.449854626707098
107 4.458517707906404
108 4.301620829444811
109 6.859714417816404
110 4.692019198667341
111 3.837276896717152
112 4.946274996043675
113 4.339263198898251
114 4.435189063739352
115 3.8190321959270848
116 3.872234370806739
117 3.6833935547935535
118 3.90025076075278
119 4.2759488722377155
120 4.089375053425837
121 4.07649500066644
122 4.053580013885625
123 7.415371489011811
124 7.489799834131089
125 8.118870813924419
126 8.209974458844489
127 9.27391357459073
128 9.799250290366873
129 8.426525997398178
130 9.44114204277146
131 8.172841648360382
132 8.41422052852522
133 9.947641009549818
134 7.622158680365452
135 8.038955100423008
136 8.126924662267713
137 9.968678103707951
138 10.064557359143398
139 9.560261372537283
140 8.802457879699102
141 7.991547783436686
142 7.797269790397491
143 8.420494362365028
144 9.496303576520306
145 4.2764898788735675
146 4.392720722532802
147 4.268370196707177
148 4.274767397151919
149 4.31662736685991
150 4.408420293697042
151 4.482026790495213
152 4.23527803751844
153 3.9943739433316017
154 4.215629672896803
155 4.398676144747804
156 6.524633072789256
157 4.020055625249477
158 4.744858109159635
159 4.301913021676531
160 4.050789802269035
161 4.172183294286134
162 4.3738022508047365
163 4.62611457282486
164 4.128418844753093
165 4.0837829367688565
166 4.345857023897571
167 4.539384235084951
168 4.395037612154962
169 4.468003692735981
170 4.1351666601630965
171 4.306401587039116
172 6.815732508281701
173 5.959641526871141
174 4.077846516169514
175 4.74542234613029
176 7.3683247383137855
177 7.588494809324141
178 4.791112259546732
179 4.490055928304291
180 4.441223874349146
181 4.576125242212571
182 9.263093706687673
183 4.6686231048571
184 4.5834267024053545
185 4.260408458529238
186 3.727509328934913
187 7.36621685524703
188 4.253799484881422
189 5.802349888220837
190 5.846725406146188
191 6.471660760078356
192 6.3792583788460835
193 5.557489364340971
194 4.236296425112859
195 5.319108436115125
196 7.6648078858224995
197 7.521010367679652
198 6.105931310971383
199 6.036780793552518
200 5.931313269202426
201 7.277484699223913
202 5.107112404683363
203 4.1113130940830604
204 4.3812269402136454
205 4.199080996793445
206 4.439343106981026
207 9.800027490425986
208 4.7408363810539225
209 4.047627302878021
210 5.039802650897256
211 4.977795799657038
212 4.2912283369379995
213 4.40821792379318
214 4.468234497353761
215 4.301498783063656
216 4.07874105344944
217 4.144430992096492
218 4.6615075525351735
219 4.62388060755852
220 4.560441519646894
221 4.372262925959871
222 4.731145176936929
223 4.6529897666229285
224 4.731511864667864
225 4.306224743716701
226 4.444815765291234
227 5.669280810415641
228 7.073663465008566
229 4.909718194303161
230 8.155797949503139
231 4.605110852726243
232 5.5017342211990625
233 4.315500848417616
234 6.032772359498168
235 8.040384506441683
236 7.323168192327375
237 5.140425077198676
238 4.750860820731312
239 8.998298013299312
240 9.334643142209025
241 5.597942685956016
242 5.301133534892317
243 7.0803631161316645
244 7.763177844039366
245 10.966883813461758
246 8.725381743329635
247 8.364855882490986
248 7.568103322625411
249 8.257599430189607
250 9.607475666570558
251 6.464040148183852
252 8.207116286747176
253 7.552323534646333
254 8.764559273626391
255 7.0441053671845095
256 7.640116155294662
257 7.949663187587319
258 8.415284986096154
259 8.285811255958743
260 7.304931512453822
261 9.604417018661668
262 8.8054173871931
263 5.82676615308205
264 8.132753523306945
265 8.244487646478827
266 4.573276830619233
267 5.422918858413151
268 6.472728063333587
269 5.02090080680195
270 6.4244247534445895
271 6.686781181794543
272 5.375867858060977
273 7.866357322015162
274 7.884836755391033
275 7.153142568973755
276 6.731217089954826
277 7.036318163393864
278 8.894595069900666
279 6.244752893561119
280 8.538412750234244
281 8.477782931725395
282 7.334381913446607
283 8.75246814959707
284 7.739302163231398
285 5.476504029194417
286 4.932774284312652
287 5.763565533181016
288 4.864388632743216
289 4.124617069822354
290 5.297651755401082
291 7.691993929018672
292 7.6935034245597445
293 9.52067469607371
294 5.618727333794111
295 6.230673968216151
296 5.077159307727597
297 6.808836462500973
298 6.554153671189003
299 5.111842853254248
300 4.373079644272422
301 6.275390825753858
302 5.085244523812731
303 5.349642357682677
304 5.429819383939124
305 7.501019756361413
306 6.4234462455362875
307 6.776961559408291
308 4.405007255811267
309 5.636418204611766
310 6.3411955889989695
311 6.283435257130514
312 5.411409751373723
313 5.293035261177448
314 5.237198382956941
315 7.120612581734585
316 6.939701103607266
317 5.698135700797631
318 6.120959920787627
319 7.085654756611869
320 7.261382628708546
321 5.468167706201965
322 6.5358838839593885
323 7.081623030555254
324 6.958154692869801
325 6.2967477424978044
326 8.801185608990565
327 6.424860646053368
328 5.480858689335242
329 5.178259486050469
330 6.036031670546039
331 7.466417285451064
332 6.211551443569039
333 4.988423847326171
334 6.63049897468878
335 5.297233780777568
336 6.569460618337227
337 5.131778429376321
338 5.016978713165741
339 7.516842538963135
340 5.935835128795679
341 5.077627537586348
342 4.532265748701744
343 3.7938724465414353
344 5.164822669335358
345 4.981865146173352
346 5.897558130469353
347 8.046200937885326
348 6.703698341725887
349 5.091933864033168
350 5.170804016863242
351 5.408803362781359
352 6.444263289009884
353 6.250843238916328
354 4.350258717783097
355 4.6211412024220175
356 7.910713936197323
357 7.194702834793083
358 6.529880921558438
359 9.102159245417516
360 4.808951782861824
361 5.247603913348836
362 5.399730042150033
363 7.213223806532512
364 6.553668368743799
365 4.232855259119305
366 6.961608312736145
367 6.732075793032585
368 6.381850180419643
369 8.303832058784916
370 7.127184307365964
371 7.511419940036235
372 6.25464825967121
373 4.798178156582109
374 5.832539664992179
375 4.907446747837022
376 9.49170215576562
377 8.635101433011636
378 5.285702256825411
379 6.276868963509298
380 4.217722567944859
381 7.228743574362228
382 8.663989709493118
383 10.469413249417443
384 7.834892717174556
385 8.064576394117797
386 8.196638735923367
387 7.023913061777371
388 6.550604671494816
389 6.528554879681648
390 5.971428338271775
391 6.7173520977846595
392 5.291599254056629
393 5.599500620654676
394 8.68708997373594
395 4.459418932726812
396 6.849323258242157
397 6.859450031620468
398 6.623274317953408
399 7.478195412936737
400 4.888224404868978
401 6.89028502552599
402 5.989347638193751
403 6.171352482795242
404 5.367763748248234
405 7.564861428764266
406 7.848817027376664
407 8.675440338357065
408 8.465885006136656
409 7.16934450179948
410 7.575278752423048
411 4.223251792665368
412 4.7446386583870455
413 6.669087430354772
414 4.487119807094455
415 4.503201926242072
416 4.76347630754518
417 4.440181592327692
418 4.617058554718765
419 5.65262965114315
420 4.369804202265385
421 4.639752091663359
422 4.8202726504838065
423 4.635761402407593
424 4.734941036606612
425 4.61533586819284
426 4.5490865433027405
427 6.174804159912165
428 4.041528489562772
429 7.248999160306559
430 7.0608576361292315
431 4.354503704825833
432 4.622816726700171
433 4.299801458133001
434 4.785681262935709
435 5.582194279501584
436 4.5721919554224195
437 6.193848080633585
438 4.8600266534392995
439 4.016577285474725
440 6.0603588588643404
441 4.464301513594673
442 5.84696306893553
443 4.554806840411029
444 4.304322571477838
445 4.607938866247939
446 5.308687954088796
447 4.318060023059619
448 4.779224179352414
449 6.8332586388761305
450 5.877681740890652
451 4.619694802789053
452 4.832541495521203
453 4.902986332640145
454 9.906267220783313
455 8.427729073424194
456 8.197881875987406
457 8.669934335335814
458 8.666273652061868
459 9.083300579082897
460 8.062994055589684
461 8.950451079860601
462 6.927781757003645
463 8.709281391772482
464 8.415373435365074
465 7.825938213963964
466 9.771548720030978
467 8.511745175255468
468 9.617501504909457
469 8.398196575686246
470 9.542531433289554
471 7.240652611115387
472 9.897978336560097
473 11.75865985042457
474 10.437567539400247
475 8.924997080593773
476 9.66893960820754
477 10.319134662251942
478 9.09064223482739
479 8.876192000435697
480 8.081257710371089
481 7.51515269484392
482 12.670282169628184
483 12.580947962917822
484 12.088730239375497
485 13.383685645374571
486 12.210044766993416
487 11.411328443330175
488 10.895037647295448
489 8.827590749174977
490 9.309603930714195
491 10.170228247268751
492 8.437004294491324
493 9.162660947807245
494 11.35523142983158
495 9.498395203925826
496 8.362553895095191
497 7.9606756458060595
498 11.290632733541065
499 8.686828621915666
