0 11.384998213182474
1 10.775318910041454
2 11.30207216738976
3 11.046844200056686
4 10.462090391586807
5 10.538480435298396
6 11.510368236700897
7 11.003880618291198
8 11.049107384412151
9 11.066584768722894
10 10.889940472624055
11 10.356207638092602
12 8.126300096079742
13 7.503725442413151
14 10.602095184251732
15 10.680072265241177
16 10.039935371066724
17 9.168830865702594
18 10.081395702829177
19 11.828717162602798
20 12.272719963892476
21 9.839024448540158
22 10.170648414944363
23 9.667129870007717
24 10.576836743374672
25 9.15254871143354
26 10.730958804326582
27 10.772845939269908
28 11.265093481568824
29 11.675387390230528
30 10.996174393991915
31 9.937111711009333
32 10.406450848454005
33 10.713117529063302
34 12.805929248864283
35 12.871261256958494
36 12.966887375101354
37 11.272704198295848
38 11.318824944719191
39 10.364494647079983
40 10.071681697892329
41 10.679247934875566
42 7.699668411597759
43 10.673095699160307
44 11.169786215094954
45 10.808947913838027
46 10.57967519109118
47 10.122220080913639
48 11.25983864097008
49 10.348645584161764
50 10.04636509665001
51 10.761676696494147
52 10.901451032813092
53 10.608729252254914
54 10.418827460781701
55 10.711147246493315
56 10.828477408668011
57 11.387163373489301
58 10.722163627534657
59 8.986819112576384
60 9.166385028588431
61 8.106006244148626
62 8.042337027635025
63 10.8394937379399
64 10.520927003575448
65 10.193382950845818
66 9.978899823371522
67 10.232526946376385
68 10.322962925063413
69 9.168558397457522
70 9.656937257086351
71 9.233391951168633
72 9.406544838881178
73 8.817686084556378
74 9.471734198426105
75 9.070767349282889
76 7.975917195065349
77 9.08131212393636
78 8.983547492776523
79 9.48286469314761
80 8.540513098868985
81 7.664592071401324
82 8.874458834041196
83 8.238177681641698
84 9.857336942302357
85 8.854956197046143
86 11.06022112541295
87 11.699254914206689
88 12.180594692229864
89 11.512335705022872
90 12.309377874512412
91 12.183400021698409
92 12.136968875197912
93 11.856069040073207
94 11.608976407672964
95 11.467037234336786
96 12.759238938606314
97 12.308389712234323
98 12.511925343002657
99 10.124582421943638
100 9.824665221778906
101 11.158667394389527
102 11.511052336867122
103 10.08561862155773
104 9.5349177009576
105 10.42017514627707
106 10.453733303849479
107 11.303366261569186
108 10.597233773756546
109 10.275801950528033
110 9.281904953906151
111 9.315675930789133
112 9.546084138468183
113 8.481996495645847
114 9.212459194935816
115 10.846558217310852
116 10.61800609469438
117 10.323055063247264
118 11.248445205446401
119 9.699885467346753
120 10.753086511511398
121 8.834121984999298
122 7.749409507993466
123 10.237336133149789
124 9.898220596144977
125 11.077566856826122
126 9.218000288707401
127 10.51544833289035
128 10.786210895588962
129 10.78310265965707
130 10.203978501500552
131 9.43610191529205
132 9.9321104058606
133 10.732121272214988
134 7.079011109862743
135 6.577563658525536
136 9.740693467497772
137 9.404587480150335
138 9.961711702369941
139 8.92993811707012
140 7.501508938935628
141 7.561744216328559
142 10.977365422166185
143 10.239661359316111
144 9.199146529438748
145 8.853645001011992
146 7.399034345329706
147 7.795319637070504
148 9.745992992792008
149 7.414976508153426
150 9.905833786284333
151 9.535212765993299
152 7.9926188918332235
153 8.722723255069006
154 8.094569434612284
155 9.815928804026345
156 9.000029535029874
157 10.236473706676499
158 9.288874912958553
159 9.895665663979235
160 10.115351705136861
161 10.86161680454079
162 11.978301267447875
163 11.55088302823115
164 9.858639869107986
165 10.125927134399966
166 10.807133380032361
167 10.46081517728764
168 9.210609216606265
169 9.06568254045349
170 10.427081492080958
171 10.203925591894482
172 7.894660134190578
173 8.438188457149357
174 10.15887731038378
175 9.258059544428614
176 5.941630920812026
177 9.35023534359243
178 6.452567170958984
179 8.06002970105305
180 9.324990152074113
181 10.411950487367418
182 9.069802891149731
183 9.492662418642164
184 9.264483287046074
185 9.430818980578008
186 9.108143878330806
187 7.145894402108624
188 9.866144219040208
189 9.516662858042146
190 10.082891986138192
191 10.802227442976005
192 9.038786062461234
193 9.129446878197577
194 8.56042253399907
195 8.455250754442279
196 6.8171335898877095
197 6.204928836992499
198 12.414213552764076
199 10.813837166382566
200 11.355240454765802
201 10.51052872217702
202 7.747681841074122
203 10.663945943801988
204 11.082637979258992
205 12.432725271980805
206 10.834181826382787
207 11.932709614911708
208 12.613498642809718
209 11.233085184665088
210 7.730840677112267
211 7.7889904231909615
212 10.17683230005934
213 8.979429160968142
214 8.602966727208294
215 8.501310003892412
216 10.170666116885956
217 9.342978035420241
218 7.818538200268225
219 8.715465550457365
220 10.912395480897443
221 10.124247005335798
222 7.6803671075474105
223 8.515859283256994
224 9.28632043271611
225 10.220929936620196
226 9.559999285678785
227 10.01009323786434
228 10.774342171145536
229 10.708676713449679
230 9.701756064509318
231 8.831504150071677
232 9.140950335377076
233 9.587218487415615
234 10.436419097799915
235 11.067257332158395
236 10.648118041794982
237 9.996985689045324
238 10.861382166900887
239 7.496701957726923
240 6.954780672225964
241 10.823636607360083
242 10.484760687217896
243 9.752374708719689
244 9.931098149482985
245 8.538306563759198
246 5.976402627266571
247 8.231912427034372
248 6.5942125881986
249 9.877358652273529
250 10.581043502038888
251 8.622934248143265
252 9.074280178796846
253 8.199915199424918
254 10.735264351909663
255 10.36077456545662
256 8.8284982663015
257 11.27321481233482
258 10.906502947299192
259 10.29083144831517
260 9.956782145185405
261 10.824763376315696
262 11.417291395421708
263 9.710594871297559
264 10.522328352803456
265 10.754743532516697
266 10.334564158535807
267 11.391376524932545
268 10.431359331408158
269 9.998862970462673
270 10.263193359545918
271 10.815025956854491
272 10.366935634068673
273 10.417409143967724
274 9.474015707296006
275 8.154420179135123
276 10.524951207386067
277 11.307769022335735
278 10.648096266639518
279 10.303701630455693
280 10.278947440733829
281 10.343780686497425
282 10.912875785708906
283 10.357959337239489
284 10.275949608814303
285 10.60140435429732
286 10.552766803204367
287 11.222586483126245
288 10.519293368172884
289 10.898688747065778
290 11.271404116473333
291 10.491943036855336
292 8.040604929381935
293 8.60495464562621
294 9.535200888343937
295 11.031528718391066
296 10.085609688159789
297 10.18160182476769
298 10.547342755995576
299 9.938256816196976
300 10.022027556793725
301 10.032108238321147
302 10.077141595283768
303 10.649616523221892
304 10.72822280403014
305 10.089018525604427
306 9.467901664714985
307 10.091248818455389
308 10.521272766214386
309 9.391190137449252
310 9.399271990738988
311 8.485612628299295
312 9.125693882379863
313 7.340214680935238
314 6.6600052773597005
315 7.785324253743996
316 7.69823777671124
317 7.950557964684176
318 7.855598815033343
319 9.918107186456393
320 10.204659502521347
321 10.6611667839563
322 11.32145829605999
323 10.332848047394755
324 11.498360171927368
325 11.410883939234175
326 12.521358118045846
327 12.114473749723844
328 11.822285494123236
329 12.809125130007509
330 12.69730914513593
331 12.251611274919835
332 12.697861088570326
333 9.625176517034024
334 9.262177275712201
335 10.633622085959395
336 10.125012220862114
337 10.648861288756407
338 10.317042713950457
339 9.636494948269075
340 10.05357337000647
341 9.96927343541463
342 9.19176562152246
343 7.8408392652912235
344 7.4263243360364415
345 9.6698248311549
346 9.21085872399009
347 9.980143711844367
348 10.457484220576395
349 10.420460239979219
350 11.153108835965515
351 11.641587985278047
352 11.6021931017228
353 11.654045693102365
354 12.820796366888347
355 11.083778619460219
356 12.876866978490039
357 12.365966317775936
358 11.942611347426064
359 12.368406654027567
360 11.24240549125811
361 12.539226959595196
362 11.647845756766712
363 13.064624211295914
364 12.888211092881132
365 12.185060940249087
366 11.688127566287662
367 11.9171859039044
368 10.132251123541556
369 10.310697171230384
370 10.749121557828285
371 10.210455837463533
372 10.42153783226164
373 9.357635497600944
374 9.594424175182393
375 10.83775317317566
376 10.778030600191208
377 10.982218406554207
378 11.369543288751968
379 9.745619870438425
380 10.00991703143486
381 11.004300264256944
382 9.578905154962195
383 8.595951436378103
384 7.285719828462503
385 10.576846602372003
386 9.433406242058641
387 9.766878965408136
388 7.677238339856853
389 9.93864910390408
390 7.316214361499121
391 8.348207758848709
392 8.09450810959095
393 9.985190423315196
394 9.032716397589517
395 7.26158566319528
396 8.006896563617405
397 11.725156868428746
398 11.35718562970211
399 11.069342065526447
400 11.92171616182681
401 10.99390039404138
402 10.84509829212132
403 11.511928507604683
404 11.4092149511161
405 11.341555322182634
406 6.437995373505932
407 9.257400514713888
408 9.011999425364664
409 6.822673692584542
410 7.089911233527655
411 7.843173118584826
412 6.479358155419732
413 11.181751118829954
414 11.623062184637787
415 12.103221444893657
416 11.675423792169262
417 12.131735096820972
418 12.40730271113619
419 11.428124880769984
420 10.068664942785256
421 10.149786535730623
422 10.553123558940051
423 11.31859424661125
424 11.061303431367028
425 10.408173398464736
426 10.679382079261647
427 10.052623825271734
428 9.256907778138006
429 10.411566149913584
430 10.289150602499818
431 9.196788389983467
432 10.518389463291077
433 10.549355507870246
434 9.41895850897171
435 10.424621642407107
436 8.177515087377898
437 6.282232837904696
438 9.67643412352066
439 8.112574238271412
440 7.900244262574217
441 7.43675856059719
442 4.050139936117934
443 4.0213729155277935
444 4.068618214480689
445 3.638283543239592
446 4.036674212727583
447 6.195799867199552
448 8.989341340955466
449 10.358558569026014
450 8.405256077722074
451 10.632907578996575
452 9.683561842661934
453 9.406645009861938
454 9.88888212465454
455 8.406509499978617
456 8.054626935811788
457 8.256731753977961
458 8.587527563323437
459 8.840042455511465
460 9.62211317600994
461 11.076620784507671
462 9.70372738124435
463 10.407132705676307
464 10.822114543313253
465 10.902613396347654
466 10.885880617590153
467 10.577314988714997
468 10.713156346971893
469 10.305034312534323
470 10.88974784322526
471 10.8200836716448
472 9.86918565493948
473 11.217559313335201
474 11.648484706125783
475 12.139894624383452
476 12.069204341818367
477 12.084606713586922
478 11.006052508155468
479 12.755806849366234
480 11.414038241421407
481 12.924242867109603
482 12.56626895366601
483 10.161374346908953
484 9.718615650035636
485 9.48893706305255
486 9.960862538774586
487 8.253926409903277
488 9.111064153260852
489 8.835535943495621
490 9.71707712656076
491 7.632846156193305
492 7.325103899260166
493 7.599064480828663
494 10.276146805576
495 9.822835470828792
496 8.088293166211876
497 10.526932364869294
498 9.182193228165797
499 10.344941368683948
