0 3.6357644136484595
1 4.145528375849063
2 3.8605088002219867
3 3.9141259759424156
4 3.7980881905302826
5 3.6892674817220117
6 3.9213512648836617
7 3.8150997771462265
8 3.750295180138828
9 3.9393486419448767
10 4.0262650626522705
11 3.608641843481857
12 6.884821756578028
13 3.8177125232793605
14 4.3025154539229105
15 3.663874558157252
16 3.5499431300371427
17 4.063729501270931
18 3.8710790162385917
19 4.226275814482362
20 4.401386722058138
21 3.799491424567699
22 3.8427110499772414
23 3.814279761205071
24 3.7408708362850702
25 3.8736347732375203
26 3.7493027455656307
27 3.6667373211975813
28 3.618030598908055
29 4.040507349520504
30 3.7841747231633898
31 3.7981419121271416
32 5.120353825854802
33 3.7813700920815703
34 3.845870651187276
35 3.6102652852511574
36 3.7445780925069774
37 4.129271481804946
38 3.8746101743337635
39 3.716072451125079
40 6.716085200443557
41 8.568846941920183
42 7.306583447027235
43 10.102365252479093
44 8.96968059483717
45 8.669362611597096
46 8.709282118457848
47 6.831335067712432
48 5.274914615704633
49 4.070287706294419
50 3.6992195478482968
51 3.7413233769429315
52 3.961911774537396
53 3.5677473067402343
54 3.8067604195584175
55 3.8836182572526905
56 3.6194469245497896
57 3.4249385014675613
58 4.469277421430764
59 4.92447261636775
60 3.828920876460269
61 3.8422186272207406
62 3.9853433553424673
63 4.458134747820084
64 3.9209859226628536
65 3.7059643142601604
66 3.6469542271661797
67 3.9427205303177444
68 4.056551980956216
69 4.881111940663725
70 3.850295458097427
71 3.751139430960112
72 3.7500516989399135
73 3.8729688340182964
74 3.577506898649531
75 3.5092292453892426
76 4.155008576143076
77 3.616294469975468
78 4.126173523035532
79 4.30993355637531
80 4.0124064027237525
81 4.37352582111312
82 3.692190522194238
83 5.73017110320756
84 3.720892221411633
85 3.7822487578677184
86 4.408148908069707
87 3.1421530942920093
88 3.5407018488800186
89 3.9229908037063983
90 3.856833376742014
91 6.381087763413049
92 3.9141160029447826
93 4.109960637662226
94 4.4846299679457085
95 3.724613580228768
96 3.475320264978844
97 3.4649494499932385
98 3.94879276846377
99 3.478833786354343
100 4.0642777446124665
101 3.7596811323463135
102 3.447609244637607
103 3.536646850059427
104 3.6426770635180574
105 3.8316544114929325
106 3.622114840093893
107 3.6981006114629875
108 3.8198355778652955
109 3.33085991113191
110 4.0427798215143005
111 7.223490279563925
112 5.880769955479583
113 7.704660360868692
114 5.8452174830926475
115 5.249356012037575
116 6.195934665737597
117 3.5621609788341533
118 7.068859945546891
119 9.195351249005453
120 6.701509799038593
121 7.462644105931659
122 7.963912913520398
123 6.819896318480912
124 8.275387503312277
125 7.620201895581161
126 6.842356576530166
127 8.717113366159014
128 6.840977336933292
129 7.242945372773526
130 7.22958235741295
131 5.6706655868046205
132 6.794763133615515
133 6.813080476136052
134 6.436383160973637
135 6.109639346933615
136 4.882556227799353
137 3.4070816421348264
138 4.185379977367251
139 3.826200838052355
140 6.377858566203626
141 5.993113408382146
142 6.790028947006511
143 5.660562986142475
144 6.33920108479852
145 8.047695480665537
146 8.67353950410401
147 8.446403226410116
148 6.719525027313252
149 6.604265632404978
150 7.214419544621633
151 7.933057462966546
152 6.157191226077045
153 6.285961975940105
154 7.030946145458011
155 6.566229408096067
156 8.23427239514807
157 3.9440855533519996
158 5.269451951479673
159 6.982994030855472
160 7.824939090290603
161 7.38472165076316
162 6.836518710138049
163 6.84246250886138
164 7.347390349592817
165 3.7590659073692803
166 4.087534994779475
167 4.059647489120115
168 3.5107879726120017
169 3.873910310968552
170 3.690584507265833
171 3.580283272970095
172 4.942765592320746
173 3.850377010913804
174 3.801828148985822
175 4.606249979349399
176 4.19320146168167
177 3.3828525614324745
178 3.6327252237631322
179 3.45697753685012
180 4.024897577915429
181 3.813610507917188
182 3.7101005581523494
183 3.7870126334307668
184 3.660674285329541
185 3.6653131969667347
186 3.760161673049197
187 3.7231244378147985
188 3.8957122200065344
189 3.617664116888082
190 3.75806513492717
191 3.7441896909263592
192 3.6855339456161222
193 4.029971841361612
194 3.5182690151156226
195 3.498844490665539
196 3.805234904116331
197 3.7543338375752024
198 3.740035131405219
199 3.94889174717759
200 3.633224509591933
201 3.675709831793105
202 3.852601829209184
203 3.8932542819008114
204 3.4456345527106915
205 3.818997916880374
206 3.7872241072721544
207 3.583564622973959
208 3.691036336046126
209 3.748749251915078
210 3.797259529887167
211 3.7911930127171973
212 3.6470931541697236
213 3.6503159409446098
214 3.991122522644526
215 3.556951659221281
216 3.9707705690460426
217 3.795205198136768
218 3.9334992451580586
219 4.7501628486734555
220 4.042070540832526
221 3.5293505687455067
222 3.576853954259325
223 4.181631178827433
224 3.6572826437777963
225 3.7124484465883216
226 3.5930623515749645
227 3.812158744385624
228 3.599597314186992
229 3.60595279834295
230 3.6010653512077666
231 3.584234681579826
232 3.6883018995265506
233 3.625315545088791
234 3.671021562424538
235 3.7743534908732697
236 3.7456191851541742
237 3.60480810191986
238 3.769208635002272
239 3.7711142631697934
240 3.7613042601501996
241 3.5618184005682454
242 3.7986193723446444
243 3.368413509567684
244 3.8452171143839355
245 3.4394073812873325
246 3.4753320206754594
247 3.578203711766419
248 3.8004649952217675
249 3.8410700085062777
250 3.868577959658041
251 3.670963636042354
252 3.6224815921236044
253 3.387324710298323
254 4.036505508661281
255 4.856225926708251
256 3.5975392058989972
257 3.4510629756331195
258 6.471350670034079
259 3.2385131313760636
260 7.1358913126726815
261 5.770975386338794
262 8.131813768653933
263 5.788978342448976
264 7.277677961076938
265 7.450673617460077
266 9.263163842928103
267 7.51284010540178
268 8.306039846126453
269 8.234312445899404
270 6.51205994700761
271 5.324500740465266
272 4.990720301628762
273 3.0286867436750677
274 3.5129788079740654
275 6.689817969988328
276 6.329762529206519
277 7.196367139155368
278 8.180525844624636
279 6.50559802679484
280 5.7410081178077075
281 6.968116227285471
282 8.016578896780224
283 3.8858717259826197
284 6.965827244231134
285 4.743995969385768
286 9.021212577684304
287 8.50716742928384
288 7.929139752343872
289 8.394835698191628
290 7.212990884133622
291 4.862966152072189
292 4.068774802186276
293 3.7164713601038293
294 3.242838535229707
295 3.650242572265841
296 3.608357783648123
297 4.084979515445292
298 5.655778618108056
299 3.5002999416370955
300 7.426630963983353
301 3.810640163347709
302 3.8547593810052154
303 3.838549881349008
304 3.720609708711226
305 3.5853808352444214
306 3.5815308872998552
307 3.733204761018894
308 3.6560930118122505
309 3.94518415293793
310 3.9352175476571247
311 3.38930799980648
312 3.6449152923427293
313 3.93232876598543
314 3.9906598460809173
315 3.777960803704844
316 3.6479549349771534
317 4.224406976601394
318 4.157012086922939
319 3.561761888074719
320 3.9398143254988423
321 3.7043344605394206
322 3.3837530401229614
323 3.676064503601426
324 3.593556178726111
325 3.7105514905087276
326 3.892643870688426
327 3.745971504336448
328 3.4716497214612
329 3.6059529375198602
330 3.923703808361821
331 3.6976372848337813
332 3.746501027505833
333 3.7660824844278977
334 3.7320656089132878
335 3.956452293588758
336 3.376925839463719
337 3.678994537811438
338 3.8016561627350285
339 3.5720475802808345
340 3.9261747181840345
341 3.812561912236654
342 3.3346526084888537
343 3.5649203194083423
344 4.841027624141772
345 3.349457135997475
346 3.913625890225391
347 3.6537158796266502
348 3.510504207251716
349 3.9671491175911973
350 3.851177770829356
351 5.8287016416674025
352 3.961881730797494
353 3.873378158510594
354 3.687119943016341
355 4.361824076133212
356 3.783049310643271
357 4.085773329674429
358 3.500702947766317
359 3.2581528460981284
360 3.4450172506694923
361 5.9409048842702274
362 3.7796132696117684
363 4.142988114532081
364 3.9873751194030036
365 3.894759194199405
366 3.6530733401239672
367 3.4265150091705125
368 3.7935341894099412
369 3.91969262481408
370 3.667405556806917
371 3.75072915785545
372 3.715115682317679
373 3.472415891161518
374 3.6081236704482027
375 3.748541696374042
376 3.682909277968893
377 3.565760805462182
378 3.419782183278102
379 3.7517017450871992
380 3.602560018874995
381 3.3794389793239463
382 3.8168045754305053
383 3.4283680514148855
384 3.72318455794546
385 3.8052138449077373
386 3.687788650031457
387 3.5412235734874113
388 4.196775379137744
389 3.9237979307483934
390 6.094899761513079
391 3.945412448254504
392 3.8803605869804447
393 4.3761307979588295
394 3.6618009387690993
395 5.123949278989285
396 3.8200553720018187
397 4.052402541616226
398 3.834549652771309
399 3.8750210669975647
400 5.068423741311916
401 4.023314944162545
402 4.186145418394298
403 3.7937209402399885
404 4.6664339820040235
405 3.597060882672421
406 5.538743138703294
407 3.7988141937248616
408 6.6428639157195635
409 5.222527323166362
410 7.275761801931416
411 3.9589572682153698
412 7.0586549948786335
413 7.428296828613058
414 3.940213386155505
415 5.1666378019629775
416 3.760701822444498
417 4.460517279739039
418 3.5312386688062496
419 3.4960092086296086
420 3.8140710807079925
421 4.613959772354973
422 3.73483301076153
423 3.52657593363702
424 3.949024754988328
425 3.335920767076459
426 3.801014171155439
427 3.9587084376839474
428 4.0325045960940455
429 5.883972112318725
430 3.5356093657398615
431 3.3676670941568876
432 3.839441465768941
433 3.3934953801134475
434 4.042932421509676
435 6.269055991671812
436 5.983188176140029
437 8.564997513002627
438 6.333840741325953
439 6.556383620393892
440 5.318316242127042
441 3.676570071070557
442 9.46301032072283
443 7.588183999706535
444 6.387908977194742
445 7.341331277275925
446 3.853575843202699
447 3.854172420461235
448 3.756548474684314
449 3.8159986709937237
450 3.5361323090134547
451 3.3348049110990625
452 3.9538065670472204
453 6.363811618674992
454 4.1531028155477445
455 3.7508724759643255
456 3.8103788509754772
457 3.7276817838281664
458 3.5327875208538946
459 3.665110634385941
460 3.690409341003382
461 3.4697915389389715
462 5.58220214360839
463 3.6921443200252493
464 3.6190456137948
465 3.525624999572093
466 3.7188603188422245
467 3.6335068300515148
468 3.8985017897533005
469 3.659395365320642
470 4.040233895537361
471 3.410632778773496
472 3.823415698311358
473 3.978516732388987
474 3.577444517084024
475 3.503463092126434
476 3.5961340634877366
477 3.559805684745171
478 3.8615374884776794
479 3.5571281111511692
480 3.659480339590661
481 3.8332723813417706
482 3.398250497924997
483 5.627345550282717
484 3.6913159356168443
485 3.5321134605812574
486 5.040458443097713
487 3.5142002981001275
488 3.6911240400635403
489 3.5578157112026787
490 3.3783005150183727
491 3.6689748425061857
492 3.7339302756058355
493 3.245355829265638
494 3.905956057877367
495 5.0067333202033035
496 3.453799034851504
497 3.6810498151109226
498 3.7667133220559914
499 3.573865874217771
