0 6.265459181393324
1 7.204428794926699
2 5.814526606095056
3 7.527708279410504
4 6.161479759280461
5 6.030607270178147
6 5.007267601068092
7 5.204331591114299
8 4.975836291609413
9 6.255197514008534
10 7.3998873511945735
11 7.491009243190343
12 7.173311639669274
13 6.99124196347942
14 6.233612349521984
15 5.647753547410165
16 7.673273877263098
17 7.521384176708427
18 6.027691066496299
19 6.826602202446593
20 6.8591235786391795
21 6.970583563671418
22 7.611926851584023
23 8.192741066142094
24 6.773470707653215
25 7.0845208573520955
26 6.872276364610795
27 7.0829390874833935
28 7.096898036394824
29 7.133958029731127
30 8.100151390916702
31 8.4288356817368
32 7.548673385049342
33 7.669053156153077
34 5.925721229181213
35 4.699366463685826
36 4.902465654838035
37 5.410051258439638
38 5.621188251561336
39 5.152946893340368
40 7.125966961967986
41 7.986392238611754
42 6.4114069025937495
43 6.499315048811148
44 6.664349955866353
45 6.117637255542158
46 6.9999584073124135
47 6.620034508198581
48 5.450762954374727
49 4.976070200047014
50 6.99646669326896
51 5.307006858242269
52 7.609867704904333
53 6.32212900577849
54 4.783720390793393
55 4.798512866245102
56 5.103376931548735
57 4.70312855507076
58 5.871126015545108
59 6.532113444678284
60 6.730543880322926
61 7.662213398667149
62 7.518099013454528
63 6.396211704171888
64 6.451351166560482
65 4.673331509196975
66 7.7531671317727335
67 7.2174346264872025
68 6.25741462085016
69 8.173431976382643
70 7.0956933867741006
71 6.692642332879727
72 7.763639547228051
73 7.753852140904274
74 7.084079855409183
75 7.001093163963684
76 7.346552776347502
77 6.7179585458191475
78 7.064823196533202
79 7.916779112068798
80 5.288518890077538
81 5.931001847028476
82 6.478111683701026
83 7.309038592746649
84 6.082298547361678
85 7.042406652997999
86 6.226951517781136
87 6.019264678962959
88 6.809761851632349
89 6.303252277352074
90 6.942640083666175
91 6.595137909572081
92 6.455425231531516
93 5.6869349270765595
94 9.150975345612615
95 8.942317622287867
96 8.293985006747237
97 5.994027524899983
98 6.246858371183961
99 7.105883507769116
100 5.947985095630401
101 4.82552762275683
102 6.705710570684774
103 6.3794728674146715
104 5.7219450152103954
105 7.106445646688675
106 5.079416435799588
107 5.353036224105695
108 5.246399408363322
109 4.887688192090026
110 5.123715441452022
111 5.139143771322106
112 6.489786512820562
113 7.310378218787829
114 7.927056647479417
115 5.041196715802218
116 4.841014588194091
117 5.745518277473031
118 7.215830483248385
119 9.3137348014922
120 8.677719847145166
121 7.358687024882313
122 4.235407049695713
123 4.180008490958594
124 4.434677371430749
125 4.6493158735576685
126 4.52337728056745
127 4.542978151037341
128 4.596560237235335
129 4.386347397763005
130 4.158228623850518
131 4.315752385426017
132 4.2789034589595705
133 4.544910415789338
134 4.796403235444419
135 4.8397924215913815
136 4.407179523407643
137 4.226276854152038
138 4.512432916325792
139 4.494574383342589
140 5.903313744991622
141 4.702093693261434
142 4.767287393210352
143 4.632999872330872
144 3.9788969728756522
145 4.120044600197676
146 4.442003738763193
147 7.7359256100041245
148 7.72712824641072
149 6.685578006114859
150 8.698982989157756
151 7.756581829657975
152 6.398091847099748
153 4.445888292811881
154 4.495321825420362
155 4.425382192617079
156 6.1363210965804385
157 3.894134504703769
158 6.0154508410991765
159 4.818295853277475
160 8.445686884789323
161 4.653829214375434
162 4.43293897697268
163 4.121009434471954
164 3.9447487105089896
165 7.572362265269819
166 3.7374301751334813
167 4.032069530506085
168 4.512376234603718
169 4.29638325701096
170 4.083321588936151
171 4.66557160725097
172 4.322357254782753
173 4.266554396610431
174 4.091855339155177
175 5.974621603206741
176 4.31571371584999
177 4.489112185251021
178 4.485058688483124
179 7.271758405701815
180 4.082433052043575
181 4.514404326425099
182 4.5247228377813205
183 6.013643971200678
184 7.20610149756836
185 3.789037338123503
186 4.820988419712014
187 5.658683464914716
188 6.9835421897255126
189 4.554302179139886
190 4.249122282679606
191 4.636851797741358
192 3.924651347843919
193 4.380607270066988
194 4.629006570280875
195 8.334559178902346
196 4.072306618342083
197 7.43331558470966
198 4.622995954238399
199 4.2855868740839025
200 4.155702293179729
201 4.581821144272609
202 7.411065059457801
203 4.357536819770629
204 4.591882698225384
205 4.574707679211453
206 3.6806830332012592
207 4.122446747493557
208 4.581291680417336
209 4.008135937453316
210 3.9253912646888747
211 4.3892782305468545
212 5.296910504123231
213 4.763952491346186
214 4.665844231046041
215 4.140115494306178
216 7.664189346528797
217 3.8624845345186216
218 3.685175869251953
219 4.8803001128164505
220 4.312822262970471
221 4.136880886226458
222 4.3889004702217695
223 4.043031597781691
224 6.171271312470726
225 4.430477729559583
226 6.712261304136183
227 4.71354982005217
228 4.253157294121812
229 4.221646589623032
230 3.4514171979233246
231 4.717965545695569
232 4.320128514008028
233 4.713519183326045
234 5.543143811490039
235 4.763445930045503
236 4.158680514963397
237 4.720540917454512
238 3.926112771476522
239 4.592228305831673
240 4.702287582215197
241 3.8005190599451706
242 6.5266205485380455
243 4.216837050613215
244 4.889807909038802
245 5.830453828330182
246 4.620813541734842
247 4.595881292828094
248 5.883155674577906
249 5.868755926932191
250 4.7572839357029215
251 5.168038011268357
252 4.29186245301688
253 4.302565612370679
254 4.692894004610441
255 4.4049156966256415
256 4.786236885397568
257 4.580227076768162
258 4.676072779689472
259 3.6927820994460308
260 6.640419484081935
261 4.660415992144247
262 5.232165297870862
263 4.469581858688282
264 4.692312040520689
265 4.06633161245451
266 7.842874711793923
267 4.442085833171289
268 3.9641454489790746
269 4.102143256920794
270 5.175536914819965
271 4.458142002127082
272 4.503557438405372
273 4.396374123070011
274 5.90145085694385
275 4.637621852599895
276 3.826245109876288
277 8.832644693414416
278 7.6863879456908935
279 5.828229717093012
280 4.095959905412513
281 3.7429949977176626
282 4.4690479422717555
283 6.81321638308091
284 4.335102807262027
285 4.5983502581335385
286 4.372784728727249
287 4.053749559168057
288 4.367806943923997
289 4.464715259968007
290 4.318392813134763
291 4.886076989096494
292 4.498287804350212
293 4.0841215142867116
294 4.433987236133588
295 6.053036049386941
296 4.784212537692568
297 4.647026922170887
298 4.440767102715847
299 6.2733809101065
300 4.641666577181399
301 4.503723318984228
302 4.601560659652774
303 4.214207846701248
304 4.427925427252204
305 4.01817621455399
306 4.537463421688846
307 4.019709837698539
308 6.64115251219807
309 8.09300794920966
310 7.336189173190643
311 5.872236015313493
312 7.286735918298133
313 7.920747491956044
314 4.730771785999263
315 7.313554284198595
316 4.595001153695063
317 4.6053545967911145
318 4.832742545944596
319 4.334711967191455
320 4.4213334343459625
321 4.473430600495206
322 4.37432742599569
323 4.70234396210141
324 9.582936654640699
325 7.573570066399142
326 8.59378061955941
327 7.826091683965608
328 6.98826779033535
329 8.783750664580852
330 8.167326070624569
331 7.51692497074664
332 7.296877876164302
333 8.233583792203865
334 5.835419626510129
335 7.729036323472805
336 7.596304273211109
337 7.609210164187392
338 9.145790430728281
339 7.803747364257583
340 8.034878384821468
341 6.801418044836831
342 7.296899418589995
343 8.104086646450277
344 8.164626690858594
345 8.67791369867096
346 8.339671971238124
347 8.473653568640959
348 9.7647027849679
349 8.549526767943485
350 7.810801663198014
351 7.304776364015961
352 7.040398386285924
353 7.524481344844888
354 7.681105219942304
355 8.400715543817018
356 7.157525903344565
357 8.604199613270263
358 8.240838675252672
359 7.996596338651217
360 7.7133231301946905
361 8.109379016057458
362 8.784493849855822
363 8.778949490310367
364 7.67948894157366
365 8.463775802521853
366 8.330598630854698
367 8.57758145728481
368 6.455219758958014
369 4.798686068770775
370 4.370974309587111
371 4.261128997755403
372 7.15080627854614
373 8.514334632309707
374 8.300357520520791
375 9.679735533780018
376 8.971504583002542
377 8.464304972668948
378 7.277819075760314
379 9.189742725345036
380 10.357561755325257
381 8.753343831032193
382 10.541454157480613
383 9.784230921161296
384 9.651597558862617
385 10.864412653447923
386 10.129398752222757
387 11.3059130479445
388 10.776597340214519
389 10.244379372950885
390 10.198349376907565
391 10.981506654929795
392 9.403829034727204
393 7.86671394641297
394 6.03956877366403
395 8.994970932171436
396 10.561910211721113
397 10.838344036897059
398 8.977359923189864
399 10.689719002982955
400 11.219769416837352
401 11.079948784712316
402 9.26385594525997
403 8.675895754102013
404 9.746951341013707
405 9.793067287087535
406 9.495676605044942
407 10.203979427492857
408 10.524249924136429
409 10.782028417251832
410 9.466539367612684
411 9.382157652783757
412 10.800314554577055
413 11.125173343951323
414 9.260258878595867
415 9.577478110819298
416 10.16282016480062
417 10.044890742782686
418 9.417788889730387
419 10.653460265511452
420 10.648476536983635
421 10.182025623482641
422 9.287987027794788
423 9.08188430243761
424 11.499954117541028
425 10.138652638056126
426 8.878208755560308
427 9.150516744439537
428 9.597509805602286
429 9.887820222544113
430 9.154982058096516
431 10.5190958577693
432 10.250878442734761
433 10.608246696492664
434 11.323051337542196
435 10.58159327469305
436 9.881174772481758
437 11.108037082174876
438 9.78638973941646
439 9.449592282050865
440 9.948064213459709
441 10.730073123159691
442 9.559610442378325
443 9.023633127976444
444 8.77646843187759
445 11.245669479216675
446 9.913563655774247
447 9.064237679020124
448 8.936276023592283
449 9.017092047330504
450 9.028756847908372
451 8.327884494186293
452 10.132832021674256
453 8.190037635704146
454 9.196304036905643
455 9.591985752955578
456 8.23504843877638
457 9.048596711841135
458 8.941737180166253
459 9.722057275770293
460 10.482064868984455
461 9.69221114352624
462 9.108939588227583
463 10.716228173294024
464 9.511898899333838
465 8.487232316455245
466 8.950118546510186
467 10.35085438425791
468 8.197076028142154
469 8.617023794087528
470 9.269342793096413
471 8.324760608402503
472 9.158208883617382
473 11.12898830233791
474 10.076793204915367
475 10.761246009677823
476 11.09669164641325
477 10.367978142679704
478 10.183247906176716
479 9.57789815292143
480 9.762738485714458
481 8.781758224406609
482 11.491379606346026
483 10.222500212459005
484 9.957874227059072
485 10.803055201964966
486 10.512614479197318
487 9.81599810813636
488 9.505604630224711
489 10.497315332979214
490 10.128199451752604
491 10.743217669094747
492 9.917703470837859
493 9.03662384157459
494 10.369962226894323
495 11.214472215045356
496 10.11037812618767
497 11.532959123123218
498 11.468908735863671
499 10.927082493087324
