#Frame    total[bond] total[angle]   total[dih] total[vdw14] total[elec14]   total[vdw]  total[elec] total[total]
       1     367.0945    1373.4132    1400.4182     347.2779     6582.9153    -804.1127   -8814.2218     452.7847
       2     351.4038    1396.0128    1368.9656     337.3395     6569.9491    -812.4502   -8723.2463     487.9744
       3     380.3463    1401.5460    1401.7863     357.2003     6575.7004    -788.2839   -8734.1482     594.1472
       4     401.8386    1413.3118    1404.9883     355.1397     6560.8299    -806.2419   -8744.6828     585.1837
       5     374.1872    1412.8909    1390.5620     366.7930     6602.1237    -799.7254   -8808.7642     538.0671
       6     394.9662    1413.1394    1427.4913     360.9975     6563.7594    -820.8810   -8784.5514     554.9215
       7     375.0964    1432.3217    1423.3010     353.0882     6599.4553    -826.9088   -8825.6428     530.7110
       8     382.1407    1399.8729    1403.5637     342.6026     6572.1207    -807.1614   -8812.5173     480.6219
       9     385.1658    1384.7048    1380.3896     355.5866     6613.0434    -832.4304   -8793.2894     493.1705
      10     377.1321    1393.1882    1375.9518     356.4200     6619.3279    -797.0671   -8815.3096     509.6433
      11     375.7818    1399.3082    1406.5745     365.2683     6623.5884    -782.8407   -8897.9118     489.7687
      12     394.8572    1431.0355    1386.1585     354.2183     6544.9067    -815.8841   -8783.6564     511.6357
      13     343.2941    1399.0398    1385.3841     362.2146     6594.9676    -829.9100   -8772.9960     481.9942
      14     359.6949    1439.6709    1388.1408     350.6667     6573.6588    -825.8387   -8739.2872     546.7062
      15     387.6823    1471.4573    1386.5704     344.9117     6625.2597    -807.7716   -8887.0061     521.1037
      16     364.3924    1415.0763    1390.0980     352.5460     6569.7060    -801.3181   -8793.9317     496.5688
      17     382.6972    1406.5253    1377.2886     348.1188     6609.0955    -795.1050   -8886.6187     442.0018
      18     365.3781    1443.9086    1375.3147     352.7713     6594.2836    -806.3118   -8817.0292     508.3153
      19     383.5487    1410.9794    1380.9770     350.8999     6585.8152    -803.4083   -8958.7196     350.0924
      20     369.5373    1403.7745    1367.8286     357.6780     6597.8539    -808.8598   -8948.1443     339.6681
      21     359.1174    1452.6756    1388.1911     340.1565     6518.5797    -809.3414   -8817.3117     432.0672
      22     381.6531    1383.4837    1378.0163     359.6185     6605.4970    -806.1380   -8847.3854     454.7453
      23     384.8480    1393.2266    1392.7443     344.5469     6570.6391    -774.4179   -8842.2416     469.3455
      24     386.9471    1420.8608    1387.8247     359.0557     6607.4505    -795.4038   -8939.3933     427.3418
      25     391.0142    1454.3159    1387.6445     357.3339     6601.5057    -801.9426   -8894.1803     495.6913
      26     403.3278    1378.7980    1394.5296     352.5323     6576.3960    -809.4010   -8800.7488     495.4339
      27     360.1883    1456.4484    1368.0086     354.5180     6564.5770    -817.2659   -8844.8643     441.6101
      28     382.1255    1416.7760    1374.1394     343.0142     6576.2686    -792.4436   -8812.9020     486.9782
      29     376.2322    1383.9906    1393.9144     352.2963     6558.3402    -801.9170   -8855.1531     407.7036
      30     388.9048    1398.6685    1376.7623     367.2075     6594.6390    -795.7063   -8944.4303     386.0454
      31     369.3194    1402.0062    1404.4052     364.6342     6596.2178    -799.6745   -8949.9107     386.9976
      32     367.9115    1381.5711    1379.2934     361.8377     6609.2978    -792.6531   -8954.3081     352.9503
      33     395.9415    1403.4066    1361.8863     356.6591     6606.3787    -808.1989   -8958.7294     357.3438
      34     397.1953    1405.1572    1413.6240     348.2663     6602.2295    -804.7499   -8985.7510     375.9713
      35     374.5753    1402.5777    1374.2493     341.8990     6550.9782    -775.7796   -8887.0982     381.4018
      36     382.7668    1423.4375    1424.2808     347.6636     6605.3737    -776.3398   -8982.3370     424.8457
      37     400.9255    1403.0839    1403.2203     347.7810     6592.6151    -814.4566   -8919.6235     413.5457
      38     364.7969    1382.7698    1410.5893     352.3666     6604.0237    -811.9494   -8948.8832     353.7137
      39     378.5866    1387.3925    1384.6195     344.1672     6607.0219    -810.3946   -8955.0556     336.3375
      40     367.3265    1412.5998    1398.1039     350.4046     6579.5313    -814.8988   -8886.6946     406.3727
      41     395.1746    1390.0284    1387.3900     344.2881     6579.3662    -813.5406   -8870.8764     411.8303
      42     402.6793    1405.3664    1385.9658     335.9412     6580.4948    -794.3459   -8923.3736     392.7280
      43     398.1614    1405.4467    1389.2660     360.6584     6590.0420    -820.5689   -8927.6863     395.3191
      44     365.8639    1420.1562    1354.4113     363.1844     6582.7284    -796.5099   -8889.6734     400.1609
      45     392.9744    1412.7372    1371.9293     363.3030     6620.3794    -816.4058   -8906.0445     438.8729
      46     366.2758    1416.2191    1411.9232     350.3498     6570.0115    -819.5151   -8852.5314     442.7330
      47     365.8223    1416.2860    1361.1752     347.7683     6581.1614    -780.4389   -8838.8411     452.9332
      48     377.0300    1388.8886    1384.4876     370.1526     6637.5736    -811.1494   -8933.4313     413.5516
      49     360.5737    1415.3517    1378.6491     357.5549     6619.9041    -826.2213   -8793.0996     512.7126
      50     387.9804    1411.3121    1376.0976     353.2576     6593.7083    -827.4753   -8767.3842     527.4966
      51     360.7144    1394.5133    1394.2006     361.4789     6618.4375    -809.9545   -8832.0556     487.3346
      52     374.3950    1408.8926    1385.9763     363.5224     6569.4144    -820.9994   -8836.4224     444.7788
      53     377.2589    1395.2749    1363.9415     362.2673     6592.9549    -814.5067   -8876.0579     401.1328
      54     373.7607    1400.1910    1392.6365     367.4767     6634.7493    -807.6938   -8902.2049     458.9156
      55     396.6467    1383.6998    1412.1456     362.7061     6595.8535    -825.7724   -8986.5147     338.7646
      56     377.0332    1405.5238    1381.9090     359.9730     6614.1874    -830.7868   -8853.7639     454.0756
      57     363.0415    1417.6815    1376.7383     347.3957     6607.7398    -814.3606   -8881.8086     416.4277
      58     394.4197    1425.3631    1386.5628     354.3406     6594.5107    -803.1343   -8842.5197     509.5430
      59     382.4633    1426.0876    1367.5582     352.8343     6566.0612    -813.2477   -8769.4236     512.3334
      60     398.9605    1395.3069    1393.5495     350.6794     6593.4967    -805.1174   -8854.0274     472.8482
      61     364.8530    1374.4581    1390.0851     361.9980     6604.9125    -810.8502   -8996.8103     288.6463
      62     403.0132    1394.4174    1378.1213     340.1231     6572.6295    -817.7581   -8811.3050     459.2414
      63     380.7721    1402.6581    1380.3589     369.1629     6610.9095    -821.4402   -9037.8487     284.5727
      64     389.4196    1404.2549    1385.7584     367.8038     6650.6564    -817.8052   -8928.2350     451.8528
      65     362.8448    1402.0994    1381.5109     352.2592     6585.9790    -828.1589   -8876.9144     379.6200
      66     384.5092    1390.1310    1393.4787     364.2784     6575.7276    -810.1396   -8810.5044     487.4808
      67     397.7956    1385.2245    1359.6884     351.4026     6616.5562    -825.8466   -8867.2192     417.6015
      68     375.5306    1419.4158    1392.3005     356.8839     6584.0146    -783.6205   -8804.2458     540.2791
      69     376.8890    1461.3031    1406.2791     349.3912     6601.1098    -811.2545   -8860.4939     523.2239
      70     403.8435    1406.5818    1393.1359     356.7514     6579.8471    -814.5984   -8822.6367     502.9247
      71     403.9435    1396.4650    1386.1892     351.6169     6589.0662    -803.5412   -8813.9623     509.7774
      72     380.1657    1381.0282    1381.7816     357.3669     6563.1632    -800.3251   -8857.3086     405.8718
      73     394.9426    1402.8992    1385.4240     345.5426     6592.4390    -804.9916   -8780.5832     535.6727
      74     378.6606    1397.0775    1374.0031     343.3210     6554.7426    -813.4525   -8820.0718     414.2805
      75     402.8596    1430.0025    1343.9714     351.4807     6604.2960    -824.1263   -8816.8708     491.6132
      76     358.4915    1408.2238    1364.0643     360.7355     6568.3235    -784.2959   -8840.3740     435.1686
      77     376.3253    1419.7408    1357.7868     352.7416     6561.7348    -797.5428   -8803.4866     467.2999
      78     374.0434    1456.7987    1381.0435     352.8442     6611.1639    -800.1509   -8864.7081     511.0348
      79     420.6082    1374.1091    1382.5145     364.1773     6557.6099    -813.1910   -8768.1635     517.6646
      80     366.9912    1377.5249    1396.5260     350.8202     6595.8592    -785.6336   -8846.2444     455.8436
      81     370.1871    1391.7518    1381.1977     352.1746     6557.2935    -796.7563   -8810.5325     445.3159
      82     371.4020    1405.2282    1380.8761     373.6918     6587.4279    -825.7815   -8892.0647     400.7798
      83     397.0271    1401.7694    1377.1419     357.3456     6619.9128    -792.8476   -8898.3600     461.9892
      84     366.2491    1387.6062    1385.1632     360.0283     6577.7005    -803.3073   -8888.3214     385.1186
      85     412.2441    1369.4664    1387.5677     360.6727     6605.5275    -820.4852   -8882.9267     432.0664
      86     399.7340    1385.4478    1383.1528     360.2957     6633.7178    -803.2657   -8853.8692     505.2132
      87     364.5671    1401.5653    1396.2139     351.0908     6616.4874    -806.0604   -8960.3293     363.5348
      88     360.5170    1416.2747    1391.5632     363.3361     6619.9221    -793.4005   -8901.8307     456.3819
      89     384.5651    1406.7631    1370.1157     368.9233     6570.3740    -809.0691   -8914.8152     376.8568
      90     368.8546    1447.7726    1390.3004     362.1617     6602.8434    -812.8292   -8915.4640     443.6394
      91     362.7314    1392.4137    1388.0490     360.3301     6579.1428    -801.1383   -8840.8169     440.7118
      92     359.2820    1388.5564    1347.3210     352.9265     6616.0381    -817.4156   -8819.9286     426.7797
      93     376.2194    1390.7131    1372.6052     364.8522     6623.4652    -801.3826   -8956.3143     370.1582
      94     409.9312    1366.6982    1392.3747     358.6900     6590.0109    -828.3155   -8877.4988     411.8906
      95     379.1553    1345.0204    1373.3612     351.7109     6615.7442    -821.4360   -8894.9939     348.5621
      96     383.4664    1373.6873    1372.1111     361.1841     6580.1137    -804.1913   -8793.1012     473.2701
      97     376.5446    1447.9663    1401.5898     352.7407     6586.8676    -809.1925   -8904.6963     451.8202
      98     377.4683    1393.2083    1386.4180     357.3534     6587.2380    -812.1760   -8923.9646     365.5455
      99     363.9282    1424.7932    1372.0314     355.7549     6557.2508    -822.2514   -8951.5872     299.9198
     100     390.4477    1422.4965    1355.7768     367.2225     6578.3042    -807.9716   -8903.8319     402.4441
     101     364.5686    1419.8775    1392.4413     359.6428     6549.2140    -829.2172   -8927.4220     329.1050
     102     337.0757    1408.7608    1385.8053     367.2606     6627.0849    -814.0734   -9012.7567     299.1570
     103     372.7036    1421.0682    1378.7187     339.1830     6608.3984    -821.2757   -8881.7847     417.0115
     104     403.9081    1393.5191    1362.1842     350.7578     6599.1930    -806.4733   -8872.5084     430.5806
     105     369.2802    1363.4902    1368.3547     357.2543     6613.2987    -823.1615   -8877.4195     371.0972
     106     364.0990    1355.3378    1387.5867     364.5148     6580.6338    -813.4035   -8811.3852     427.3834
     107     372.1456    1401.8643    1392.4197     348.8148     6631.4335    -831.2645   -9003.8608     311.5525
     108     377.3754    1404.7903    1388.5346     361.1139     6591.1523    -810.1231   -8954.9854     357.8581
     109     400.8586    1337.0796    1368.9273     352.5429     6623.8570    -817.1559   -8944.1022     322.0073
     110     376.6166    1432.8677    1355.3333     362.4493     6600.2136    -829.4689   -8875.0118     422.9998
     111     413.7288    1414.5270    1383.0011     360.2952     6611.5054    -834.2861   -8999.2578     349.5136
     112     346.0242    1395.8648    1391.0274     367.1440     6599.3395    -827.8194   -8857.9271     413.6535
     113     373.9275    1376.1300    1381.4105     359.6933     6562.8779    -802.0000   -8900.1580     351.8812
     114     376.3392    1393.5801    1371.4782     362.0776     6579.4061    -824.5324   -8923.5133     334.8355
     115     373.2003    1427.6341    1393.1018     361.9300     6574.3795    -834.3815   -8915.0083     380.8559
     116     371.9716    1426.0672    1397.5509     356.2434     6575.2945    -819.8551   -8912.4349     394.8376
     117     352.7383    1440.6803    1388.4923     343.4163     6577.8847    -827.1029   -8919.9159     356.1931
     118     370.2890    1415.1544    1386.9241     359.3169     6582.4555    -834.6003   -8917.4218     362.1178
     119     371.7160    1438.5588    1367.0552     344.4726     6549.0899    -815.1764   -8900.8826     354.8335
     120     354.9045    1381.0363    1380.1463     361.0394     6600.7758    -821.5053   -8974.0496     282.3474
     121     356.6058    1415.2780    1371.8439     364.8520     6592.4631    -823.8585   -8943.2336     333.9509
     122     382.8775    1389.3096    1390.0059     358.1821     6603.5711    -819.1669   -8866.1332     438.6460
     123     363.9828    1451.0463    1362.1869     353.2062     6591.7410    -827.9154   -8880.8286     413.4192
     124     392.8632    1433.7209    1383.7126     347.5420     6600.6290    -807.8950   -8878.8965     471.6761
     125     373.0887    1368.9064    1370.2293     361.8009     6599.8553    -826.1606   -8878.6059     369.1141
     126     370.9198    1407.0456    1372.3496     350.5199     6555.6047    -814.2082   -8825.7376     416.4938
     127     369.2250    1432.9494    1408.6599     374.0481     6610.0536    -798.6723   -8980.2470     416.0167
     128     378.5760    1406.8730    1360.4911     349.1619     6589.7298    -829.6214   -8920.5293     334.6810
     129     356.3668    1411.0528    1379.5172     354.2182     6620.4176    -820.7305   -8892.8313     408.0108
     130     386.2540    1362.2566    1379.6100     373.9854     6613.8764    -820.5427   -8898.4687     396.9710
     131     342.2511    1408.4689    1383.4190     358.0427     6599.7760    -833.7704   -8866.0135     392.1737
     132     401.3307    1422.7812    1362.6359     346.2041     6559.0643    -806.2512   -8827.0495     458.7154
     133     389.4997    1371.4507    1384.9438     361.6953     6562.7707    -807.1183   -8824.1144     439.1277
     134     377.3711    1396.7761    1400.9803     357.2032     6573.9578    -824.0072   -8864.0858     418.1953
     135     363.1304    1388.5120    1387.0968     354.3715     6625.0305    -820.7925   -8933.7049     363.6437
     136     376.5227    1427.2753    1382.2921     360.7730     6565.0566    -847.7603   -8882.9561     381.2032
     137     334.3111    1441.0432    1352.7670     356.0037     6589.8863    -823.8149   -8829.8100     420.3864
     138     381.4820    1412.7412    1378.4940     357.7304     6572.0911    -813.1952   -8831.1897     458.1538
     139     392.3300    1426.8014    1371.5220     348.5209     6545.2944    -826.9524   -8853.6463     403.8699
     140     370.8728    1403.5351    1376.7624     355.4659     6590.3389    -824.1353   -8885.8617     386.9782
     141     389.4390    1452.9264    1358.3770     340.0947     6542.9064    -833.8459   -8809.5385     440.3592
     142     392.4016    1436.2139    1390.7467     350.5841     6560.3591    -833.1283   -8872.6630     424.5141
     143     383.1316    1405.0342    1387.3557     360.7475     6566.4041    -830.4563   -8914.9811     357.2358
     144     391.6965    1371.9794    1394.6774     354.4720     6567.3662    -822.3726   -8914.4035     343.4154
     145     375.2269    1386.9156    1377.3015     365.2762     6576.0749    -812.7194   -8897.0341     371.0415
     146     384.3649    1382.8913    1352.1196     367.3031     6585.0034    -856.3430   -8804.3921     410.9471
     147     385.8925    1390.7474    1381.0604     363.5389     6596.1440    -833.0423   -8836.9331     447.4078
     148     353.0409    1417.8384    1378.4855     357.7583     6584.9052    -817.2818   -8844.5346     430.2119
     149     376.0257    1410.8929    1373.3287     345.4327     6569.3021    -819.1229   -8820.5474     435.3118
     150     360.1746    1404.8303    1366.0360     359.4293     6550.5170    -823.9056   -8888.2651     328.8165
     151     398.9179    1435.1969    1364.0745     350.4909     6541.3854    -821.3274   -8880.0422     388.6962
     152     378.2005    1420.6825    1356.9228     356.2996     6572.5790    -795.9685   -8836.7648     451.9511
     153     385.0108    1463.6377    1389.7819     355.6139     6599.6318    -832.8370   -8898.1696     462.6695
     154     390.3487    1404.7545    1348.6478     354.6576     6552.7019    -842.1050   -8864.5329     344.4725
     155     333.0086    1419.2724    1382.5040     366.4745     6610.4145    -835.1726   -8827.7046     448.7968
     156     372.7665    1388.5316    1388.8701     363.6174     6563.2628    -829.2228   -8813.4685     434.3572
     157     375.4882    1378.0394    1389.4429     362.8132     6611.6772    -814.0322   -8904.5666     398.8621
     158     378.0101    1417.9329    1386.7114     360.5368     6595.3775    -819.1247   -8917.9954     401.4487
     159     365.6928    1415.5684    1351.2488     351.0990     6609.0466    -832.1183   -8914.1917     346.3455
     160     383.3602    1402.4201    1359.3935     353.6261     6577.3511    -830.8047   -8931.6426     313.7038
     161     401.3745    1414.4598    1401.2338     351.2649     6584.0589    -847.6091   -8937.5445     367.2382
     162     396.7616    1434.1433    1358.5975     350.7698     6586.8224    -830.4677   -8895.6377     400.9892
     163     350.5038    1389.1634    1372.2022     369.1366     6629.1339    -807.7715   -9032.0468     270.3217
     164     398.1542    1392.0906    1365.6811     356.0722     6548.3956    -818.2136   -8952.4605     289.7197
     165     397.9928    1397.5214    1376.1292     345.7708     6594.1520    -824.8089   -8915.2402     371.5171
     166     378.2721    1361.6824    1350.5426     377.3662     6598.7283    -807.7763   -8975.5105     283.3047
     167     378.1847    1400.8917    1404.6160     354.7341     6613.9381    -802.1323   -8975.9399     374.2923
     168     406.0249    1364.6523    1371.8573     363.7086     6580.8252    -824.1359   -8939.9496     322.9828
     169     341.6684    1385.8717    1392.4990     355.4308     6604.1936    -829.3787   -8898.1176     352.1672
     170     377.5030    1398.7475    1391.3965     359.0598     6638.5624    -834.3859   -9073.8462     257.0371
     171     383.0004    1408.6343    1369.7854     357.5059     6619.0585    -819.8976   -8950.3452     367.7416
     172     361.5203    1379.6159    1348.8000     361.7286     6605.8932    -803.0256   -8977.7271     276.8052
     173     344.8984    1408.6241    1374.4393     362.1001     6594.2793    -820.3211   -8978.8936     285.1266
     174     367.8053    1392.5533    1364.2887     367.3315     6608.4665    -837.8990   -8889.2002     373.3462
     175     385.6716    1371.1093    1376.3983     343.2846     6599.9124    -820.7412   -8994.3328     261.3023
     176     350.0552    1394.9643    1357.0019     355.1003     6594.5496    -831.0026   -8921.0697     299.5990
     177     396.2704    1416.6748    1370.5239     372.9767     6587.1912    -808.5824   -8948.8003     386.2543
     178     394.1493    1423.1279    1374.0402     351.4777     6604.4578    -794.5045   -8884.8778     467.8706
     179     378.0275    1392.4199    1374.1133     358.5197     6583.9956    -816.7412   -8867.4430     402.8919
     180     378.0181    1418.0691    1403.0826     365.2041     6580.1620    -807.2708   -8921.3431     415.9221
     181     369.1696    1377.6398    1379.3625     356.5394     6594.7592    -808.9471   -8845.5096     423.0137
     182     374.9206    1392.5843    1405.9448     353.1871     6587.1856    -794.3143   -8889.7034     429.8046
     183     383.2402    1409.8850    1356.2797     348.2835     6570.7556    -805.8887   -8825.0812     437.4740
     184     376.2816    1402.2790    1372.1155     360.8722     6551.7249    -782.9288   -8921.9750     358.3693
     185     367.6028    1415.3991    1360.0967     348.0436     6624.9051    -799.1697   -8943.9846     372.8929
     186     344.9196    1387.4445    1377.9225     363.3532     6607.2713    -820.8586   -8946.4697     313.5828
     187     386.7595    1446.7249    1384.5435     358.1758     6632.0100    -803.4784   -8957.7154     447.0200
     188     370.2665    1383.8150    1361.3565     351.7556     6609.5558    -815.3093   -8993.7317     267.7085
     189     403.3039    1434.0090    1370.2340     347.4672     6590.6377    -797.2529   -8907.2471     441.1518
     190     402.3994    1429.1891    1369.2322     362.4049     6637.4506    -819.2606   -8936.9595     444.4560
     191     363.3364    1433.4669    1372.8457     352.0485     6664.4258    -796.7419   -9023.6696     365.7118
     192     356.4860    1423.3937    1389.2735     354.1575     6573.0672    -806.7837   -8882.3545     407.2397
     193     387.0412    1401.6032    1385.1404     359.0357     6585.0496    -778.4626   -8935.1537     404.2539
     194     363.7012    1402.0920    1378.4250     363.1247     6621.7728    -823.0093   -8940.1248     365.9816
     195     384.0739    1381.4842    1394.1783     375.3811     6633.5402    -811.6009   -8979.5466     377.5103
     196     372.1295    1394.7950    1390.8389     363.5316     6616.4177    -819.6501   -8911.7502     406.3124
     197     366.9805    1394.1449    1367.6755     368.6463     6603.5238    -797.8721   -8873.3394     429.7596
     198     386.8959    1407.3896    1382.2987     365.0685     6587.9899    -810.5337   -9009.7716     309.3373
     199     371.7097    1398.9218    1356.2333     370.1861     6616.0275    -810.7932   -8921.4926     380.7926
     200     383.3674    1363.1912    1391.3712     352.7240     6633.0495    -812.8725   -8926.1770     384.6537
     201     372.4436    1437.2816    1396.8232     354.9182     6659.2141    -813.6287   -9030.4513     376.6006
     202     359.8273    1400.9903    1388.8014     357.9603     6637.8645    -849.3654   -9019.7457     276.3329
     203     408.5256    1392.7904    1384.8672     361.7653     6628.5173    -818.8506   -8938.9916     418.6237
     204     317.0092    1377.6512    1395.8403     368.6882     6661.1815    -819.8028   -9040.8003     259.7674
     205     376.7188    1418.1367    1398.5676     364.1153     6644.2068    -796.9987   -8994.3825     410.3641
     206     387.4569    1395.8088    1388.8436     352.1570     6617.1979    -809.2297   -8962.4717     369.7628
     207     387.5264    1364.9029    1348.7603     361.5541     6608.9653    -821.0737   -8976.0269     274.6084
     208     360.3044    1392.0161    1355.7041     358.0561     6615.0732    -831.8265   -9046.0990     203.2282
     209     376.5054    1406.9661    1390.1136     364.4326     6602.6148    -811.8245   -8976.0998     352.7083
     210     382.8414    1397.3202    1372.7674     350.7136     6587.7786    -824.6518   -9003.8671     262.9023
     211     365.5298    1377.0226    1390.7586     355.8494     6644.9323    -796.2342   -9080.9473     256.9112
     212     373.2678    1416.0181    1386.7732     362.4748     6616.0754    -821.7565   -8955.5812     377.2716
     213     409.9359    1391.9055    1382.6041     344.5141     6603.1498    -816.4923   -8859.5772     456.0399
     214     380.0311    1412.9035    1382.8726     362.7390     6647.9678    -816.8020   -8963.2561     406.4559
     215     378.9754    1375.8563    1354.3448     362.8275     6616.7388    -804.2299   -8958.3405     326.1724
     216     352.9185    1414.9969    1376.3408     365.0172     6619.3250    -832.2173   -8825.1679     471.2131
     217     381.9036    1375.1309    1365.7017     360.2338     6596.3252    -797.7876   -8948.7744     332.7330
     218     364.8043    1382.5278    1378.4344     373.6422     6630.1351    -820.5500   -8817.2839     491.7099
     219     371.9295    1399.2435    1384.1996     366.9819     6609.9519    -823.3907   -8891.4605     417.4551
     220     379.0408    1416.2776    1394.5016     346.1171     6597.4072    -806.4613   -8973.3508     353.5322
     221     376.5035    1444.3226    1375.8375     351.2683     6621.5916    -808.1991   -8966.2620     395.0623
     222     365.2081    1411.4219    1379.7506     354.4224     6608.0410    -829.3672   -8975.5118     313.9651
     223     368.2805    1403.0107    1390.7038     344.1544     6602.4208    -823.2111   -8841.6374     443.7216
     224     368.2900    1405.1104    1358.0180     356.5637     6609.5377    -816.3873   -8924.6465     356.4859
     225     362.6289    1425.1029    1360.5248     362.4324     6597.1863    -820.2370   -8841.3606     446.2776
     226     372.1338    1392.1814    1366.1480     371.2588     6610.5372    -786.7400   -8932.6698     392.8495
     227     366.8140    1431.6047    1390.3331     356.4260     6612.1668    -812.8218   -8953.1668     391.3560
     228     388.5672    1392.2081    1394.4820     359.8289     6637.4516    -804.8074   -8939.6239     428.1065
     229     397.2396    1391.3474    1386.1935     356.0456     6610.7359    -806.3367   -9003.2706     331.9547
     230     386.1015    1410.0438    1378.4858     347.1254     6588.6933    -812.4366   -8865.9100     432.1033
     231     350.1673    1437.9464    1397.0258     358.6554     6644.6953    -850.2994   -8969.3698     368.8209
     232     373.1916    1419.3944    1384.1685     340.7804     6579.0325    -823.9088   -8921.9010     350.7575
     233     384.2266    1362.2365    1427.7357     357.8094     6587.9209    -821.2406   -8992.5651     306.1234
     234     374.2699    1402.4414    1382.4040     352.8467     6618.2410    -827.7926   -8956.0586     346.3517
     235     344.7407    1433.8111    1387.2923     355.7953     6622.0590    -821.4402   -8955.5135     366.7448
     236     366.5909    1395.9828    1396.1926     368.7427     6620.8939    -815.3926   -9007.3023     325.7081
     237     376.6199    1441.6635    1360.6668     354.2645     6569.0240    -817.0676   -8907.2694     377.9018
     238     395.5326    1453.4739    1392.7628     351.8732     6622.9668    -809.9972   -8936.4074     470.2047
     239     350.6621    1440.2568    1369.2798     372.0509     6597.0511    -796.9230   -8996.8143     335.5635
     240     390.0779    1402.4756    1371.6264     352.2273     6592.2040    -834.6163   -8939.1872     334.8078
     241     376.4470    1382.8729    1379.1383     354.3883     6552.8583    -819.4930   -8801.4808     424.7309
     242     369.4275    1398.9222    1366.7904     367.1403     6598.7175    -806.7209   -8921.6405     372.6365
     243     406.7784    1347.0740    1381.3928     350.5510     6569.8921    -789.3135   -8953.6294     312.7454
     244     390.1829    1408.0168    1374.8400     351.7838     6591.5862    -788.7214   -8917.9265     409.7619
     245     380.2664    1387.6233    1337.3763     358.7757     6637.4290    -788.3967   -9015.8293     297.2446
     246     394.5012    1378.5633    1412.8738     339.9794     6601.4710    -818.6401   -8965.7910     342.9576
     247     390.8037    1425.7474    1381.4508     351.8821     6612.6434    -816.7198   -9005.7234     340.0843
     248     378.5258    1394.6696    1387.0427     365.9399     6631.9432    -791.4775   -9053.1280     313.5157
     249     353.9572    1420.0568    1401.6489     355.5912     6600.7669    -799.3414   -8928.6161     404.0635
     250     380.2818    1395.3624    1391.0257     348.4666     6565.1324    -795.3340   -8919.3248     365.6102
     251     368.1860    1428.5446    1355.8629     346.4154     6554.4882    -797.5158   -8824.0763     431.9049
     252     360.1372    1403.3831    1371.8905     348.6815     6611.9179    -801.2088   -8859.9295     434.8718
     253     408.6435    1394.1701    1370.2621     346.7542     6586.7053    -788.1490   -8988.9527     329.4334
     254     376.6143    1416.2489    1359.9789     353.8388     6561.4619    -803.9334   -8880.0114     384.1981
     255     385.5936    1401.3297    1360.8691     363.4187     6628.2109    -796.4872   -8954.0273     388.9076
     256     368.7747    1401.4515    1372.6329     352.9803     6612.6025    -805.6814   -8904.8584     397.9021
     257     371.6854    1373.4848    1358.6867     361.2323     6593.0811    -786.9940   -8904.0019     367.1745
     258     404.5050    1367.8621    1359.1721     348.8356     6556.0661    -777.1247   -8848.6517     410.6646
     259     382.6508    1419.2142    1367.4322     361.0559     6547.0782    -783.4029   -8940.9690     353.0595
     260     400.7191    1429.1691    1390.4835     347.1473     6553.2559    -814.8058   -8887.0432     418.9259
     261     362.9625    1406.9553    1362.5457     350.7818     6601.1803    -796.6719   -8948.4878     339.2659
     262     379.1581    1410.5796    1361.7313     351.0586     6598.4514    -801.1332   -8993.0166     306.8292
     263     365.2581    1442.7493    1370.3241     365.8155     6600.2058    -808.3987   -8962.0972     373.8568
     264     390.8284    1387.4443    1370.1907     349.8635     6595.5951    -790.2340   -8984.3184     319.3695
     265     371.0866    1416.6682    1374.2027     350.3452     6561.6427    -819.4867   -8928.3806     326.0780
     266     372.4069    1400.1079    1370.3424     349.5725     6615.1235    -814.9854   -8937.8869     354.6807
     267     388.7681    1399.8734    1398.8379     357.3468     6591.0543    -811.7029   -8927.8311     396.3465
     268     367.5038    1404.9841    1374.9746     356.3340     6579.4901    -811.7776   -8866.5846     404.9244
     269     384.7797    1395.4831    1356.9877     367.5267     6569.0675    -797.5987   -8886.9590     389.2871
     270     369.8930    1408.8882    1404.1214     356.9124     6605.1269    -790.5191   -8934.4488     419.9739
     271     352.1321    1391.7946    1373.7041     357.3210     6578.4942    -811.6977   -8873.8531     367.8951
     272     374.6603    1425.1900    1379.6003     353.4002     6561.3741    -811.2996   -8914.1310     368.7943
     273     365.3734    1443.6841    1383.5649     354.9737     6602.7006    -827.5563   -9025.1717     297.5687
     274     378.5547    1406.9123    1367.7137     358.6756     6578.4785    -812.7355   -8905.2575     372.3418
     275     370.2058    1389.8985    1376.3806     344.4875     6584.8214    -823.5162   -8866.2121     376.0655
     276     371.5493    1434.8653    1371.4414     357.1462     6598.7221    -809.7589   -8861.6429     462.3225
     277     360.2975    1415.3806    1371.8766     355.6452     6594.5508    -813.4988   -8887.1983     397.0535
     278     381.6921    1440.6202    1384.5873     347.5315     6598.1797    -848.5162   -8858.7907     445.3040
     279     360.4080    1384.4999    1378.6113     343.5764     6589.4120    -831.2389   -8882.1292     343.1395
     280     366.0442    1418.2689    1354.2152     366.2838     6593.1374    -805.0559   -8844.4988     448.3947
     281     386.0762    1415.9192    1365.3279     370.4962     6579.9544    -825.4063   -8786.7405     505.6270
     282     380.0518    1435.8191    1395.8718     355.0635     6574.4680    -828.2344   -8879.6644     433.3755
     283     355.1453    1414.2032    1369.7859     349.3056     6595.4020    -830.3323   -8892.1486     361.3610
     284     367.3705    1400.4360    1382.6258     354.2092     6627.2231    -826.3398   -8991.4229     314.1019
     285     384.8079    1393.0003    1387.7763     343.8869     6592.3265    -822.8391   -8925.0414     353.9174
     286     388.0817    1403.2347    1387.3924     350.9818     6639.2881    -826.6568   -8979.7374     362.5845
     287     372.7505    1404.0868    1396.5226     367.8103     6634.9989    -821.6680   -8974.3210     380.1802
     288     383.5840    1389.1238    1383.8813     356.0432     6625.0995    -811.8458   -8922.8760     403.0099
     289     400.4729    1379.0750    1404.3604     347.8452     6589.3414    -817.6268   -8929.2831     374.1849
     290     366.1838    1380.5579    1387.2466     361.5579     6628.8475    -814.1054   -8944.3955     365.8928
     291     375.9118    1450.8390    1391.5026     359.0688     6594.1849    -791.3461   -8883.5907     496.5703
     292     358.3233    1446.3050    1387.5869     358.7444     6608.6421    -813.9665   -8942.9861     402.6491
     293     397.5849    1407.1734    1372.9309     352.8963     6597.7875    -818.1874   -8885.3743     424.8111
     294     373.7550    1411.3546    1355.3446     359.5329     6542.9756    -803.5147   -8860.7708     378.6772
     295     381.0651    1440.6483    1384.1611     338.6831     6593.6932    -815.7214   -8907.2655     415.2638
     296     342.6727    1422.1877    1373.7363     355.2355     6574.4007    -809.5892   -8890.6170     368.0267
     297     369.9464    1420.1674    1361.8065     372.2042     6592.3845    -823.3388   -8943.0241     350.1460
     298     367.5829    1424.4137    1359.9426     372.7302     6605.8178    -804.6431   -8871.6481     454.1961
     299     374.5371    1433.2570    1381.8171     344.4748     6551.4690    -832.0395   -8802.0305     451.4850
     300     344.8016    1419.1506    1351.7068     348.0628     6569.9557    -813.0650   -8887.9630     332.6493
     301     405.2283    1419.2808    1360.4902     356.0230     6565.4217    -809.9061   -8831.8408     464.6971
     302     367.1303    1398.0395    1393.6797     353.1097     6587.8653    -801.5393   -8967.4850     330.8003
     303     390.1869    1448.5732    1374.6393     342.5766     6551.4269    -802.7383   -8834.8368     469.8278
     304     386.7680    1416.4596    1365.3233     349.0001     6554.8425    -815.0006   -8777.1975     480.1953
     305     382.6374    1428.9373    1354.5870     361.9418     6614.0144    -830.3518   -8848.8221     462.9440
     306     359.9508    1440.4861    1378.5108     343.5082     6555.1424    -807.0018   -8924.6924     345.9042
     307     374.2098    1394.3915    1377.9305     362.8784     6605.9332    -820.8010   -8912.8846     381.6577
     308     407.1322    1411.7791    1367.3986     351.8575     6565.6734    -813.4274   -8837.3294     453.0840
     309     376.5276    1423.4065    1362.2941     344.4576     6547.2705    -806.3758   -8871.5849     375.9957
     310     376.9653    1430.6606    1355.0083     344.0602     6612.3562    -810.5495   -8900.3322     408.1689
     311     389.3086    1446.9463    1375.0686     342.6898     6612.5126    -790.2548   -8949.8297     426.4414
     312     358.3379    1411.7726    1379.6476     349.7903     6610.6084    -783.4112   -8922.5295     404.2161
     313     381.3843    1452.1038    1385.0626     347.5645     6557.4426    -813.8105   -8899.6218     410.1255
     314     369.0285    1459.7534    1372.2759     334.0143     6618.2593    -794.7107   -8927.2801     431.3405
     315     360.5902    1445.2715    1372.7930     359.9783     6595.7662    -799.4697   -8861.7740     473.1556
     316     375.7679    1424.3110    1379.2266     373.4752     6611.9649    -830.4841   -8938.2934     395.9682
     317     375.5893    1408.1020    1348.0216     343.8961     6569.6357    -809.8374   -8800.8250     434.5823
     318     381.8159    1389.6540    1365.2180     357.3604     6586.3188    -794.6787   -8890.1485     395.5399
     319     380.1795    1391.2165    1383.3646     344.7679     6595.3865    -776.9782   -8929.2646     388.6722
     320     374.6059    1423.2768    1377.9416     349.1660     6623.4417    -803.8397   -8924.8200     419.7723
     321     369.6352    1442.4816    1379.6605     351.2458     6614.1446    -829.5996   -8903.1617     424.4065
     322     398.2117    1435.6772    1365.4660     362.7413     6604.8839    -820.6741   -8907.9405     438.3655
     323     361.0812    1429.7323    1368.2436     352.7416     6590.7834    -799.0773   -8872.2302     431.2745
     324     402.0095    1421.8866    1361.6343     364.4347     6587.8330    -795.5468   -8872.2464     470.0049
     325     361.6493    1424.2804    1401.4548     347.0126     6619.9664    -811.7545   -8824.2849     518.3241
     326     335.4085    1416.5115    1406.0772     357.6222     6614.0207    -791.9134   -8889.2677     448.4590
     327     382.4405    1399.4793    1381.3510     361.8442     6617.5531    -792.4673   -8848.5773     501.6235
     328     374.0832    1389.3515    1420.2957     357.6956     6611.7729    -795.0612   -8846.1133     512.0244
     329     354.6827    1382.1224    1376.3485     364.4315     6670.2995    -817.7603   -8894.6027     435.5217
     330     398.9316    1401.6474    1350.4847     345.7955     6632.2291    -805.8742   -8887.0494     436.1648
     331     378.1807    1416.5962    1361.1917     350.2772     6561.3476    -818.8682   -8754.6791     494.0461
     332     351.0610    1385.7955    1404.5120     366.1568     6618.7458    -796.7377   -8840.2748     489.2587
     333     400.1486    1464.7900    1383.2577     347.4742     6591.4922    -801.9051   -8844.4971     540.7604
     334     364.7653    1384.9954    1361.5529     362.6336     6622.2330    -814.1249   -8844.4536     437.6018
     335     373.9473    1450.0797    1372.2753     347.3167     6626.1581    -811.9611   -8863.3121     494.5039
     336     393.3853    1405.6605    1399.6604     341.6178     6611.2663    -810.2977   -8883.4417     457.8509
     337     380.7445    1341.0342    1393.5269     351.7859     6605.5800    -812.1416   -8859.8800     400.6499
     338     354.1558    1416.3991    1391.9372     355.7335     6612.3654    -809.6950   -8913.1081     407.7880
     339     401.2285    1405.7328    1402.9481     355.7292     6604.7577    -832.1495   -8773.4754     564.7714
     340     371.6632    1371.4212    1370.4209     345.1984     6550.2773    -776.9632   -8778.7562     453.2616
     341     389.1609    1369.0236    1346.1619     349.7080     6579.7230    -799.2621   -8810.7972     423.7182
     342     392.2870    1399.2883    1359.8634     360.2248     6548.5815    -794.3816   -8773.0412     492.8223
     343     366.3049    1370.5249    1384.9447     354.6586     6585.6973    -803.0476   -8812.6536     446.4291
     344     366.8652    1389.6925    1352.8306     363.4291     6654.1733    -836.1202   -8809.4485     481.4220
     345     360.4398    1386.1736    1373.0766     361.4426     6623.0568    -781.8311   -8905.8963     416.4620
     346     357.9289    1434.2020    1356.4228     361.4176     6567.3769    -803.3802   -8918.6083     355.3596
     347     370.4543    1435.4631    1366.0614     363.9312     6619.5075    -796.8653   -8902.1903     456.3619
     348     378.8209    1369.7994    1379.7349     362.1728     6624.3914    -807.7571   -8847.9623     459.2000
     349     388.3154    1430.6077    1355.2364     348.5599     6578.5985    -803.7904   -8804.7243     492.8030
     350     395.6961    1390.9867    1383.6997     349.8702     6594.8758    -811.0173   -8834.8715     469.2396
     351     363.2091    1408.7396    1393.7455     357.9163     6578.7584    -823.0413   -8806.6751     472.6525
     352     360.6090    1365.2094    1397.4281     354.6831     6590.8443    -812.3862   -8822.8718     433.5159
     353     395.4947    1418.3529    1385.4033     351.4512     6617.7256    -818.8408   -8879.3346     470.2523
     354     401.4511    1383.2591    1390.6478     355.5849     6597.9308    -813.3407   -8886.1018     429.4312
     355     381.0343    1405.1031    1395.8710     351.9111     6566.0172    -789.1653   -8758.2869     552.4845
     356     354.6323    1412.5888    1345.7524     355.5257     6583.5746    -789.0437   -8832.7558     430.2742
     357     376.8267    1421.2865    1379.7231     353.4385     6567.5139    -807.8140   -8793.9754     496.9993
     358     363.0990    1391.0377    1378.1644     355.3378     6591.6368    -808.5208   -8878.6921     392.0628
     359     368.8452    1389.1963    1381.3122     366.3858     6633.5227    -820.0064   -8833.0839     486.1720
     360     360.7323    1377.3348    1375.8004     351.2045     6517.8299    -814.3535   -8714.8955     453.6530
     361     390.2112    1383.9636    1389.4463     357.9408     6600.1260    -817.2462   -8788.4533     515.9885
     362     371.9653    1419.4851    1352.7951     353.3034     6583.6895    -817.0864   -8788.1182     476.0338
     363     350.8607    1405.3049    1377.3701     355.2607     6606.0979    -834.2269   -8837.7275     422.9399
     364     369.2221    1401.8967    1359.8829     360.1737     6599.3232    -822.2610   -8814.8802     453.3575
     365     377.0873    1437.6511    1381.0733     366.0898     6547.4229    -800.6076   -8721.3991     587.3177
     366     350.4990    1411.1926    1384.9068     370.9551     6562.2728    -821.4337   -8767.2247     491.1678
     367     373.5198    1394.7135    1384.9546     356.6124     6579.3297    -799.9821   -8842.2314     446.9165
     368     377.9990    1398.2955    1374.5638     358.2827     6584.3510    -775.8489   -8783.0259     534.6171
     369     352.9677    1390.6446    1359.4167     348.4501     6602.7255    -810.4059   -8842.5278     401.2709
     370     377.0977    1430.8185    1345.9859     360.8917     6582.7705    -805.3780   -8795.7731     496.4132
     371     365.4392    1399.2116    1369.0498     355.5322     6598.2357    -817.4029   -8718.3329     551.7328
     372     389.3442    1381.6223    1374.9126     367.3237     6547.2703    -804.0431   -8798.4796     457.9503
     373     379.9188    1405.6550    1373.5936     354.8496     6569.0275    -798.9448   -8922.1766     361.9231
     374     388.0095    1406.8053    1365.7657     340.0543     6562.8138    -819.4650   -8828.0328     415.9507
     375     387.0209    1368.8532    1375.6087     359.8979     6558.1613    -769.5073   -8747.6005     532.4342
     376     335.6603    1458.2355    1360.6406     364.1944     6586.0662    -789.3462   -8817.9070     497.5439
     377     365.3009    1425.7764    1361.3944     359.3767     6569.2121    -800.4569   -8801.5009     479.1027
     378     392.6459    1437.5545    1412.7562     346.6244     6516.5073    -790.5302   -8722.6249     592.9332
     379     396.4744    1399.7078    1379.5806     345.3635     6542.2476    -792.3171   -8837.3352     433.7217
     380     369.5492    1405.6395    1381.1681     354.0153     6573.7231    -813.7261   -8775.8974     494.4717
     381     390.2384    1393.4000    1357.4400     358.4736     6620.5139    -796.3893   -8881.7748     441.9017
     382     405.7620    1419.9605    1382.7779     351.6685     6556.5644    -808.0034   -8821.6946     487.0353
     383     354.9361    1428.8261    1393.6039     360.8990     6588.9623    -797.2607   -8876.6172     453.3494
     384     378.1363    1402.3224    1386.9583     345.6512     6578.7287    -819.3379   -8859.5210     412.9379
     385     366.6454    1395.6985    1385.1022     355.9878     6585.3593    -816.8076   -8850.5210     421.4646
     386     373.6596    1392.6428    1368.1889     350.8312     6579.3724    -815.0291   -8869.2453     380.4204
     387     366.2355    1403.4502    1387.7778     369.0032     6592.4771    -809.7774   -8810.9988     498.1677
     388     371.2999    1366.1793    1386.9658     366.1065     6605.2749    -817.2895   -8760.5238     518.0130
     389     383.8308    1433.2059    1373.2155     347.9430     6569.3715    -821.4089   -8756.7245     529.4333
     390     346.8429    1352.1886    1374.5644     355.7206     6614.6506    -823.2186   -8792.3057     428.4426
     391     343.5201    1406.8099    1393.7000     351.7240     6592.6055    -831.2268   -8746.6920     510.4407
     392     403.1281    1405.6322    1379.2782     350.6540     6589.6060    -812.9155   -8747.9229     567.4601
     393     367.6157    1404.1333    1374.5211     356.7076     6606.4547    -825.0384   -8737.1719     547.2222
     394     357.4525    1438.8255    1346.0947     357.3179     6593.9011    -814.3391   -8769.9461     509.3065
     395     410.1887    1373.0577    1380.7354     356.3233     6585.9691    -811.2454   -8759.6118     535.4170
     396     352.3653    1420.1451    1381.6407     360.9949     6590.1762    -823.1872   -8807.3080     474.8270
     397     336.2209    1437.6153    1379.1091     363.2309     6604.6208    -818.2904   -8822.6408     479.8658
     398     365.1554    1398.7660    1353.7552     358.6873     6600.4260    -811.0949   -8748.2690     517.4260
     399     389.3378    1405.9528    1394.7277     347.5342     6599.4244    -809.4374   -8880.3864     447.1531
     400     393.5149    1440.4224    1369.4971     351.4895     6573.0475    -803.1980   -8827.9756     496.7977
     401     357.1972    1458.1585    1402.8165     356.8294     6586.0823    -804.1111   -8816.6534     540.3194
     402     380.0773    1408.9271    1402.4076     358.9003     6583.1637    -810.8695   -8829.8317     492.7748
     403     391.3068    1393.4387    1385.3670     351.5308     6579.9804    -804.9130   -8685.0663     611.6443
     404     394.7837    1422.4207    1367.7969     365.4886     6587.7489    -814.5025   -8769.6674     554.0688
     405     362.7797    1402.8665    1387.7100     358.0446     6584.4308    -785.7174   -8864.7429     445.3713
     406     364.6612    1402.0159    1394.5640     372.2386     6620.3441    -816.0713   -8880.0371     457.7155
     407     406.8400    1410.9837    1363.8114     346.3515     6641.8735    -804.4513   -8806.0857     559.3230
     408     381.0056    1414.7983    1388.5845     338.3694     6568.7234    -798.2895   -8746.1407     547.0511
     409     345.6478    1374.1107    1364.1261     357.5358     6630.2151    -814.0690   -8754.2999     503.2664
     410     334.7322    1395.0234    1365.2740     368.3236     6659.6580    -813.6620   -8822.1868     487.1625
     411     391.5988    1385.7107    1368.2868     363.2238     6591.4465    -804.9235   -8783.4391     511.9039
     412     375.6190    1429.8697    1373.0965     350.4836     6626.1840    -807.4824   -8843.2450     504.5254
     413     357.8880    1421.4435    1376.7566     357.8497     6616.5490    -782.7515   -8853.3784     494.3568
     414     385.1924    1391.9400    1379.1707     349.2499     6639.1596    -810.7453   -8910.6709     423.2962
     415     365.3061    1385.3102    1351.3274     359.0505     6622.1717    -811.9240   -8736.2684     534.9735
     416     383.0375    1416.8894    1377.0886     343.7979     6564.8209    -809.9965   -8762.3725     513.2652
     417     367.0077    1419.4061    1366.5170     361.0855     6601.5191    -811.3832   -8903.0030     401.1492
     418     387.0724    1424.9357    1392.4573     359.8276     6577.0997    -830.3615   -8796.4960     514.5351
     419     369.7321    1401.0289    1361.2821     344.6529     6582.8162    -805.3072   -8873.6425     380.5626
     420     394.4966    1445.9122    1375.5466     349.4055     6623.1051    -799.9057   -8844.7477     543.8125
     421     394.2839    1433.0358    1368.9194     352.9961     6568.6736    -815.9005   -8811.2221     490.7862
     422     355.8510    1378.1392    1385.3557     357.2865     6621.8321    -835.4109   -8889.1456     373.9081
     423     371.9628    1428.3599    1378.9050     348.9745     6597.3179    -803.9164   -8904.5681     417.0356
     424     407.3331    1384.0178    1378.1991     359.8105     6594.7128    -796.3247   -8889.5594     438.1892
     425     381.9316    1405.9473    1369.3023     366.8409     6589.5190    -818.5454   -8870.8554     424.1403
     426     384.9483    1440.7677    1366.0835     358.2604     6582.0691    -806.5261   -8835.8068     489.7961
     427     347.5705    1416.7694    1382.6966     355.9799     6610.5646    -822.5622   -8923.2315     367.7873
     428     385.2959    1425.7953    1352.7987     348.4220     6613.1801    -802.8550   -8875.2139     447.4232
     429     368.7856    1446.8708    1407.2902     342.5490     6602.0975    -826.6534   -8972.1318     368.8079
     430     380.1641    1426.1283    1381.8726     361.3846     6601.1230    -849.0818   -8908.2410     393.3498
     431     361.9771    1426.1691    1400.3686     355.4846     6592.9705    -801.7730   -8886.9239     448.2730
     432     377.1148    1366.5594    1398.7955     338.6275     6573.2980    -812.5144   -8806.3840     435.4968
     433     383.6262    1420.2860    1365.3291     354.7084     6595.3835    -810.9357   -8892.2171     416.1804
     434     375.2647    1390.4780    1391.8335     353.6975     6592.6768    -817.5489   -8888.3652     398.0364
     435     373.1559    1384.3489    1349.4780     353.4672     6578.8237    -817.2606   -8850.7575     371.2556
     436     381.4149    1424.0431    1357.0036     354.5646     6568.9792    -798.2027   -8846.8089     440.9937
     437     322.5480    1399.4466    1368.8351     354.9790     6589.0604    -797.0287   -8928.9616     308.8787
     438     391.9234    1393.5133    1355.1976     350.9849     6569.4965    -829.5469   -8841.7880     389.7808
     439     410.5493    1378.4276    1376.7824     351.2179     6565.7749    -816.7478   -8741.4870     524.5174
     440     369.8211    1401.0205    1383.4489     352.8245     6599.5532    -824.3240   -8927.3410     355.0031
     441     391.9788    1427.3032    1386.9016     362.7554     6597.0654    -796.3460   -8887.8044     481.8541
     442     420.8216    1376.9609    1385.1646     351.0902     6568.1242    -819.2716   -8738.7733     544.1167
     443     364.4986    1394.2837    1386.1156     357.8520     6597.5844    -821.2319   -8741.3654     537.7370
     444     375.4735    1399.3025    1386.6171     340.5692     6546.7468    -800.9820   -8776.9821     470.7451
     445     384.7462    1383.2728    1395.7428     354.0115     6574.1123    -797.7219   -8857.7252     436.4384
     446     356.9003    1415.6868    1373.8680     358.0458     6608.7639    -826.7894   -8843.0989     443.3765
     447     390.2617    1404.8931    1376.0521     345.0628     6611.8363    -831.2981   -8770.1385     526.6694
     448     361.3534    1398.9021    1374.5027     358.6977     6595.4998    -813.2642   -8848.6560     427.0354
     449     390.5140    1388.9500    1367.5516     356.1364     6567.1821    -810.1977   -8815.5558     444.5806
     450     360.8101    1391.5198    1380.8340     354.3805     6591.8200    -833.1070   -8858.5019     387.7554
     451     384.0999    1414.0453    1366.5658     352.4204     6572.1547    -819.5249   -8830.9056     438.8556
     452     363.5648    1380.2584    1383.2232     352.4363     6576.4112    -831.9941   -8827.0944     396.8055
     453     361.6129    1373.8604    1383.6271     360.4161     6607.3113    -809.6659   -8767.2656     509.8963
     454     400.1266    1413.1538    1398.6006     350.0385     6557.3045    -816.5978   -8855.0800     447.5463
     455     392.3619    1406.3793    1372.4111     355.4778     6563.0917    -801.4553   -8804.4788     483.7877
     456     368.6004    1397.7229    1365.7773     365.7093     6608.0222    -801.1443   -8828.1798     476.5080
     457     376.1424    1420.5526    1418.4066     341.3064     6580.6868    -805.6646   -8846.2611     485.1691
     458     384.5686    1428.0559    1369.4184     348.8100     6566.9034    -823.3575   -8824.8408     449.5581
     459     368.5887    1380.1878    1364.3315     367.7054     6589.0653    -798.2999   -8932.7915     338.7872
     460     368.5536    1397.8287    1372.3845     361.1442     6593.8822    -789.7339   -8809.7261     494.3332
     461     351.3990    1416.5204    1379.0365     344.2328     6563.4306    -808.2881   -8808.6933     437.6378
     462     377.8847    1409.9990    1395.8202     372.9815     6596.6535    -814.5089   -8811.1077     527.7223
     463     375.8068    1409.4776    1380.2892     363.5419     6579.3695    -794.4017   -8843.1290     470.9544
     464     370.5363    1444.6527    1389.4747     357.5380     6600.2624    -827.3783   -8944.7600     390.3258
     465     380.7305    1421.1298    1385.1595     342.9437     6599.1225    -837.8832   -8897.2834     393.9193
     466     364.6278    1372.1003    1365.2263     363.2912     6588.6775    -817.4146   -8896.4735     340.0351
     467     409.1138    1393.8471    1382.9380     350.3104     6611.4829    -815.0679   -8878.3391     454.2852
     468     399.3733    1413.9082    1381.4691     363.7742     6591.4100    -816.5168   -8836.4256     496.9925
     469     361.6442    1402.4354    1364.9549     371.4430     6615.5688    -805.7611   -8829.6362     480.6490
     470     366.4601    1427.1079    1394.1622     352.7636     6585.6909    -811.8755   -8896.7261     417.5832
     471     379.8589    1392.8584    1370.4812     346.9250     6606.3718    -810.0500   -8923.8631     362.5821
     472     371.3483    1436.1634    1390.0698     356.4953     6567.5138    -809.5573   -8893.5889     418.4445
     473     366.4932    1411.5441    1391.2576     350.4065     6589.2375    -800.5940   -8881.0798     427.2653
     474     377.6941    1442.9558    1399.6575     356.5890     6617.9226    -785.4325   -8940.8689     468.5178
     475     378.9923    1399.0223    1362.6866     360.1516     6603.8582    -788.8539   -8911.3301     404.5270
     476     383.2853    1425.3787    1377.1890     358.9527     6574.8033    -816.9667   -8927.0996     375.5428
     477     385.9549    1456.4824    1372.4486     354.1020     6588.0565    -795.5595   -8873.8789     487.6061
     478     397.5274    1389.7611    1363.0446     364.0999     6565.3971    -795.4500   -8838.5738     445.8064
     479     375.1064    1412.4852    1372.1244     355.4151     6603.3059    -817.5639   -8837.3502     463.5228
     480     343.4608    1360.1923    1372.1611     351.4105     6592.4053    -808.0892   -8907.3674     304.1733
     481     391.2656    1381.1689    1387.7764     352.9041     6600.8387    -783.7238   -8974.5472     355.6828
     482     368.5415    1459.2527    1390.6486     360.3194     6573.3166    -801.6172   -8915.9918     434.4698
     483     369.5688    1414.7660    1382.1021     347.1330     6583.3716    -792.8668   -8940.1882     363.8864
     484     371.1787    1444.4608    1363.5626     353.1198     6589.4682    -800.8444   -8886.6895     434.2562
     485     374.9720    1402.6845    1366.7536     352.2602     6590.7446    -836.4849   -8817.9388     432.9912
     486     386.5336    1359.5716    1375.0598     349.9438     6568.3234    -808.4580   -8906.7753     324.1989
     487     394.8617    1421.7646    1385.9377     356.1321     6605.3937    -799.1675   -8947.5752     417.3472
     488     376.1794    1439.2810    1367.4751     345.3943     6538.7871    -815.9251   -8765.1151     486.0766
     489     380.2752    1388.9162    1390.0215     349.1441     6591.4675    -818.1053   -8886.1474     395.5717
     490     377.0731    1389.0561    1367.4747     365.7290     6577.3522    -811.4232   -8815.2009     450.0609
     491     391.2833    1393.9548    1396.8390     360.2233     6617.2924    -803.4046   -8918.4837     437.7044
     492     375.2953    1328.6612    1370.5765     354.6607     6570.0767    -792.8975   -8860.4901     345.8828
     493     390.6367    1443.0240    1388.1550     348.2689     6580.7490    -809.0071   -8882.3137     459.5128
     494     363.4770    1376.7136    1401.1411     371.1968     6593.2970    -811.2488   -8862.0006     432.5762
     495     381.2174    1433.6125    1401.4234     366.3913     6623.6569    -815.7033   -8939.3622     451.2360
     496     378.8564    1355.0975    1401.0529     355.5027     6593.6989    -809.4533   -8888.2963     386.4589
     497     374.4017    1374.5872    1399.6964     362.6731     6625.7100    -804.8802   -9010.2802     321.9080
     498     340.5285    1402.7951    1380.8888     360.6981     6658.6028    -831.3103   -9010.4417     301.7612
     499     405.1007    1418.3245    1387.5118     358.4011     6595.1720    -814.4517   -8955.5899     394.4686
     500     395.7908    1399.7331    1395.2340     353.2941     6589.6024    -807.8873   -8947.0069     378.7602
