0 6.040160662141056
1 6.203315182017743
2 6.695933555375233
3 7.705833011759684
4 8.996598665499391
5 9.245989507319244
6 9.840533624775084
7 10.190010879731922
8 9.879295461747066
9 10.363793033383848
10 9.437434212576065
11 9.761078391381064
12 7.115275873923653
13 9.17908791749388
14 9.113467028959763
15 7.7123494802386965
16 6.034431308111874
17 11.458748912719697
18 8.748177655200898
19 10.153414174604128
20 9.563942338751872
21 8.373433978149146
22 10.527266762470376
23 8.634503930669137
24 3.181632972295487
25 6.3366110225860375
26 10.57311190090815
27 11.230505641961043
28 7.506255926964004
29 8.847222733252176
30 10.98320066373822
31 10.447685590715844
32 10.664499022765346
33 10.331068623113035
34 10.176149483653829
35 11.004341512692122
36 10.251519484775846
37 10.813208643547982
38 9.294602547794465
39 9.814407179887919
40 11.218183548362875
41 11.982170407295873
42 8.96888849884629
43 10.147254600808242
44 10.075095778503623
45 10.723997896324006
46 8.788432370231087
47 10.566670747300613
48 11.927660019145252
49 10.41920888177356
50 8.73878099471913
51 8.404698886608864
52 9.46675601952567
53 9.646997726531286
54 8.690616384649031
55 8.553529409774105
56 8.623052418939249
57 9.746147711770236
58 9.324023272360208
59 11.484620655790849
60 9.779663793822122
61 8.422735525093868
62 9.097670939782503
63 8.98783404847244
64 7.488276924163849
65 8.078709447972523
66 9.281405082668831
67 11.965300835838141
68 11.585727292105636
69 11.313023981068914
70 11.027831236360486
71 10.296984459874189
72 12.0304310777864
73 11.016278316756521
74 11.682860784461782
75 10.792852958770817
76 11.681161735467553
77 11.963664440337553
78 11.000877759048144
79 10.6175217003955
80 10.8398507973394
81 11.406804978508829
82 11.119950923075217
83 10.623806527117209
84 10.0790400669489
85 11.49228834886367
86 9.838563399217174
87 11.116391306725866
88 11.181133494686348
89 11.411313178981633
90 11.346888733389285
91 11.374252563456348
92 12.496613067546752
93 11.87990845555799
94 10.49377363532205
95 11.541410106844145
96 10.692253168575773
97 10.803609560738389
98 10.693351722328854
99 11.702069443397388
100 10.693714968510166
101 10.519492963724442
102 11.851427687443474
103 10.031482430162827
104 10.48433044468048
105 8.498590523990147
106 9.211755469439842
107 10.492178749145296
108 8.778794815842906
109 7.2136984805414315
110 7.552034282230226
111 9.267498658407122
112 7.785612424850039
113 9.33744479654171
114 9.001524066707521
115 8.622347891954263
116 8.545992051187625
117 8.147774657731464
118 9.239759987499829
119 7.744060684937861
120 7.611361116676798
121 8.334166825348314
122 8.62816961002635
123 7.340378182917855
124 9.269075312933793
125 8.806626101520683
126 8.938673793583224
127 9.447784010207384
128 7.3607484405418635
129 8.876115934486396
130 8.798209828325913
131 8.704261441804046
132 7.5142953295739625
133 8.659810705435005
134 8.917541505065474
135 8.852832207211332
136 9.259367938131513
137 8.203512744294073
138 7.574655837751012
139 8.743555994058664
140 8.918600263368488
141 8.919569666612832
142 6.866424598563301
143 7.681103559097255
144 8.26983443091643
145 7.6564960633233605
146 9.20055240295453
147 9.887138120462605
148 6.253005897557379
149 7.635433995232715
150 12.419161191691304
151 11.023198459245844
152 10.14933886842672
153 11.02102461438348
154 5.074963267300762
155 5.289978538583673
156 7.988824467845662
157 8.835439469339184
158 7.6452411292713585
159 7.307896848954426
160 8.238080465655235
161 9.22390505676174
162 8.190825760305337
163 9.346488027063273
164 9.27107021495628
165 9.11378042994305
166 9.34334758772237
167 9.186778369639185
168 7.349808550830972
169 7.798490934600399
170 7.329913559778986
171 8.316830443900475
172 8.692390492500495
173 8.209923776665397
174 9.35198461684845
175 9.412759996911214
176 8.54633203763445
177 11.087246447892568
178 10.893438977954863
179 11.104362521591673
180 10.205969551992277
181 10.317147393018645
182 10.662460653912172
183 11.358823768413615
184 10.690749585380706
185 11.07966048637638
186 10.351778485857091
187 9.803932634828506
188 10.234773838383893
189 9.594516163606373
190 9.92899126314082
191 10.526249907903765
192 9.808639632585656
193 10.106525841755792
194 7.149234889811787
195 8.003176323570962
196 8.292994975814313
197 7.925190603638806
198 7.260889192064828
199 8.748665892714671
200 8.800364692668637
201 7.161304871731924
202 7.468851624567368
203 10.60060721113615
204 10.461335380684789
205 10.051405195456306
206 7.825139718685682
207 10.819188149308875
208 11.087955316235563
209 10.773289148197016
210 8.95713450397861
211 9.019652230243587
212 9.14832087806257
213 8.835182334485827
214 3.681349901333632
215 5.41015294091005
216 6.51367650010818
217 4.868512552787311
218 3.5382921157044227
219 5.262794988423367
220 3.7528347720422053
221 4.516853022550787
222 11.005071706149836
223 10.011626867909905
224 10.85586836246703
225 10.238231890535657
226 7.592055921980042
227 11.150034749198202
228 9.399904460085105
229 10.35258150284025
230 10.952217155696294
231 8.986103281122688
232 10.533631302074422
233 10.123433633556322
234 8.558636546033798
235 10.04837312084624
236 10.696532910579327
237 11.409589584370654
238 11.171169480325213
239 12.099840064874089
240 11.259864817616705
241 11.689401152569246
242 10.349205640083069
243 11.748272293146947
244 8.498080938135665
245 7.377409378874978
246 8.478400256802066
247 5.963037244088391
248 7.874392476380658
249 6.406220033849771
250 6.818358649666579
251 6.873096266053139
252 6.913926900146191
253 6.21965207325635
254 5.593588309003155
255 7.244605059652683
256 6.42878671837047
257 8.950155756233363
258 9.806172872192375
259 10.083342331088875
260 10.54235170776734
261 10.241321575345014
262 10.684609350344227
263 9.640477341970495
264 9.592616617270108
265 10.464534082267118
266 10.397669904955965
267 10.017139921263151
268 8.687445417983396
269 8.594843130631267
270 9.748445499797231
271 9.878859002890515
272 10.937212170007946
273 9.90774316614597
274 10.059759573514716
275 11.617249337040203
276 10.110466593172593
277 10.96270130396757
278 10.39426950677953
279 9.043058042875115
280 7.0729068883702455
281 7.336974320410471
282 6.082823309008654
283 7.50873048745951
284 6.560582879788475
285 6.530444448365133
286 8.296493400306046
287 7.2138024256402575
288 11.575171165579325
289 10.930137900911378
290 11.263504997404885
291 11.007679799228075
292 11.662557473265744
293 12.595484938975236
294 11.680826489410535
295 7.915086282460093
296 8.350443061852323
297 8.799890900406902
298 7.551865760247807
299 8.290969022397068
300 7.615119028030089
301 5.923188253444571
302 7.06822105716837
303 8.24033380380818
304 11.958865544546354
305 11.368945517897943
306 10.130953803824218
307 10.005750347502046
308 9.654286205170367
309 9.10197568346457
310 8.507558081705021
311 9.425891062583668
312 9.035302250837981
313 9.76537815040731
314 10.146504856993156
315 10.741472749388034
316 10.303665621371952
317 10.696549207783862
318 10.771734996243906
319 9.063044884159888
320 10.130362960563819
321 10.214699215170018
322 7.971530541547171
323 8.898563184419345
324 8.853172492429497
325 8.102912755101029
326 8.994420068314618
327 8.500054591083506
328 10.960106385419357
329 11.592961404564093
330 11.850635585348103
331 12.874008513627864
332 10.076260901528507
333 12.014958191893006
334 10.522767740891485
335 11.206494325246386
336 10.784915050454366
337 10.622099804420952
338 11.497505484962176
339 10.152911666110555
340 11.041383186113329
341 11.598278813034641
342 10.400572080384075
343 9.703145097575
344 11.955343432824815
345 12.62110195535907
346 11.00027844167331
347 10.78979267409839
348 10.468663263533987
349 9.120299478069839
350 10.711406305825658
351 12.830349916563959
352 10.641485548277698
353 10.749311606912064
354 10.592600794520385
355 10.459773209109917
356 10.533629609332072
357 10.732919334453406
358 10.183656211170623
359 11.042629473862279
360 11.294169445491598
361 10.190760696437087
362 9.50222363305358
363 10.32119190776328
364 7.914214480772917
365 8.70152479665994
366 10.161488225835003
367 8.619936142390923
368 7.837387398995685
369 7.900883494200722
370 8.445166259517492
371 9.577354028729664
372 10.37491605370274
373 9.754315146846515
374 9.16484455365158
375 10.510878771212948
376 9.313226633273045
377 9.79896240594006
378 9.873390575930909
379 9.526608253205655
380 11.375819972496291
381 10.33991044415847
382 11.815007794494495
383 9.996129790702268
384 10.880651366560746
385 11.579732463008607
386 12.373013155177837
387 11.632122108265444
388 11.341941885955414
389 11.182870673858806
390 10.806984667173806
391 10.57695733965194
392 11.212705896203765
393 10.861171180455992
394 11.31983351423358
395 11.01069767867186
396 11.589090511484612
397 11.691812202961575
398 11.112603069686156
399 6.593859596589566
400 7.795803924971777
401 8.508938359214758
402 8.259819787671017
403 8.087156273844396
404 8.080766411963346
405 5.971746315101607
406 8.760730209545821
407 8.160857258371035
408 10.003166348131572
409 8.785274921185685
410 10.595897357959137
411 6.927756131725311
412 7.747692920102464
413 6.327398517346952
414 8.882140293343307
415 7.586775054603181
416 8.617287899819576
417 9.727520128143661
418 8.563842073379586
419 6.8369604867891995
420 8.846110834099152
421 8.497169475336285
422 8.437918165546538
423 4.617046985268211
424 3.84859945123657
425 5.127568212099166
426 6.414592193776059
427 11.282848241913209
428 7.133351272479016
429 8.729058767565803
430 9.448332083399247
431 9.60004954565889
432 9.174133711413049
433 8.48384758357593
434 7.562928309213201
435 9.529431312600108
436 11.178779172683132
437 10.236225858767055
438 11.05143322466449
439 10.258503854159494
440 10.49962814296766
441 11.220236018321145
442 10.322784571184311
443 12.185533371770548
444 8.9219077008732
445 9.113662923819914
446 6.265548180603684
447 7.9809843038443535
448 7.940715785730626
449 8.534048816071065
450 7.196507591298411
451 6.252114042321151
452 6.945249626398373
453 5.521869023886809
454 8.553348325590747
455 7.504046094997883
456 6.996050016912338
457 8.25254047590224
458 7.665296459352938
459 9.61667724455987
460 10.045038242022466
461 10.516988974298796
462 6.477860426929075
463 6.307435469052265
464 6.024906828347929
465 6.1731346646993375
466 5.872500143946448
467 7.189256307108977
468 4.894332845296258
469 6.6668588709040435
470 7.793849908748216
471 5.075496902564092
472 7.507655695494576
473 8.173394710862969
474 8.622828307625161
475 8.537441532331725
476 9.740695349534626
477 7.590741995796844
478 6.576977188906482
479 7.111555050197604
480 7.8948328196692525
481 8.879225671563606
482 9.834490153148005
483 8.84418411649157
484 7.459869942517162
485 6.017993839962198
486 8.663660010449926
487 7.173643320113717
488 8.965269131917479
489 8.480082388654898
490 7.231923797570555
491 5.440036905469357
492 6.615392973259779
493 5.939991753506232
494 7.114637802365426
495 7.156544126606763
496 8.794892440201009
497 8.22620392151167
498 7.748665996498419
499 6.143836935144129
