0 10.961583254406106
1 10.142727752202028
2 9.643245578247976
3 10.388925045500107
4 8.101115206895692
5 11.418061690523846
6 8.040705677695538
7 10.139061997275716
8 6.5106977153762156
9 7.913937958550688
10 7.382542039153336
11 10.691632472579258
12 7.247899677128515
13 8.113589045522977
14 6.928071540103606
15 8.415686790389664
16 9.462696217487478
17 7.094610529970223
18 9.59116495916471
19 7.002923701601087
20 11.739768140269147
21 9.329813531105977
22 9.441959633203512
23 9.697008021313305
24 10.429594357478235
25 8.591466482870551
26 8.00461728528595
27 6.562027180820347
28 10.555471391967595
29 7.679997839637152
30 6.506619787399853
31 9.497191618592709
32 8.95290138169919
33 7.781864803885431
34 9.199386047919127
35 6.815338339932795
36 7.455442321362343
37 8.615901834870474
38 7.704049553201025
39 8.658891445166118
40 9.638174031788102
41 7.215352375406734
42 8.515184521828873
43 10.727776162167473
44 7.557980335986735
45 6.019528753250785
46 5.733921468162521
47 6.491481682975184
48 7.802609222097702
49 6.053283024239219
50 7.3621451598118925
51 6.634554261827117
52 6.632915460939307
53 8.724213703216792
54 7.51929442697592
55 8.24910545495923
56 9.083805717566507
57 6.872217905413943
58 9.023703183368376
59 9.167516258676576
60 10.056935952987176
61 9.511332228278624
62 9.953633040466963
63 10.98306135172739
64 12.826009917581526
65 12.339643804179813
66 13.183700336463552
67 13.613773365099828
68 6.412913537981107
69 7.367580343997596
70 7.907980478905654
71 9.697157985083267
72 8.874067669451765
73 7.256294549517358
74 5.658031646719445
75 4.591569986257455
76 7.047003469002499
77 7.693273302670199
78 4.539593487980606
79 4.685254952188759
80 5.74247287565841
81 3.2040956291482434
82 4.468588714892345
83 4.224753931153772
84 4.21360192591795
85 3.9293423497132216
86 4.25794203939732
87 5.550760618714865
88 3.935320779256364
89 4.846890119630257
90 6.263074503089511
91 5.693621707923496
92 4.43676769000765
93 5.200196623720576
94 6.4118332335569574
95 5.44468814016459
96 4.342019273795374
97 7.192891721522438
98 8.004464934910395
99 10.763139190325143
100 12.100935619943696
101 12.48415175752976
102 9.780941519489387
103 8.104047386149798
104 5.256144252785772
105 6.791532719913774
106 8.682743175946749
107 10.79728026144065
108 8.197755023099193
109 10.42695123623087
110 5.360888731037884
111 5.185610595435733
112 7.892397221768674
113 5.814972280066596
114 8.059551859187644
115 7.281046091226281
116 9.441759817521897
117 6.851882267546349
118 9.736440650281038
119 10.714507833654235
120 8.029152290928808
121 7.199255476638489
122 10.006044292859231
123 5.6345497056124785
124 5.5814298770175705
125 4.553077225922618
126 8.039538772185008
127 5.275503419323382
128 7.897616712292102
129 6.3112364547164415
130 6.028808356967266
131 5.937177834630705
132 7.168880722258859
133 6.631980032661311
134 6.163849276260992
135 9.043254125322779
136 6.554719949968031
137 6.826531446859039
138 8.148332362894703
139 6.038121902954743
140 8.672834574271683
141 6.280966284189999
142 7.44900364605391
143 8.72662682985933
144 6.178010852071043
145 5.861867468498711
146 7.838657364684485
147 9.558548482285417
148 9.147892039526013
149 8.70795921095995
150 11.301443280788055
151 9.974332708173005
152 9.628031974668666
153 7.518503615009228
154 9.63778845693376
155 8.691901974228744
156 9.537358480804224
157 9.40211928521166
158 7.774534311762515
159 7.322604160346258
160 9.875846855648883
161 9.541038214613575
162 9.800554536847969
163 9.944591945338482
164 9.394363514312868
165 9.546300269663405
166 9.317081086480542
167 6.7246882621661435
168 8.310389894648422
169 8.26763663207564
170 9.245666834699621
171 11.897918422765533
172 11.967176088412275
173 11.055786396221333
174 11.192783967650476
175 10.213572405846973
176 11.328585881591446
177 10.773521085774338
178 10.326589489418424
179 9.016112744658496
180 10.725215445853513
181 6.721342651583049
182 8.257370234291423
183 10.22062354095913
184 6.849840649904715
185 7.2944163247593385
186 6.60826609559255
187 6.064610933747565
188 3.555415061960234
189 7.51593601919832
190 7.11424512533106
191 9.686571511598805
192 9.220391438646496
193 8.360882100774765
194 7.137588166782128
195 7.711090593425731
196 4.21497082587971
197 4.433683503469284
198 4.732033625994309
199 5.801217037040197
200 8.031565008040168
201 8.169423454114614
202 8.456986844397067
203 11.147177604011926
204 12.748511826669647
205 12.808573610168306
206 11.048028141304165
207 10.14891727145728
208 11.919857728145653
209 10.279996502461234
210 11.10518700303067
211 10.799527274743882
212 10.628823851029303
213 12.716952816212661
214 12.46810450631686
215 12.032504804645262
216 13.145686567597723
217 10.052648215174177
218 10.760176736782707
219 11.044066438632502
220 10.045643668218863
221 11.61170329050127
222 8.492593257943309
223 9.034663334900142
224 7.545693150511217
225 11.900816906475686
226 11.503425849194086
227 11.687703032660323
228 12.511469254825993
229 10.859064415558743
230 12.277045903016113
231 12.94977906667608
232 10.810529568686512
233 6.722543860764098
234 8.475530708015441
235 9.496624939794415
236 11.278392217721056
237 13.562195671508404
238 12.97587108006515
239 12.06446977603964
240 12.850992097991668
241 12.270609972114782
242 11.527219327975052
243 13.23217396808775
244 11.76186372712074
245 12.424313318620477
246 13.076837923411405
247 11.280200234417846
248 11.7001618783587
249 12.254210902491305
250 13.15299917855678
251 12.994358195164423
252 9.265269639123721
253 13.518997580464891
254 12.369887164739449
255 13.263991002390698
256 11.156265945966519
257 12.5797843102825
258 13.394139619630323
259 11.752993407295811
260 13.20576366852108
261 13.168240325410455
262 7.2807108279778685
263 7.365605608140651
264 9.387970858881843
265 8.848132117714359
266 10.979718627203228
267 9.329115495763341
268 11.378956261984886
269 8.472931241417362
270 12.429731166235312
271 12.83672095008356
272 5.299805891739249
273 4.2722354004042105
274 7.770355891301968
275 11.453836430713158
276 13.060942007653962
277 11.402565874673973
278 13.076192938336144
279 13.352033976235802
280 11.937160877190223
281 10.357727690053151
282 4.452908785510999
283 4.664491579806004
284 7.008232980481375
285 3.7877433289982996
286 4.335820220965858
287 6.110373749793385
288 4.752680996371975
289 4.170730054131795
290 4.641684263397558
291 4.36748232526915
292 4.318258495673071
293 6.084569856988925
294 4.645267944639768
295 6.209345735638785
296 9.147565862599153
297 13.260840060044245
298 12.190019843086759
299 11.348153964632205
300 11.052186465775954
301 11.067160736943942
302 10.13581315820022
303 10.136668664193593
304 10.750797497334833
305 12.360221687579763
306 12.487797923100803
307 9.290218767992108
308 6.482961777237915
309 7.029492733134545
310 6.807503849668057
311 5.060427841298818
312 7.573079694434505
313 10.403518562000187
314 9.563150303548104
315 12.259571201727473
316 10.331385861740568
317 7.105530447232499
318 9.541647935156881
319 8.610998083191506
320 7.716302765833859
321 7.2643235091145115
322 11.5475374392403
323 8.607064231096713
324 9.078940549888873
325 12.899054657123786
326 9.155756510326626
327 12.204021257441196
328 9.641158515901076
329 8.906170941811997
330 8.971201843239697
331 9.1482917054453
332 11.32108123640082
333 10.672420615653298
334 10.83703060783849
335 8.911567042344638
336 10.833834636853602
337 11.894516442912737
338 12.911172583105007
339 12.179513165958603
340 11.902006187486359
341 12.01547780498746
342 11.532243885917945
343 11.104122562589255
344 9.292458214583412
345 10.972903274261792
346 12.316364309071322
347 13.021684695010137
348 13.265074620559155
349 11.652126299633364
350 10.469986304633318
351 12.737296552942638
352 11.34524022172548
353 11.689309276606377
354 9.015968275025696
355 6.628065119699553
356 7.724304271349938
357 8.540586223722764
358 6.1904599626391095
359 6.926881668492477
360 8.980681979029189
361 9.423885580920153
362 9.33443442269822
363 9.126359126711865
364 10.276307657016464
365 7.891539161302867
366 8.398233751582032
367 9.345706416109492
368 6.773520637011516
369 7.285345953951365
370 9.925079610475846
371 7.82533170197445
372 10.211184862446785
373 9.370861962045621
374 7.086817803080183
375 9.240282512005919
376 7.543890203828725
377 8.648507469331452
378 10.281833726017435
379 9.090553941554125
380 8.06728973300567
381 11.095772483970931
382 11.252994868386013
383 12.817582556482428
384 7.859205622967188
385 8.36825191953055
386 10.416000233103993
387 9.526389715635487
388 6.52070655890327
389 9.490166857068914
390 9.25549669353799
391 11.076080755792807
392 8.356471361630362
393 9.358641121797852
394 12.484238469381905
395 10.446197733004459
396 11.125972278877807
397 8.628298092675287
398 7.634316868303359
399 6.388919844200054
400 8.261061911510149
401 8.689448105677624
402 7.765693718642891
403 5.0255176560445936
404 8.192308607189544
405 6.059336939679354
406 8.838096561349495
407 5.959909147864675
408 6.667599063109956
409 5.715632134012997
410 4.023302328658519
411 6.253525878119303
412 5.9250016584408165
413 5.351761305661248
414 5.497554608525934
415 6.459128847148142
416 7.41464792413902
417 11.138849765611077
418 9.10669626545192
419 6.28053582450852
420 6.317354540466661
421 5.641571154712057
422 4.760763143503264
423 7.129476024003529
424 5.579847168750545
425 7.596507420380833
426 6.025955059473655
427 6.037599220790755
428 6.289380224730211
429 6.7213877412850245
430 5.152214352475097
431 6.49805199267224
432 5.786215789213716
433 5.895590393978091
434 7.561388050349743
435 6.407279086662535
436 5.516168545723361
437 8.561272929028922
438 4.928280237977257
439 6.341278465373835
440 4.756229611003591
441 11.962095227462681
442 7.394375698990383
443 8.986805497894949
444 5.259179771791496
445 6.96064102238139
446 11.454097087395443
447 9.973252267072496
448 8.869372655165737
449 10.959278672630957
450 11.833357429238765
451 8.29352566983498
452 10.68163366188931
453 12.344076570491396
454 8.020948634834205
455 9.078540308907431
456 9.014159371904027
457 12.714574561554032
458 12.974285177972924
459 11.766093452481059
460 11.92741348856269
461 12.319609569040193
462 12.442655025265331
463 8.086397761607996
464 8.928850105727495
465 8.721947946967713
466 8.095135359994348
467 10.250017333027577
468 8.580866403001464
469 9.014049603934529
470 7.082933059791564
471 8.649357597581059
472 9.548207544085704
473 7.020681714197618
474 6.507692633320059
475 7.138255582024302
476 7.73412294042284
477 8.395421174717589
478 8.831466054693365
479 8.919228315592845
480 6.868349042409842
481 3.725921651123557
482 3.7445917332782597
483 4.391315673947283
484 4.58526189658059
485 5.125768792080528
486 5.6308508095003775
487 7.452357764679088
488 7.03661222576909
489 6.705643724644604
490 6.481682187489123
491 5.930487139865994
492 5.666233146995763
493 7.680706652721493
494 7.849137553333295
495 9.013553565020421
496 7.7670832427643886
497 8.240680787673554
498 8.581088462371598
499 6.356722872755927
