0 6.893795256485905
1 7.7339737556909
2 7.25796750374269
3 7.5955586411820315
4 6.579571590290449
5 8.563596749111293
6 8.352977948653175
7 8.233384343685147
8 7.871135769919985
9 8.170053492266344
10 8.329981799428737
11 6.770603791556308
12 7.4766446961140405
13 7.823847344747431
14 7.452074905869182
15 7.982623259617278
16 7.193729281067749
17 7.2757688099340205
18 7.173632342063617
19 7.37969004408869
20 6.644873354176816
21 7.7727440412625395
22 7.918006470334729
23 6.840903533142665
24 6.998803067303959
25 6.431536912847548
26 7.1283136410578365
27 6.957523360618849
28 7.17533656130663
29 7.016865979321974
30 7.109312344737465
31 6.705426397471953
32 7.653306716127103
33 7.490323350571484
34 6.452479575100692
35 6.731575581396412
36 7.333420649491966
37 7.1586596865724905
38 6.039052190587017
39 4.464462747657772
40 5.609818096480124
41 5.318386023968758
42 6.335746096896604
43 6.714444944629239
44 6.242873424978178
45 6.820868448353684
46 7.4971981391168745
47 6.958457566573469
48 6.124100776652543
49 7.0906754564035515
50 6.607821323924067
51 7.294450068614068
52 6.903907291787414
53 7.7904649652306155
54 5.872034908396186
55 7.362385709407421
56 7.070148414692914
57 7.2490444754457215
58 6.017385482546028
59 8.013210618139125
60 7.782561693267747
61 5.637408206859291
62 7.004631095227208
63 7.117032745115286
64 5.681084549082105
65 5.453497523176304
66 5.986490028632795
67 7.8652330756153015
68 4.7440856854804405
69 5.9460277459279425
70 5.163326874212035
71 5.797999570511623
72 5.768402487740779
73 7.2964528839026865
74 6.69137142675328
75 6.850743450792237
76 7.075407797534897
77 7.336883023246652
78 6.838944749319557
79 6.708887748052415
80 7.316618958510432
81 6.2503128562709485
82 6.121016376231785
83 7.409272479568257
84 6.3223948739263545
85 7.077569184373476
86 6.955751814029614
87 6.867587465967125
88 8.480884640225444
89 8.156465517433958
90 7.7810590697836615
91 8.133812957093076
92 6.993362586588214
93 7.3460089461644245
94 7.647448379538074
95 6.886709021833498
96 6.758877014702228
97 7.617580050683699
98 5.526578882847107
99 6.33895380262658
100 7.839223708329474
101 7.49879139867949
102 6.721628838851713
103 7.134161676983253
104 7.809663517306117
105 6.810547727995216
106 7.281878440847421
107 7.8404275850894365
108 7.969803964937788
109 8.206381222755297
110 9.048793144236447
111 7.551488893800523
112 8.336234887437959
113 6.870484176884749
114 7.660026116301196
115 7.284615434817605
116 6.864100151765882
117 7.5010489105059825
118 7.285100349290863
119 8.200431471384276
120 7.652417749797926
121 7.384350263501703
122 6.511513536995396
123 8.105666766486959
124 7.635822016683944
125 7.860543571119691
126 8.517420506438445
127 8.239227949990866
128 7.329928553985677
129 8.033188511850154
130 7.332359719434669
131 6.828441508538949
132 7.628990134558131
133 6.669328773477061
134 6.897595975939659
135 7.0196504171117065
136 7.2072281301606775
137 6.26244289738023
138 7.138979924030724
139 6.384342331726958
140 7.319010890550511
141 7.145505565325768
142 7.446165878999751
143 7.587071486308522
144 7.53756287693061
145 6.872362120737141
146 6.6309751766168405
147 7.114725948177246
148 6.403007670070894
149 5.936369683284476
150 8.003801027735815
151 5.8708854042001715
152 6.553512835681103
153 7.500970163796264
154 7.07630271456027
155 7.180993084247169
156 6.316386622441729
157 7.8497920604713824
158 7.196498732484601
159 8.169435715595306
160 7.582689153115115
161 7.8795469702702485
162 8.749064218757331
163 7.827178515307641
164 7.991411300405967
165 7.189903446445003
166 7.283740594380137
167 6.361095941493378
168 6.65854319602728
169 7.307534995895657
170 7.5199160688457685
171 7.440634703286264
172 7.384303085416789
173 6.307270872210936
174 7.671028355002911
175 6.60888084463852
176 7.097187434281204
177 7.502870842053583
178 7.194327063638351
179 5.692478832371605
180 6.941611487249275
181 7.562605882588488
182 7.3049673421287675
183 6.080260139560515
184 6.161990062386683
185 7.08491088019796
186 7.019170784849445
187 7.7889850879562
188 7.074668776397131
189 6.965083865910348
190 6.777298480305975
191 5.590070674223867
192 5.967221875889829
193 6.552878880539175
194 5.643729768903187
195 6.498582434350469
196 5.862734121689653
197 7.40584844994135
198 7.762136011752798
199 6.386737167265356
200 7.832872744753959
201 7.98864363275628
202 8.2276036301312
203 7.097092397959644
204 7.331222648905752
205 8.287616068403475
206 7.1780979481536615
207 7.144140765054617
208 7.974168447970764
209 6.653761725451353
210 6.8777515796630295
211 7.855008806565624
212 6.817310653175995
213 7.876845383690767
214 7.657418365809461
215 6.674961891298595
216 6.634680841651615
217 6.7932739405484135
218 7.941610577920938
219 8.33306481040169
220 7.74338059794482
221 7.5390396183146215
222 7.1827104699164
223 6.967342570612238
224 6.661336188885465
225 7.113396784075747
226 7.531259196486305
227 6.64984335305215
228 7.029434821188814
229 8.229273193781573
230 6.190774517051339
231 6.905563540349963
232 7.299806547896302
233 5.920576119875259
234 7.560908558603436
235 7.387922513249724
236 7.153713527392365
237 5.350234522634987
238 6.702482053171019
239 7.392206918595052
240 6.602304791534622
241 7.1753965698734525
242 7.49367344509605
243 7.468568642198854
244 6.866070995984378
245 7.263051449852386
246 6.753071457663039
247 7.750713451196096
248 6.749797339557546
249 6.09569036304967
250 6.221032524883663
251 7.336413777512496
252 7.708576895740342
253 7.704392746609816
254 7.1445930265415445
255 6.764992975535367
256 7.122250047258016
257 7.074949794009357
258 5.900375308022028
259 7.005161570399148
260 6.884431076154427
261 7.409751456132606
262 6.175391766108375
263 7.3782465885480315
264 6.682458886042151
265 7.44373166894746
266 7.8857033895617406
267 6.526797013993386
268 6.341464615067092
269 6.586870253666636
270 6.13041532209908
271 7.446444880647961
272 6.617117319898287
273 6.951147759109859
274 6.5243231299738325
275 7.31621366361872
276 7.993373637156861
277 7.296579659531456
278 6.284506316372219
279 7.192047573728208
280 6.656220691625969
281 7.495111027855313
282 7.540554008617281
283 7.268805832866731
284 6.693070439716498
285 7.810808918967457
286 6.306712587781266
287 7.180889797439796
288 5.773110357677664
289 7.003907915961566
290 7.164523725491407
291 7.153623863144051
292 6.837992012513593
293 6.500629307851338
294 5.886964499998183
295 6.217891927058805
296 7.418518832345302
297 6.740630529601051
298 7.4548832040377615
299 8.290015972988249
300 7.0494110359608255
301 7.553502639646093
302 7.187720777033131
303 5.837930797066683
304 7.110055775940894
305 7.118045886528303
306 6.01719715117885
307 5.823508084700455
308 4.596143952273996
309 6.835263776650136
310 7.183462086685181
311 6.597375086408812
312 6.420731178304257
313 7.690580710913577
314 6.25660909978017
315 6.235348202478846
316 7.138250795206324
317 6.039347925766905
318 6.8354999660756715
319 5.7448163560735805
320 5.880169860152523
321 7.400807708777904
322 7.180596850900075
323 6.701830190828661
324 7.766406756542139
325 7.5984080104406875
326 6.937595619962634
327 7.418830978892123
328 6.799632466221186
329 6.7325518726014835
330 4.978713701130964
331 6.089173247476692
332 6.3378645123298325
333 8.129489625894971
334 6.825812284513926
335 6.966875646670617
336 6.407722671563133
337 6.222345054744251
338 6.874690313177227
339 7.692265460246693
340 8.329465740889233
341 8.462822808210658
342 7.003841533472617
343 7.459820104825822
344 6.736218869458517
345 7.769956182110215
346 7.193359965045705
347 7.204344900545694
348 6.029219524631748
349 5.046867033544689
350 5.622191227568479
351 5.878077087424222
352 5.9637526135256005
353 7.221359133124816
354 5.179181337728142
355 5.649310917524194
356 4.89647204300487
357 5.7150150536766215
358 6.033060706262453
359 5.0210458486819505
360 6.046437106396571
361 8.35825143775966
362 4.615115413077753
363 6.245014036376532
364 6.054399624916894
365 5.60694492057796
366 5.2150028346250705
367 5.538126602355779
368 5.924233050076534
369 4.580866751754063
370 5.58397831255423
371 7.126392541157576
372 6.523239816502071
373 5.411521061391484
374 7.522060957306702
375 5.688112474201621
376 6.843710440162263
377 6.652060044575507
378 5.6724932467138425
379 5.826502696488365
380 6.6548182440470836
381 6.466182752202653
382 6.706412962368022
383 6.333607442222807
384 6.709066599945493
385 7.493089154430408
386 7.849579784971574
387 6.725756120783014
388 5.956953441389012
389 6.1658717526316575
390 6.601526361192749
391 7.690397635586117
392 6.495405052855559
393 5.307868303621378
394 7.487492769828201
395 6.53066357562193
396 6.491866776026839
397 5.605693159918441
398 7.556383826037771
399 6.4043960103601965
400 7.1315348487486085
401 6.669600498293389
402 7.162187510006085
403 7.0468975009578365
404 7.2640386622899955
405 6.937393458526128
406 6.68110010100397
407 6.1554883511003915
408 7.1795191308589335
409 7.798476711343029
410 7.011935159981748
411 6.249765155341809
412 6.623172132273149
413 4.609815253821739
414 6.359954561642907
415 6.207879635524117
416 8.163407386058875
417 7.026840155208507
418 5.920374366562825
419 7.0137230891999645
420 7.0356011037491974
421 6.5127840853806935
422 5.933461461842281
423 6.971959203919119
424 6.90722359473455
425 5.2644190798658785
426 6.172130472092237
427 6.397932269636831
428 6.205590366222684
429 6.8165361457152285
430 6.297124835103461
431 5.3491692813129665
432 5.3547949090535925
433 5.683254221644661
434 6.93114652827364
435 5.074289962497415
436 6.375244390181466
437 7.496222807903795
438 7.4590956863447815
439 7.404071915288441
440 6.75727262331133
441 5.533238883518523
442 6.431019763749441
443 7.433252706754572
444 6.114065684313046
445 5.144006079725886
446 6.017206674917047
447 6.85080982267385
448 5.329119875739916
449 7.528727401408385
450 8.21728986693594
451 6.349582811746522
452 5.5514929362010665
453 7.440575600389106
454 5.784460471795209
455 7.118942728082028
456 7.488718437130772
457 6.4083507831216
458 6.94796492870368
459 5.290526826626598
460 6.365821800188601
461 6.972445078727582
462 5.671752767493863
463 7.785460800860127
464 7.910870625019631
465 8.051587303677948
466 7.239787458571703
467 7.621792515347189
468 8.117615326961428
469 7.767520555913783
470 7.400342262631188
471 6.155686239294247
472 6.444859966964809
473 6.187623330013241
474 5.767811843233411
475 6.27862757587311
476 5.876016772890856
477 6.21158011292319
478 7.857021469191701
479 6.432242931681278
480 6.606466280842208
481 6.844114099067903
482 5.911395636637676
483 5.864646003793516
484 6.925069276431392
485 6.462730645060945
486 6.102626856384546
487 5.244140489642248
488 6.723880568916014
489 7.045123856058361
490 7.41396150013468
491 7.635575202055537
492 5.846836502916284
493 6.51094816054304
494 7.251108017669495
495 6.592909552529203
496 6.727462622922
497 6.78114023681887
498 7.895808544386818
499 6.2036632794940845
