0 3.8110467388389195
1 3.5836795693474657
2 3.963745173851027
3 4.373331147610269
4 3.900398187501053
5 3.4954651895770823
6 4.197456854628788
7 4.284215661152038
8 3.9008943800699654
9 5.500941408726111
10 7.409143570398861
11 4.788941442813738
12 4.106877744192994
13 5.3223216159970335
14 3.7368036019475026
15 4.0020898787021935
16 3.775995257177196
17 4.240484143684121
18 6.248724994683353
19 6.607650041913876
20 3.7672609072287733
21 3.71054760240275
22 3.304237744780189
23 3.8926676447127235
24 3.5069589954122553
25 3.511983719014711
26 3.775997704539976
27 3.914548846534084
28 9.079127136312563
29 6.230866017842058
30 3.8486229929727185
31 8.482717275116764
32 7.756507447342244
33 7.326771185288235
34 8.296844583206092
35 9.1544318470657
36 7.753799827305317
37 5.548479662265379
38 5.984573057882459
39 7.630815994488108
40 6.92705245038997
41 8.304286893005676
42 8.57298920228035
43 12.689906373048956
44 10.405199437892417
45 8.412569452749127
46 8.535860221236499
47 9.456564686727129
48 12.190872188215044
49 9.645308989668415
50 8.963476038301263
51 8.547648237848405
52 9.631350072643844
53 8.33457932487511
54 10.808930175416723
55 6.958742165999833
56 8.302898373886075
57 7.787656232706441
58 7.18087347988698
59 9.992794600897769
60 7.01993844306145
61 7.866773144783018
62 8.836734050420283
63 8.798011375265801
64 8.155991217659428
65 7.814354845435739
66 7.383799828006272
67 9.5557906205956
68 9.004396319700225
69 6.710805182934555
70 3.5195047238030663
71 4.032127021596369
72 4.249502002897573
73 3.95941786522798
74 4.171159466194242
75 3.850796959647119
76 8.125208926273423
77 3.8694289286945223
78 6.018194590526104
79 3.728712259682295
80 3.2971538497389448
81 5.042372030610612
82 3.4219035827694686
83 3.9744179001246858
84 5.974592641584565
85 6.4503193629673925
86 5.988967676034241
87 4.88061030296632
88 3.6248504188429056
89 3.9522994065347516
90 4.014007685616908
91 3.304944250616285
92 5.500448919040251
93 3.435974702209209
94 4.004503403196529
95 3.7319315396682144
96 3.968937025075242
97 3.8912014365912464
98 6.029344754655137
99 3.534632210776794
100 7.685770678372227
101 4.034315387624188
102 3.2807405694399354
103 3.5363912513867106
104 4.7188369185149615
105 4.271257147735178
106 3.831345517847638
107 3.8251906082593283
108 3.6463646915802777
109 6.325737494334451
110 3.793696636716507
111 5.172294127740023
112 3.68588478102434
113 3.674019145014883
114 3.7724406563614314
115 3.5919270796467173
116 4.008528208090011
117 4.815611735618274
118 9.115052948945772
119 7.65511962529923
120 8.803136137654677
121 8.092647232418628
122 8.90632628249098
123 9.283713289993207
124 7.747093700277498
125 11.743661045928611
126 11.047290547727478
127 11.925476587318022
128 11.177310905984875
129 8.40783175263043
130 7.8408384143542476
131 11.139344302264195
132 9.314040051832997
133 9.966624439745013
134 11.93337101810269
135 10.083903430702764
136 10.531572463702007
137 10.176070964109234
138 4.949408209085153
139 10.017947284895971
140 10.21716531721149
141 8.563226317791777
142 10.83979547128765
143 8.274850214169854
144 7.806667152995471
145 9.340048699430035
146 9.502682059288508
147 6.6506749019418745
148 5.421224108555656
149 6.048166628273518
150 8.154992002662912
151 7.237753601378506
152 6.9308085247764355
153 8.885606280820584
154 10.493600043443049
155 11.731525620513258
156 11.195308402261354
157 9.269033736513961
158 10.867806876469787
159 7.1961028398214975
160 7.979685453207511
161 7.566692732918347
162 7.558713445349986
163 8.68239954425398
164 8.465418074465875
165 6.993311952979196
166 6.896400382119428
167 7.4043122434865705
168 9.32524258960519
169 6.104042768605504
170 7.968391271966145
171 9.049576059789848
172 3.9002832457688132
173 3.87676594380412
174 3.899365139054626
175 3.8240252552795533
176 3.9635657005174036
177 3.9081012490032525
178 3.7614578372738854
179 3.789672674424222
180 3.720616331831107
181 3.810762435799282
182 4.359941112559503
183 4.4142904876541635
184 3.553137012059084
185 2.8885620746295575
186 3.377257930987412
187 3.7880661765676327
188 3.6996325862449435
189 3.58604422923541
190 3.7359407075104647
191 3.538007685794889
192 3.9862561558647607
193 3.6936855571596556
194 3.9195849934995866
195 3.739823758485617
196 3.7209615231869315
197 3.6058970307200595
198 3.8432855772604557
199 3.764403164570447
200 3.9415796779561094
201 3.869437507888812
202 4.098492144811881
203 3.707370539817691
204 4.027964506510096
205 3.9650956264570074
206 3.45470851450737
207 3.6258431073392274
208 3.8514318851952356
209 3.016480390907252
210 3.423486044895212
211 5.603986921406822
212 3.5876110154902845
213 4.0374329648106615
214 3.7268382268109175
215 7.509646074930956
216 3.7640202690065383
217 3.795475301115415
218 4.834499308376823
219 3.883920227032732
220 4.052894921678924
221 3.9054231056552955
222 4.10281170361586
223 3.1413039603337114
224 3.1937214968081316
225 4.6332375920854805
226 3.878881203706937
227 3.4136416821972797
228 3.5782302541441746
229 3.2526402241713055
230 3.8930323144600423
231 3.1710682889592134
232 3.822628269545295
233 3.662372359071983
234 3.63195007922033
235 3.611770821011797
236 3.7356001443281777
237 3.66544028017583
238 3.677108396929846
239 6.030660203575529
240 3.1572770910570975
241 7.920027065751924
242 7.251054842124331
243 7.65737141764723
244 9.346243465244576
245 9.367133530084033
246 6.366029160428154
247 7.973619568562605
248 6.677048523448159
249 8.687521508230477
250 9.532129878259337
251 8.139561054644066
252 9.155418736714877
253 9.091078950512305
254 10.19464569642725
255 9.92142692111625
256 7.43678487901348
257 7.011107643590181
258 7.160128532252094
259 6.132755702460234
260 6.003424105985924
261 3.45811373018595
262 6.126103836264769
263 6.454414346086924
264 7.452540702275872
265 6.767998750058397
266 7.910813205618219
267 6.745741724511796
268 3.5248131999056356
269 3.6667989417596294
270 3.665156266997191
271 3.52284175992404
272 3.778324682205961
273 3.5488887074562867
274 6.108822384701823
275 3.4390951662780544
276 4.708193170827516
277 3.5236304532963834
278 3.7872655311098886
279 3.7825925649805536
280 3.827126549327996
281 3.540733565252816
282 3.466373467456766
283 3.209237792350715
284 3.321071855933908
285 3.8776866093272724
286 3.7460596135868705
287 3.7340942959929437
288 3.152376349114921
289 3.4580953805355397
290 5.902526621862156
291 3.496724677366609
292 5.076195654316888
293 3.693412384600115
294 3.773251457881284
295 3.5136663901453615
296 6.061569407969448
297 3.958551626505604
298 7.452219004948797
299 3.132394799895742
300 4.361799530378982
301 3.646422239262272
302 3.7423350245527964
303 4.405794217698972
304 3.542474308733626
305 4.3012647078787065
306 3.5035183733218505
307 3.604955854557167
308 3.3385934890289812
309 4.33226025297368
310 3.426782302803154
311 3.6249145977860087
312 3.860381588494676
313 3.5584791746811715
314 3.5367451881475533
315 5.524223311064817
316 10.977569859826067
317 3.8072082007720227
318 3.4554570227157186
319 3.487633530173688
320 3.8028791935764263
321 6.088263125285693
322 3.2391790136986414
323 3.6691773473880045
324 4.414291043068318
325 3.4354688429815394
326 4.209594252386007
327 4.049062107887077
328 3.6739364512741415
329 3.549957345947064
330 3.4814153363666342
331 4.9040455241707885
332 4.6832912594467695
333 3.6777893647149287
334 3.7479449872010213
335 3.4192404521704747
336 3.7455026075599798
337 3.787588136693815
338 4.594665405587786
339 3.8905953013010737
340 3.838722995983893
341 3.844880802231761
342 3.901593976714083
343 6.618488105921741
344 3.460494528712462
345 3.660213328135035
346 3.8922317118605325
347 7.687515651988135
348 5.79060854252621
349 3.6866620226726132
350 3.5649683934144583
351 4.0313847157844735
352 10.927617671253085
353 9.378077697584537
354 9.628391971036608
355 9.319546980181723
356 8.636351296037752
357 8.822611499824646
358 9.515265545949653
359 9.598405022129358
360 8.921514329428588
361 9.701243667771173
362 7.911688959487707
363 9.238072760266018
364 7.86649745138818
365 10.252203086332464
366 9.059065500134826
367 8.657134263550327
368 8.942602945473942
369 9.242587200679234
370 5.515408660724292
371 6.240031388992851
372 11.328427818326299
373 10.807404099668759
374 10.099759802698042
375 12.646048989054364
376 9.121140939319092
377 6.167148994034373
378 8.92632029622419
379 8.816288453053513
380 11.771850298878359
381 9.969132807538854
382 9.230681217821177
383 8.799800462383178
384 11.106447248877096
385 9.494221242614362
386 7.847262104415742
387 10.042578377564103
388 9.136785970215387
389 9.64208708410649
390 6.921158252635097
391 11.20890996940431
392 9.828976851525066
393 9.378798483872252
394 6.977683034012782
395 9.663295910696414
396 9.489513033073896
397 11.220568880146422
398 7.817902728290411
399 10.064188620489539
400 10.576091820116385
401 11.322052253481743
402 10.923096742856057
403 10.733914367443786
404 9.342590739960626
405 7.994470883833658
406 8.911326372323398
407 9.794693305206753
408 7.295434521845148
409 8.33256232212408
410 10.215925813902139
411 10.179659201974111
412 8.125547179669065
413 6.325938088052734
414 6.785303926399624
415 7.037829706601786
416 6.064230171088489
417 8.0935039547931
418 10.085339467293506
419 8.690646483714266
420 7.958362924950087
421 9.390923130129478
422 9.473828877477702
423 8.825151886961619
424 5.58477089436945
425 4.758187124384902
426 6.605336417512705
427 7.6421244701922895
428 6.881557763789712
429 7.661428407434129
430 6.805800511416971
431 7.652428122942895
432 7.842198093737746
433 8.381917717929987
434 10.315969462859151
435 7.608208218987878
436 8.200093947388405
437 8.808679924144474
438 7.104509362187952
439 9.141426405658287
440 8.66924075776214
441 10.058652488328228
442 9.919023512403433
443 8.844649835976748
444 8.142534163203115
445 8.531850480161449
446 6.909386836039514
447 8.071327231030768
448 7.764207793525023
449 3.312660406643986
450 5.9098702721682566
451 3.624189427311929
452 3.7356103241217657
453 5.240962179648896
454 6.092299626137618
455 4.845674247565953
456 3.707449765247585
457 3.3379641911899727
458 7.894933626236144
459 9.196957614016863
460 6.105275453643246
461 7.4068315828623
462 7.7279475830005895
463 6.998557949429746
464 3.122193737122254
465 3.772857033631583
466 3.595017513958732
467 3.787671485378365
468 3.130027017728285
469 4.1049039006803305
470 3.314084727993505
471 3.5786176009783275
472 3.5735270292722623
473 3.576394748781964
474 3.9360821848078547
475 3.487650209540745
476 3.450336234982909
477 3.9319351668238
478 3.5668194823220523
479 3.6579994897190398
480 6.1741648610862985
481 6.85777310432062
482 3.5767473369495053
483 3.8202566678584318
484 4.354805285073231
485 3.766470016390899
486 3.756153121011733
487 3.9160623926626545
488 3.9014685752300577
489 3.7909620625829117
490 4.222009027127188
491 4.180715342546841
492 4.1536303663032434
493 3.376874222961572
494 4.031899854815013
495 3.795951464581555
496 3.7103764163915582
497 4.014370647807165
498 3.746842306124826
499 3.6324876606120284
