0 3.6865492078843696
1 4.101227737910044
2 4.029675261981525
3 3.9132093214188357
4 4.165986105664348
5 3.9467541425234827
6 6.273573574440264
7 6.67687534221285
8 8.007522177018641
9 8.177770258643974
10 6.982578249203359
11 8.633418013384023
12 7.870637491878322
13 9.480605991283891
14 7.2983322972680975
15 6.895248047410792
16 7.148435453598352
17 7.095826912006226
18 7.020640001889231
19 7.443658087057909
20 3.6834018153069246
21 3.997458452757151
22 3.990196899865001
23 3.79306254548148
24 3.654781259427175
25 3.720337864547518
26 3.978633901557968
27 3.811242653510316
28 4.925930800100093
29 3.7122812084443635
30 3.9028093466073175
31 4.022198811562614
32 3.8092749415592415
33 3.9409983432268
34 4.028364120633249
35 5.39103247262467
36 3.973526152733461
37 3.803228084109044
38 3.8297380921067274
39 3.782795212651362
40 4.036912936993291
41 4.123305486479577
42 3.828433500710053
43 4.233805977754562
44 3.7354223635133232
45 3.5036290314036287
46 4.418979744512631
47 4.137955245169165
48 4.053336418454222
49 3.828678019975198
50 4.352788892977525
51 6.691047367368722
52 3.9218971666693725
53 3.8232400827101607
54 5.968058663499819
55 5.988415091084964
56 8.493774169237167
57 7.1696180857489775
58 8.710734628316455
59 5.711156537483806
60 4.453539760589963
61 3.9674784480826895
62 3.9620430416947263
63 4.0197305640190315
64 4.740396465531251
65 3.8987190825560076
66 5.590993443401482
67 6.511706236982607
68 4.011274121401724
69 7.6976023302268475
70 5.634024413131441
71 5.061731487016232
72 3.855065849990649
73 3.6731206779103904
74 3.843287602051066
75 3.824904122431324
76 4.100879354212028
77 5.073879047634415
78 3.777868175230266
79 3.7518543438050402
80 3.5512980232405074
81 3.7741741209921336
82 6.710688774459151
83 3.7105359183504563
84 6.853214401294335
85 4.764526724186472
86 3.5768713697079497
87 4.521180956998515
88 4.095572077372899
89 3.013577347669377
90 3.6338967962535422
91 3.7662325887546877
92 6.017306768714532
93 4.114191700905436
94 3.824795906716509
95 4.125071814491835
96 3.9660172209213163
97 3.9089813364798762
98 5.130890009837308
99 5.229595373530646
100 3.601268456374891
101 3.760214595417258
102 3.6907921512509483
103 3.6751440427440127
104 7.152776643678167
105 4.056497032550035
106 3.975175533178976
107 4.289861136016881
108 4.189786305571234
109 3.92024311518965
110 3.7441512274630258
111 3.8349927523548133
112 7.4491325191418705
113 7.028030874386699
114 7.697707283737827
115 7.86514460735018
116 6.267508425626975
117 7.755882322217689
118 4.025293134916103
119 4.066345381358346
120 3.8681351377644915
121 7.047957155453329
122 5.832478284547684
123 6.537494735838853
124 7.840273956322119
125 6.659554019854172
126 3.68669344701744
127 3.8020530175072604
128 4.32443719205922
129 3.9743027803916986
130 5.375248182831811
131 3.6153667496157524
132 4.465122003341364
133 3.7818707252467316
134 7.01219122004496
135 3.7407860555445485
136 5.667165322353246
137 5.655100804767718
138 5.142686264999477
139 3.498013611858707
140 3.9006432509046958
141 3.595537492172844
142 3.5634035695009723
143 5.588642601304087
144 4.130476196164778
145 3.9126553064051337
146 5.697701428190051
147 7.686547617086668
148 7.5839740172893935
149 10.988203124574264
150 11.832198480313465
151 6.638313470653532
152 5.131493877398419
153 3.88893648741543
154 4.811599401821146
155 3.7241190841879663
156 5.579595518022409
157 6.463562421362827
158 10.025685804207814
159 4.062622092517372
160 4.241324769922627
161 8.352383402691512
162 3.6276454950504355
163 3.7964879474506117
164 3.9371349423079973
165 3.887207499065785
166 3.8623935488893935
167 7.461072837293
168 6.608064619202927
169 5.0386972886881365
170 5.444201764998735
171 3.707523536761758
172 7.226656208191343
173 4.015659590961747
174 3.891161784232773
175 3.9205014248842853
176 3.9448010819534023
177 5.965900151337994
178 6.158571933294832
179 8.001864415600595
180 7.081468007360387
181 7.430239462923574
182 6.85583218715462
183 7.466188912284288
184 7.653394562183906
185 7.1912501582087565
186 6.992210205435308
187 8.001521005125111
188 7.230312725728361
189 7.474729111339276
190 4.292443489045377
191 7.117032744657581
192 7.557011635591042
193 8.089246854215455
194 4.102439930206287
195 3.7855722868898884
196 3.6900628157110504
197 5.084200909433173
198 4.335625559937048
199 3.7439339174008817
200 4.074544118058411
201 6.00440370407294
202 3.800783219300219
203 4.029810718974921
204 6.085910786145209
205 8.258447493058968
206 7.0467967418227895
207 5.343886319044949
208 3.9108049610394526
209 3.9191671239090384
210 3.9605449625502063
211 7.508630266059812
212 7.09431235194472
213 6.904476489297919
214 7.824173765206679
215 6.680425347455079
216 7.446419979558971
217 8.449398964415401
218 7.159247193853
219 7.0175863652513755
220 3.932934329147615
221 8.009029077969153
222 7.216532912608619
223 4.7466132280018485
224 8.989554756129287
225 7.017755077096285
226 3.962194712588066
227 3.8143530288962264
228 3.7999414994706333
229 3.950228437615975
230 3.8613190072100343
231 3.8856801760175315
232 7.479406625324275
233 9.614009223057081
234 8.726898565164243
235 10.851051142457226
236 11.528623769952711
237 9.10530652468266
238 8.896091487854479
239 8.40818454277129
240 8.743255979385676
241 7.163534555429277
242 8.390787063110167
243 7.848999829652492
244 11.480923424377126
245 9.447407183312256
246 9.720939119031518
247 10.809376972349932
248 8.429686401066792
249 8.167107634384744
250 8.601225533942625
251 11.673300383102728
252 7.281433790390829
253 9.568703492995141
254 9.957295021387736
255 9.807225673661753
256 8.255840681732753
257 9.665141339862073
258 10.892302247181288
259 11.063322999639938
260 7.772858871817567
261 10.993420422264325
262 9.09591926774283
263 9.954598981828681
264 8.183389938210585
265 8.279820983154375
266 8.111832146560742
267 3.9090365309961603
268 3.8321754603269373
269 3.931915209098556
270 7.045245415754328
271 3.6270170660835337
272 3.5660556304973996
273 5.115758633647568
274 6.470975455062427
275 9.589763698891902
276 8.903354403731996
277 7.315924950849699
278 7.357344850955494
279 8.662838352431153
280 9.726991051299137
281 8.764598348970178
282 8.0552870580158
283 10.502831136569313
284 9.735780453371436
285 9.714264766578662
286 9.111096685094372
287 10.411006482764739
288 10.207647920585647
289 10.50642477753242
290 7.204995470580366
291 9.320153154668137
292 10.088076141499739
293 6.998042737843995
294 3.8540798763595663
295 7.185445685079385
296 3.6364215380506115
297 3.8160963827954584
298 6.272339503985069
299 7.47403767258565
300 8.2917641140501
301 7.728181894657901
302 8.456430473263444
303 9.785273665734543
304 7.063932071535656
305 8.262289171863566
306 6.775518523742629
307 9.020715049496488
308 10.715382751955683
309 9.8446242448307
310 7.790956483314311
311 8.818881179541464
312 7.975326867599326
313 3.722736938108896
314 3.97579537174304
315 5.147575411925887
316 7.326373902685158
317 3.7539724013234865
318 3.7704642642823805
319 8.162912714703038
320 8.225878650615533
321 6.372493189523012
322 9.101028968232633
323 9.9355547146628
324 8.852297820764722
325 8.521627841196677
326 10.518717658555936
327 11.639332638988146
328 10.605251773454034
329 9.027277790301461
330 8.279159361606911
331 10.486035728923794
332 10.986423929104083
333 8.801754416143053
334 9.734333002736827
335 9.481300307438264
336 9.27698703134951
337 9.70138232823902
338 9.897513556856898
339 10.853324386017622
340 7.722721577415843
341 4.037342268002326
342 7.0159712630196704
343 4.738328524191576
344 9.253716586375258
345 5.633491433689847
346 3.9864568372541473
347 3.8150099760373144
348 4.006353725669088
349 3.8813163732161695
350 3.9906336768014956
351 7.068477131563309
352 8.62852385674019
353 6.860230858525613
354 6.9407639511828565
355 8.312752045411703
356 6.989088238555236
357 6.797428023696918
358 5.514685609678971
359 8.06073425854426
360 8.308425475731047
361 6.919881598959104
362 7.379293637919734
363 6.796696266116749
364 8.847297161194303
365 7.910637110884103
366 9.26484799511722
367 8.303050105939466
368 7.6433847058882405
369 10.56174518206862
370 10.790063369773044
371 8.883585231459367
372 8.858913118107704
373 7.381953895745038
374 8.826890270801812
375 10.548359724397809
376 9.377956271434908
377 3.524820614193545
378 6.685278079096155
379 8.865009216176626
380 6.731527421232001
381 6.536646662504672
382 8.729677706372188
383 8.188070522000475
384 9.51288724847712
385 3.791151591818393
386 4.0771393119706
387 4.200303462587291
388 4.400769363522162
389 3.5111499961646646
390 3.3719943098810172
391 4.690239989457971
392 7.23255937095022
393 7.3203842571330044
394 8.238718431454707
395 8.431424434829816
396 10.307419355519242
397 9.783199207729547
398 11.311564166064661
399 10.828030371246369
400 10.60818461369274
401 7.9337900997281015
402 9.052575167850458
403 11.523515796698891
404 9.156160850343197
405 8.34658333272253
406 11.37257994974102
407 8.813593273818206
408 10.195901667613679
409 9.206861725533296
410 9.689571557834762
411 10.240262569175034
412 9.557372832512387
413 8.35518591037232
414 9.140178336804913
415 6.869672218510809
416 11.134323769719591
417 9.666149037069703
418 6.084389580863493
419 7.565849178171772
420 7.349745191517127
421 9.324273697948708
422 11.173286329699494
423 9.28630844428968
424 9.135984964370529
425 10.538142219457331
426 7.487857608236738
427 9.905500454883473
428 9.580956560160395
429 9.600113292321993
430 8.564737223772791
431 10.029628177270892
432 9.603164507161441
433 9.455353010078904
434 6.219094271468415
435 9.56199600697062
436 10.403902019819256
437 10.571553811367338
438 8.822675762946334
439 11.08851472542211
440 9.834241206248619
441 10.194482384561853
442 9.956728957874487
443 9.360631207579361
444 8.762828449871018
445 11.334797692568088
446 10.533349274414476
447 11.147279819084208
448 11.24139802406138
449 10.288573022466757
450 10.27203885716912
451 8.024076869788637
452 9.516357107702614
453 7.132172596074447
454 3.6690294805131627
455 3.808153276727
456 3.8669548850018867
457 3.911371116561919
458 3.864466040192006
459 3.764735364773421
460 3.84106491067542
461 9.200639835561573
462 10.0590120805435
463 5.8526511898683955
464 8.539772200340794
465 6.605653880330405
466 3.6907438281123737
467 3.615127228760375
468 4.051557577588396
469 4.107967276136519
470 4.088636625851338
471 2.9317593709074345
472 3.791840547644683
473 3.6300535754268477
474 3.787471236339931
475 3.8854416203922133
476 4.458819025235024
477 5.328795027053845
478 3.856918173096314
479 6.826352484202602
480 3.6392679317683547
481 4.986113138450182
482 6.095954144802404
483 7.822337060350736
484 7.790104110632739
485 4.089998322761261
486 7.587337932453422
487 3.676005735946037
488 6.476511641402175
489 9.138111512871953
490 9.08398699234063
491 8.809087838378481
492 10.430517673499784
493 6.740890697323
494 6.847752035960934
495 9.210915247622024
496 9.697545868138342
497 10.299974633150477
498 8.873732375044703
499 9.89972319840158
