0 3.5937180041513175
1 3.779163790643776
2 3.660805193440762
3 5.82940481341783
4 3.9086258653723447
5 3.6540325605866504
6 3.373780752750295
7 3.4822086161853867
8 3.6413582747500794
9 3.6500055954481
10 3.5077829349470666
11 3.502785661520986
12 3.612859282619174
13 3.8259281566892036
14 3.5335114220694264
15 3.8003744262459076
16 3.558530904641395
17 3.5770332336545994
18 4.270994086036327
19 3.5522048471522933
20 3.440653231061228
21 3.6101638806782916
22 4.233999439143088
23 3.5798971499624845
24 3.706254138063979
25 3.332864731176856
26 3.596924005307646
27 3.673888134367998
28 3.8375394620893886
29 3.8094344102946414
30 3.9437151741002494
31 3.6624583016208923
32 3.7923807204971367
33 3.8991230413586284
34 3.7149669643150305
35 3.7030485301040357
36 3.7167022753948062
37 3.2114080135828345
38 3.8732991195013846
39 3.6275339537396376
40 3.7498870985447637
41 3.947814237392728
42 3.3938067653994226
43 3.6073511939963043
44 3.42113393378663
45 3.7465037834640875
46 3.534899505564922
47 3.8018292647539704
48 3.636293472189737
49 4.268042673832531
50 3.5992480860501406
51 3.234983387012261
52 3.9919172458185277
53 4.038327343370809
54 4.15229094965947
55 3.572234061170019
56 4.06906146412346
57 3.4505900967020917
58 3.884778168563398
59 3.2813319126937643
60 4.038010981862813
61 3.8227762497471756
62 3.871414787780538
63 3.3369758676876273
64 3.877154290418242
65 3.8350236694123936
66 3.5691492983308755
67 4.573798224442729
68 3.8823169069182195
69 3.874014258306804
70 3.560612068799783
71 3.920105751789198
72 3.6103167569410655
73 3.4466340967786566
74 4.069193490185548
75 3.4941379656550096
76 3.3878135488789534
77 3.679556752127702
78 3.598478783173379
79 3.8061394747678676
80 3.834444433241759
81 3.3751832015866143
82 3.744742652271308
83 4.493036316985362
84 3.625274315051041
85 3.853427309993252
86 3.295130187183182
87 3.3458052966227423
88 3.8908690557297776
89 3.8373317361481245
90 3.8147111145954273
91 3.770861927438367
92 3.3824990609350656
93 3.5605017245322323
94 3.518476521988196
95 4.425331964349995
96 3.2251333952079264
97 3.558403435026584
98 3.875404940716403
99 3.5197144897542643
100 3.8886585672487355
101 3.5872154620938406
102 3.9959820054501956
103 3.883440326220961
104 3.5757349592383174
105 3.6432832033046116
106 3.7770174220186368
107 3.669280791849396
108 4.048021047253917
109 3.438821870614859
110 3.4488495080456265
111 3.816720356024696
112 3.545858308654108
113 3.8221548519965616
114 3.712217073881259
115 3.199887335448723
116 3.728646728294857
117 3.905161005520179
118 3.5562699365879666
119 3.614339567269577
120 3.7193786153902852
121 3.4716816345329073
122 3.265561294392785
123 4.06115539547301
124 3.8334652039280033
125 3.932534260148909
126 3.7818695762321806
127 4.423559603246871
128 3.0385978110149594
129 3.690931588016706
130 3.674576656687665
131 3.806222092018563
132 3.6951125154299684
133 3.4268600333769577
134 3.801701749763276
135 3.654085274415988
136 3.6003488373102166
137 3.8770369897209247
138 3.9556645750224466
139 3.434798036344537
140 3.6873175661153232
141 3.602879144073673
142 3.799160658601129
143 3.771593140576961
144 3.632169735307579
145 3.603508836526067
146 3.6506259031029065
147 3.423700002130866
148 3.719731320433643
149 3.5394895894285585
150 3.574491378956339
151 3.7839318999832514
152 3.4663927782723296
153 3.964972873320783
154 3.650787231019406
155 3.830375355187244
156 4.200702739786492
157 4.200680355205542
158 3.628568840148791
159 3.5321359267103354
160 3.6961295482919287
161 2.8267238668516392
162 4.048228198034125
163 3.665488598495873
164 3.5154738219340893
165 3.480668335154785
166 4.110524214396485
167 3.7789491735637166
168 3.7051129415145483
169 3.9392299969385984
170 3.965145615155982
171 3.6927614980814454
172 4.177576887177318
173 3.8532678358546857
174 3.767019474775387
175 3.395761363875148
176 3.776212184723089
177 3.05994658927437
178 4.047599274332226
179 3.749068880604894
180 2.830644882879748
181 3.45418964622435
182 3.958508014887316
183 3.9124952761481553
184 3.7290839510710967
185 4.248410902516069
186 3.5578685709967384
187 3.6304630909010243
188 3.6139016474857204
189 3.848103903293696
190 3.4058820203439826
191 3.8811832797400396
192 3.810869743082395
193 3.9345307917843244
194 3.5885551491347827
195 3.8429270437622938
196 3.802331079035436
197 3.8669181514993456
198 3.5843295696757256
199 3.9675733107834152
200 3.371620714288655
201 3.8069051315255718
202 3.859942909916527
203 3.924841928255136
204 3.880902236182945
205 3.650737802463467
206 3.668413750318742
207 3.647382806793839
208 3.9806821348346038
209 3.6625127318250703
210 3.2934634632813458
211 3.803227813023242
212 3.7372959130969705
213 3.635044088857721
214 3.4124608466215642
215 3.416187424272057
216 3.4860444184119994
217 3.542275263867366
218 3.6428484360024327
219 3.5527465706159265
220 3.5006142879737516
221 3.764873708461586
222 3.674120119142686
223 3.8211442025047027
224 3.8239814950474043
225 3.746896930186153
226 3.9154144954764427
227 3.4227592258465034
228 3.671009024497571
229 3.4203767983496167
230 3.605478160169519
231 3.7452439125358548
232 3.6512956937956114
233 3.4806814884996977
234 3.844271405227224
235 3.3517557767584214
236 4.229571196441612
237 3.902959526869695
238 3.3653531925836155
239 3.8593995376077173
240 3.883158281773065
241 3.6630996884428177
242 3.414522649810989
243 3.3672291390013123
244 3.3873390472778357
245 3.7127591322492477
246 3.661690544499554
247 3.57934307435506
248 3.2938185514576066
249 4.699380500154861
250 4.9029436556921295
251 3.8364318449961683
252 3.8286041414958993
253 3.606186011775021
254 3.7263030582186714
255 3.3956576535663032
256 4.381441783577979
257 4.130645436190469
258 3.4718803749154743
259 3.6900040434901116
260 3.954091172004219
261 3.673634888072483
262 3.5576266579209284
263 3.8117963485807347
264 3.860993520095524
265 3.746386120315728
266 3.7671366279004928
267 3.6282248235195755
268 3.3004753497366135
269 3.6235612777986765
270 3.6480148249920856
271 3.6557818966841857
272 3.8171540198120346
273 3.566561255424036
274 3.6386978025488004
275 3.1404160787383884
276 3.576831962115253
277 3.7956189185721216
278 3.7067151765392703
279 3.709287259749751
280 3.7170391903860884
281 4.222558223754369
282 3.7091867021833633
283 3.662374881731498
284 3.8492580392229456
285 3.649971126452804
286 3.7659816000677413
287 3.9234005635723896
288 3.6331913226576775
289 3.606731676081283
290 3.769455027473856
291 3.581178483162058
292 3.7229799706237245
293 3.511624082371707
294 3.7606957042984344
295 3.8960360242903467
296 3.8510946853140475
297 3.76975369542316
298 3.0639126543377473
299 3.541659937477421
300 3.722491852949655
301 3.652178094180516
302 3.5961086452152737
303 3.8592383143398084
304 3.825907544443322
305 3.3196513367782563
306 3.4460128955024754
307 3.4195159601842993
308 3.5002269156974815
309 3.4687529459667337
310 3.5322045625819634
311 3.760955796768872
312 3.8428495880250724
313 3.7086218372847104
314 3.3752872751478398
315 3.3215062393631434
316 3.903906373113015
317 3.555823856500061
318 3.5337529407189114
319 3.953177800319646
320 3.8242821842627834
321 3.8382777800918864
322 3.806210692759586
323 3.8577935893055337
324 3.656274423258433
325 3.5793306136344687
326 3.839853231751805
327 3.8018842594283844
328 3.701693217676975
329 3.456221546554789
330 4.069324739893343
331 3.5012608127306684
332 3.419034430474212
333 5.1222086108265925
334 3.6161512477246682
335 3.8669718365390646
336 3.642918492100948
337 3.784065675071847
338 3.5141246969194637
339 3.7218100235179765
340 3.7818206527627805
341 3.6200279140809233
342 3.6297221757811857
343 3.7145522158284847
344 3.8949610029743793
345 3.7530125828746246
346 3.862278852191227
347 3.8133602763370984
348 4.130597263071689
349 3.7261040388009903
350 3.750749640604324
351 3.6124740795760544
352 3.540035421485457
353 3.6486555144603945
354 3.474325768241923
355 3.659271179388246
356 3.989261256600412
357 3.552906379180392
358 3.5346414776752817
359 3.8143040860270596
360 3.594877459488497
361 3.8136492126910673
362 3.7450496432743945
363 3.6097749432722033
364 3.933101406757149
365 3.5547224626522014
366 3.4688845095848344
367 3.57211801039249
368 3.3111679316948632
369 3.656569060962029
370 3.7218726772555017
371 3.461312391680575
372 3.6042372640006763
373 4.69361679337649
374 3.5263473335580806
375 4.693025440723532
376 3.6545391020808196
377 3.938572564428628
378 3.8822296549234507
379 3.5605385188058047
380 3.7037060248307214
381 3.720901518205612
382 3.8006116922089332
383 3.689860224187062
384 3.7865629092846844
385 3.575602434277793
386 3.768097106048831
387 4.04028586600379
388 3.6233039482205447
389 3.7120018965977843
390 4.013916703905688
391 4.458615047659893
392 3.8412454557394597
393 4.317402139762701
394 3.656424102405633
395 3.238221364637141
396 3.8012103872597285
397 3.6817811645839322
398 3.642205716925633
399 3.571647224115545
400 3.7415383170987253
401 3.6142445884633814
402 3.6161549128816985
403 3.842847868441213
404 3.5266300259386383
405 3.7683767087633293
406 4.280047993315207
407 3.6637513150660617
408 3.3794291954115385
409 3.2711669955285143
410 3.9431992131807236
411 5.028311146976392
412 3.8556354253824154
413 4.3050767002924974
414 3.665711463029144
415 3.8544769689991156
416 3.5458792606901723
417 3.4189198171113526
418 3.70009986732255
419 3.47039264900396
420 3.261672650217013
421 3.4391908745580158
422 3.7809139588268943
423 3.4194282663005153
424 3.9505817568313883
425 3.5370308646349775
426 3.8597372803755663
427 3.5955619590640655
428 3.7517399992734832
429 3.5961498420406706
430 3.896757004267402
431 3.560357227867324
432 4.160904106832179
433 4.902918930515614
434 4.1268729512916185
435 3.663129009698372
436 3.4819710132854707
437 3.744740868654707
438 4.028076938470195
439 4.35545714265298
440 3.8984960700937923
441 4.13647424767113
442 3.531933705637893
443 3.905248086411194
444 3.859986884182863
445 3.763514242261643
446 3.5926615875369583
447 3.7583641194075095
448 3.6428208979482375
449 3.6713127996979673
450 3.678445166876691
451 3.593762018390241
452 3.877896005267082
453 3.570605934287536
454 3.414942505585137
455 3.4472548241067122
456 3.556831623496786
457 3.6441702010022983
458 3.66842811021665
459 3.6896285058319096
460 3.934556276150453
461 3.814064201090807
462 3.6314045874094503
463 3.750759432032276
464 5.587225392572194
465 3.624142053766334
466 3.932767946975204
467 3.7342274548019834
468 4.272542551410766
469 3.343735859548219
470 3.9977720936588796
471 4.348392519585637
472 3.665795715506943
473 3.8666333246414784
474 3.474897368639901
475 3.5992309168141707
476 3.6131550089655375
477 3.4350807946977677
478 3.5888105683323
479 3.679652169124052
480 4.564814906590689
481 3.7901747304965148
482 3.6543404414086655
483 3.7828080841148264
484 3.7614664395656128
485 3.828899218165742
486 3.7979329634300627
487 3.7250627562390473
488 4.988825188186657
489 3.6735769470640203
490 3.541866204577584
491 3.813284187407389
492 4.017711990500432
493 3.6975720978038606
494 3.7438471882448368
495 4.321418309598768
496 3.60738161937818
497 3.793025798587239
498 3.5212821957537055
499 3.789902073518544
