0 10.043852333307354
1 8.473790916489389
2 8.970697894075691
3 9.334571132683894
4 6.911801544086736
5 9.082569949310127
6 9.974484136455002
7 6.967835248880602
8 8.89251433652812
9 8.460178833414732
10 10.706371351554301
11 9.961502058300436
12 9.519732905495873
13 9.218596494062687
14 7.754630310313096
15 6.924862111286651
16 8.535232865263907
17 9.374906837650007
18 10.098117546531023
19 8.167978614130943
20 9.871405231423866
21 10.258694150475979
22 8.256558576415445
23 10.58920690233132
24 8.976365307585993
25 9.527485443135868
26 10.42582706824446
27 9.150855486639609
28 10.194541505869383
29 10.642573154818637
30 10.477206003978376
31 11.83302219696726
32 10.058898560238276
33 6.775512576759674
34 3.7387033945296473
35 6.348311891168861
36 6.94837289469252
37 9.779331597314261
38 7.1192758606100615
39 10.181687567870288
40 8.780662086862915
41 9.009339651131171
42 8.526571322229245
43 10.333892316569873
44 10.800420267086617
45 8.162244421679507
46 9.319132570679104
47 11.387846874606458
48 8.246505473890155
49 8.482028338722277
50 8.117682414630057
51 9.980089258616701
52 9.522162304920482
53 10.517559466392637
54 9.655527510277203
55 9.757546722079809
56 9.445903058317468
57 10.024509462508522
58 6.220204540086293
59 9.696349377522305
60 7.88071336065082
61 7.788829125636871
62 9.961477996750482
63 9.600352619170591
64 7.860867121589863
65 6.332418864035701
66 5.699566876482867
67 7.65598916692204
68 8.972261446857548
69 8.800978992679502
70 8.401866429139682
71 9.04964755512371
72 9.231588633218259
73 9.298543540401937
74 7.878658120870248
75 10.046982030645157
76 9.437881556964033
77 9.87916104447815
78 8.274902647480186
79 10.888836924539152
80 10.004586507362848
81 8.334778455561406
82 8.561477248593523
83 8.533622159907425
84 7.886691650804111
85 8.914747983787413
86 9.539262828000238
87 8.894549684074194
88 6.8102461888878985
89 8.194566065583118
90 9.522489423925995
91 8.251477179300178
92 6.8690627029114335
93 7.120363750239301
94 10.508899975444388
95 5.827709854784584
96 11.218615937649325
97 7.819151229718153
98 8.662108493658481
99 9.366003644177653
100 10.014952239442906
101 7.159364537967825
102 7.624052190491986
103 10.955793280855701
104 8.875644455406475
105 10.151955704716647
106 5.999199279920065
107 8.32647615048377
108 9.077209949208891
109 7.037196878194238
110 7.720574685838767
111 8.150387094606877
112 9.397408748252541
113 7.349935062247787
114 6.70443773755543
115 7.988889867177635
116 9.50956816255612
117 8.650020283578906
118 9.5796474326796
119 6.864132273391019
120 9.978192285976196
121 10.026207415802885
122 9.631758093943759
123 9.358262149749553
124 9.50904731761672
125 8.66928450323393
126 8.744072491143367
127 7.913600962464162
128 8.855412706335466
129 10.444600707164417
130 9.799246642522547
131 9.630908326065347
132 8.4449019341485
133 9.92252921939168
134 9.21778744265667
135 8.260352049653228
136 8.6663529574657
137 8.436810420582278
138 9.266824065407679
139 9.772740441557561
140 8.568405677481582
141 8.12208251379262
142 10.94132327297041
143 9.848298086260751
144 6.455803426691592
145 5.068070740006849
146 4.186701171215194
147 9.979256503537952
148 7.664107916275794
149 6.55931714039413
150 3.7835180289176344
151 3.6678944595824263
152 3.857980178161178
153 5.3934378195148245
154 3.709284698597914
155 5.929472387648611
156 3.7785416402145326
157 3.8322396946326585
158 3.101036971055522
159 3.8725542482207365
160 3.7799446415541484
161 3.7901908005027884
162 4.84453331475646
163 8.092486454147053
164 7.9928110873595335
165 7.55935850339017
166 7.378609504258034
167 8.742954863796502
168 6.691916305610644
169 7.757516401933976
170 6.685612156446248
171 6.9157773468171575
172 10.502997395576367
173 5.219712146918767
174 6.375079785107341
175 9.999697042716408
176 7.30735062016017
177 7.449387166541802
178 9.434568214288522
179 10.540581511732908
180 8.496606518610403
181 8.667077201524325
182 8.866747591078278
183 9.494486759845024
184 8.575141950385243
185 6.605869275149646
186 8.378123928810023
187 7.511680868567012
188 6.760658021574179
189 7.069106264510303
190 8.634904000476434
191 8.602820593965737
192 10.42579443601137
193 6.472783403936209
194 11.20524512912911
195 9.341768337188604
196 8.505356791122278
197 7.034650518049021
198 4.287752784422966
199 3.713779367848403
200 6.793553801199198
201 5.38937137599139
202 7.443861188712637
203 8.189420718409242
204 7.118955791141793
205 6.106215459773929
206 7.162744048011847
207 5.960059329252359
208 10.02045382008106
209 9.399781085238903
210 9.007382176242265
211 9.452098809883374
212 11.625225448391502
213 10.932835780593392
214 9.427567278674019
215 8.401359652589706
216 8.887067552039179
217 8.312601180530336
218 8.77505678811945
219 9.8071443467901
220 10.042056079411743
221 6.623627060250974
222 8.8546881805502
223 8.6971823604272
224 8.6920884907393
225 9.670896530094188
226 6.878757973961966
227 9.293023848765522
228 8.462881597050169
229 9.825356632387505
230 7.286324120067587
231 8.938435836810234
232 5.407298740084976
233 6.904284561383116
234 9.747475188141545
235 8.806338664440586
236 6.890559298588914
237 7.973156146811444
238 8.75170438543407
239 11.45963110318913
240 9.222223359665335
241 10.945944612806885
242 9.236303438547623
243 10.345965167891759
244 10.994481804321792
245 8.729707408828645
246 5.7208591111868605
247 5.410653162247215
248 5.530056671698173
249 5.727218179534614
250 3.739899039896385
251 6.555538745593738
252 3.604247411862207
253 5.914678318152737
254 11.083241909435044
255 9.482572317756622
256 10.302813665662772
257 9.231988299797306
258 7.950524226541561
259 6.58226824193619
260 5.501281525713411
261 9.068878456644809
262 9.210594441589619
263 7.4611461410180135
264 9.489545061726243
265 8.949748388468217
266 7.955932252199696
267 7.227347779782904
268 7.800175309590454
269 7.164254642893983
270 6.545217321622357
271 7.45005448818492
272 6.787439410676663
273 8.671639511372138
274 7.523974136986591
275 8.604069844084925
276 6.751595877349234
277 9.20397187303702
278 9.536058187572149
279 8.938050595728253
280 7.175503024845334
281 5.780361874774897
282 7.789861211248104
283 6.865121836653749
284 8.313003223966971
285 6.8886301209816825
286 8.331027323624909
287 8.383823993747308
288 8.370246326805512
289 8.16290663981124
290 7.48163888816869
291 9.211903343239328
292 3.723984902901964
293 3.9956241371955485
294 3.813112566723438
295 4.093181982249103
296 3.952068913162181
297 3.789263259885993
298 3.926451021863474
299 3.9555108832880386
300 3.8916552364106884
301 3.760975885516512
302 4.004975022241148
303 3.8404628208022955
304 3.631204516094298
305 3.987254383603313
306 3.6997500055308965
307 3.7329290818398886
308 3.7597085420058334
309 3.8270868636832396
310 3.7334343241531323
311 3.7562412877997793
312 3.934741625903405
313 3.8568617301687476
314 5.194293398291223
315 3.698660921382855
316 3.6454885346839667
317 3.9657484183877405
318 3.830369124491139
319 6.992228337077516
320 3.6851211276729665
321 4.030225039287189
322 3.6740250488916995
323 3.9071721617782864
324 3.779856388413814
325 3.9548422619140067
326 3.701031235100269
327 3.789627616285076
328 3.711287457394783
329 3.9240870661747485
330 4.04775042830393
331 3.778936108768244
332 3.909719390858681
333 3.8878547870497973
334 3.8140354557660086
335 4.513419126099791
336 3.7043277236563052
337 3.779627469029889
338 3.95314214438607
339 3.8561954537448484
340 3.8858296671206993
341 4.006913980519407
342 3.7799801266345376
343 4.0007013898864106
344 3.8695303475523675
345 3.956030984981176
346 3.9695182146212957
347 3.781830167261108
348 3.763170993199595
349 3.545406926345395
350 3.750528052516744
351 3.766944634182848
352 3.7070289930685947
353 3.9123292457272076
354 3.8435319324341104
355 3.600579366014726
356 4.07123812944905
357 3.840637427300007
358 3.644291453021468
359 3.766493522753308
360 3.9138311467482687
361 3.9693948325091033
362 5.463130139662197
363 5.286394349745806
364 3.6388141767591162
365 3.7794577425916627
366 3.656442697774417
367 3.731123012816684
368 3.8665083317675037
369 3.390092231675571
370 3.7595951025130505
371 3.7330889925466613
372 3.89573612785516
373 3.49485617138423
374 3.5899589649763066
375 3.862971812069454
376 3.874870453863998
377 3.886112953580672
378 3.819614497338764
379 3.980933643668189
380 3.8311384065802025
381 3.8411791013014933
382 3.905470220989562
383 3.8049052917187445
384 3.6172789381922645
385 3.8810183000337735
386 3.588713091468863
387 3.8606034881295415
388 4.017808535037272
389 3.8968503789218416
390 4.134843524230977
391 3.782633910650478
392 4.079438371070041
393 3.921664002759487
394 4.065362475782128
395 3.823025805140046
396 3.5426718748666857
397 3.967084580624334
398 3.7595033987759976
399 4.0143334265959405
400 3.6437354835543614
401 3.7574086717406705
402 3.8949084278184958
403 3.9636069479916762
404 3.8131103114003952
405 4.082082762367598
406 3.8542240585661633
407 3.5436165898122014
408 4.027780046369464
409 3.795337929857797
410 3.516148749942861
411 3.8447498356787273
412 3.87392750222929
413 3.856296988840747
414 3.6940950665823413
415 3.7410892383789225
416 3.6509780065573962
417 3.7437052890481812
418 3.8189765700621816
419 3.939431008178461
420 3.746443370047617
421 3.691408407004048
422 3.906477201922264
423 3.8461268014919128
424 3.676718813779017
425 3.964961112441145
426 3.7163515274487042
427 3.800124916332626
428 4.283127271711547
429 3.857801084391406
430 3.9051737817213046
431 5.96323489464602
432 6.066271238461829
433 3.699880048003588
434 3.892418889992985
435 4.190739447313102
436 4.085077201851996
437 3.875669657783792
438 3.825714805125633
439 3.8686279148009195
440 3.6730685181660023
441 3.620678064581472
442 3.74163683100813
443 3.9895255680380295
444 3.9982801852553913
445 3.7964897953033656
446 3.8121065505114293
447 3.8833080728007436
448 4.1545779325913355
449 3.6993556725079104
450 3.778780059119586
451 3.8420370217477644
452 3.7158212416910636
453 3.8453050886356435
454 3.846321854131953
455 3.8783021168196723
456 4.349393146278218
457 3.629820215299519
458 3.5453793531406035
459 3.8136347742599996
460 3.9319264202704236
461 3.859684648999938
462 3.959441380898088
463 3.8425761726868597
464 3.9346230309318124
465 4.054749571841608
466 3.8769388580920237
467 3.891609436049197
468 3.870038280024075
469 3.324961863033399
470 3.803741832307946
471 4.010770466189171
472 3.6146154970837556
473 3.9561998039721296
474 3.86404816293621
475 3.5727204781651576
476 3.8649041831061237
477 3.7799952420709224
478 3.826008265078332
479 3.986226811798588
480 3.7246059399999476
481 3.9922568337418713
482 3.886103411466639
483 3.6850199689494647
484 3.916395358346141
485 3.8878456371735743
486 3.8516377903870618
487 3.81331777191045
488 3.860682582429674
489 3.8276914429988627
490 3.9803315263628174
491 3.926093399359581
492 3.838164488237959
493 3.5947842899663285
494 3.716589220770234
495 3.7862196966774087
496 3.9485797691897373
497 3.7289351280652827
498 3.958945330141845
499 3.8759332245684277
