0 7.895698282024202
1 9.999183754924495
2 8.909384651323588
3 7.994520326769868
4 6.317391795039798
5 6.523009560218746
6 6.143962275284944
7 5.8434207709853645
8 6.718117152859488
9 7.4983844365345425
10 4.552072261036068
11 6.443807124951003
12 5.912392780984053
13 3.6570243794433
14 5.905929722063844
15 3.6616422486691325
16 6.955293115756926
17 4.710045049727362
18 5.766853253796342
19 3.5463089647798816
20 3.3495859191381054
21 3.448010887420882
22 3.5750082645422956
23 5.29371805850268
24 4.148521977339798
25 5.331173088569936
26 6.54974157530834
27 7.1040848061497615
28 6.743870529147241
29 6.944978070491797
30 5.783519834650767
31 7.149089162590745
32 8.041427124590273
33 5.410326721194535
34 6.529108814956782
35 8.770848996592534
36 9.556925087320987
37 10.135042221779571
38 9.896224865518894
39 9.925004129677822
40 8.490455007834914
41 8.561089457249206
42 8.953016971281624
43 6.952066677595118
44 9.607331611946888
45 8.940056742282113
46 9.800116953079923
47 9.586544923637438
48 9.606701461980858
49 9.988902543352769
50 8.792817193434413
51 8.003115138265352
52 8.690578587887833
53 7.682931367238781
54 10.21461712797758
55 9.253729351365262
56 10.376880611718901
57 8.035059019791653
58 8.188299146728601
59 8.481321523420426
60 10.23505858150767
61 9.871497146342396
62 7.842232013424719
63 9.295809098675758
64 7.094498933163956
65 6.81686246551996
66 8.404220734465229
67 8.505657780987196
68 8.26559644301391
69 8.368706296104705
70 7.8252715797315116
71 7.604313983327298
72 9.158667091238986
73 8.945322623585636
74 6.1300456070191265
75 8.563767802001331
76 7.48312268617325
77 7.852341213377156
78 8.239844075574746
79 7.504358726300597
80 6.493396684951911
81 6.657222997246292
82 7.445252126445978
83 7.028157128058796
84 6.949713337603077
85 7.06128795918243
86 8.763131129507007
87 5.490651600207339
88 6.9215652847905895
89 7.914741177495489
90 6.682992377289211
91 5.475665813274004
92 6.173956491421824
93 7.2065092514407585
94 6.573628336443104
95 6.223160043404316
96 8.564249349464438
97 7.225691923161369
98 6.817427936259672
99 9.11164137902874
100 7.152559116027055
101 6.6923889836953
102 5.742991636635161
103 3.8604194128842244
104 5.75956821267817
105 5.7215773898154465
106 4.963269577357909
107 3.6375650886611064
108 3.6308444961117647
109 5.022852485832326
110 9.506322095814074
111 8.900494834540318
112 10.005075459842754
113 8.77561954599138
114 10.508989187019836
115 11.692858472940124
116 9.761253939917669
117 10.456630424965025
118 11.009837520075063
119 11.185652458997376
120 10.403598195561358
121 9.046387297028264
122 8.241130810432
123 9.393897746033472
124 8.999366898270365
125 8.81152246674406
126 8.334138466421646
127 9.373050519107409
128 8.67977595453739
129 10.300624974569464
130 9.350513349251845
131 9.509494197000294
132 10.842856581423924
133 11.118420673450064
134 7.635982451785015
135 10.384434392478894
136 9.60860331207635
137 9.635535033537208
138 9.579254673917704
139 7.3699467845405096
140 10.584107694174351
141 9.802171040602287
142 9.6658490887501
143 6.745356703851014
144 9.102038122548718
145 10.803854236578424
146 11.42639755298039
147 10.537984196283094
148 11.292051194594455
149 11.597825170189493
150 10.815720911768546
151 10.033019599478921
152 9.775647304918099
153 11.032080206895486
154 10.737996218786868
155 9.454879046165509
156 10.340192093011407
157 9.789143746718914
158 9.575655666814038
159 10.628140730028859
160 9.129125091375183
161 9.630317551625735
162 8.235552719890714
163 12.411446930672659
164 9.68693318402942
165 8.09104849400165
166 10.057394583373616
167 9.311561484265255
168 9.685746663793159
169 9.786326600698791
170 10.462190855852025
171 9.538953798180422
172 8.099283733441657
173 8.624641858273003
174 8.543164830385365
175 7.924992855572378
176 10.726728996900524
177 10.233514459067006
178 7.610001762495208
179 7.099430352294129
180 6.9665367670550244
181 8.537571977215169
182 7.155768948359003
183 9.784378610996843
184 8.430739448659173
185 7.6405206759926605
186 7.950144682267613
187 9.702355596376384
188 8.539041455752287
189 8.726112953372226
190 8.268596604488886
191 9.587584958724038
192 10.541096549068786
193 10.164822597988794
194 9.29884281550103
195 8.928577384362852
196 8.26425771415464
197 9.701219507966739
198 8.767164422381265
199 8.125434135235862
200 10.11855884385227
201 9.228313336448887
202 8.387237679650195
203 9.55129058554065
204 9.245332185292144
205 9.887445896356045
206 9.802154805993618
207 8.672132993190008
208 7.231790972442488
209 6.877501133981541
210 9.798195697917341
211 8.969659472065787
212 6.581004627072198
213 9.72522642640404
214 8.815937988327146
215 11.12493124584188
216 8.84541314501906
217 10.279476756053791
218 9.957119469474268
219 9.330306488066816
220 9.557808855310183
221 8.493147586010158
222 8.884580765868897
223 9.687299276855677
224 5.398807178152011
225 7.662865354154788
226 7.7915417721775935
227 8.080310875011625
228 9.294560411772952
229 9.23418155729082
230 8.706803148470538
231 8.399088620687115
232 9.885970985007015
233 7.632944295024531
234 9.834686115847354
235 9.416263042481745
236 8.51171857065958
237 8.021582535760361
238 9.708746261559133
239 7.607419109749423
240 9.553963867355728
241 9.764111272015814
242 5.767586791007409
243 9.114491284887128
244 5.581410463848888
245 9.161718531373607
246 9.575282746644127
247 3.6654168999990957
248 7.2820261186712765
249 8.597440466600347
250 10.802921081528762
251 11.432284239797754
252 10.621391284413527
253 7.368716931243315
254 13.060101375113364
255 13.07594454053919
256 8.18305482390426
257 6.860130262182495
258 7.6565475735197595
259 3.7172864324122585
260 7.389680967534858
261 9.096101345404417
262 6.075929428655872
263 3.886512103333953
264 3.8873746080278395
265 3.62925840152784
266 3.6845633113566527
267 9.071962204201979
268 3.75392762729422
269 3.780606063594838
270 6.949732373581138
271 5.760250150129104
272 7.426509655135819
273 7.14343302930689
274 6.960695362685987
275 3.8401413406989593
276 3.5535658014122133
277 7.159745674186287
278 7.316810619128111
279 7.8360957427222075
280 8.340999721037477
281 7.275632181493491
282 9.832143829626977
283 8.190101207881964
284 9.603670397966983
285 7.041425922961655
286 5.954238652040528
287 8.172282395560675
288 6.890876961166612
289 8.040971055116618
290 7.982045705108875
291 7.163239314657416
292 8.459970903744601
293 9.202513132821567
294 7.956570418080771
295 7.628524630590697
296 9.370260640987173
297 7.946073534960782
298 10.290903472207052
299 9.603092886586852
300 8.121588957959064
301 8.953491415715432
302 7.694528181205406
303 7.227147907757894
304 10.852025142038457
305 9.168748598443855
306 8.23252800119172
307 9.085719477269816
308 5.9175357772607216
309 6.0262595938643395
310 6.964922442037129
311 5.8658618739999735
312 7.909001024568013
313 7.306096792002962
314 7.224867980082011
315 5.802720334214756
316 6.80583708742542
317 7.096762043306385
318 7.785717169279987
319 8.806750103207358
320 5.967989272320555
321 8.469883402615249
322 7.180115873495608
323 7.442856530189097
324 6.945823508855265
325 8.160726185560268
326 9.066130644022017
327 9.21024780722235
328 7.320080220609081
329 8.311789179694399
330 8.403986425734978
331 8.180253998980614
332 7.152739297514341
333 7.94470749851659
334 8.704385810946768
335 8.389441678340466
336 8.551489188043224
337 9.048241662383102
338 11.084812033672415
339 9.365617487861888
340 9.555742394048389
341 7.088960734469168
342 9.348528751369098
343 8.929904031389587
344 9.287500733265519
345 8.888798022404092
346 8.156721750463428
347 7.836391278380064
348 6.8291971305487
349 9.495739334641232
350 8.713727739370809
351 8.328787538667262
352 8.227426638806778
353 8.059674527062377
354 9.324692827333005
355 9.014863534617024
356 7.978943884358113
357 8.812789996484396
358 8.746108287888488
359 8.884339520497399
360 8.688109656057131
361 7.829933052350576
362 6.73202305497115
363 7.691319981931004
364 7.783885331123429
365 6.113367573131302
366 8.879807723191536
367 8.432264566799713
368 8.365377545084867
369 8.576839616009318
370 9.398754859948093
371 9.676575324752076
372 10.599762055663875
373 9.332276558633035
374 10.598456635446924
375 10.212525312882182
376 10.250482138604049
377 9.149624615606786
378 9.44233359066037
379 9.780345832202013
380 9.152050652561824
381 8.233696692343024
382 8.441647568779898
383 9.063208112106876
384 12.46858633083795
385 9.503509241872742
386 10.372139340437204
387 8.687011979258296
388 8.709669295471416
389 7.958765103503487
390 9.593816198234082
391 7.863039063985518
392 6.380507554667641
393 7.954971413237571
394 8.216659825301063
395 9.171891782988109
396 7.801888636092346
397 6.155220366215803
398 7.5306261726379615
399 9.92868845760517
400 8.603990460768037
401 10.059020463589112
402 9.146467609601427
403 8.935110346063283
404 6.727585925785409
405 5.208035510434514
406 7.476800159389953
407 7.475375256246686
408 6.303065140207404
409 8.72991256889575
410 6.658694684464932
411 6.4067424295155435
412 5.8643916164752214
413 5.38462401127521
414 3.908700791575517
415 10.752886152003752
416 8.37864783469784
417 10.38739819332953
418 8.349045052435088
419 9.884362177041423
420 9.472328861867442
421 9.620145686663637
422 7.749783655368157
423 7.683866676622599
424 9.497850088494381
425 9.046567782940814
426 8.021334433980863
427 7.593908431444346
428 9.20550516772774
429 10.218712228242161
430 8.593289238263411
431 8.418661811999769
432 9.324665981773459
433 8.69516961239455
434 7.155681632471696
435 10.353257458830907
436 8.303282922026739
437 9.90097745450624
438 9.079800058461059
439 9.318053389499301
440 9.485083587845121
441 8.83998807613491
442 8.430029459803805
443 9.30779838131984
444 8.715388746775632
445 7.95494462707054
446 6.531539262082569
447 7.810904480346849
448 8.907926427499552
449 9.015968335750838
450 7.617521824110743
451 9.66701609966104
452 8.92072561075514
453 8.915113831010707
454 6.321084187599917
455 9.171568671405728
456 9.62035926403947
457 8.853447182693477
458 10.85505628826629
459 10.710460067948507
460 8.60009145734822
461 8.172017079384863
462 9.982931396239008
463 10.597112831262805
464 10.29850038920042
465 9.194136273315065
466 9.083451691680953
467 8.104625692402392
468 8.762598843369936
469 10.781289632276968
470 7.837129893047671
471 8.361229371256327
472 11.084820345605264
473 6.961827336603759
474 8.569364181532547
475 9.2451955221489
476 10.627870173371594
477 9.541206912924903
478 7.998582086885343
479 9.36680823479273
480 8.695722051199416
481 7.452728081140411
482 7.711998162832512
483 8.979782935763163
484 9.710269349146406
485 9.0503753716513
486 9.488854710755465
487 10.457746643634605
488 7.989957162688483
489 10.040597332746175
490 8.38842313630611
491 6.8780282302796545
492 9.617480646288973
493 7.682190885130315
494 9.48834772374105
495 13.341184772559592
496 10.795528755070375
497 9.228140587704967
498 9.884837665606838
499 8.90304071966106
