0 3.694848345567876
1 2.9532637761047407
2 3.8151140934625998
3 3.5639539722018725
4 3.719895899121306
5 3.9201981695738923
6 3.463000014155283
7 3.673313906922698
8 3.519049472955117
9 3.622598444284522
10 4.1528661426129245
11 3.4552303107012907
12 2.657827043735892
13 3.66968792862146
14 3.835905648509218
15 2.7538666665176694
16 4.8672405214762335
17 3.2927349718490375
18 3.6897346123044192
19 4.057149054580531
20 3.9112905415706156
21 4.669270425459263
22 4.10845729135229
23 4.153873522109077
24 4.923676750536779
25 5.123317935842259
26 5.267520512891259
27 5.983298385032618
28 4.4598388665408635
29 7.282821113797051
30 3.700188220852537
31 3.9811897837855086
32 4.021808085702589
33 3.683674082333019
34 3.103239443481567
35 3.504043704290106
36 4.67113217087781
37 4.780305354022517
38 3.8198988378825756
39 5.8328179354313505
40 6.391691281430468
41 6.345249150748039
42 7.114247329846658
43 3.7667963368521677
44 6.29398758392012
45 6.042713224491289
46 6.461032347206833
47 7.985866580592743
48 8.326614068203327
49 6.012283793906987
50 4.391931102582411
51 5.710166058311698
52 6.477623041987228
53 5.504362704394282
54 5.025806590610624
55 4.603587702825179
56 3.81942690524112
57 3.67170332350869
58 5.7489749414426194
59 3.644607031561388
60 3.4761376270050373
61 3.402292373194547
62 5.753314684849721
63 4.7491946667397515
64 4.335090383299875
65 5.418171097224941
66 5.0717286325355
67 6.407814897403381
68 4.853709761279466
69 5.244269128159912
70 3.7331307356280807
71 4.326369215942166
72 4.981336739242801
73 6.014049670712044
74 5.824786993534932
75 5.765172944999804
76 6.090233693785174
77 6.606328056924849
78 5.674216699164303
79 3.7893427553377834
80 4.043402329530617
81 5.036467527827748
82 4.929357453236964
83 6.166178338350753
84 5.734273424305753
85 3.5937763070491924
86 5.83390810722328
87 5.098284331015767
88 4.957808862846288
89 5.804052719273814
90 5.009308187926218
91 3.794730417385378
92 4.930097214515781
93 5.555205876789205
94 5.126336170648708
95 5.303799943356649
96 4.907095265799565
97 5.228160764667993
98 7.115126366162918
99 4.607812948106439
100 7.900654352515319
101 3.470476820465629
102 4.564358150834192
103 5.000067487919695
104 6.508316184119493
105 4.979338960288416
106 5.326505002081679
107 5.840008577539859
108 5.938841017338946
109 3.8653173802419976
110 4.7917963627469105
111 4.280655817740919
112 4.872063725228762
113 3.8899462762671577
114 5.428428028218466
115 3.476327786329797
116 4.05359797037283
117 4.6104862371862545
118 3.696602023632291
119 7.671200356199897
120 5.779095165566878
121 5.412103771460486
122 4.129533283133
123 5.285297336255596
124 3.903862566999151
125 4.886139989892367
126 5.183548183651149
127 6.444805398594106
128 6.686303418132353
129 3.5303179439299024
130 6.366114677887335
131 4.868052680117894
132 5.521879348924925
133 3.816441009451649
134 3.8100809514497715
135 5.246075337228721
136 3.969701097112606
137 5.446284052630179
138 5.1087323840027095
139 5.48049249607426
140 6.558130044623853
141 6.5491614294020835
142 7.496310101951712
143 6.345916487616109
144 7.236880873943321
145 7.283547633884986
146 6.422252439057299
147 6.7983465948870005
148 7.792613103144496
149 6.192344912308357
150 8.545371763008605
151 8.416541503604494
152 4.413808194511748
153 6.254151248311937
154 5.603791744215433
155 6.762605032811282
156 6.592569079566856
157 5.34715608436765
158 8.368527754735624
159 5.945668676208087
160 6.671389080009419
161 7.279280449371927
162 5.9782804078028615
163 5.907582443003661
164 5.631467563322778
165 6.190030861463849
166 6.461331595476
167 7.870341451966009
168 6.014212991025534
169 6.115978652039199
170 6.686348489306843
171 7.72083368902497
172 6.331655861345249
173 5.330550557411404
174 7.373829326778612
175 5.765713172201271
176 6.430650563314022
177 6.380480562856039
178 8.061257009220979
179 6.88385844318957
180 5.1663468906679855
181 5.091616288826995
182 4.931836709763801
183 4.614944214941091
184 5.820467665456236
185 3.3459516356212955
186 3.4870937050367385
187 3.6823307613530742
188 3.3163399458416216
189 5.565078878461101
190 4.524666615775679
191 5.195205212618429
192 4.788657429615817
193 3.8071561772946394
194 5.44724565399499
195 3.31092438687061
196 3.670828756059223
197 5.313387107306187
198 4.7043507577943835
199 5.116195396541058
200 4.6979389012494375
201 4.513621546561124
202 5.203514086387001
203 3.753665924084653
204 5.726313643290226
205 5.906327559829053
206 3.8622825409332786
207 5.354331162772699
208 5.719428657311229
209 4.544408408730467
210 3.9396885469521252
211 5.844759086269955
212 5.974118154804296
213 6.853858058261402
214 6.5142206875175495
215 5.236092591499435
216 6.913026423320198
217 5.566494693065101
218 7.284195460766651
219 7.469417906489105
220 6.004135511235129
221 6.284181889863758
222 6.441764829436738
223 5.115367323397899
224 6.41594344163803
225 7.399731169862864
226 5.148483064067823
227 6.0173784975458835
228 6.714044901647833
229 7.185065109535235
230 6.630389234967146
231 6.216238979229404
232 6.129210508473305
233 4.33827137280871
234 4.003080863776153
235 3.2273537155747922
236 4.015753980311627
237 3.4145605885793953
238 4.069594607418699
239 5.748613276022567
240 5.609040244249641
241 4.862181226710422
242 5.506781035433719
243 5.391911366780071
244 5.195444845132135
245 5.403051027342702
246 4.421261767382167
247 6.876461390427775
248 7.521302726127158
249 6.087090488101054
250 6.343868738906727
251 7.044075757849457
252 6.667729391403401
253 3.8117385901363647
254 6.548084144972256
255 6.547141900757239
256 5.915575979143594
257 4.761432244220672
258 7.033039329242024
259 6.835281138482896
260 7.072623868089115
261 6.583156813759857
262 5.491406695272772
263 6.443059699119647
264 4.110608769355182
265 6.820737690058884
266 6.297295415573539
267 7.092241067490019
268 5.808100283509699
269 4.203997401811678
270 7.061811857133003
271 5.874146256844459
272 6.331320983919403
273 7.08577821213983
274 7.284042555086134
275 7.671109419794215
276 5.569251916271358
277 6.093239186439399
278 4.193689486403628
279 6.207034205734517
280 6.07561234553739
281 6.604378944441065
282 7.751273536192587
283 4.868254859192555
284 6.80708314760358
285 6.487894580781847
286 8.552275499751774
287 6.8266481935637175
288 7.617759085926005
289 6.64742189789134
290 7.285326393822481
291 6.836136523594559
292 3.887209329849626
293 4.706586218437045
294 3.8084547540247637
295 7.328465727617896
296 6.173523046700445
297 6.7445389518366365
298 6.677683924907722
299 7.372613387622318
300 6.5533629180083635
301 5.355563883989786
302 3.5647626670663186
303 3.793365877595011
304 4.350873697192933
305 3.2888645201521847
306 4.089909555489182
307 3.4207709678013463
308 3.2822683349396975
309 3.374924887625329
310 6.733834069935089
311 4.000360414889304
312 3.966139578898102
313 5.596496840384309
314 4.71717116269582
315 3.857990712387264
316 3.5296433246682275
317 3.5244770339511047
318 3.720689270300466
319 6.318209998548308
320 3.9591358661623444
321 7.646054357449158
322 6.184687211358081
323 7.113212770182489
324 6.917198214690413
325 6.673068984827731
326 6.090926292807716
327 6.307183922532843
328 6.613434631133636
329 6.58614873817689
330 6.636548605998527
331 7.072856416615765
332 8.884463608688426
333 7.451744518027712
334 8.171973224060423
335 6.453727408724882
336 7.4148706434454175
337 6.804410437462928
338 7.490862033346548
339 6.078777703870598
340 6.511452289271882
341 5.446047391623358
342 7.428625637865681
343 7.11027285324732
344 5.851398600487024
345 7.771676780639605
346 5.928443904760989
347 6.442639176061565
348 6.774241146935429
349 6.598489243913547
350 6.281301762706581
351 6.60359104377068
352 8.68862392947404
353 8.379904294479566
354 7.01412517327923
355 7.558259976493252
356 7.2067611405044705
357 6.481244907850654
358 6.125021913527792
359 7.404707627139634
360 6.562004984020038
361 3.3677124640589966
362 3.7863830491367123
363 3.421566733317565
364 3.8936984909117354
365 3.816522564241984
366 5.412626898818096
367 3.8665573552919175
368 4.151015736275579
369 5.35132755815977
370 4.875845449312654
371 7.347662783909027
372 6.294151349572537
373 5.473145429020045
374 5.620104396222212
375 7.17763067004398
376 4.5142679292252454
377 3.995995011192073
378 4.432284774374725
379 3.6694596337837897
380 4.162676325978056
381 3.938085381418933
382 4.535507727804453
383 6.416717347515381
384 4.678550576863648
385 6.2867566337722
386 3.8629635471672357
387 4.628397474272947
388 4.85779957018389
389 3.8601070625401217
390 4.8868857648789295
391 4.25493864520592
392 3.844648316096314
393 4.1131561619157875
394 4.854773039385779
395 3.7999105452843778
396 6.549453101918332
397 3.8556437606935714
398 3.364097218762663
399 6.463342009697151
400 3.8007537190910106
401 4.076663985639705
402 6.037405765525095
403 4.155213675169186
404 3.9094886845040047
405 3.9353875717972198
406 3.981051801845262
407 3.335091252587943
408 3.6142318356443557
409 6.967956704820462
410 6.312897896383806
411 5.668213639519837
412 4.248425900623967
413 5.062352829161268
414 6.476115833850576
415 4.0556965130525
416 5.71959399437677
417 6.242087562925724
418 6.164460994820207
419 3.7532625256923575
420 5.226527543675531
421 6.4014358550803
422 3.763678679600052
423 4.140349778679247
424 4.439788114371303
425 4.405879992531782
426 3.7064227158144605
427 3.775145493039809
428 4.087299194212558
429 3.7033063299159497
430 3.7124433598575646
431 3.7101098422632273
432 4.134617538087996
433 3.7532501620868963
434 5.717261413574917
435 4.115370268498563
436 3.749473879379243
437 3.709329695113181
438 3.4669150251621907
439 3.8351618533749603
440 3.442779157183206
441 3.2982219645093056
442 3.7734455925550576
443 3.753739301625385
444 3.8782608428652767
445 4.069406377764155
446 6.344877018109921
447 4.046786064332891
448 3.906663751660424
449 4.0357122825264815
450 5.712124467614514
451 3.9345928297165367
452 3.741299893506919
453 5.66575321630065
454 3.619829999677361
455 3.7815890259461487
456 3.5550538966302585
457 3.571836017950019
458 4.277473903059203
459 4.109480529675245
460 4.986489050056212
461 3.9714659260557985
462 5.452690140194013
463 3.541135095815591
464 3.696104634672762
465 3.7182130900433523
466 3.710209630678581
467 3.7086944244020468
468 3.7010098450974147
469 4.19894002413261
470 3.5848375105585997
471 3.8830273672891558
472 4.526185763204712
473 4.055690132811783
474 3.962072352756377
475 3.2345592063100876
476 3.0120560035733086
477 5.280419200563015
478 3.722856354587658
479 3.9514700388642385
480 6.995885518194967
481 3.77206319123793
482 4.983627603342142
483 4.075941574599109
484 4.7453557596543385
485 3.897078023930209
486 4.8375541500010195
487 6.458459141244674
488 5.2017762285023785
489 5.775919936885897
490 6.995988830355765
491 7.696473074888683
492 7.047665919510135
493 6.776176636575502
494 7.404989890418958
495 8.519097658065405
496 6.906850388288895
497 8.069086395690661
498 6.7476792800894145
499 6.394209707196341
