0 3.658982096329971
1 6.383272035368665
2 3.5982142174221625
3 8.024945968799807
4 6.997987104011338
5 7.929991034471247
6 8.558893075467262
7 7.376803937685707
8 9.1269879160556
9 9.61263956336966
10 10.207800191027111
11 7.470546759171511
12 9.762202623504827
13 8.660765325352688
14 6.225762814909008
15 7.151720350275124
16 7.841816376702059
17 8.08382167500566
18 7.332334368287063
19 7.193550022401438
20 8.722234837341917
21 3.595043329176122
22 6.141381332013787
23 6.81181468341425
24 7.195178582572779
25 6.5109678816816094
26 3.2442915544045143
27 6.117089790438591
28 7.851703027614895
29 3.397462786445049
30 3.209293500625885
31 3.3743973871240347
32 5.844800562079487
33 5.1271293160875935
34 5.128109957336263
35 3.6882701185071776
36 3.0044463282225946
37 3.2980348775468813
38 3.6623593770314513
39 3.1145156962649914
40 3.6742575153880175
41 3.632057580245692
42 5.717694715414141
43 3.688001463198962
44 3.489499574960686
45 3.2141558065247597
46 3.7911622759804686
47 2.9580348173473947
48 3.5794245092173975
49 3.8163784038557917
50 3.589936378224874
51 3.5852317846645314
52 3.509930518183784
53 3.0112187392131538
54 3.7908984123252254
55 3.4238442909122133
56 3.738537741876713
57 4.264535666064659
58 3.5933916288480967
59 4.537603655772142
60 3.7878061392586155
61 6.069665561757857
62 3.6859408237349776
63 7.047658762570354
64 5.394917489109225
65 3.7819223064292826
66 5.824911069173163
67 3.623911638633654
68 3.6686881735944494
69 3.441096800542767
70 3.2817874817424064
71 3.757007337692599
72 3.6658374589682388
73 6.431862575696316
74 3.4789368520532395
75 6.360851972803509
76 5.6776916526428245
77 3.5188794152847036
78 3.544955813653001
79 3.473668990035801
80 3.9592145489295176
81 3.0586657945270797
82 4.442272392782132
83 3.5689050579879043
84 3.7131999331295775
85 3.305902301849433
86 3.8190549172655537
87 3.432081438242025
88 3.3742891000608313
89 4.622876769083672
90 5.533633631374178
91 6.261864432513165
92 3.3362372563581557
93 6.173632577338008
94 3.515027577681148
95 3.227881319398678
96 3.106886410477899
97 3.663901243549073
98 3.9247184188161386
99 3.2984914305202584
100 3.6434304937626742
101 6.042054201591096
102 6.104244602013475
103 3.4061690133969194
104 3.851151179795236
105 3.3831035750455962
106 4.369327834071392
107 3.584963012223773
108 5.983981616096768
109 3.9491702952332037
110 3.424686028145253
111 3.16850895595429
112 3.3332605138785896
113 2.972162371476166
114 3.473346747970609
115 3.0799959208524
116 3.9908571418636196
117 3.595242799204792
118 3.8859340178077866
119 3.4073377888563496
120 3.480594233479076
121 3.8718065034692377
122 5.3044725255278715
123 3.4931010015190895
124 3.703115873855816
125 3.781025076219452
126 5.244920070978144
127 3.4395152441243955
128 4.968530707654115
129 3.355315460912946
130 3.3138009776969346
131 3.916833009921113
132 4.009334611181293
133 4.054221661604055
134 3.385864597519955
135 4.067066706211472
136 6.242654886618284
137 3.2342077760250834
138 3.402930820454263
139 3.7051955792266043
140 3.1174479572837877
141 4.051116770973006
142 3.0656420802576307
143 3.548012560109452
144 3.3131248234771804
145 3.0893743140305783
146 3.3099706261824258
147 3.4080696510535136
148 3.6941070167706265
149 3.4380943903528416
150 3.4807775204435565
151 3.418160439138799
152 4.02024434262366
153 4.672732215820319
154 3.283122727792728
155 3.1303257803691613
156 3.242654960075133
157 6.9497821999927085
158 3.893407294055931
159 4.287051165928157
160 3.480509589268802
161 3.505827915677415
162 4.062335627654672
163 3.916859359129239
164 3.749947224842814
165 3.45203488309195
166 3.3547341966721373
167 4.224774056601361
168 2.8748034948238805
169 5.478590520620201
170 4.702586254041719
171 3.547106878152214
172 3.7629515284597423
173 5.840197652125602
174 4.556709799915018
175 3.407706308404915
176 4.161183113520222
177 3.4610754226231872
178 3.711692112864322
179 3.7002949246264887
180 3.5309316540085045
181 3.6037043890265092
182 6.276714154755623
183 7.400803643711404
184 6.30324442656109
185 3.6158933821047095
186 3.283857295680889
187 3.700921995120834
188 3.7149012580662464
189 3.376566083399916
190 3.578275921455635
191 3.257469129009891
192 3.3957020216022173
193 3.960666930755696
194 3.6427543575259334
195 3.575177294129143
196 6.373870091559673
197 3.086648102564873
198 3.225498327955063
199 8.323090818145976
200 3.5536567746329735
201 3.617919627936788
202 5.6446070976103115
203 6.88438290224372
204 6.3205598186823195
205 5.7309964581322665
206 6.8620236789770965
207 6.410081505191549
208 3.839543379876351
209 3.6495193646315354
210 3.8183108600142415
211 3.5750580630816002
212 3.7319004175918424
213 4.419641587321175
214 3.8495392292445634
215 3.606276224601245
216 3.6462095162595842
217 3.6825084116814666
218 3.0665138772296814
219 3.1917315088518867
220 3.4803461021537805
221 3.5002229329366292
222 3.4504859094392537
223 3.4542940109781273
224 3.781710010502104
225 2.7056293080890845
226 3.9213428052464074
227 5.230135599976018
228 3.674192605674594
229 4.602063306576328
230 3.3677671980002546
231 3.633654957339244
232 3.1110520134027895
233 3.3922766535892586
234 3.4564429765305107
235 3.1540173412858796
236 3.3699722077404464
237 4.755229434339827
238 3.625183037225345
239 3.575563288281738
240 5.561286542006654
241 3.266969403234269
242 6.780490645655535
243 3.646074623177245
244 3.644390105658129
245 3.830488802044621
246 3.0104692636624164
247 3.3947245228014844
248 6.1744553128492985
249 3.4837613661668527
250 3.167655834054795
251 3.3007185449758722
252 3.2900897008655186
253 3.2709690327033636
254 5.043553143579131
255 3.773438389735446
256 3.444716974210288
257 6.140543932374734
258 5.285443154147725
259 3.3779924257904272
260 3.8023905664933286
261 6.135086275695833
262 3.3856323504997365
263 3.852588305270331
264 3.5695882910347296
265 5.236806004564335
266 3.265889708979907
267 3.265598613632693
268 3.3715170044533864
269 3.6292912321946105
270 3.5085293956767853
271 3.7522282082249925
272 2.923769708441617
273 3.6214906298485046
274 3.268085441164659
275 3.679987298549849
276 5.647132026100529
277 3.157181219546
278 7.27641996544264
279 5.989593503673175
280 6.319021439196848
281 5.288843973151054
282 3.2080074695544063
283 3.8902560999643514
284 3.5851056782575634
285 5.397403293828167
286 3.600017595831248
287 3.5229987183223
288 4.956966955203255
289 3.3984499530349552
290 3.1088539166054114
291 3.4017790519006343
292 3.344741660762409
293 5.210291732655793
294 3.5010041260534135
295 3.6380113063111934
296 3.490531990692681
297 4.750772099595841
298 7.741114602877655
299 5.746581888794204
300 3.4597165492986806
301 3.9038209001802753
302 3.0509493104358154
303 3.1568786442622194
304 3.328567853328737
305 6.08576036614487
306 3.790384171775819
307 4.8731273189878355
308 5.161692084817587
309 4.590151452692939
310 3.0474910640224904
311 3.74298721947877
312 3.292486498213979
313 3.4263227371063123
314 5.185696647254485
315 5.04578289909854
316 5.304505014410878
317 3.451865184536269
318 3.1706093163280675
319 3.4237889836595303
320 2.8903746097925733
321 4.620977539102212
322 3.049336286096957
323 3.417405049244446
324 3.5477800268390456
325 3.644495604160365
326 3.9687116851754576
327 3.280039169991889
328 4.7077166711767635
329 3.6656280326377333
330 3.0334973445574485
331 3.9315441265519735
332 3.3187949803641703
333 3.513360832076105
334 3.271108214613162
335 3.6842052070881777
336 4.859679090383942
337 3.289950517828576
338 4.933796127174131
339 3.668462493992809
340 3.648116041224905
341 3.3729174792977434
342 4.74234209535087
343 3.7420225160901763
344 3.5404178586067743
345 3.4171187300157193
346 2.9386696055430632
347 3.757321983978427
348 2.8750558617575632
349 3.7596208596745453
350 3.4221999547460795
351 3.4899348354328072
352 3.643837628595907
353 3.4468350585064993
354 3.631079792218722
355 3.57744319543027
356 7.15973015536622
357 3.8205189899666787
358 4.720857069774315
359 3.4803569180449143
360 3.5112807082937816
361 3.270086982090639
362 2.8724479039887396
363 3.331585538801303
364 3.4275936817001567
365 3.0702440234318735
366 3.4809572385483682
367 3.3097865305911514
368 9.451446939014895
369 8.791170461091944
370 7.072951228725381
371 10.02519278944199
372 9.629439153398284
373 9.184954522464603
374 10.996228662471685
375 7.461048907709884
376 8.225953528877932
377 8.712125097911063
378 7.322190494903951
379 7.338937968801406
380 9.636347478911032
381 9.475377612635144
382 7.2840462131567305
383 7.737576413939524
384 10.264226134911029
385 10.921497779701856
386 11.272356761936392
387 12.234718766928518
388 12.487422930920138
389 11.025286248071211
390 11.01010233769926
391 12.268216362365163
392 7.825017134298881
393 11.64690414803087
394 11.953228178081629
395 8.592824145121725
396 7.38887179203818
397 9.69676030504554
398 9.108135007822304
399 8.731339041895438
400 6.948839986802742
401 6.886800895158249
402 7.218448465693115
403 12.284022690985083
404 10.79208202275434
405 12.039169742549602
406 12.063488740621526
407 11.660311802021308
408 10.595354779416505
409 10.37543210008769
410 11.279979842877168
411 12.516644396748424
412 10.921714797355618
413 13.874701747934989
414 11.325711586873325
415 12.435461321097797
416 10.124787070859696
417 9.969459754707358
418 9.72198899081404
419 12.592513370670886
420 11.249381394274376
421 10.785097887832803
422 11.696989872668409
423 12.091711642506795
424 11.166902158376828
425 12.119899298413909
426 11.170489225315364
427 10.237979771276846
428 10.423245706332242
429 10.415707483232616
430 11.659172612174338
431 12.880445172629257
432 13.157517473656712
433 11.537346827406171
434 11.640285671193334
435 9.183233946704421
436 12.348350650063322
437 13.689515619772676
438 12.938209928224522
439 11.251600552733692
440 10.384530223291392
441 10.72060179908493
442 6.5234970881190915
443 6.756662472399532
444 7.680571025174604
445 8.530404803907752
446 5.387394698690765
447 6.860111060035045
448 7.69290536399982
449 7.720528631973292
450 3.769011190214152
451 9.315920473439535
452 8.267597968049802
453 8.977107558035401
454 9.2220865707802
455 7.897653345361305
456 8.44064091992516
457 5.713599425973821
458 6.133858573662916
459 3.6581254970037462
460 7.7532478157960805
461 8.774070792002954
462 5.916188706930943
463 9.171018908686836
464 6.682206123487495
465 6.6542189213967555
466 9.334222277143413
467 6.995782921357502
468 8.494575181229939
469 8.650894162551667
470 6.58870047096112
471 4.653127688326977
472 6.953518223702614
473 6.878383925502193
474 3.469328479768684
475 3.3997312303388156
476 3.9064506453187513
477 3.5449854674717742
478 3.6649268125026406
479 3.684953234142378
480 3.391692845954524
481 3.5744333107668886
482 3.6321419161665136
483 3.654920796458095
484 3.522939822028044
485 3.702683120911989
486 3.2249503180056363
487 3.3668670649445325
488 3.566716037305803
489 4.196043843356176
490 3.8316005302979494
491 4.7946114236509825
492 3.2731742131401935
493 3.7441211097399654
494 4.100604403475794
495 3.6300479740495657
496 3.8458463632308573
497 3.797531737172333
498 3.6098786447266833
499 5.101202334821569
