0 15.312901915560216
1 14.402468902015148
2 12.917879065225685
3 12.797867277884201
4 12.158503641276118
5 12.900848289848591
6 15.577204810561437
7 10.951430093784388
8 14.17894376592377
9 10.739658955039197
10 11.822214906607176
11 14.109605160070075
12 12.193771834782273
13 12.554566305602151
14 11.737751366492178
15 5.938462794408086
16 13.568884012462771
17 13.957339516417811
18 16.27633866296273
19 13.36439527504548
20 12.596084316576123
21 12.214168191541756
22 9.783353748995834
23 12.818518611822594
24 12.65063008635268
25 9.185666710568604
26 11.349151588859321
27 11.846425779886244
28 11.45290317245689
29 14.149567767332778
30 11.856686665775255
31 11.131118110548988
32 11.791139224310873
33 9.466379081044286
34 7.406314293897591
35 8.874735873904784
36 9.8855140331946
37 16.316380290951344
38 12.088831099560544
39 14.542023424311548
40 12.891589775357119
41 14.1221807356448
42 11.607030400881705
43 12.818936481154106
44 13.011108058287249
45 13.398636109968292
46 10.331431922746471
47 13.76026013642218
48 12.819689652016775
49 11.588147054152046
50 11.056681251877597
51 14.203699477973919
52 13.296322684653784
53 16.068488071661466
54 15.724626674721348
55 12.977329805089221
56 15.426713188762397
57 14.908682028482172
58 10.549490968926857
59 11.663812640050807
60 12.757213504403822
61 12.169097673314328
62 14.590362538315182
63 14.809186802952484
64 12.074791578741504
65 12.633151278651257
66 13.800687407276047
67 13.097022671795978
68 13.678422624871487
69 13.965867062651355
70 12.120822005674054
71 12.739777614496521
72 14.597129018292472
73 13.235044317174667
74 12.907828687400634
75 13.193984374982714
76 13.506858520493687
77 15.036153250102394
78 12.748439472165598
79 13.760033361172383
80 14.251358163872851
81 15.504152053994453
82 15.288719086093318
83 14.389884688413684
84 14.481955887903045
85 15.119920119558145
86 13.868875780833289
87 13.520096356552111
88 10.855632934170428
89 9.771772077686592
90 13.330179148436319
91 12.476050827813301
92 13.931518612696394
93 14.340575313070747
94 13.31589105835963
95 11.593210697728317
96 14.024200349921706
97 12.95938621434373
98 13.297478273457923
99 16.064624400058424
100 14.04122413798137
101 14.179469839116013
102 14.20241075214378
103 16.62467883723736
104 13.57712230892016
105 13.190568832829376
106 11.704531866420577
107 12.48372310374901
108 15.30652568643621
109 10.600423814875427
110 10.51427101389628
111 11.086092658225512
112 11.003426271894906
113 12.364113481752566
114 11.648605348948934
115 13.010744500303517
116 13.618127334385493
117 14.707973460279135
118 14.000794360568099
119 5.908361966767167
120 14.133495119410792
121 13.701722457982523
122 12.116323267666868
123 15.100204603115769
124 16.023072747813586
125 13.970635921332747
126 13.106851894855827
127 10.437014621157209
128 15.042791110565409
129 13.38120610878258
130 11.907956774284976
131 13.10020476015767
132 8.184226500186405
133 12.98518010116036
134 12.395854551960108
135 10.57773542358414
136 13.308722073282091
137 9.290893671111595
138 10.917143203258835
139 8.182574558787872
140 9.687990712036257
141 11.549883689936669
142 11.79196730437159
143 13.299627643743818
144 9.041040486894563
145 8.285056120472138
146 9.322678595113056
147 13.509265689527522
148 11.642883616278574
149 10.747570310684237
150 7.601463444659203
151 9.195926174723793
152 7.870533018543261
153 10.1017206350053
154 9.843009694687268
155 10.363919347335553
156 7.834789475608748
157 7.692690883238298
158 9.89254829741927
159 7.56543206761925
160 9.034258190092709
161 7.807795453947277
162 5.430015088658643
163 13.529820229321343
164 12.227506068130408
165 9.778161660422404
166 8.81143418265647
167 11.188946129037614
168 10.384304527836019
169 11.273840059227313
170 9.026613074651765
171 11.760202663178568
172 15.89468055938892
173 8.834482128489121
174 8.959429180769709
175 14.971089280956246
176 10.686200339794983
177 10.57316861975023
178 11.936211235650367
179 11.33762232233698
180 12.115760304115527
181 13.251192186296672
182 11.919695381935355
183 11.003152674549156
184 12.380504489114667
185 12.229229219307781
186 10.815818697815049
187 8.428059177435482
188 8.771003607616459
189 5.101825633202396
190 10.248327213514596
191 7.639019716275477
192 13.201567112015363
193 11.61589251167543
194 14.232320655090875
195 14.873319260259906
196 12.843214559248782
197 10.13211859782904
198 8.621896047811044
199 8.260597814040848
200 9.829855703657433
201 9.836389384120787
202 12.323842481980956
203 10.588892152755683
204 10.310327760423595
205 9.655562151893212
206 11.44347750035322
207 8.481671759452045
208 14.928583397577931
209 13.978402360717816
210 13.533510542453925
211 13.075183769217324
212 13.584134297501508
213 12.225896506315255
214 14.781323720502556
215 10.8761907979569
216 6.799304188961888
217 9.01230994484942
218 10.052518156278998
219 11.975149193469734
220 12.635831083025574
221 9.43642171848814
222 10.848445400496512
223 8.706594471440793
224 11.75393567980387
225 12.020878216806473
226 10.901210460790011
227 14.196922503808185
228 10.224841154313246
229 12.5601676209552
230 10.393322511834619
231 10.843087276317172
232 7.68743189208717
233 10.376796230255477
234 12.978802324493325
235 12.601636949577646
236 10.76866797496942
237 12.658232866433615
238 11.599601054599084
239 11.862083880361027
240 11.277794392952387
241 15.933128467327654
242 10.325249845106113
243 15.954693755154178
244 11.232278227322736
245 10.86824406205621
246 8.312524971649754
247 9.559927473227283
248 8.689478106794743
249 9.53155466777497
250 8.640152490413035
251 11.161084073717696
252 8.220531980194572
253 10.57578462614148
254 12.499965755500876
255 11.089733808161272
256 13.877421937626002
257 15.071693205262369
258 12.614727166541126
259 7.474417659740461
260 8.332644631674363
261 13.345528956748685
262 10.808733216058304
263 11.564781849435152
264 11.054990210314193
265 11.666141280694363
266 11.945576998598805
267 8.4358948440615
268 9.656534082188982
269 8.590090322424283
270 10.25381674324789
271 8.77186699084026
272 6.867024049006399
273 10.776183067067477
274 5.455341928629047
275 10.391271779288891
276 12.044627279493275
277 12.423767105260977
278 13.088475991032151
279 12.883666623964064
280 11.43926222357985
281 11.912164589453223
282 14.119322068927373
283 12.970045200191628
284 12.953426256806647
285 12.761316261560646
286 10.833155506307197
287 11.510307594829992
288 12.86827473065721
289 14.184195971481518
290 10.835742644495161
291 13.12296730761926
292 6.675659505680877
293 7.949111807838909
294 4.073178546512875
295 6.3592019364096855
296 3.5266407798319723
297 3.5842538456409168
298 6.565689203427429
299 5.177163601900993
300 4.15280136852859
301 5.140173658467053
302 6.026284721895248
303 6.24058931077313
304 5.936282779110803
305 5.063014648171002
306 5.748031902888476
307 5.629074661913562
308 5.28904994740656
309 6.449350833899997
310 7.15217220881747
311 2.989011095366602
312 3.883630041122927
313 6.05231987668122
314 3.2855909678980195
315 3.9602552405399583
316 3.6590506869782193
317 3.084116940849233
318 3.677763762869302
319 3.582314668890566
320 3.4190340986270216
321 3.452895113543721
322 3.66037403965829
323 4.352539516098578
324 3.8392766517870096
325 3.8663191151474554
326 4.973772674407644
327 3.838035254658262
328 3.3947222664766064
329 3.815369495616223
330 3.559589507844569
331 3.6791505053000226
332 3.427565131915203
333 4.880919818022092
334 2.9406011891386257
335 7.337792187589718
336 7.012789935340704
337 3.741782690359764
338 3.9449618688175483
339 3.3884301707382707
340 3.69549798627962
341 5.316567862735707
342 3.8020331270483565
343 5.266325080939194
344 3.698131587816636
345 3.7241192540520283
346 3.8733386699507197
347 2.988684701923922
348 3.9257303822089415
349 3.4625776404293984
350 3.566465696096862
351 3.5171495686640335
352 3.4206346854490315
353 3.58469303278098
354 3.719613229957803
355 8.258089215154422
356 8.933367260844658
357 8.267212082810365
358 7.430302250083163
359 7.597773837395673
360 9.304323097030391
361 5.55864231340946
362 7.894116702545394
363 6.236962559433947
364 9.396065820909218
365 8.039558404461438
366 5.9748421970014265
367 8.053976594125201
368 7.175945149359946
369 9.177830916996495
370 7.688442385501249
371 9.000151320935167
372 6.954440257159995
373 7.295018446266304
374 7.676985761196254
375 8.109385666023764
376 7.749742636488347
377 8.245941988999503
378 6.657450414923776
379 5.632178047153787
380 6.6037902856590724
381 6.796686701730242
382 5.254352264891748
383 7.241626595444732
384 8.554519699815325
385 6.134522419926427
386 6.659120368842626
387 7.64873517598796
388 7.273206703155596
389 3.3450937424348095
390 3.5085145458017166
391 3.2817719673225354
392 2.8286586202379818
393 3.984922577296298
394 2.626613198192197
395 3.4449580565935745
396 4.346145878330603
397 2.914982947756751
398 5.268943792692627
399 3.7955092237672785
400 3.480523813560101
401 3.2642194389115318
402 3.887360368649273
403 3.747617418854756
404 6.303908824173293
405 3.8969677033023293
406 2.9847443270715046
407 3.3655773183983637
408 3.3560041691522406
409 3.635052294512255
410 3.5814218788138072
411 3.7335595371732535
412 3.631186058780558
413 5.984193415282061
414 3.7202652409600585
415 2.8172407504290673
416 3.3960978736235923
417 3.7994804294814077
418 3.079594853133217
419 8.53163782268777
420 3.8320394997404725
421 6.137873794641812
422 3.433839874288009
423 3.5472406088755912
424 3.184725960780408
425 4.127381940736308
426 3.819529210322362
427 3.350698199493817
428 3.693885032354098
429 3.62090413501197
430 3.655576266757003
431 3.7782215871778844
432 3.7413620855212986
433 3.2815090187294453
434 3.002534052624934
435 3.81719913475714
436 2.740777820630487
437 3.1295721461316734
438 3.5806195828653244
439 5.512117075312165
440 3.0629587221830876
441 3.1665973971988697
442 2.7023244221704967
443 6.079569429568599
444 7.83173832408316
445 2.898886849528894
446 4.021379935081907
447 3.4950165685457195
448 3.3122552447962263
449 6.185495285161638
450 6.631699988930544
451 2.832487517809226
452 3.280007221518997
453 3.4932473939338173
454 3.375060847062668
455 2.90658414659706
456 3.444469762270089
457 6.931342483865178
458 3.7959229424863885
459 3.641561676282782
460 4.875502417739516
461 3.302485279706545
462 3.841727231964791
463 3.5208339360329113
464 3.8727904795802437
465 3.5142009690191407
466 4.9041575926715
467 3.1268912851989756
468 3.575816282720619
469 5.617384157058812
470 3.569304300159297
471 3.511678378061961
472 3.342327111052848
473 3.148806811907766
474 3.464919784865887
475 3.259709087572857
476 3.0606112682458613
477 4.356599449218445
478 3.534078814001282
479 3.317483807575505
480 3.5179275774769407
481 3.4849104042392236
482 6.24463377391561
483 3.5771983147162643
484 5.06271137387582
485 3.314083086610673
486 6.562236610113886
487 5.2260272677448185
488 5.067057119532772
489 5.2836959500770755
490 6.705848315814072
491 7.8549916996699105
492 5.657892538778286
493 3.376092067647701
494 4.532351919734399
495 3.548330013820512
496 3.4343663169808742
497 5.437923206327324
498 5.700710770108073
499 5.834047366701381
