0 6.588332342312119
1 6.139158224937951
2 4.8827426078782405
3 5.101922998376039
4 4.68916312674773
5 4.580833048516223
6 4.89857430569259
7 4.808133636885915
8 4.547564180156406
9 6.437732747440532
10 7.647927555545995
11 7.358437540698131
12 8.450450259188205
13 7.323682485271546
14 7.44649081035523
15 7.916265485946768
16 8.228104553601499
17 5.383292329051868
18 5.92999576289196
19 7.761162031578991
20 7.672635370267583
21 7.925454993332852
22 7.454328372667619
23 7.9104954259578655
24 4.810934055090843
25 5.242184553756309
26 6.479656759884403
27 4.70118718269011
28 4.853805949750893
29 6.90083298165612
30 4.6469872498171885
31 4.5321178291083255
32 5.182654511117391
33 5.139095662655257
34 4.604903478929759
35 4.636425463586466
36 4.8401955160425665
37 4.9271873885919995
38 5.169967912936525
39 4.764153924367518
40 7.000921928150266
41 5.118314040035821
42 5.3457286051584765
43 4.849970791646669
44 4.612858413822743
45 5.836005982111336
46 5.21177828114486
47 4.773433596267448
48 4.87572171089471
49 4.8936002260081155
50 4.96426994921419
51 5.031710248127889
52 4.932126486002687
53 5.043927007998324
54 4.843725010712727
55 5.047072426517828
56 7.736263000150611
57 6.832794230597918
58 6.028111534283858
59 5.032714026184816
60 4.994088504120797
61 6.022442413957749
62 9.097826297048373
63 7.2616492494625895
64 5.456239127647318
65 5.202231832953736
66 5.805819633903827
67 6.695853778776405
68 6.523283900859565
69 7.908434512904229
70 8.547441146245143
71 8.105620014272665
72 9.963763308354006
73 8.829349799748599
74 8.405225639383097
75 8.546719200514735
76 9.349261981475415
77 8.974681388863836
78 9.408367303038448
79 5.589028573211514
80 8.942557719814705
81 7.545880107623678
82 7.186196872664519
83 6.295959825732868
84 6.449658269878962
85 8.638177097186832
86 7.746608101713738
87 4.649941668515714
88 5.7854785156226605
89 6.074385901844166
90 4.713535651914134
91 5.072877157488979
92 5.298449520709349
93 5.2590951941317465
94 6.071031447127219
95 5.006057428949661
96 4.909626388623097
97 4.694156793958372
98 4.562799876534634
99 8.709134328601307
100 7.932585664116519
101 10.628743012372878
102 4.839989779360672
103 4.750556913731354
104 5.385133642220916
105 6.1532191007153925
106 4.906309612989438
107 5.29491284450405
108 6.170099302551429
109 8.04654847021857
110 5.8448081664114815
111 7.830391142236124
112 7.729152995868904
113 5.817293845588479
114 6.0307389812399785
115 6.3614707285192065
116 7.8245320256222675
117 7.423316976510968
118 8.423121219081635
119 9.553081377177103
120 7.941480909336165
121 8.8890467536657
122 9.453685156515604
123 9.027114624103652
124 8.727691931768307
125 7.390339878343107
126 7.338258039463047
127 6.3278420856943125
128 7.16458994698201
129 8.961833088640116
130 7.5296669749903336
131 7.916902087200134
132 8.111076311370672
133 5.593264762021908
134 6.342387219195207
135 4.184104177084049
136 4.425153346726713
137 4.523486005351246
138 4.579892926378041
139 4.304147813405202
140 4.595709562272983
141 4.682516972419937
142 4.344957274562011
143 4.018248130936453
144 4.4506953784239895
145 4.32911525410436
146 4.0339711128959665
147 4.850549063292048
148 4.18386053608653
149 4.628754352160853
150 4.453441915138103
151 4.137548014695745
152 4.374046480935333
153 4.301616474172156
154 4.056063852057443
155 4.424391160641155
156 4.166161609666645
157 4.598432666902693
158 4.646943343653124
159 4.39756533346781
160 4.758489751952916
161 4.104928130898601
162 4.496681350476191
163 4.244273259109226
164 3.834448943405675
165 4.162711336991858
166 4.876023499946267
167 4.751488908038055
168 4.486964282538423
169 5.038610934711002
170 5.119869558301565
171 4.760532653191208
172 7.0181234009862346
173 4.696961943481997
174 5.828804333063407
175 7.878426832546809
176 8.065880976428602
177 8.758524641227579
178 7.740847851481803
179 6.187156163218108
180 8.51895991775542
181 8.098781349184216
182 8.250709445982775
183 8.164983977063983
184 9.606023899898064
185 7.701748090667871
186 8.04448695857293
187 7.2326997882513755
188 7.735803375938411
189 5.663747281221348
190 4.852584285482362
191 5.473004552533148
192 4.821632254946783
193 4.907456479671372
194 4.721619673192729
195 4.682862862340359
196 5.0165421942245745
197 4.956078776590101
198 5.940766747641393
199 5.116990492898166
200 4.8442505276678025
201 5.0096695025311035
202 4.821914777925545
203 5.62361515342471
204 4.642256491922822
205 5.644817714522446
206 8.821229060555597
207 6.072634169282106
208 8.706641661575912
209 9.801099967562118
210 7.776176753446561
211 6.758176090004218
212 5.343329921568826
213 4.853895865761493
214 5.042637922004279
215 6.65714196161796
216 4.857125715584527
217 7.022539003910512
218 4.972842770397917
219 5.212512003174677
220 5.23450475272447
221 5.228705997151232
222 5.051233165726824
223 5.120530828387471
224 4.651883866162028
225 4.9493393841200595
226 5.373564873893309
227 5.067977437974149
228 4.957384771659895
229 6.26585762178573
230 4.8365986967714925
231 9.51642683343861
232 5.934371401560986
233 8.453672389114137
234 5.855263009099487
235 4.711399983098926
236 5.030504779904544
237 4.960249202342013
238 6.184448433631098
239 4.984306467794551
240 4.721935355022228
241 6.881631905270175
242 5.7418893588186295
243 4.991198347833328
244 4.771623775297284
245 5.226579815577584
246 5.0678778751090325
247 4.789125492472037
248 4.327135143157849
249 5.178240188316414
250 4.886113915920574
251 4.909615641522101
252 4.786269432623802
253 5.150479771268569
254 5.249311473040547
255 4.834507781843443
256 4.843336969153215
257 5.872062554511557
258 4.786144005067861
259 4.8100861897916785
260 4.75284514808311
261 5.161387870150617
262 7.7721423678708055
263 7.253585310356255
264 7.180449278446726
265 6.77771187064786
266 7.794153569655911
267 6.619356749360433
268 6.337649690423182
269 7.614690101543048
270 6.7821949601147855
271 7.639512407585616
272 7.024908454236529
273 7.749877724550391
274 5.982299791615138
275 6.744870618689435
276 6.385591182738307
277 8.330597633618208
278 9.564618993332028
279 5.52984796155655
280 6.423780154577123
281 8.32441190724021
282 7.23638293111604
283 6.338922092836515
284 5.758720801934574
285 7.8812836954843455
286 7.816825377778073
287 6.649921466104402
288 7.264293003661038
289 6.541692542004627
290 6.677858612203027
291 6.794648468696437
292 6.68890623002706
293 5.995846474734279
294 6.3460247954754605
295 6.585665322813835
296 7.346056078082012
297 7.259882704864972
298 7.715144511997233
299 7.055251772251205
300 6.476831504821317
301 6.346422488796024
302 7.369324332665501
303 6.701816286664621
304 8.099424182441338
305 7.6629115078958145
306 6.677873335631389
307 6.999324775157705
308 6.949768692070208
309 7.128358031021682
310 4.412515528670728
311 6.504608725004414
312 4.634876194734595
313 7.866672194277765
314 4.698639929228665
315 4.8217290008972205
316 4.593225543904269
317 5.105488846900652
318 5.000507226937663
319 4.8027332030052925
320 4.927241645628811
321 4.6226373669495215
322 4.692490115515072
323 6.561993528269907
324 5.09408113225013
325 6.427838886854008
326 4.608407553515638
327 5.921244231660651
328 8.619584472492438
329 6.244983612356444
330 8.296867790502331
331 7.643033560844402
332 7.954758858480979
333 7.228571372407038
334 8.044018547934325
335 6.818274188095927
336 8.048922159529361
337 8.147576445849053
338 7.772294567019058
339 8.695625274895198
340 8.214713620702899
341 7.6586668401721845
342 4.884445514011208
343 5.581073111432488
344 4.949487547059063
345 5.124334972207519
346 5.57405121400536
347 5.724454275745834
348 5.2116096786590305
349 4.587171695846097
350 5.148324708888567
351 4.902922639945071
352 4.52789060309512
353 5.57313176191061
354 4.846367817445951
355 4.568816922322135
356 4.999285242535707
357 4.817653959786176
358 4.0897660484860285
359 4.548509637068668
360 4.222182088046458
361 4.986272935906514
362 5.080743313737336
363 4.916046696077041
364 5.688706728185472
365 4.811053557508365
366 4.7847026651629525
367 4.710703069957699
368 5.489179803034248
369 5.052620306143935
370 4.77155539123893
371 4.304748369695024
372 5.060869813838552
373 4.859931911422733
374 4.8015554184242335
375 4.70794338726596
376 5.327117728017445
377 5.270860825891918
378 4.970812049278567
379 4.869074378853455
380 5.279609090594942
381 7.403390957437961
382 8.08870384992745
383 7.559386275744836
384 8.629732595696034
385 8.3784706910963
386 7.409090883729252
387 9.06931378829257
388 7.9989925018596875
389 4.841024293945027
390 5.0587713903122475
391 7.422006274024791
392 7.481979313449324
393 6.117419543763617
394 7.190593110539206
395 7.166519217911827
396 6.9887753236146315
397 5.534192258033477
398 4.341696421694041
399 4.290017424487769
400 5.495658380780341
401 4.4626162856463125
402 4.204270415233008
403 4.6867899787891725
404 6.614059555219629
405 7.285087595683876
406 4.740276621069308
407 4.781940296641676
408 4.8061685901667754
409 4.850402766734397
410 4.849837676173086
411 4.748455411058224
412 6.299780499977551
413 5.3035791781447275
414 5.107176870536242
415 5.3237403914022785
416 4.913092311712012
417 4.924862729139223
418 5.293061534122783
419 5.010676304146283
420 5.023544864843715
421 5.060709568467277
422 5.0074041631734945
423 5.163516969544578
424 5.698188205643044
425 5.091747979354467
426 5.048477824414777
427 4.997199931871873
428 4.769763064908294
429 4.364506623467081
430 4.991843930817461
431 5.2294725221422445
432 4.4394976297634186
433 6.223723324762091
434 5.4269087421665025
435 5.41616551812372
436 4.72717598789986
437 4.955907357635858
438 4.919945981418042
439 4.913037222783222
440 4.7234234979423135
441 7.552756720223496
442 5.260987677966588
443 4.822268898490824
444 4.754088372236334
445 5.078169316794292
446 4.810356467496929
447 4.51118055458573
448 6.39677945052494
449 5.0892414696240085
450 4.928438827145213
451 4.93072506794876
452 5.042910438628425
453 5.2267316458008
454 4.99044694988646
455 5.2351115891921225
456 9.604501357889392
457 8.183543984931108
458 6.064110578999866
459 7.760951968934915
460 11.03959281004842
461 9.624207444814704
462 9.122699810445987
463 8.766845071435347
464 10.627239657162763
465 7.499674685880366
466 9.785709712994406
467 9.0688880297764
468 8.475745117856912
469 7.282098204115341
470 5.0818423697271395
471 5.248923276175215
472 6.521392854808278
473 4.989965454140708
474 4.958680558469389
475 5.014718506747366
476 6.19723932639878
477 4.940247171491358
478 5.062993680682687
479 6.574794314239416
480 7.919282631474678
481 6.123256921805916
482 4.753826869419794
483 5.019228583793851
484 5.38985558246172
485 4.765483062543434
486 6.917170529263194
487 9.846793633373021
488 8.109112536094232
489 8.785775808671383
490 8.221544129947306
491 6.940921725427129
492 8.984889168555137
493 8.107495642704492
494 7.748260387981189
495 5.282062055855295
496 4.890874420402307
497 5.61029255134837
498 4.582508270376874
499 5.981890905628734
