0 4.1428068997660406
1 4.001986593166502
2 3.7772888223011925
3 3.8218718842406028
4 3.552406623232087
5 3.8011771350377157
6 5.182575099999035
7 4.083205406965752
8 3.959197393269145
9 3.527204679282886
10 3.5898383431986756
11 6.110628243402242
12 3.7431581835236964
13 4.0464749265829365
14 3.7716634248570435
15 3.9294565365941274
16 3.907102335950316
17 4.90957421928501
18 3.8431168807648657
19 6.346467593519134
20 3.6573890398405595
21 5.090369496753723
22 5.178633728369847
23 5.534331233621355
24 3.3678188954820025
25 4.0766781138578825
26 3.9204204854756424
27 4.024709660764293
28 3.8661710001264527
29 3.8140204680053733
30 4.756162092378448
31 3.8155587287217783
32 4.163769941065728
33 3.81440159587645
34 4.015233119522028
35 3.911911820015756
36 3.6837696728931166
37 3.907907078359681
38 3.8312518361587378
39 4.242043463429979
40 4.997721740101793
41 3.8070447592536576
42 3.7522420660139884
43 3.704063851577795
44 3.8756021741859126
45 3.610180210190014
46 3.7514478817629042
47 5.521576205114092
48 3.956795984657434
49 3.8408854599268363
50 6.4163324960305985
51 4.0777621027037645
52 4.457712603127612
53 6.446369803255483
54 4.501124015835694
55 3.670451928353128
56 4.103717244766888
57 6.90469040543933
58 5.716349040804368
59 5.82994817197974
60 4.848282247303856
61 6.228189621995035
62 4.101125086221567
63 4.189951741921555
64 3.9915110319406284
65 4.340296577493712
66 4.404825875544861
67 3.8051772489320994
68 3.386687292974874
69 5.014031924399983
70 3.8059534260591317
71 5.11025358304515
72 4.359474787950229
73 3.5391789087712335
74 3.954437931486791
75 5.014340545589304
76 3.711982567308402
77 3.9327777134842616
78 3.9282456709269074
79 3.692775240728537
80 3.7323935180780805
81 3.874245375423173
82 4.164692519949093
83 4.008478149778539
84 4.1884248809338
85 3.766204874814608
86 3.6392285724813633
87 5.506530871634037
88 3.389873968768716
89 3.841339200570066
90 3.9721871837950817
91 3.6804767466752404
92 3.7532552674415682
93 3.6179128785646966
94 3.9827311407798103
95 3.9239149673566196
96 3.3661754272259095
97 3.6404406928048885
98 3.3181827828408568
99 3.6718039893950407
100 3.8949502711440442
101 3.763249784611282
102 3.9656110283180666
103 3.6403007669644447
104 4.1943282447597126
105 3.89845458213993
106 4.114915076735529
107 3.4475769870327877
108 3.729994168458674
109 3.6971560010171007
110 9.327007395684486
111 7.298902499733319
112 8.754504212954446
113 8.944387704225276
114 6.40787778892613
115 8.222781611917895
116 7.285677272749949
117 7.557451200935891
118 7.226525398429114
119 8.532533146334176
120 7.772740021144139
121 6.700032018269497
122 6.731969631910387
123 5.781873890582881
124 7.201471722160557
125 3.7274040228191065
126 3.7295927448627433
127 4.379178272772207
128 2.980255020415341
129 5.520273577709064
130 4.023103739452888
131 6.025502643548309
132 5.3105909423897995
133 8.390707074244617
134 3.870273945732975
135 5.048570621571744
136 3.6103059580752723
137 3.6611824722727206
138 6.669072083437444
139 5.914334065652281
140 4.0895472715634495
141 5.942301250692201
142 5.036223609131762
143 4.973243154227251
144 4.34113867004519
145 6.439972334871092
146 6.990248152048053
147 7.342079954403439
148 7.06330066628779
149 5.809970947531303
150 6.662431033642486
151 5.883910826022386
152 6.685715165241175
153 6.931364441005147
154 5.519832079547306
155 3.68336537393701
156 3.747872399768852
157 3.615691356645535
158 3.798662403199604
159 6.909104254875878
160 8.073896583948947
161 7.158925269842021
162 6.477180473123213
163 6.296405191916271
164 6.3140966258961475
165 7.035200207691571
166 4.101851344729003
167 3.692040862525987
168 3.7566086543957806
169 4.0105961663325616
170 3.732449780048509
171 3.477993608912921
172 3.7008125631811426
173 3.943331049524041
174 3.5487405136641077
175 3.6010475282053696
176 3.8266564480722427
177 3.61448624197311
178 3.4695934658166725
179 4.018425259325963
180 3.868261597747075
181 3.340783023812618
182 3.8639326120641218
183 5.138723332422389
184 3.8492475801439823
185 3.9575922646403576
186 4.478200336866875
187 4.993460209265138
188 4.901353678358244
189 3.5832211429215106
190 3.66499009129161
191 4.792689948031133
192 3.864590724914344
193 5.711369648465876
194 4.624833004833118
195 3.8668382734085194
196 3.9358071318440064
197 3.5315554384111563
198 5.160362213966199
199 3.742535626196779
200 5.196459034346983
201 4.187742990365009
202 3.5696446233780805
203 4.7341853290144735
204 3.8062744301767015
205 4.041494346414055
206 3.750142535373118
207 3.587875128653282
208 3.8246016293070704
209 4.60921625865249
210 4.365956679351213
211 3.694126375509352
212 4.023024656508577
213 3.759159618471031
214 4.912264462258402
215 3.654042727417033
216 6.368304234675132
217 3.482089830505563
218 4.2614641787829655
219 6.978185769415163
220 4.066060214409071
221 4.558343641153948
222 4.339720854018838
223 4.3053284301942405
224 4.372050716939763
225 4.476489975253893
226 3.787634268139015
227 4.71916228334012
228 3.6194485064034154
229 5.017114594647703
230 5.011681059135174
231 3.9107674110828996
232 4.004416170047159
233 3.7230229069286
234 3.921279241864949
235 3.781260830958112
236 3.594660043487527
237 3.747955064380788
238 3.8605876304249622
239 3.785124813737231
240 3.542884235539086
241 4.174620707957023
242 4.079651115457904
243 3.4335992333729695
244 3.917875150305991
245 3.8987050107767436
246 5.485720046858774
247 6.732357996554118
248 3.912264447990249
249 3.5936384330448625
250 3.456787003623326
251 6.373456540375209
252 6.809240691702721
253 5.92875990991655
254 6.790823327464003
255 5.9964019682038225
256 4.399507754961214
257 6.739199966910063
258 6.852077160982351
259 7.51243971606112
260 3.923098887664473
261 5.339056699791667
262 7.491213930239316
263 6.554200685133192
264 7.233411786895603
265 4.435835767062432
266 3.584774974956328
267 4.113488459244141
268 3.4272164796584
269 3.6210264743297405
270 3.7512162070551023
271 4.427703547832523
272 3.6303096924007834
273 3.941135493354026
274 3.7715419633112433
275 3.797306077505045
276 3.699436857321331
277 3.595898817465904
278 5.437958097606213
279 3.358669693617651
280 3.6961334019821925
281 4.080010315912993
282 3.9382150971616143
283 3.682544950722774
284 4.159931839052907
285 3.513034214002337
286 3.693784900312451
287 3.42601371410058
288 3.6428598183222376
289 3.717361577840585
290 3.629183574614153
291 3.8991633838931725
292 3.75930231936171
293 3.790193063088044
294 3.981362038290932
295 4.1312968038323605
296 4.07215971071296
297 4.319642113026923
298 5.823721304957887
299 3.6809194760187545
300 3.7716421335939567
301 3.8433938570188193
302 4.408464213395094
303 3.7896718474195437
304 3.9002438816810963
305 3.7386661051219257
306 3.6075059232479783
307 5.80210298580937
308 3.792213315845764
309 3.697645274062061
310 6.108227765797416
311 3.8535924134319153
312 3.816644770892903
313 5.1695753551099335
314 5.95728883354546
315 3.7476750501730907
316 3.8730287296750596
317 4.793909745486048
318 3.9671955007021884
319 3.613601126378493
320 3.680805584688302
321 4.674086239040507
322 4.00202116157727
323 3.7877225942801585
324 4.435346589712702
325 3.8829342438920786
326 5.121222896088381
327 4.936606260812107
328 3.7965583663154367
329 3.702122266951628
330 2.845416779034927
331 5.011680849424939
332 3.8376232974717355
333 3.584467999974921
334 3.6537714112342283
335 4.003546640128334
336 3.722005593737408
337 3.7637909212552056
338 3.898932301569776
339 3.388346311940771
340 3.7801221956418716
341 3.8334762153746422
342 3.800443392133162
343 3.579984023081172
344 3.761090583422585
345 3.3148656126005416
346 3.4787036730697687
347 3.679601067536695
348 3.826587929983199
349 3.648296042828412
350 4.720872616526299
351 3.522711015107634
352 3.6495579293729086
353 3.7131352405552422
354 3.4160607920170025
355 3.710516791427319
356 3.8280144346198504
357 3.7875576686180987
358 4.223501908366612
359 3.0694760117878186
360 3.663694822810787
361 3.5563048910817403
362 3.9066702176020205
363 3.7167602907416826
364 3.7517915134246786
365 3.840747763188268
366 3.8149899505831724
367 3.8977589230384906
368 3.5671318329902557
369 3.7548052932466347
370 3.707149943675875
371 3.9420767563288255
372 4.198796108241478
373 3.827903226291486
374 3.971299811904958
375 4.156021924350244
376 3.5452497835093753
377 3.4876424740156358
378 3.70769409880067
379 4.3152926836299965
380 3.598141155293407
381 3.6672263037236403
382 3.743952019244144
383 3.634961950325738
384 4.948929875118333
385 3.8051360667596743
386 3.9070557508483987
387 3.7548476029634315
388 3.6364773850123444
389 3.650866018514343
390 3.685391521698663
391 4.099164320987426
392 3.7281450350986414
393 3.9072297701297622
394 3.7165794703334325
395 5.008229518681529
396 3.3896047432119323
397 4.108151510948266
398 3.6639845465200906
399 3.5465493280960754
400 3.656982987363715
401 3.5051544754403494
402 3.595489699385954
403 4.254598481172634
404 3.610543333930257
405 3.580396269359063
406 3.914681487262808
407 3.8732500811645623
408 3.8220627166669443
409 3.7200745141474054
410 3.6887408287011656
411 3.7134339979428415
412 3.758745826029222
413 3.7064571223360967
414 5.1427245993158515
415 3.8389096397831826
416 3.5479879528720555
417 4.689229333594036
418 3.6372737041974306
419 4.129135471300377
420 4.84372775175825
421 3.593293594663381
422 3.885617643800104
423 3.648938563527511
424 3.6680559671728714
425 3.820107859721115
426 4.29123629185732
427 3.8138137289998517
428 3.4730197043153055
429 3.7151647062618385
430 3.6475001848296267
431 4.963230920505884
432 3.763416218831585
433 3.7084645411119816
434 3.445649632351099
435 3.7777779829417413
436 5.50529485311194
437 3.838287107586732
438 3.9290039484079298
439 5.006133589819828
440 4.0483874308449375
441 3.7300974810592735
442 5.499817174900148
443 3.7706780134822515
444 4.1343174180164235
445 3.4840489183599903
446 3.666535133522604
447 4.538425124661887
448 3.4267735307261207
449 3.289268359532213
450 3.594008175571664
451 4.067062365343906
452 6.559622429453179
453 3.7667807714960615
454 3.877463767528292
455 4.805828186042634
456 3.674525034274332
457 4.170676741161147
458 4.223913322348184
459 4.4972412516938025
460 3.6169315717471924
461 3.8942197038921456
462 3.7390640012133556
463 3.61069008098258
464 4.06465952213652
465 3.83550878300527
466 3.807987007503303
467 3.8317935915967487
468 3.482960568500449
469 3.5464857530900455
470 3.846326534048601
471 3.829313752357956
472 3.877567845730836
473 4.371911500712393
474 3.733643504064571
475 4.340573246309208
476 4.763542186600767
477 3.970143546089892
478 4.507906089134043
479 3.6039157258843715
480 3.5003607880443295
481 3.760651156967709
482 6.046897961069057
483 3.8489499734773926
484 5.440666057216118
485 3.665766026472959
486 5.402235224381899
487 5.292249284983576
488 3.699543704009036
489 4.900071451550671
490 3.7734958635859934
491 3.722120909075979
492 3.969032903882926
493 3.6951265056390903
494 6.3099921829481405
495 4.6725689441669385
496 3.7532444740601085
497 6.427059323842039
498 5.224970028938299
499 3.6522209968370434
