0 3.901213251897297
1 3.9917726745597
2 3.7490420746659585
3 6.326876249730168
4 7.088734176530372
5 5.92378450322792
6 5.750975221649872
7 7.121279056289602
8 6.084372220122061
9 6.105498218322227
10 8.728589562757886
11 8.05120145452326
12 6.289240346541593
13 6.913224822312151
14 6.758696776952477
15 6.661020770587634
16 6.154145483214038
17 4.84009163748248
18 5.397963095032552
19 5.094312798913822
20 6.759457771338732
21 7.419831900412702
22 7.007865751730398
23 7.145531056280643
24 7.596094810214571
25 7.681137820680201
26 8.557741445206316
27 8.007133906250392
28 7.239946352572627
29 6.759048502053134
30 7.062846719554168
31 6.36512610372059
32 7.381291432670616
33 5.787808634268012
34 7.227698947721351
35 6.217609994568362
36 5.517074145912884
37 7.149861057392556
38 5.777601033028659
39 6.275506530121347
40 5.35098613437199
41 7.18595966554812
42 7.839971147729424
43 7.729223942703385
44 5.881302567728824
45 8.063912627490966
46 6.027482270271131
47 6.4928021457366825
48 6.35819127611505
49 5.461203489207655
50 6.802322246578777
51 3.9749051318137414
52 3.965261096941517
53 4.032156249556318
54 5.1117849600340906
55 6.5283835566092865
56 4.330980621942854
57 5.2743915707083
58 4.629367282573997
59 4.061346004683545
60 3.578986136059903
61 3.9003368171730872
62 4.082302811263796
63 4.050087042170439
64 6.324683589310889
65 5.841998791986091
66 6.041993707248303
67 7.253029833866023
68 4.965155930816715
69 6.65648691645009
70 6.523096637145099
71 7.219995356774892
72 6.576738440453451
73 5.909910465456886
74 8.377245947322338
75 7.50740865193681
76 7.800619607643075
77 6.81280385375786
78 7.765155204786548
79 7.040277832767349
80 6.17495942746787
81 8.129549440577886
82 8.082571154072442
83 6.624662337970529
84 5.663241335933008
85 8.08011960060107
86 7.482357658260476
87 8.126162400231426
88 7.561135699646371
89 7.363594150291782
90 5.677408949510218
91 6.881884584770055
92 6.287987574602071
93 5.599808444676759
94 5.268508687559933
95 8.037575283775189
96 7.755794069826084
97 8.677122270193077
98 5.391015462639202
99 8.197215744432393
100 5.982975878224271
101 5.942348072028986
102 6.165625301695642
103 8.166726267697218
104 6.677244819878522
105 6.919417315624447
106 6.553283568552615
107 9.099479865261346
108 6.075710478660994
109 5.676103923865785
110 5.759987624833279
111 3.5840563924016773
112 3.87665851922828
113 3.8647540228847155
114 4.139446162978653
115 6.502560131234097
116 5.676912467267303
117 6.499340918758032
118 3.762108864601336
119 5.570405090734945
120 6.073799595756248
121 5.874020948534414
122 5.682142691580557
123 9.500991471222475
124 6.421578029579414
125 6.061526665997809
126 7.016125065939425
127 7.359921545834255
128 9.02747176465397
129 7.28300041798627
130 6.815143957021773
131 6.229990987322993
132 7.046117248529589
133 9.043552658044835
134 7.967970244390916
135 9.52658002774314
136 8.076235614684135
137 8.738409666458985
138 7.760029580201975
139 8.146846541198986
140 7.9204215367340955
141 8.041800471710431
142 7.9351509461618335
143 7.286844861310205
144 9.951813382086092
145 8.250286611572726
146 7.160832116343167
147 8.333154698559571
148 8.931415275673201
149 8.195905171617454
150 7.236658366665061
151 7.020411288067094
152 4.010131633227656
153 5.344963383801806
154 4.049952562789126
155 3.932341576413556
156 6.423327455697925
157 5.328203049912825
158 6.502630449608486
159 6.651267752217265
160 4.102131623402747
161 3.894499792935776
162 3.6897668951906604
163 5.693569697980854
164 3.6718900947994397
165 6.87003657493188
166 7.44552859493911
167 3.58063637257089
168 5.704224291376964
169 3.669034081511561
170 3.960292722289674
171 3.3314613673515203
172 3.804601462234736
173 6.72783793888963
174 5.822341561712639
175 4.234925231238578
176 4.183710595995107
177 3.738162021093325
178 3.911945541278825
179 4.068849922437942
180 3.5928473542571755
181 3.777975039293194
182 3.571291099532492
183 3.8405996461379925
184 3.985945496421526
185 3.7988835964371
186 3.8489440857148027
187 3.6820235382513298
188 4.27619038965449
189 3.7071446446670167
190 3.7402266145360152
191 3.6849456880488387
192 3.9570900079904936
193 3.9933514633080027
194 7.032028186493447
195 7.935815094667433
196 6.508166680606878
197 5.035187765083935
198 7.406924754453428
199 8.7339603611047
200 6.5786978158678036
201 7.560065173972772
202 6.2051989695298015
203 8.216301896631501
204 7.152040149496313
205 7.200173248982652
206 4.8021245696888055
207 5.665665320799227
208 3.875713463389241
209 4.035603552566282
210 5.772826510703072
211 3.85896517535608
212 5.820684675584453
213 6.150325605342187
214 7.403619297463571
215 6.160187523227518
216 6.140055793173226
217 6.290435457537225
218 7.054598288184271
219 6.109232860770526
220 7.378557078851701
221 5.407616338652192
222 6.2198018322511075
223 7.129057651328947
224 9.10936258011954
225 8.121190970760516
226 6.352323870089333
227 7.381412470659354
228 8.760185094511995
229 6.799581936869732
230 6.973280544919558
231 3.921280395598703
232 3.890793644496806
233 3.8386001449948766
234 4.435573696304112
235 3.458167430974406
236 4.272870371746147
237 5.889430226387899
238 6.036228407413036
239 6.863283614242137
240 3.9408794281100326
241 3.3467634657670917
242 6.141610574910624
243 7.181955506766764
244 5.429680706599913
245 5.79765019753265
246 4.215822629388846
247 6.499165086072606
248 6.855990082107125
249 7.703879205756021
250 7.949551914909127
251 7.57707042430204
252 8.915418629422028
253 7.46436659453088
254 4.347165409247813
255 4.286012328431566
256 9.289466369421875
257 6.883651287629747
258 8.604138451687298
259 7.959948390075108
260 7.855173299822531
261 7.260477397161113
262 6.137138417275087
263 6.1290843791552705
264 10.28496655289699
265 6.9507085801601445
266 7.86427002423712
267 8.048132499591242
268 7.189747619831747
269 6.289107054381684
270 7.325757797832042
271 5.852919802129891
272 4.066682502124557
273 3.6795642999048024
274 4.914957261633456
275 4.998501438042695
276 7.181826915823741
277 5.913873375267615
278 5.781023589059539
279 6.971180871364067
280 6.109287694051172
281 5.044293776758974
282 6.349706030696985
283 6.214465880597846
284 8.0674188557987
285 6.692797623178133
286 6.708254921389695
287 7.498745091907803
288 8.291054679217813
289 7.9899283631981906
290 7.031067801165314
291 6.735935838464848
292 8.41650768059294
293 8.002148600564112
294 6.574262400509833
295 4.084124546547385
296 3.5182780958523896
297 5.590479677077946
298 3.674955274913428
299 3.763412815327552
300 6.581241956285167
301 4.220834177820155
302 3.7894650472823
303 6.848207123392151
304 3.484849419119707
305 3.5301446254433806
306 7.667343705695648
307 8.740022434995396
308 6.57381418815108
309 7.979521340842245
310 6.747792192236856
311 7.098040661070068
312 5.793411127949429
313 6.5064348748006315
314 6.950624780313557
315 6.049082097933794
316 6.594393312444925
317 5.091376486205712
318 5.574655752585162
319 6.152719816136588
320 7.402049299686153
321 7.807287488651764
322 8.208951747268307
323 7.224975522484452
324 6.425153928719597
325 7.854613085198481
326 7.086970944801665
327 6.503275383308614
328 8.028872068009068
329 6.92988690385035
330 6.567664585280855
331 6.84664216610395
332 7.1955996296824125
333 7.366345478358683
334 6.181792168928877
335 7.78918322017462
336 8.445119216919009
337 3.7867682774957467
338 4.776776025700144
339 7.760887748945582
340 4.379654736790098
341 4.191900231621612
342 5.517485512213633
343 5.411964009060153
344 3.9446084158987516
345 5.835678585683554
346 5.303978033582073
347 3.7415332872439575
348 4.96884194187231
349 5.932177544282835
350 6.201165594112276
351 4.070187322690411
352 3.878357320268141
353 4.050130468066095
354 5.640345296157982
355 6.792231045283296
356 7.495193510448662
357 7.269285120709925
358 6.290303443631046
359 6.347206057843521
360 8.192279346579868
361 7.801969914288635
362 6.468258753816237
363 5.583227722290274
364 5.096909530193017
365 6.753629494658446
366 6.03650570563056
367 5.317029842713505
368 6.7073293903968265
369 6.958543200906263
370 5.7143545037743335
371 7.488118478028023
372 5.385095191652589
373 6.2792912816087005
374 7.627822227964997
375 8.0635178920285
376 6.465619015586051
377 6.117591063171898
378 6.532900968349065
379 6.0496818182432275
380 7.050263067971241
381 6.785410236505629
382 7.105681672132604
383 4.1320820715856375
384 6.877282794852208
385 8.059977972679262
386 5.225271479249381
387 5.826474766116137
388 6.276007857386926
389 6.430275273516767
390 6.5076215254643675
391 3.52256679050007
392 9.025742987895676
393 4.102690896025852
394 4.11742809054797
395 4.843277586414027
396 3.6598200318120915
397 3.926707433667913
398 3.689593687536584
399 3.639114696329522
400 3.7564206852048776
401 3.7770726354905593
402 3.8062420471992002
403 2.9118456802835246
404 3.77492952667248
405 3.793502991140899
406 3.821889525116458
407 3.6424609700179698
408 4.911042125044728
409 3.892519512166129
410 3.7312068405820282
411 3.5897321884741222
412 3.619763252625562
413 3.596115428781121
414 3.9005323970629764
415 3.5131779869629636
416 3.9381795479892556
417 3.540092486191174
418 4.593268477607711
419 4.5078877038259675
420 3.5579709961820623
421 3.7531251752324093
422 3.9377354112822345
423 3.019903905586466
424 3.8343475523169603
425 3.826449255163883
426 6.4249923062124
427 3.7473385569896274
428 3.7477172040387927
429 6.688786481575122
430 3.7446479952327087
431 3.8590304655457985
432 3.9084765267411905
433 3.7929427382242804
434 3.870252610643872
435 3.750026458476021
436 3.6903492116095515
437 3.9191085389096143
438 5.051814435503764
439 4.592929704908535
440 3.787333158093396
441 3.861517406708046
442 3.8668160220212027
443 3.94916896692261
444 3.8507610107068517
445 3.509665697081111
446 3.6415975577802886
447 3.8114804732473235
448 3.4388230847878374
449 3.6621701915586105
450 4.275953093539694
451 3.7504059923944553
452 4.1840137628997764
453 3.880086999400595
454 4.660448756684503
455 3.343863894864162
456 4.052865945631699
457 3.8722817015216666
458 3.370857683883249
459 3.7772511593087943
460 3.7787501973552566
461 3.4541274773212893
462 3.8125953237380137
463 4.794698122303707
464 3.9399578072124495
465 3.7514420877781656
466 3.855029947633608
467 4.253668212186069
468 4.640190407022143
469 3.678070606608842
470 3.724867586460881
471 4.020552549464983
472 3.713731444467264
473 3.6933346955750737
474 3.6111808379647683
475 3.8186396558427576
476 3.8886550136907854
477 4.1640243814549205
478 3.9402144646323594
479 5.146835004425809
480 3.452800079860474
481 3.7748595423388576
482 3.5908631050794617
483 4.352659821582107
484 3.779473427105522
485 3.174800093906649
486 3.8584963490856254
487 3.589299305563478
488 3.7694903378755953
489 3.7316131727157034
490 3.77813446666408
491 3.887185432377787
492 3.544737449789042
493 3.903826166258795
494 3.8969838508347743
495 3.870903912373973
496 3.7775733906411717
497 3.718409528970741
498 4.656426944152696
499 4.2951299067745525
