0 8.185602032792499
1 8.63998481291094
2 3.3205873362212084
3 8.257557492176325
4 6.651624927381274
5 6.741083484457023
6 6.44610475464871
7 9.259417387077718
8 4.698859369352818
9 8.730059124041103
10 6.527854530915617
11 7.431535701741604
12 5.720056315370835
13 5.968322556382543
14 9.931318330699423
15 3.8334520456730963
16 4.863631605356785
17 3.706001018940532
18 4.38151920493716
19 4.952898374810002
20 5.556761888107572
21 6.478047063032225
22 7.180253809168881
23 6.521855357458026
24 7.927354852005885
25 5.7400298291365885
26 5.8039345287677335
27 5.7197978646848195
28 8.863648695754591
29 10.155078269477979
30 10.339888121900572
31 7.726294060512942
32 5.851571209656976
33 6.29878382056837
34 6.985556128810486
35 8.511769239356159
36 10.582387393209922
37 8.87863985876725
38 6.468642681935096
39 8.057903488169396
40 7.868896851474245
41 6.55914636873416
42 8.086250933332083
43 6.704438653266284
44 15.292467010388252
45 10.788741032881513
46 8.688714690336141
47 10.068409191797477
48 11.124358503352004
49 8.482353906017286
50 9.453582958971243
51 9.086410066854745
52 7.43352716737522
53 8.549288113478712
54 8.433784941228577
55 6.904898779640026
56 3.688856603267872
57 8.199855563390647
58 6.602876986452977
59 7.363294300625762
60 5.524073260389918
61 8.024124752808168
62 6.043707306687192
63 8.503296365096508
64 7.78316656888247
65 8.094082697865382
66 15.07433772259338
67 12.890003360721566
68 14.846803528401297
69 12.560081882051454
70 9.129264748328637
71 8.479899837035362
72 6.407947736333326
73 7.819902062808745
74 11.342876466526526
75 8.909573934872961
76 8.917719476224972
77 11.195765360639724
78 8.325745490679816
79 9.741757942615457
80 9.419229594206628
81 9.117147440581256
82 8.452918276341963
83 8.612498818536938
84 9.682350038929298
85 8.159047838657735
86 10.075899697208188
87 7.709702192954616
88 7.6133265955647875
89 9.137978884726758
90 6.961753348340451
91 9.245958301284318
92 7.9449440072863355
93 8.459532022769164
94 9.06000782270205
95 10.304757141793912
96 9.61896492728059
97 7.050218350035552
98 9.49334670338973
99 3.3908076815722685
100 11.718273084951347
101 8.34130548640678
102 10.354719431418424
103 13.524130225125658
104 10.014501565313537
105 8.602395746167385
106 12.239758642442277
107 11.935429769667241
108 10.607165933668869
109 7.808708722487576
110 8.53373841545691
111 9.801694183280825
112 6.759739439918897
113 10.801310338264523
114 10.283133680581445
115 9.536139948956635
116 8.37370092348738
117 10.24653444960455
118 7.888420159817072
119 10.916381096272493
120 8.303519508613265
121 8.68811568056752
122 10.788171481527863
123 9.81644067061634
124 8.07604228484546
125 7.273954197978437
126 10.333879130695903
127 10.485478641537176
128 8.367594431129223
129 10.072354731727891
130 10.220324145214526
131 8.387085299317011
132 6.403608282696571
133 7.079874796931058
134 5.784638320012727
135 6.151895897456837
136 7.956249564610217
137 6.4849417619129435
138 6.65442274535169
139 7.3314334661407035
140 5.792911850746644
141 6.929808140843479
142 8.007278376685212
143 7.790838223848435
144 8.30729909731739
145 7.959545876954011
146 12.248607411128031
147 6.184598319056368
148 9.464842634663515
149 6.525310592694095
150 8.906933566227739
151 7.240697143182063
152 6.664150506438171
153 5.796099693405779
154 5.065751551394452
155 6.848199923401393
156 6.315631419263169
157 10.33321095650568
158 12.361390156401427
159 7.2651685428705415
160 6.726413728080598
161 7.321332762507162
162 8.89924289720319
163 6.933832225108213
164 5.94653960756011
165 6.658590335617163
166 8.178165341981693
167 9.437217457103866
168 6.683723693705829
169 8.389543147011446
170 5.187537239481454
171 5.57286711875241
172 7.849480776376505
173 7.638741272905558
174 7.944162567234788
175 6.785791961690411
176 5.687068750788461
177 9.72272450916313
178 9.396268999807479
179 10.077029581492742
180 6.407096957846394
181 8.905848492512165
182 9.94887338156155
183 11.162076617726798
184 8.09713186749835
185 8.459750164894611
186 10.745786100543485
187 6.670115646179379
188 9.907016815797313
189 7.939314478659077
190 8.065374041317188
191 7.866040429342206
192 10.741378686488448
193 10.380516267851537
194 8.139028592013476
195 8.676831052817587
196 9.166808152207016
197 11.516317108386394
198 9.33111291589405
199 9.562831431751743
200 10.874320840898772
201 11.31392855329721
202 9.232640828929753
203 12.037852772495876
204 9.524423951137448
205 8.377781605703147
206 8.355575989089559
207 10.875950043210182
208 8.202829275707883
209 6.029868566741756
210 7.8213619798113605
211 9.312497673315384
212 6.152437816860142
213 9.040696260447147
214 5.7407546195275225
215 9.826865706407503
216 7.767115413473025
217 9.005566931828236
218 7.985885132660742
219 7.604038175487716
220 9.141143860308935
221 11.165049510009355
222 8.746119819162391
223 10.273983717193113
224 8.962158573012966
225 7.596187434619635
226 9.764834324103603
227 9.061051440112752
228 9.621582301191944
229 11.42038905437489
230 8.622384245424554
231 8.145813740538642
232 8.231641293421008
233 4.358489607763013
234 6.664234968338054
235 7.734418996895268
236 8.095874326804191
237 7.995005403927576
238 8.900447469582772
239 8.023301957165836
240 6.809010613774119
241 5.209834186209445
242 9.187108690514165
243 8.546086280135064
244 8.45214956562094
245 8.737750471650436
246 6.066945784555681
247 7.4386620982062555
248 9.578881094991647
249 7.311635882538179
250 12.999181902148873
251 10.312732148923178
252 10.691385043073153
253 7.029025643451712
254 11.153249786181057
255 12.297491940174861
256 8.52332080745412
257 7.711253359604003
258 9.24349939882797
259 9.104684289079033
260 11.083236074866186
261 8.627331125304737
262 7.574101455586824
263 9.327855923024279
264 15.574641663326116
265 12.79221806828238
266 8.344847291101813
267 8.1161747806166
268 11.691272262641945
269 10.940413733394918
270 11.335931355968166
271 7.4345547533517085
272 5.8236083613528935
273 8.89427968970622
274 10.749769414258902
275 7.771436783527263
276 7.761745203609061
277 8.398322964305303
278 9.462395512926447
279 7.822515494368403
280 7.929840765721878
281 5.838541570464789
282 9.217086304099178
283 9.548980011601838
284 8.51731494342532
285 9.113585542585364
286 7.195605132034429
287 14.436181666868741
288 13.684327633454151
289 12.476970510611466
290 11.14886184957633
291 12.484871096582474
292 12.508761637116935
293 12.030799725127208
294 7.46687093905717
295 7.150272362111504
296 10.702108983947
297 8.134160698381763
298 12.912072790949386
299 7.734544789728889
300 10.741486170138286
301 11.140367775542071
302 8.510208143683098
303 8.131246939320768
304 11.184237107241088
305 10.103690841573387
306 9.829253773015685
307 11.102506701183891
308 12.233681180427904
309 12.430362810800492
310 11.347342780553006
311 8.748271305019705
312 10.394108539464296
313 11.142891095836193
314 9.557175905121532
315 7.78195647847976
316 9.166778794263163
317 10.290051877554655
318 3.57619360462621
319 7.057823144880953
320 8.044665733341331
321 13.343986202188587
322 5.766920697992646
323 6.3638899418383055
324 7.2389249544839975
325 6.3359551977150526
326 6.142670581719632
327 9.210315186207305
328 8.613805641168643
329 10.175580762236669
330 7.780231429321286
331 8.935569718806384
332 9.491665064899008
333 9.005809780406791
334 13.57064805321451
335 9.06523080360578
336 9.857179914786213
337 12.802384510208135
338 11.955302257663613
339 7.428234949237451
340 9.905937615322252
341 9.861679165326777
342 10.81974073631973
343 11.140733678860485
344 9.081952736846452
345 8.632336674582014
346 8.222035650985271
347 3.629801388618848
348 10.806816158739696
349 9.482691877038574
350 10.448500246286393
351 9.757867124362425
352 7.90775464828606
353 11.27878755689253
354 8.500739362318827
355 6.451787786324407
356 7.727216199457249
357 8.433806936695383
358 12.904976361550375
359 6.178828822162344
360 5.760219181592556
361 8.454714499365787
362 6.922228590521026
363 8.779128018600051
364 7.247199049736953
365 10.020158208368995
366 10.243847760318344
367 10.528491259722928
368 8.699551337928865
369 10.151363097505852
370 7.485046104518946
371 7.40862224906098
372 10.27465679396236
373 14.214523955964143
374 6.919430977431744
375 14.27200299945087
376 10.008696868795216
377 10.058905670632527
378 9.26468150724204
379 9.401777106059962
380 8.56420266394508
381 9.823853643882597
382 7.034136714639982
383 12.335845236070263
384 8.748261822735532
385 9.27482383347135
386 12.006065852423596
387 9.232157102845404
388 10.214819036769565
389 14.206922221590814
390 13.295222778230727
391 12.043336173453032
392 9.67834215227369
393 10.74298293308272
394 8.26027377058006
395 10.82499579792284
396 10.688597643243458
397 12.494845921112761
398 15.082998037610933
399 10.478060093732443
400 7.409724171171196
401 10.825674127394619
402 8.67923577835327
403 10.825094986948152
404 14.227868055792014
405 13.901356045086063
406 8.229776194145712
407 12.666757360169582
408 12.519373213716735
409 12.301897644109658
410 12.505985696325267
411 16.086203626748432
412 14.777346101745215
413 17.738111861191822
414 16.117792635248268
415 16.588520574061835
416 17.576895629123484
417 12.69496400650926
418 11.222858499831396
419 14.961383229084545
420 10.467202294624562
421 10.80672216494086
422 14.141303734899349
423 9.694781338254742
424 11.399483553190063
425 15.22200767174232
426 10.232219897684109
427 13.563651315772267
428 12.178552893880715
429 13.009669508374655
430 14.258119436474264
431 13.514315976067099
432 15.70429172483617
433 19.103348618599924
434 14.598134255925123
435 14.900023426398771
436 11.020886933749948
437 11.165539949754951
438 13.61027893987272
439 11.631670211201865
440 11.311451168373354
441 12.822259705419112
442 10.604707075386939
443 11.764169962357604
444 12.477084715258117
445 12.618542109094795
446 16.711120296089202
447 18.738355284153545
448 13.953555684346004
449 17.193158572492425
450 10.201500232890819
451 12.302787183064948
452 13.890241088437643
453 13.428663414995732
454 9.874858836678664
455 12.346736164340744
456 15.967890339921283
457 16.053351373307184
458 17.546431042119032
459 15.89460136857817
460 14.158815607566696
461 12.714821132132482
462 13.29106605614038
463 15.236829861324352
464 12.83351109354511
465 9.783886756471096
466 13.851694868510172
467 14.388993962153373
468 11.137449976720138
469 15.640820533520484
470 14.831466123539148
471 13.476176726169252
472 15.713646592776074
473 12.174743491502579
474 13.923555808728304
475 14.982913508748812
476 14.294577293116577
477 11.852811728929208
478 13.312990972807434
479 14.711982907775047
480 14.953180481191657
481 18.493507684753745
482 18.878646156500324
483 15.028043995986454
484 16.44138502415976
485 17.55825791104609
486 14.093287657938903
487 15.729991639623828
488 15.287950460926227
489 14.143593484886964
490 17.459002657009083
491 17.150014331285103
492 15.390466968774055
493 15.36435369353966
494 15.921255500604945
495 18.176064690710145
496 16.307688083756894
497 16.922635654560782
498 17.170779639149863
499 15.727642673537511
