0 6.373914712167517
1 6.567181195079015
2 5.3214006408478385
3 6.672389405846317
4 6.64318237838524
5 5.970292241459904
6 7.831721756752587
7 6.940559712473932
8 9.001043511567724
9 10.81354371344726
10 10.193420994980526
11 7.984288066325059
12 7.259707950635526
13 7.205338034342515
14 7.3951466634999266
15 7.38183736900846
16 6.687731312343208
17 6.392976139588815
18 3.8262705864256312
19 4.9522351408473435
20 8.791292160154905
21 6.51533739364449
22 6.59901066202181
23 6.085909346374777
24 7.670828591089098
25 8.288846082731354
26 11.857165153588573
27 7.996139669116941
28 7.311064904636031
29 9.165920947310646
30 6.30571167861427
31 6.65183289827548
32 6.091752515118229
33 5.352223807413361
34 6.071803659850636
35 7.084752727772095
36 4.0836259767806835
37 7.267521119588465
38 9.47385094742677
39 9.053612188110506
40 8.26451370849952
41 7.519279152511303
42 7.236041744995721
43 7.064640289942643
44 7.962623666989205
45 8.108650815775334
46 7.5005653418560705
47 7.074977796442406
48 6.67912767200951
49 7.445161717707903
50 6.908850398592368
51 5.988977624585728
52 7.020299279152758
53 6.851208862988563
54 7.33739180671767
55 6.722804106214704
56 6.669737954811199
57 6.449958222543908
58 9.918627759475756
59 7.01478980673717
60 6.751396559985584
61 6.627832229789523
62 7.7555269918075895
63 9.009071824883351
64 7.530113802600818
65 7.438114084524066
66 7.805437588187399
67 7.912037795386897
68 6.880526675316322
69 6.849406542093198
70 6.961012359072943
71 5.584279420553346
72 7.245369663945425
73 8.243911475410899
74 5.671876022050187
75 6.095521950441688
76 4.983977234787647
77 7.306488316276733
78 7.852586789824769
79 7.481418491812235
80 6.765484352207375
81 8.272813694614593
82 6.904511862912771
83 5.73185605039564
84 6.887748631071594
85 11.141627846093463
86 6.582483445869206
87 8.155422178524898
88 7.443809658542149
89 9.043842411085675
90 8.644399616584066
91 8.145400205233596
92 6.6772776276821695
93 6.5403841461717445
94 6.5847830592929615
95 7.867501987209698
96 6.715858136570137
97 7.629778972724415
98 6.6944668874051185
99 3.747700967329976
100 7.107562293363242
101 6.790163013923509
102 8.643471001829013
103 9.484852274949764
104 6.388989852012916
105 6.660455162163742
106 5.8761116190709135
107 8.352709399227779
108 7.335341521243136
109 4.073741940460191
110 4.959656220222327
111 6.084313099695838
112 8.438861742684043
113 7.848603127374815
114 9.126750020334784
115 9.039383116296596
116 7.944356897474587
117 7.5213738199468345
118 5.22176669186283
119 6.0992414371143004
120 5.181025244585459
121 3.3112516810121653
122 3.8722426815098157
123 2.961979001670245
124 4.59948230023528
125 3.919508898342239
126 3.4529484687800065
127 3.7624961293198367
128 2.944043871419018
129 3.7489840048129848
130 5.491743168836076
131 3.8176234881810656
132 4.203752311766508
133 3.795697244804801
134 4.093891047235154
135 8.02325400916736
136 5.340513106366014
137 5.539288273981398
138 3.562073417483203
139 3.1387328013367912
140 3.9917145566513823
141 2.9228389954225835
142 5.36911308396782
143 3.2877710402938414
144 3.368685458909294
145 5.035827857002042
146 3.8089303416125864
147 3.8501353276043373
148 3.970977276935739
149 3.480114971983414
150 3.8829811922675366
151 5.599201213911125
152 6.388432440184135
153 5.791994580527508
154 5.054185841222101
155 5.725806386491518
156 5.86567447743591
157 3.709761383525714
158 7.627445350436154
159 7.625436022315632
160 7.022392353496319
161 7.574544591093185
162 7.515731916610879
163 5.833136709338783
164 8.371857257353625
165 6.669744845357089
166 4.248477233626367
167 7.517556701076624
168 6.7707558081292385
169 7.381059664807286
170 7.766970309582446
171 8.520741645648586
172 8.261528322613698
173 8.503434045628286
174 7.841841983230104
175 8.730153871548543
176 8.35493844858119
177 8.882453004835835
178 8.428879105240565
179 8.362668917094815
180 8.761517705874565
181 12.02746090167981
182 11.907582666384219
183 12.137386981410835
184 7.888892892766459
185 7.136753505763958
186 8.108672536212413
187 7.564618863192798
188 7.8436604521174
189 11.669521392839085
190 11.08995197106124
191 10.630824087843427
192 12.558769048048827
193 11.628980622169445
194 10.410948974688049
195 10.790742278220922
196 9.884918317974106
197 11.804599758611177
198 5.0740407593902646
199 7.4066394356384135
200 6.9299586438995915
201 5.394414114784235
202 10.830414026107993
203 11.76362455636852
204 10.024098662934374
205 10.977776626081255
206 13.266501512393678
207 8.43848704544699
208 7.473259270145132
209 12.211688513543189
210 12.188741596678854
211 12.238679732958087
212 11.719743324047059
213 11.98322666872019
214 10.719065638720647
215 11.341160193289603
216 10.408629507431161
217 10.061310410055631
218 10.648466916291426
219 10.545129694978211
220 11.401816564233192
221 10.383032563571781
222 11.025309150793259
223 11.285102678410077
224 18.028907085272813
225 11.539163894992338
226 11.024728510027622
227 10.932903059945659
228 11.276473970451212
229 10.481709641785171
230 10.273328086621518
231 10.425891920500103
232 11.613184514202901
233 11.455291567042568
234 11.024576790498687
235 10.16749136809773
236 7.10877755367188
237 5.747139304310153
238 6.599902858865277
239 6.17075687301378
240 6.048174600401013
241 5.533401614183832
242 9.08756980878271
243 10.817508784328595
244 8.211878220393709
245 8.14831083634908
246 7.289823437368348
247 7.674271014382159
248 11.081234379143723
249 11.231083569474613
250 9.257194890365957
251 8.770186815510957
252 7.97598063417949
253 7.787004076115497
254 10.141993629646102
255 6.200888884632968
256 3.6278250858930052
257 5.134652378141269
258 5.299688658724975
259 6.81902135666893
260 7.893214825036653
261 5.636112948340871
262 5.312380374138329
263 6.855573963425183
264 7.4999954694926245
265 8.87290674480009
266 10.154023801534608
267 8.38343472272688
268 6.270289315994616
269 9.6283475686052
270 8.494426942274282
271 8.197712833725868
272 7.461972300240044
273 6.762445902221028
274 7.327411694679439
275 7.294164881665466
276 6.478875971747877
277 11.482375960863937
278 5.564089834912582
279 6.481366577419357
280 6.502251980083134
281 6.241332181677984
282 7.712828545076429
283 7.872286978081069
284 7.206986145893641
285 6.894244654843783
286 6.608265769384911
287 6.457028270722522
288 7.034095917373664
289 7.214688108069022
290 6.599387431420597
291 5.508588881148152
292 8.196369778966089
293 7.21905616304068
294 6.873375000304379
295 7.188195216195076
296 7.424711170937843
297 7.053679438579882
298 7.121255233578426
299 7.631770142022323
300 6.202218884868136
301 6.5739779476776965
302 6.617301894010699
303 3.8947504449289037
304 3.9034677361841794
305 3.792579422503709
306 5.888093565224509
307 6.035186925977859
308 6.393334482856043
309 4.944874724123172
310 5.428571375363624
311 3.3332504440396975
312 3.7691119184962596
313 3.6679865610973543
314 4.09442911584635
315 3.7256301215067587
316 3.8516419995790026
317 3.759141410625868
318 3.383065777354278
319 4.252821428310707
320 3.9826344004009564
321 3.9323386241759994
322 4.192666977468461
323 3.932607615699984
324 3.750802932490004
325 3.4747715691984546
326 9.122190094868133
327 4.0503769089564114
328 4.978557701818661
329 6.075988187319149
330 3.667448789962991
331 6.129607352028116
332 5.939921687611458
333 5.98736820036742
334 5.681987567889317
335 6.888903351528844
336 8.404850669731337
337 6.606449173944069
338 4.024102081730981
339 4.5595744092017725
340 5.654045797546713
341 4.880728474609706
342 3.730090196492011
343 3.4787938947135437
344 3.907990063727346
345 6.477872421087283
346 3.507754357976481
347 3.446431298144655
348 3.7966650882378743
349 3.6268906320007552
350 3.887246716768351
351 6.778937669056954
352 4.844391327499428
353 3.534392083815951
354 3.7038574746199306
355 6.379037864654495
356 5.761978610111952
357 6.321728516520717
358 8.49922349201792
359 3.9042361510377934
360 3.8985061186048235
361 3.892533421644868
362 3.7882955109351437
363 6.425113004980026
364 7.268138282670496
365 6.773710037414711
366 7.192389754528721
367 5.993546156593214
368 7.653169065121756
369 6.0586809298943844
370 7.6389122881173295
371 6.485018555750293
372 5.244219492763869
373 5.011497987157585
374 3.903901352780764
375 3.7292656017302965
376 4.3689912328098375
377 7.303934440662055
378 6.943490995574214
379 7.5517661000328635
380 7.004262990042879
381 7.438205054195636
382 7.394404002696107
383 7.3379696156385465
384 6.881521020999082
385 6.746085910652268
386 6.723998695434177
387 7.312635054126602
388 7.963818106308144
389 7.883252661552433
390 7.629298463786389
391 6.993527355635738
392 6.724352138850077
393 6.046442008427134
394 7.27006651409001
395 9.840662009201466
396 7.038493428533324
397 9.029224868778929
398 7.4812128390915955
399 7.135337484485513
400 6.116622384711632
401 10.10744875716356
402 11.245083705702973
403 7.579577160783201
404 7.221282825870579
405 5.672176556341272
406 8.124496760040248
407 7.90240117414001
408 8.087729575343246
409 7.265216970076891
410 7.871052687164754
411 7.485626880781306
412 6.533776420508901
413 7.322053533817205
414 5.542713385624509
415 11.65153337166912
416 10.190987429757499
417 9.544418319446129
418 7.235808559708436
419 7.203195013537517
420 7.6671447016476195
421 7.566882980951193
422 7.659244626691035
423 8.399897874009456
424 7.635912748246394
425 4.098664387020387
426 4.749644622596506
427 3.7585126462197405
428 3.39861128969737
429 7.201169381634393
430 3.5850214832125067
431 3.5821226618583664
432 3.4729302483774735
433 3.662006968731903
434 3.806910205366095
435 7.55337229394701
436 3.8877236093616854
437 3.760481557217442
438 7.71277847131304
439 7.462777304223725
440 7.201614397158771
441 7.060963633708903
442 7.600920892694579
443 6.941493769902838
444 5.703750096676837
445 7.14500661207146
446 6.695986082674454
447 8.080150436183912
448 7.423041244449022
449 6.696491763491708
450 7.3362689746145735
451 7.821471482516802
452 7.076802649496548
453 8.934570682230698
454 6.835397657497455
455 7.390646309014021
456 7.436892545998957
457 6.860200204543769
458 7.598152640698696
459 7.377086664501695
460 7.2172681259960125
461 7.117623084010151
462 7.0439411726738825
463 6.759629442829348
464 8.264305071532384
465 7.5597067953787995
466 4.832886926609504
467 3.9529768358061754
468 3.92625541011936
469 6.379142285429533
470 6.202417952321146
471 6.605651087928276
472 6.739801084770368
473 7.129254786543895
474 5.828769520676149
475 7.399862900824431
476 5.79388080742863
477 5.8767767501023505
478 6.444207787947998
479 7.044609184816549
480 6.42191009802372
481 6.571225058225061
482 6.499587177507916
483 5.839489504597255
484 4.655547397171002
485 6.351855687012976
486 6.266868196416752
487 6.086079167681048
488 6.024781115529334
489 5.459105941155724
490 4.500644423326063
491 5.752521348950741
492 5.990097198529897
493 6.165171297908219
494 7.036492536248762
495 7.341376822926872
496 7.2225601880416015
497 5.704076891511447
498 5.500348328069029
499 5.837108142282754
