0 6.210242503249877
1 5.85760096882577
2 6.212084317376048
3 6.0802292181607
4 6.305981346311195
5 6.620294841467158
6 4.93502986989536
7 5.924385893680584
8 6.625391583114653
9 5.613700196936639
10 7.131934470948955
11 4.751905923249381
12 6.857553738592157
13 6.521441421263316
14 5.626576807402515
15 5.876871006507753
16 4.215074288273175
17 3.812281863686995
18 4.930555707950471
19 5.299187523519441
20 4.4614993131109975
21 3.7927054467974615
22 3.4298843551271267
23 3.4685877985612907
24 4.7891724241286635
25 5.252811136632774
26 4.829713516275937
27 4.101988767121528
28 5.022726271712858
29 5.792947802729437
30 7.037285854346439
31 6.208381804881945
32 6.410058725164321
33 7.1655282459891225
34 6.601031492109996
35 7.286824601498463
36 7.116792941697999
37 6.664524122163602
38 6.36419665539393
39 5.74456283168891
40 5.906978561011838
41 6.590358561385969
42 5.593992725826945
43 5.175105539071352
44 6.30451926314696
45 6.37624599047068
46 6.40758048481969
47 6.786051995999414
48 5.5610269725363946
49 5.5372948009917415
50 6.299370991305496
51 5.8821609529320895
52 6.956915554464223
53 5.508842315522861
54 6.281276590162134
55 6.171915072471959
56 6.665308443302815
57 6.332306636197163
58 7.216822080969326
59 5.7183647017801675
60 4.861174742601577
61 4.9631407043036555
62 6.353200975403332
63 4.084663569798848
64 3.4436544015433146
65 3.5521898834653105
66 3.682160219853882
67 4.004253428915971
68 3.472909093636906
69 3.2329830389126046
70 3.304148696936686
71 4.7473733538210015
72 5.13829619623802
73 4.611311605764253
74 6.541655513155561
75 5.236678314466545
76 6.164979183337956
77 5.87106541369415
78 6.419885170461474
79 6.262481407918451
80 5.988835700503456
81 4.170215255185538
82 5.619397576142186
83 6.634175623266856
84 4.72245139676984
85 5.411596316034325
86 5.299096009735032
87 7.1814156693039415
88 7.164720263897433
89 6.461217431597651
90 5.729841833673703
91 6.292871397876339
92 5.562873698333928
93 6.3892360339611605
94 6.700441512032229
95 5.101784125848786
96 3.854207101686287
97 3.900173140283039
98 6.071843637394922
99 6.779530479533839
100 6.295691155930547
101 4.722601586445028
102 5.864137347470929
103 6.25276037263207
104 6.211097403873465
105 6.9160125724213435
106 6.465136185912829
107 5.65541072890082
108 5.923093631575344
109 5.8686454998569415
110 6.304296229146072
111 5.294083693196967
112 6.337394414402036
113 5.801727520690877
114 6.547567872958849
115 5.880262714648452
116 5.97981321718071
117 5.01175228946865
118 6.796820688853108
119 5.070784567379028
120 5.610727133994092
121 5.768647479336975
122 6.315224125744032
123 6.132695509289841
124 4.52954270076027
125 6.347282938761508
126 5.126368087097725
127 5.6974917404035486
128 4.922407386069383
129 5.775631232937095
130 5.778792598982094
131 6.752618985958526
132 6.692187413721457
133 6.969908150010259
134 5.449517019035858
135 5.47111623100641
136 5.906730480949438
137 5.914041795296294
138 6.823002287537388
139 5.374879034582401
140 6.7836710493731385
141 5.676475312890976
142 6.02063087720814
143 5.8833214163903795
144 5.201351278049143
145 4.930563062824161
146 4.99249174088232
147 5.959341170053224
148 6.582099034258419
149 5.869875690062718
150 3.6526204771468396
151 6.008117258229316
152 4.770079886994723
153 5.560603255854341
154 6.543595319210282
155 6.492950337285124
156 5.478148327021903
157 5.510224428529437
158 7.934687496271616
159 7.559915767680448
160 5.07234704796518
161 6.038769914609298
162 5.616623847213415
163 5.762563134594561
164 7.281408293037531
165 6.679744352923187
166 5.4642164735406
167 6.740325314897604
168 6.672499906892887
169 6.249006728652471
170 6.950570415327595
171 6.026765836757831
172 5.388725575115172
173 6.218711750976183
174 5.844827161829077
175 5.882344942925212
176 5.512337447363014
177 5.5491494809990884
178 5.556844122293252
179 5.793770114354871
180 7.121155807020331
181 5.196012310438232
182 6.903254572458252
183 6.391481813998932
184 5.849389973524619
185 7.5364333677534265
186 7.234467323487802
187 6.239892410849974
188 5.459463834841178
189 6.657272610849863
190 6.593662533670974
191 5.88393628260362
192 6.6324997371348875
193 6.012330280582626
194 6.449332344198682
195 5.795678279874797
196 5.125584039046605
197 5.826611279461721
198 4.915263537014152
199 4.880008779695324
200 4.888087347218323
201 5.652179428775049
202 5.87911736097589
203 5.002235563469511
204 5.245431798706311
205 6.778530807752107
206 6.846551599999488
207 6.929294758886949
208 6.52443523230076
209 6.791143277688838
210 6.239294533542331
211 6.146284031114264
212 5.959698362784363
213 5.4580495889573415
214 5.030524220858699
215 5.328608228472996
216 6.571104519413848
217 6.4847589050345755
218 5.071989247586397
219 5.916122412985258
220 4.4542920591616415
221 5.571538775046476
222 6.266397755120808
223 6.062436079561682
224 6.15795093345441
225 8.120117709611435
226 5.251798632821015
227 6.22122462436205
228 5.90151433230931
229 5.626236100094197
230 3.913218095152592
231 5.780202307349095
232 6.467277660627197
233 6.270262814860004
234 5.532123970542774
235 5.451141501790866
236 5.994051049963057
237 5.071674664976891
238 7.656781518184653
239 5.8497149816561445
240 5.911159761562471
241 4.614762957628368
242 5.367379794884429
243 7.086167842436843
244 5.429023664281254
245 5.325672536369991
246 5.867227697808552
247 5.776218551991093
248 6.313527990332034
249 6.971624467079157
250 6.769500942356323
251 6.544933052453928
252 5.964383400266254
253 7.082562504032162
254 5.142123651536397
255 7.483802984118439
256 5.347763684268521
257 5.922627876031707
258 6.81076140207271
259 4.542788118137975
260 5.91413457908195
261 6.937262586003002
262 7.128447341031105
263 6.612616458994368
264 6.129589658468776
265 6.9365094442946615
266 5.629897175944703
267 5.236726558018817
268 6.650486498252394
269 6.705356493172424
270 6.901849984611556
271 4.362205019609209
272 6.797390405647435
273 6.285230491037252
274 6.729110282107088
275 7.059116335678554
276 6.794130911883874
277 6.101880544924689
278 6.260748525130828
279 5.704392529237355
280 6.497508993072706
281 6.489955418864926
282 6.4848641616977
283 6.5305871019483
284 6.472547134572873
285 6.744797090218772
286 6.767441847286672
287 5.862722347211899
288 6.127685163029827
289 6.912591223394968
290 5.387166490834122
291 5.570570928608268
292 6.022337765490582
293 5.9905679974364
294 5.860079395201292
295 6.716279256408295
296 7.186844144798563
297 6.036714014772541
298 6.212151877831074
299 5.996452960152784
300 5.337447144881632
301 5.617438343937066
302 3.5725667054501735
303 6.261173251607947
304 6.38321037040362
305 5.000272286307559
306 4.972869031950098
307 6.806848608464036
308 6.661887408712651
309 4.03510024900786
310 6.201957882340456
311 4.970822408066734
312 5.452772154634149
313 5.828458811330884
314 6.80574701559265
315 6.569628267497877
316 8.339854132346078
317 7.055509187638564
318 7.422031698209971
319 7.108920572365289
320 7.8385189832097595
321 8.094494622024872
322 7.3980381901972585
323 6.672198761951341
324 7.927020485461799
325 6.579361683065203
326 5.257796229279486
327 5.082888810156343
328 5.661340218928994
329 5.876143113630653
330 5.706290223972381
331 4.485635323453475
332 7.465420206325303
333 7.353027335108993
334 6.840679070776149
335 7.546509615589767
336 7.200709390582151
337 5.564400200026958
338 5.4953797176856165
339 7.168179397313669
340 6.725221526101054
341 6.755503986885196
342 6.00189564621121
343 6.416207457205253
344 6.497210184258833
345 6.7823974377289336
346 5.6467491530841265
347 6.873836321119465
348 6.83542570025549
349 6.552796138318938
350 6.160680684083681
351 5.567613104850942
352 5.692761910732611
353 7.25119129998422
354 7.557032190173174
355 6.585875191635606
356 6.021785062260796
357 6.246960466215606
358 6.4739601844664785
359 6.490543830284954
360 7.618333205520641
361 5.366700720701786
362 5.3615253456737575
363 7.295246300160061
364 5.208145949320179
365 5.805605146543262
366 7.212515870041201
367 5.820748993896717
368 6.928584323448904
369 6.418084358361999
370 7.283774706462315
371 5.2515496544312725
372 6.647162509307403
373 6.0020334166077465
374 4.799188007862079
375 6.291206796941853
376 5.743422355610686
377 6.576314197873439
378 5.262349411971779
379 6.247003016330676
380 5.867498919170209
381 5.951197608792812
382 5.44917704166255
383 4.94685541234637
384 5.344026587700249
385 5.824337132162044
386 5.660612556666065
387 6.520092740403552
388 6.718336950922336
389 7.077280548352209
390 5.7396885880537365
391 5.968165703710838
392 7.216332999062266
393 7.012782905644482
394 5.366445091811902
395 5.950439931944844
396 6.621737297449803
397 6.680949256543177
398 5.565816012567085
399 6.601280473927498
400 6.650634222778072
401 7.159976366426638
402 6.153972252815655
403 7.203432680141772
404 6.480500867980941
405 5.302060875648589
406 5.966326883458547
407 7.838374878465006
408 7.206212739464839
409 7.883264466760018
410 7.335179451920283
411 7.078941021887064
412 7.4979804162298915
413 7.243594084660644
414 7.702727214442505
415 7.362615029102689
416 5.467475315991096
417 5.537655560158219
418 5.419104408186351
419 5.421381229051673
420 6.009204902782865
421 5.432209104713323
422 6.001869553649658
423 5.387404364568482
424 6.0391697104769895
425 4.935814729088617
426 6.102924292125274
427 5.510732269880802
428 6.258275214011138
429 7.792191758268787
430 5.7905037410715385
431 7.412542191634006
432 5.5372178554914395
433 7.231461228587199
434 6.638472061921845
435 7.147486824060733
436 5.219774260039191
437 8.015335666238965
438 6.375735438514454
439 6.368782351222989
440 6.414556469359423
441 7.39187858979891
442 5.800016321929005
443 6.055229753532018
444 6.209458717145118
445 6.543250515932504
446 6.656743381490414
447 6.353589505379099
448 5.8466931162712985
449 6.173754229566898
450 6.099630370120788
451 6.183733289663944
452 7.00548150192801
453 7.323107289739901
454 5.2595900367822725
455 4.382340589088727
456 7.186129933745706
457 6.471710557941955
458 6.972106897258648
459 6.801376479314631
460 5.9740548276413685
461 7.351355718731235
462 6.591322462011131
463 5.828028087137985
464 6.27386468320375
465 6.329616041669815
466 7.446399348046934
467 6.175794790970734
468 7.374535014095938
469 6.473516927229891
470 6.9564708231255405
471 6.2452246157962525
472 6.5281491777453216
473 4.783491901692142
474 5.399932080289867
475 6.1574340852871865
476 6.1354078371381995
477 6.412914670418195
478 5.316637445193593
479 5.678930759137158
480 6.288584236365233
481 6.335781946281642
482 6.3785551056200225
483 6.893531563323641
484 6.656392071333408
485 5.894117536223965
486 6.262091780910769
487 5.606586970729147
488 6.273575891276558
489 6.05238164166355
490 6.647818816922785
491 5.724077676593271
492 5.682631105224169
493 6.519449034561061
494 6.782634878489014
495 5.290707003220078
496 6.382756331844562
497 7.485847313802938
498 7.279962660862746
499 6.9842262265873645
