0 3.921487160999682
1 4.1776065553337265
2 9.080987988552662
3 7.7651158394611555
4 5.563506991413497
5 4.479112688134924
6 4.0886009302442705
7 6.163253039702925
8 4.482271681878282
9 7.293450608169326
10 4.888590818850011
11 3.735522214539969
12 3.3815531243122683
13 3.528249603373012
14 3.482171584861563
15 4.4529702699821
16 3.558909963776862
17 3.780111860323032
18 3.747014678157489
19 3.5121901495797094
20 4.001190037848862
21 3.6599788286942387
22 3.6918080795281822
23 3.3896053082878717
24 3.335720137585026
25 3.7997368674846332
26 3.958416389919597
27 3.5894666186079056
28 3.736851314932422
29 4.514284436150191
30 5.05601278220521
31 4.106795809766442
32 3.712742512179941
33 3.496376029850094
34 3.49363274942876
35 3.530931226200781
36 4.435783946879283
37 4.8164510828080696
38 3.6085337606065075
39 3.5324651674299075
40 4.414327916746884
41 3.9596137122257926
42 4.361615648337575
43 3.725493778127423
44 3.5896808918115917
45 3.422474217037143
46 3.8250966286660484
47 3.488837524519224
48 3.418808869406051
49 3.447436788120934
50 4.908843076660778
51 3.618702962268568
52 4.1187273389102845
53 4.643915579011327
54 3.877024843655502
55 4.085181794777441
56 6.29490895651451
57 7.532217051388827
58 3.5603344685446934
59 4.926088256289113
60 4.307424643823506
61 3.6989875781600663
62 3.718099482499884
63 3.593872363349256
64 3.4389870054988094
65 3.468833055909781
66 4.391226522385097
67 4.348051863236301
68 4.171008335638024
69 3.6468190420075395
70 3.891774589613996
71 3.5566125948765754
72 3.9798389235433995
73 3.711233497298145
74 5.800608055232928
75 5.529953049677784
76 4.272226004740832
77 3.9668579079442208
78 3.5816501072182065
79 4.171016741568365
80 3.375290149498877
81 3.5575483362889337
82 3.4822319389746554
83 4.495290468976968
84 4.402575414181868
85 3.578353623886751
86 4.595085291035567
87 3.7687940503002135
88 3.8654044982148994
89 3.7662256923873394
90 3.901953092783716
91 4.909108904218257
92 4.661297227742207
93 3.6690294115898
94 3.684190701453786
95 3.635232161316231
96 4.560170220198939
97 4.062015383378972
98 4.491535322481792
99 4.847445679057005
100 4.434421737166715
101 4.752655654742397
102 3.569646139006119
103 3.5899659633056795
104 3.4624794288267946
105 3.5906118588515246
106 3.4687248303224907
107 3.8215345318860545
108 3.508576751994657
109 3.914601679441959
110 3.512902165990887
111 3.712697801259925
112 4.298639419339938
113 3.658127753993607
114 3.601313875360664
115 3.4546252688839476
116 4.661730496070619
117 3.947168782087066
118 4.18089483307568
119 3.530621114229968
120 4.2322304723551625
121 3.8639789946417555
122 3.670176474815726
123 3.3898340158646336
124 3.790355368651281
125 3.5645877160650685
126 4.605918758413775
127 4.415321745899464
128 5.874335565732095
129 5.013415038196604
130 4.192808974507073
131 4.0329645499404325
132 4.1123846152107575
133 3.854942679467717
134 4.202236614807428
135 3.829769847627721
136 4.376245902145946
137 3.4534258446648183
138 4.505358578314431
139 4.157031878394344
140 5.315038229121625
141 4.364850758403016
142 4.4321161962406155
143 4.325384448527793
144 3.3484588831266326
145 3.4195801563474038
146 3.4414120099493957
147 3.797086700023769
148 3.482178023597824
149 4.056688658411887
150 4.277137978822835
151 3.6226457416021924
152 4.038953025323934
153 5.823220904715827
154 5.568202307715894
155 6.564482852719343
156 5.71615274782962
157 6.655286329365418
158 5.632336602800148
159 6.239752903075542
160 7.0169670589874045
161 4.7372868507507455
162 4.89050596625034
163 6.179947561608387
164 5.966841395477376
165 5.540809071738848
166 7.127497195545566
167 6.056055083511597
168 5.601716806393482
169 5.723884790849496
170 5.235640181133831
171 8.989895922087655
172 4.118960317328694
173 5.283523628252305
174 4.70448362035747
175 4.277222583768016
176 4.0332515090435646
177 4.1599652889754255
178 4.238531152865613
179 3.942862424199214
180 4.075274049868341
181 3.9160404689007735
182 4.369337530732334
183 4.183376244239254
184 4.272994689082174
185 3.698451773832634
186 3.8118118156202074
187 4.072535703210535
188 4.405531137478727
189 5.914851223381789
190 5.107410167655658
191 4.5184849631390245
192 4.073309190968732
193 4.098604629537726
194 4.361248745505408
195 4.612618108441897
196 4.161066945545387
197 5.826308323631217
198 4.116441098603092
199 4.1384099222005375
200 4.0615674754723905
201 4.175906081967326
202 4.27373367484858
203 4.2003648276962755
204 3.704772173518702
205 4.057986274854113
206 4.059672239337248
207 3.813360564133244
208 3.5863745145700276
209 4.23635441735824
210 4.134846037679843
211 4.300332701972179
212 4.858956503805793
213 4.152118267726957
214 4.0296635275835
215 4.277780040107416
216 4.512709579670576
217 4.074708462970101
218 4.3206618303205655
219 4.182700742583614
220 3.979616602100737
221 5.033502194756574
222 3.4853013481335746
223 4.643029372590675
224 5.644388763824504
225 3.34307751633274
226 3.9912646537979146
227 6.748488544386743
228 7.013928266760955
229 7.712986656919341
230 8.274537201297683
231 6.399546218615358
232 8.189203810559636
233 5.8987148747578315
234 3.8192071220059245
235 3.716960280594032
236 4.319121294466841
237 3.5579562198574832
238 4.62360439395779
239 4.387906479236053
240 3.443638802910965
241 3.65412419662663
242 4.266923589688083
243 4.745379802091694
244 3.3570789567192696
245 4.236106909765779
246 4.351120789750257
247 4.343368026626546
248 3.448907526606699
249 3.4553259997573247
250 3.9862832232993077
251 4.570409984379107
252 4.950614619423007
253 5.1789281852026
254 4.28681099539759
255 3.740007383363161
256 3.3127654225512173
257 4.5381468851808435
258 3.219188026050857
259 4.1166654412425725
260 4.720826883281661
261 3.4305140210281264
262 3.419557083475339
263 3.5140915918642253
264 3.4243619471042135
265 3.7427735095401116
266 4.40652721779325
267 4.374488755263919
268 3.5026766582836792
269 4.113473447184364
270 4.268596223328917
271 3.562061563102061
272 4.513255975259412
273 6.2344273490396285
274 3.603609122475775
275 3.5168245645116065
276 4.547125217604897
277 3.563946312704834
278 3.574288316025102
279 5.662267791913229
280 4.176961766953427
281 3.562745806734339
282 4.453678502364259
283 4.819984860091997
284 3.4672779235113382
285 3.5796736313752753
286 4.55794534335604
287 3.60693379550974
288 3.4904189645325774
289 3.53697122791132
290 4.43330778622917
291 4.349668195602883
292 3.858363231846896
293 3.736559976690663
294 3.4837153146442894
295 3.504807347169465
296 3.9031586435760985
297 3.4175903856459438
298 3.8923077233208287
299 4.262983283440702
300 4.356132567728614
301 3.6601355500781767
302 3.874215435027356
303 3.742614764438613
304 3.740478940749629
305 3.8199526986035424
306 4.362079271884418
307 3.7806528772467742
308 3.6102943551205486
309 3.866975357499328
310 3.461300837768032
311 4.0250104509280735
312 3.525681887835861
313 4.659993492050639
314 3.7530904567544785
315 3.8073323037979154
316 3.8866802023637392
317 4.276032057159179
318 6.141378416155318
319 6.37522051156259
320 4.105630341920556
321 4.348325088439353
322 3.5707468826142206
323 3.91857731859761
324 3.9796028090932443
325 3.862463347527389
326 3.7611993779207857
327 5.583662480613069
328 4.428538430100158
329 3.812548324245849
330 3.8274026334347555
331 4.791843288392928
332 3.4303255643778416
333 3.3533201317123447
334 4.231563882762348
335 3.6097150391976593
336 3.58872008217823
337 4.567800517020576
338 4.459936408118275
339 4.421765068031773
340 4.7316176066692845
341 4.066272888520578
342 4.274796591166764
343 3.5978617236461163
344 4.279726748845215
345 3.4837480280126414
346 3.538698827602315
347 3.500951049885804
348 3.3564122736774586
349 3.8016447270770755
350 3.889506939893298
351 3.642350206730368
352 3.496561309060766
353 3.4909058169516576
354 3.43482269413405
355 3.5388873213490255
356 3.6134370328839256
357 4.4257481004693195
358 3.557364792577797
359 3.4513395904412656
360 4.281642684013505
361 6.1573414109367555
362 3.8740595433622773
363 3.816430693403053
364 4.063889526093789
365 3.8353074279783614
366 3.7034650681039256
367 3.8756121917726314
368 4.093015856714765
369 4.2107574351731225
370 4.22778551929333
371 3.800709391819507
372 4.818466620598453
373 4.1702081604584516
374 4.009529695292028
375 4.221820140410642
376 4.275443804343813
377 4.170921486103515
378 5.50923479352559
379 4.2159784663702355
380 3.7539411165690644
381 3.7197828656713474
382 3.9846303201016484
383 4.400113789968632
384 4.63149457807128
385 4.027397676132402
386 5.101060929126658
387 5.040445292497691
388 4.230732156308264
389 4.433184255584054
390 3.6044905029644116
391 4.438136582789603
392 3.731745537293861
393 3.7840860538997365
394 4.2465310853156515
395 4.8045343232816276
396 5.931050394156385
397 5.6576469293657405
398 4.992865726099135
399 5.162890573143237
400 6.4928279017726425
401 4.927409990476139
402 5.8034292276494135
403 4.842487445376586
404 5.430541817309959
405 5.838300395689875
406 4.747702779275918
407 4.681814626346356
408 5.094857079720996
409 4.701840924213334
410 5.877586383623383
411 4.864914329978098
412 5.696902254213089
413 4.505245025900361
414 5.141691772656761
415 4.64574024304693
416 4.761284624744849
417 4.835874608122336
418 4.852158191924626
419 5.063517828038871
420 4.393601224414597
421 4.643366763234099
422 4.989003549345144
423 5.305269337115682
424 5.5398417062043
425 5.165515190055159
426 4.761742821944903
427 3.8786914457406163
428 3.8488809893271156
429 4.201451593240571
430 4.296999359783173
431 4.300004645636545
432 3.9448948456249355
433 4.239463687167237
434 3.5800525177872533
435 4.836864021468794
436 5.1782240065957215
437 4.831737662211265
438 3.937948392121723
439 5.156126833101057
440 4.634591783829784
441 3.948591225658355
442 3.9760716708322406
443 5.123172653021786
444 4.0323767042542
445 4.16521861372706
446 4.923857744265542
447 4.057738746241497
448 4.711851584179415
449 4.484732095903469
450 4.085309885496837
451 4.67186520473447
452 4.235139563351139
453 4.318162647609963
454 4.267612943666919
455 4.015893914299336
456 3.5111368669286387
457 4.209792764679346
458 4.190809878180038
459 3.8355652053419425
460 4.130113265056134
461 5.343719482924643
462 4.590042162684493
463 3.9239033226519244
464 5.24557819244959
465 4.434284150519468
466 4.412118221700125
467 4.200191292138542
468 4.166795589417311
469 4.350651808723297
470 3.886825075957329
471 5.954308830118616
472 4.475189177384886
473 4.271698149767786
474 4.121490464869312
475 6.672152964350768
476 6.1214690145645765
477 5.94206342548629
478 6.472255370927294
479 4.767279652224781
480 4.4731844564454475
481 5.634972225488309
482 6.521725494193667
483 6.312544852955957
484 5.7401833395597714
485 4.949130022335626
486 4.224933364912633
487 4.003488671418473
488 6.571581078354807
489 5.760621687724711
490 5.845968814752835
491 4.017847049796938
492 4.722302145028445
493 4.017372953152166
494 4.1268509327265095
495 4.351216517721592
496 4.535563794511298
497 4.283561817750475
498 3.897055232426036
499 3.761848869492229
