0 5.600752276592537
1 4.195493187526435
2 4.1965363001831415
3 4.69228466541883
4 4.518084791865715
5 4.250089580621348
6 3.837777841945958
7 4.570007150393791
8 3.4548017753696776
9 4.011916463788877
10 3.921460553537292
11 4.416986138924518
12 4.615626866452806
13 4.459266718931966
14 3.986214917279594
15 3.4647827846369483
16 4.381606483861563
17 4.375905171344853
18 3.8273947353984905
19 4.013066795249679
20 4.701221536426447
21 4.1066251715748825
22 3.5810103674725857
23 4.087332451750666
24 3.9258490447810415
25 4.2707556391953005
26 3.333560629803963
27 3.753965715309323
28 4.387724960683165
29 4.224631326508409
30 4.267934577885082
31 3.7217602736577162
32 3.53723074601462
33 4.144716629789479
34 4.270909454645388
35 3.898760341046013
36 3.491650550018097
37 4.4638937691727305
38 4.3172296404385655
39 4.123849419873453
40 4.427657276216283
41 4.2509502573711355
42 4.420566590295893
43 4.349559327831611
44 4.103064675203353
45 4.248220628653961
46 4.130133376169769
47 3.3956039509217786
48 4.251459020848265
49 4.3079194171737765
50 4.264616881141385
51 4.18365680069548
52 4.382370085690396
53 4.779759960132328
54 4.29706579350278
55 3.7084706959337037
56 4.16494171528898
57 4.39858272974229
58 3.66792729766716
59 4.124202706480079
60 4.195266764053
61 4.165648498918556
62 4.159837171914879
63 4.1138451229675095
64 4.506539012899287
65 4.404995042290675
66 3.9380422676100415
67 3.955172262099946
68 4.1690500149347685
69 4.360218007499329
70 4.040501061095559
71 3.9964587402723666
72 3.6052938949215845
73 4.250182410376013
74 3.8177495387447524
75 3.3147798993147495
76 4.263330174876995
77 4.095609727548976
78 4.537653909963944
79 3.837446697713393
80 3.6768082394084165
81 4.306071098289331
82 3.8109953508881027
83 3.7546372323532986
84 4.130472074807024
85 4.3379583878561165
86 3.930640389678737
87 3.8432618107791283
88 3.5619376164094914
89 3.9584127680518
90 4.200387222388531
91 4.069489172472568
92 4.095741988485183
93 4.182373757069971
94 3.412147893894174
95 3.808078315155146
96 3.553550189448208
97 4.212515335769196
98 4.013942824152063
99 4.103769551266348
100 4.671078548389598
101 4.336512064219005
102 4.196718006657973
103 4.913728317396194
104 4.4596824421371615
105 4.305826602902948
106 4.262429084384465
107 4.399103011944173
108 4.160522463106132
109 4.165933785841737
110 4.178279261655804
111 4.100744037108573
112 4.063347868005233
113 4.410472428042503
114 4.209401692184377
115 4.0245769977486505
116 4.714015352251528
117 5.588113071732021
118 4.41498819243144
119 5.202653151298067
120 6.036571088611805
121 6.930224572565225
122 4.318879030670026
123 5.251267309809901
124 5.237345922889607
125 4.5897138513334585
126 5.373679960134636
127 4.520061154395395
128 4.7376094021613095
129 4.398139169296495
130 5.863929038658006
131 5.048990626002828
132 4.058801025001927
133 4.662296725643721
134 5.715523402267844
135 4.755470473409744
136 5.257768604197048
137 4.2144487098606245
138 4.764817792972805
139 6.343068580014498
140 4.7968776836526485
141 4.757259759712392
142 5.251104804501563
143 5.240241691674785
144 4.5212040702854175
145 4.656253010126173
146 5.958955143671796
147 6.4834700763784125
148 5.996559003665515
149 5.675478860653081
150 4.6788870373456275
151 4.863973190407956
152 6.672532487423211
153 4.056924159368351
154 6.097739056868258
155 3.7675141673486054
156 5.190445236150219
157 4.799848781989399
158 4.7398089085010335
159 4.5395791193011
160 4.76914627821393
161 5.9810775480485
162 4.2982224532540005
163 4.81762121906907
164 5.174490845446238
165 4.61711039437861
166 5.213381613144597
167 4.465547642410648
168 4.1737693732486
169 6.931597945453385
170 5.690573563499805
171 4.802867443237892
172 4.956743553551205
173 4.634695682209005
174 6.790827065874154
175 5.864090958175394
176 5.009616921089021
177 4.883060640372714
178 4.565772648286885
179 4.115568146179296
180 4.181354256577531
181 4.494252605713071
182 3.644098548573327
183 4.3339378150385475
184 4.166666663034751
185 3.8869377255774475
186 4.38702387454673
187 3.7442144462961586
188 4.28097578094362
189 4.192880557636074
190 4.083376615458387
191 4.161197469204897
192 3.926075313397088
193 4.39000559946849
194 4.254796834178311
195 4.423760444201294
196 4.545946382593703
197 4.210439092356008
198 3.8211857751429674
199 3.329581042674344
200 3.5572132111662436
201 3.872958214847066
202 3.7657213498360163
203 4.173143549958961
204 4.455649487810038
205 4.284678333446987
206 3.6295658418148284
207 4.386379374587165
208 3.7493407799310594
209 4.2419677677311
210 3.8140197399139386
211 3.9205296748002185
212 4.146334524739689
213 4.4713034646349366
214 3.972477835822927
215 4.322484533366711
216 4.080564723331818
217 4.016384844105565
218 3.7224772480307142
219 4.060289208020737
220 4.251245557122207
221 3.7436335438307067
222 3.7717767959907134
223 4.46911772235318
224 3.7680805108629873
225 4.2475174997548795
226 4.293639702511087
227 5.2621953477449495
228 4.416739078343786
229 4.095682782068373
230 4.1194158713216735
231 4.883177104233117
232 4.102713522630413
233 3.5754230862361243
234 4.2435662415420055
235 4.253524576655679
236 4.714308685907914
237 4.370341040304689
238 6.053226747491894
239 5.070945793020078
240 6.076211790779735
241 4.579954825902232
242 4.242360849857115
243 4.770461164465922
244 4.407681248003336
245 4.7415494688270705
246 5.9996520306404815
247 5.8393717831649985
248 7.009048648487258
249 4.403151916194667
250 3.4164490199901563
251 4.184276168410634
252 4.32503860556542
253 4.192327285437315
254 4.22101509725838
255 4.234500079137628
256 3.555987249279735
257 4.811812336815356
258 4.045679466936532
259 4.380037818890416
260 4.2444109068354345
261 4.19466092433879
262 4.279704733252478
263 4.334015611700086
264 3.838234854268074
265 4.115100825983592
266 4.497163667848
267 4.378746915433569
268 4.69542456459494
269 6.035076912449955
270 4.574891724196501
271 4.424693247865058
272 4.203076965710485
273 4.38859022564918
274 4.19438441294022
275 3.497361509158841
276 4.163189499757993
277 3.730191074436019
278 4.282191509179698
279 3.68075647977911
280 4.006384254548001
281 4.539523204311618
282 4.268773859857182
283 5.417956042849422
284 6.47332103260466
285 5.5478789039165886
286 4.3510057332894885
287 4.888948774623891
288 4.580227622596554
289 4.764293620907106
290 5.525044113070868
291 4.517909591001751
292 4.576797682550737
293 4.36960553725383
294 5.483065500545233
295 5.489203524432959
296 6.306825924160023
297 4.984331069744713
298 5.71360845333804
299 4.625711601432531
300 4.975820212812547
301 4.4830850506937505
302 4.491198013447463
303 4.344458065250816
304 5.5642807899967766
305 3.8563825332761485
306 3.688163277067328
307 3.5736644585464377
308 4.268603464234411
309 4.371310700784007
310 3.734665721330426
311 3.471528090371598
312 4.341809315399869
313 4.084227879301098
314 4.401500460117492
315 4.496896508444784
316 4.191273568711033
317 4.3754417873783495
318 3.528099132416171
319 4.311346166845965
320 3.989509353123718
321 3.7682120669451664
322 4.072412396018513
323 4.280494016611026
324 4.78551413829411
325 3.315151355385845
326 4.323888401674849
327 4.166284842330915
328 3.589032034155439
329 4.058702938928611
330 4.20625789108639
331 4.304773516840678
332 4.171244056685326
333 4.166771084528632
334 3.5393138146906646
335 4.5488697554904185
336 4.1752473253711635
337 3.885600885142715
338 3.6356105655781583
339 4.080087351315651
340 4.540352315785529
341 4.351483359941531
342 4.1041115723988515
343 3.896572201424516
344 4.175281677554536
345 3.656724598892735
346 4.089554352039532
347 3.541364405203512
348 4.298357778056621
349 4.6045264897110805
350 4.085448569184788
351 4.167010380953944
352 4.138154134972545
353 3.384198579909259
354 3.6885810827845265
355 4.921954594942342
356 4.430254938861496
357 3.882749057638122
358 4.395539797051694
359 3.5293725673549354
360 4.19723661189348
361 4.14853967500968
362 4.414582517189715
363 3.6946790322283376
364 4.012894346995033
365 4.43288895744461
366 3.9096826400708937
367 3.4838993394615367
368 4.231617193921619
369 4.058912116762303
370 7.214891661109112
371 4.481115990157263
372 4.1947317151729555
373 4.004416105059924
374 4.063065522690067
375 4.291840961659421
376 4.329758951040801
377 3.954325338575922
378 4.615026057084788
379 4.159943946322605
380 3.7394609268890866
381 4.103562175690917
382 4.305984481251997
383 4.414871337966952
384 3.5225806835973454
385 4.439050518555136
386 4.363940955571586
387 4.408558894012552
388 3.4497866572374245
389 3.848108448703791
390 4.41364802121714
391 6.155414149982382
392 4.5608175640203825
393 4.998158203869332
394 5.66999255944047
395 5.982127187893906
396 5.399901743857971
397 4.510908980906435
398 5.078448582418764
399 6.233859214521851
400 4.356376303899319
401 5.564834557228117
402 5.982370317664443
403 5.11708775840915
404 6.180248822769283
405 4.701893969859899
406 5.499682755059717
407 3.6947873283241948
408 4.015308084031008
409 4.322117505886154
410 4.390958617974165
411 3.924865719476154
412 4.3181865389138965
413 4.483177941199135
414 4.287343547818565
415 5.728694993184734
416 5.516229598090301
417 6.269733767425148
418 6.119137654552987
419 5.692218775793564
420 4.740851487557181
421 6.025652686494637
422 5.435485303317254
423 4.4036359441378625
424 4.2877740471809185
425 4.128660727260126
426 4.5869398420903496
427 4.4537729579455565
428 4.266839548620512
429 4.334434565968498
430 4.232640700824156
431 3.845214156828641
432 4.2941317628626905
433 4.390209494800286
434 4.2584386752635845
435 4.147437032023532
436 5.283762393001975
437 4.599677916275665
438 4.273423112048238
439 5.785477968786659
440 5.795800299512809
441 5.965442244920963
442 4.441532275283383
443 4.267494068711562
444 4.619712183569023
445 4.38741196085503
446 3.8996158905497205
447 4.2941971019997
448 4.26674608826414
449 4.349757477884789
450 4.053464538939752
451 4.738247128856117
452 4.213166021088094
453 3.98097117779031
454 3.8368455402534196
455 4.246529732038026
456 3.707774524282609
457 3.9596782397971744
458 4.491828442856986
459 4.396222509093258
460 4.222045026073987
461 4.262304195802348
462 3.7210646694836496
463 5.268413207803642
464 4.844933465549335
465 5.029659969980876
466 5.670622617116689
467 5.938266460086492
468 4.339495546444547
469 4.080116677191357
470 3.9944886296097444
471 3.473445858028991
472 3.5997737245312487
473 4.979795636894154
474 4.6722430130920545
475 5.41945721912314
476 4.106188432524924
477 4.179456894438421
478 4.203838300468746
479 3.876445702275381
480 4.2213450789230444
481 3.4731996576029647
482 3.8791245283118045
483 4.407191024806289
484 6.315371785029669
485 3.6134572962103464
486 4.189989841324617
487 4.5114853420835495
488 4.408978239916106
489 3.619585776582183
490 4.644576626925758
491 4.422475666398446
492 4.012539730753577
493 4.417850421628594
494 4.484444081016041
495 6.004165627889822
496 5.230149075516448
497 4.714957827461842
498 6.30161667939589
499 4.7187335551059775
