#Frame    total[bond] total[angle]   total[dih] total[vdw14] total[elec14]   total[vdw]  total[elec] total[total]
       1     196.7561     463.1749     711.6008     191.6232     2702.3103    -407.2940   -4307.4232    -449.2519
       2     185.6620     451.4052     702.4688     210.2729     2791.3030    -404.2942   -4380.2000    -443.3822
       3     195.5190     437.6497     719.4671     195.5723     2761.5421    -405.3872   -4483.3838    -579.0208
       4     175.7141     452.2366     700.8149     205.0843     2753.2676    -423.7692   -4484.4254    -621.0772
       5     181.4132     464.4340     688.0365     198.7258     2764.5842    -404.1588   -4434.6602    -541.6252
       6     211.6377     441.8679     681.1821     201.4818     2736.2949    -404.2742   -4410.7576    -542.5674
       7     207.3944     437.6196     685.4287     208.0607     2737.7594    -386.3038   -4416.4232    -526.4642
       8     186.7291     457.3873     682.9027     198.9050     2745.7366    -410.3292   -4371.6417    -510.3102
       9     185.4841     449.7552     696.8216     212.8486     2770.7790    -410.9399   -4362.2900    -457.5414
      10     185.5736     448.9639     685.1659     204.2588     2768.1981    -407.2086   -4392.6631    -507.7115
      11     174.2503     475.6126     715.7979     210.9145     2773.3363    -419.2820   -4425.5323    -494.9027
      12     172.6316     458.1727     691.0286     191.5468     2765.4830    -407.2328   -4374.9427    -503.3129
      13     167.6655     468.1492     700.7609     206.2833     2760.1884    -415.1777   -4416.7973    -528.9278
      14     196.9236     456.9979     710.7541     201.4122     2791.0422    -401.4392   -4398.8959    -443.2051
      15     187.8744     484.6955     695.1118     191.8234     2748.2307    -404.1926   -4362.0726    -458.5295
      16     172.1196     469.0828     702.6220     215.1870     2766.1550    -426.2994   -4365.8336    -466.9665
      17     178.4110     460.0206     702.0225     202.4097     2783.4540    -420.7092   -4328.8803    -423.2718
      18     179.3765     456.0584     691.0886     198.7344     2762.9891    -417.7362   -4334.1576    -463.6467
      19     179.1219     451.8404     697.8539     198.7416     2775.6186    -411.6901   -4399.6864    -508.2003
      20     190.3574     479.1281     691.6665     194.3867     2766.5676    -411.4389   -4440.5264    -529.8590
      21     172.2393     471.7103     690.0337     203.5088     2758.4969    -411.4881   -4433.6016    -549.1007
      22     183.0750     461.2870     696.6143     199.0312     2757.2998    -399.2166   -4427.0794    -528.9887
      23     166.0551     466.9243     697.2893     198.7535     2761.2185    -402.1207   -4271.0780    -382.9580
      24     155.4502     473.0541     697.4745     197.5765     2762.9203    -411.3949   -4356.1414    -481.0608
      25     168.6780     454.4043     700.1513     204.7156     2747.0688    -404.0541   -4401.2723    -530.3083
      26     170.3264     464.5437     706.4364     207.3146     2739.0809    -399.1595   -4300.5472    -412.0047
      27     177.4136     447.8184     692.3198     207.1035     2732.9484    -421.6669   -4317.4379    -481.5011
      28     176.4044     450.4861     698.4703     206.8570     2748.7282    -403.5372   -4357.8736    -480.4649
      29     185.6119     475.5584     701.7397     200.6640     2742.5483    -417.7439   -4399.3888    -511.0104
      30     163.5290     445.4335     727.1367     207.4566     2764.2375    -416.6086   -4368.7843    -477.5996
      31     182.1129     480.1871     701.7869     196.3474     2758.9999    -404.6714   -4402.1648    -487.4020
      32     198.5313     487.0430     687.6267     201.8176     2769.8608    -423.8235   -4434.6537    -513.5978
      33     188.2250     455.0629     697.0448     199.0277     2782.1745    -423.0515   -4456.5580    -558.0747
      34     196.2809     483.6244     703.9166     198.5260     2751.5849    -409.2504   -4448.1267    -523.4443
      35     192.4936     471.9020     706.6072     200.8785     2744.2676    -423.2472   -4389.6184    -496.7167
      36     178.8831     446.6015     705.0715     201.5942     2756.3648    -407.2824   -4374.9877    -493.7551
      37     179.4849     452.1022     706.8901     207.5439     2745.0813    -407.1045   -4339.3888    -455.3909
      38     186.7546     469.2485     691.9392     205.9749     2755.2305    -415.8932   -4396.9127    -503.6581
      39     179.8050     456.3641     710.9728     205.2256     2797.6057    -424.7816   -4421.6826    -496.4911
      40     182.2139     513.4006     717.7830     192.5817     2766.4838    -414.5077   -4414.8566    -456.9014
      41     188.3170     454.8928     708.9536     210.4341     2760.9480    -422.5216   -4329.4487    -428.4249
      42     192.4756     461.8634     694.7627     190.3846     2767.2572    -414.3576   -4331.0916    -438.7057
      43     172.8505     472.2474     704.0776     199.1130     2755.8668    -410.0258   -4347.9830    -453.8535
      44     165.4749     468.9625     717.0918     208.2518     2769.3795    -420.6130   -4249.1521    -340.6045
      45     186.8559     437.5106     700.6489     198.5266     2770.6430    -406.1127   -4302.6896    -414.6174
      46     180.7717     469.2062     698.8980     198.5895     2748.2039    -415.5237   -4299.7900    -419.6444
      47     170.0241     441.4075     716.0460     190.5691     2757.6479    -419.5300   -4307.1449    -450.9803
      48     180.4002     471.6256     696.9876     201.3492     2740.1903    -398.6179   -4269.9670    -378.0321
      49     195.4815     455.9171     685.6587     191.9819     2745.4125    -417.7875   -4290.5767    -433.9125
      50     179.8215     459.1565     692.7063     201.5725     2743.7150    -417.9556   -4290.0477    -431.0314
      51     157.3737     478.4239     698.9442     207.9333     2763.6737    -420.7258   -4304.5149    -418.8919
      52     170.2137     471.7244     699.5874     203.2660     2747.5449    -410.1898   -4293.1437    -410.9971
      53     188.7418     470.5425     692.6195     195.4054     2761.1852    -414.1904   -4217.5346    -323.2307
      54     188.7141     476.3752     701.3362     201.5098     2752.2952    -416.4019   -4404.9129    -501.0844
      55     183.3765     462.7461     681.1240     192.5311     2748.2292    -407.5649   -4328.4553    -468.0133
      56     199.6688     454.2222     704.3661     193.6619     2743.5666    -392.3693   -4268.3031    -365.1868
      57     181.2864     471.3343     703.5763     193.5399     2759.5498    -426.0517   -4360.2361    -477.0010
      58     162.8820     455.0208     691.6846     193.7250     2742.8433    -415.3683   -4261.8713    -431.0840
      59     184.7274     481.0948     701.8388     198.1949     2733.4569    -411.0805   -4372.4180    -484.1855
      60     172.9646     467.4099     690.0033     201.4548     2761.9935    -413.7125   -4368.6512    -488.5377
      61     186.1690     431.1747     684.8465     203.8404     2747.6081    -393.3501   -4358.5465    -498.2579
      62     181.4147     461.5646     709.2390     192.2720     2740.7030    -422.0237   -4420.7822    -557.6126
      63     179.0844     442.8719     707.2559     212.0453     2778.5990    -409.8070   -4317.5870    -407.5376
      64     195.2863     455.0896     709.0992     199.1065     2755.0902    -413.6374   -4329.8726    -429.8382
      65     185.1018     459.6697     705.0265     203.3691     2763.8016    -394.5437   -4378.6932    -456.2682
      66     181.0705     456.2682     698.7479     203.7528     2758.0175    -416.1935   -4361.2310    -479.5675
      67     183.3109     457.5841     698.9963     205.3689     2758.2691    -413.2841   -4331.0875    -440.8423
      68     180.4396     467.4425     711.9689     199.2040     2748.9640    -405.7829   -4370.3368    -468.1007
      69     171.2821     491.4838     698.9552     189.0218     2737.8711    -406.8030   -4361.4826    -479.6714
      70     171.9994     502.6212     712.9047     206.8359     2763.0559    -414.8661   -4422.8513    -480.3004
      71     197.8501     467.5132     712.8507     199.9149     2744.4902    -413.5523   -4406.4922    -497.4253
      72     198.1119     459.3851     696.8595     190.2117     2733.0865    -400.7482   -4479.7653    -602.8588
      73     173.1549     457.9480     700.7541     209.1274     2772.8748    -405.7507   -4355.8879    -447.7794
      74     195.0058     459.3185     690.7140     209.2185     2759.8035    -398.9021   -4309.6944    -394.5362
      75     183.0420     483.4809     703.0972     192.0750     2759.4737    -399.2150   -4375.7661    -453.8122
      76     176.0383     478.9211     706.7697     199.9526     2781.3131    -417.4176   -4466.3767    -540.7994
      77     211.7238     449.9798     724.9790     197.0382     2761.9987    -421.0809   -4341.7452    -417.1067
      78     176.3679     476.8813     708.2521     205.4788     2784.8486    -408.6807   -4448.1241    -504.9760
      79     162.8160     443.5111     704.7706     204.7341     2776.3178    -409.6246   -4338.0024    -455.4774
      80     177.5454     481.4298     702.9548     200.2032     2778.7804    -407.4423   -4399.2163    -465.7448
      81     180.6713     453.6346     688.6868     195.6268     2778.4504    -404.8558   -4370.7638    -478.5497
      82     176.3523     475.7615     708.2086     190.9396     2780.9846    -406.4413   -4403.6895    -477.8841
      83     188.3246     444.9908     713.6143     205.0087     2812.5639    -412.9109   -4371.9855    -420.3940
      84     184.4882     463.7882     718.2238     197.0505     2761.1593    -390.8121   -4408.7939    -474.8961
      85     188.9033     480.2364     685.9376     193.3622     2755.1875    -412.7328   -4367.5039    -476.6097
      86     164.8291     464.8119     684.6208     208.4735     2747.6916    -413.9468   -4380.3306    -523.8505
      87     170.9518     466.9625     716.0852     203.7001     2781.4500    -402.2733   -4489.8546    -552.9783
      88     198.9031     443.9290     694.9108     200.6986     2765.9226    -404.1807   -4372.6026    -472.4193
      89     193.9375     449.3370     693.1866     205.2828     2780.1228    -420.8081   -4306.7791    -405.7205
      90     173.2418     450.4048     698.7692     212.6556     2768.2872    -411.1722   -4368.1595    -475.9730
      91     175.3852     478.3879     705.3781     206.6754     2760.5038    -401.6779   -4340.7202    -416.0676
      92     175.1789     485.4021     687.8088     194.9006     2739.3518    -395.9770   -4346.6085    -459.9433
      93     189.4731     470.0469     678.4816     199.0947     2735.0616    -413.5224   -4302.7108    -444.0753
      94     169.3336     472.5381     698.6152     200.0275     2757.3774    -404.6605   -4345.9243    -452.6929
      95     195.5210     464.8046     702.2921     200.0524     2759.6002    -411.9950   -4360.3520    -450.0767
      96     178.5051     476.7252     700.7704     203.2390     2750.5983    -403.6355   -4354.5081    -448.3057
      97     167.9421     458.4431     711.7791     207.5537     2794.6786    -411.0706   -4374.5535    -445.2275
      98     198.3615     455.6557     705.9156     200.8593     2744.9356    -414.3551   -4353.9044    -462.5317
      99     195.2059     439.7628     699.9236     192.4270     2762.8569    -425.4505   -4317.9758    -453.2500
     100     170.0892     464.1639     691.5993     205.3192     2786.0506    -408.9217   -4433.7753    -525.4748
     101     199.3666     446.6378     706.3887     196.7404     2759.3295    -402.8425   -4362.4188    -456.7984
     102     183.7144     471.1298     686.2506     201.6783     2756.5361    -422.5359   -4370.4342    -493.6609
     103     177.2631     445.3576     690.8027     194.1430     2784.0396    -410.8268   -4349.8597    -469.0804
     104     194.9177     465.7109     696.5101     198.1720     2771.3598    -421.7161   -4241.4164    -336.4620
     105     188.5225     468.5283     702.7158     201.4237     2775.0914    -407.0305   -4345.9553    -416.7041
     106     178.8210     467.7161     704.0546     190.6097     2767.5329    -402.3979   -4261.4457    -355.1093
     107     182.5293     494.0470     684.8341     196.5740     2750.1691    -401.5516   -4274.1476    -367.5456
     108     181.3582     443.8996     695.9197     199.5211     2775.2833    -410.0697   -4317.8272    -431.9150
     109     198.5641     483.0577     701.2016     195.0716     2739.1224    -399.6356   -4291.5038    -374.1219
     110     180.4324     464.9034     688.8274     201.0146     2751.3759    -399.3332   -4295.4010    -408.1806
     111     188.2985     470.9718     692.2299     192.2610     2723.6000    -402.3987   -4328.5601    -463.5976
     112     173.5954     448.2688     708.3093     200.7215     2735.7685    -405.3726   -4325.9210    -464.6302
     113     177.4160     466.5560     693.0355     194.9637     2759.1202    -403.2491   -4309.8823    -422.0400
     114     185.0805     438.7225     693.4229     200.0003     2749.9732    -408.9392   -4330.4034    -472.1432
     115     180.3289     468.9215     697.2025     202.6844     2771.3459    -409.7371   -4357.9773    -447.2311
     116     191.3779     455.2676     695.5162     197.3164     2774.5202    -413.7699   -4338.8149    -438.5865
     117     195.5282     466.3352     710.6399     192.3370     2756.6555    -411.1395   -4422.1640    -511.8076
     118     158.5850     461.1630     707.8773     204.7244     2782.4126    -404.1661   -4380.3927    -469.7963
     119     175.6411     463.5851     683.0344     200.1535     2736.7424    -396.5885   -4327.6487    -465.0808
     120     181.1393     452.9647     702.7963     211.2470     2751.3065    -408.9289   -4316.4505    -425.9255
     121     178.5526     447.2586     695.3958     206.3244     2749.1845    -405.5223   -4319.9746    -448.7810
     122     182.0308     435.4185     709.4198     206.8212     2768.0347    -395.8398   -4418.0308    -512.1455
     123     194.5595     446.6475     714.2003     192.2216     2768.0916    -412.2181   -4378.4972    -474.9949
     124     207.2959     480.3551     713.1473     202.5249     2739.4812    -416.0753   -4338.7239    -411.9948
     125     201.2668     469.5918     708.0968     201.9820     2779.0617    -422.7415   -4373.6490    -436.3913
     126     174.4305     472.4485     703.0328     198.3772     2768.8577    -402.4245   -4332.2966    -417.5744
     127     203.2659     483.3284     706.5496     189.8580     2776.8153    -404.9587   -4335.3265    -380.4680
     128     168.4032     448.7912     701.6016     204.6938     2767.9997    -415.5131   -4339.4539    -463.4775
     129     196.2962     481.1259     700.5694     195.7112     2761.6066    -408.4228   -4326.4876    -399.6010
     130     185.6953     467.9807     713.3121     201.4770     2775.7841    -403.7037   -4323.1095    -382.5641
     131     169.2874     483.5660     696.7439     210.9020     2789.4564    -415.3082   -4400.0238    -465.3763
     132     168.2416     461.5894     699.3123     193.1523     2802.3439    -392.0023   -4379.4570    -446.8198
     133     167.8994     440.9854     702.2655     198.6306     2758.2929    -406.1147   -4270.9122    -408.9531
     134     151.9223     481.7115     689.3716     207.0593     2775.3598    -406.8587   -4333.9124    -435.3467
     135     196.2899     486.8523     704.0387     203.3126     2784.4331    -403.4383   -4345.5114    -374.0230
     136     181.5191     475.7359     700.1394     202.7359     2775.2263    -404.0552   -4325.5485    -394.2470
     137     193.0385     433.8804     701.8626     192.9309     2741.7127    -409.2114   -4278.1142    -423.9005
     138     186.2942     465.9618     710.5211     200.5812     2784.6226    -408.1683   -4237.2235    -297.4110
     139     189.6723     457.8183     712.4696     195.0128     2742.7599    -395.9294   -4309.5329    -407.7293
     140     174.8294     473.8120     708.2715     212.2280     2778.8958    -400.5686   -4319.5488    -372.0806
     141     187.8660     447.1508     706.6618     206.8713     2778.4666    -401.6940   -4337.9381    -412.6155
     142     173.3028     478.7682     709.8320     203.2126     2795.0311    -411.0957   -4309.9165    -360.8655
     143     198.9955     462.4411     709.9296     202.1906     2803.0795    -406.5339   -4345.0211    -374.9187
     144     193.3617     485.1526     707.3140     201.9005     2772.0919    -411.1736   -4239.8283    -291.1811
     145     200.6568     483.4895     704.9629     205.0197     2794.2006    -403.8094   -4312.2783    -327.7583
     146     179.5688     485.0090     691.5871     203.9646     2766.5014    -403.7261   -4294.2508    -371.3460
     147     167.6609     487.9523     690.7425     193.4017     2784.4328    -408.1298   -4350.7300    -434.6695
     148     176.8807     464.8291     694.4692     198.7843     2750.5450    -413.1270   -4347.0719    -474.6907
     149     193.6723     486.2176     702.9367     198.5549     2733.8663    -404.1790   -4327.9898    -416.9209
     150     198.7342     463.4929     698.8918     201.3250     2781.2279    -409.6777   -4334.8794    -400.8853
     151     199.7367     462.8653     704.4172     192.5094     2777.9622    -411.1954   -4392.2860    -465.9906
     152     176.2778     456.0383     704.8741     207.7834     2782.1706    -406.0416   -4322.8042    -401.7015
     153     172.1355     441.7209     709.9378     198.1761     2784.7456    -405.1867   -4403.7482    -502.2190
     154     198.2738     450.2655     702.2199     196.2814     2769.9442    -407.8614   -4330.6050    -421.4816
     155     166.1982     469.9169     694.6189     201.2480     2781.4235    -416.2074   -4416.6899    -519.4918
     156     194.0462     477.8204     689.5779     198.9995     2746.6210    -406.7555   -4432.5240    -532.2146
     157     206.5684     470.0551     700.2270     194.1363     2719.0852    -403.4086   -4293.0203    -406.3570
     158     175.3422     459.7405     714.8640     205.5808     2761.0072    -423.1441   -4386.0834    -492.6926
     159     183.2203     474.3197     697.3139     204.5946     2745.5014    -411.8737   -4426.3102    -533.2340
     160     180.6011     483.7320     710.3968     215.9248     2721.9834    -410.1607   -4299.5597    -397.0822
     161     195.6342     479.8124     704.6332     196.2479     2750.3687    -420.8300   -4423.4616    -517.5952
     162     188.2961     467.4729     702.8551     204.0650     2737.9747    -410.0880   -4366.7398    -476.1639
     163     172.3837     461.9604     702.4406     207.0882     2785.5885    -416.0544   -4392.6131    -479.2060
     164     196.0861     436.5874     715.9258     198.5708     2738.5843    -395.5840   -4328.5654    -438.3949
     165     184.3837     444.9553     698.0425     204.3907     2754.5830    -412.7284   -4341.2800    -467.6533
     166     176.2561     463.4397     704.8481     195.1679     2765.3035    -407.2082   -4357.7938    -459.9867
     167     175.4143     459.3052     708.8212     199.9297     2774.9626    -404.1487   -4434.3811    -520.0969
     168     198.6618     454.3646     688.3452     195.6613     2731.1915    -408.2794   -4395.7917    -535.8466
     169     168.8546     454.4445     685.4725     213.0192     2779.0358    -416.1343   -4336.1967    -451.5044
     170     192.6413     469.4137     704.1067     202.7561     2760.1214    -397.3980   -4289.4621    -357.8208
     171     184.6100     457.3042     709.5038     208.1460     2755.9028    -404.1419   -4369.0228    -457.6980
     172     166.9861     456.3372     685.9328     193.1790     2754.6815    -421.0291   -4258.6238    -422.5363
     173     177.5893     451.2549     704.6180     188.7010     2720.7536    -403.1813   -4228.5025    -388.7671
     174     188.8545     478.0812     688.2809     200.5853     2751.7389    -420.9088   -4261.1810    -374.5491
     175     180.4631     471.9021     696.6227     198.8230     2779.5967    -422.2856   -4315.7956    -410.6736
     176     189.4522     468.0108     715.9756     187.3355     2732.1148    -419.4333   -4292.1440    -418.6885
     177     199.4442     472.6905     698.5853     191.8200     2729.2298    -411.7054   -4283.6688    -403.6045
     178     193.2726     425.1651     710.0689     205.5191     2742.5546    -409.7799   -4379.6778    -512.8774
     179     175.5113     473.2971     694.8111     208.7252     2755.8355    -400.2453   -4420.0358    -512.1008
     180     182.1343     430.3526     689.5793     199.8504     2765.4057    -409.2936   -4423.9555    -565.9269
     181     186.9040     458.9157     697.7354     211.6911     2750.4310    -414.7857   -4405.5022    -514.6106
     182     190.8357     454.6527     699.8939     202.4554     2770.5865    -404.0142   -4425.8151    -511.4050
     183     177.4084     460.1401     684.3042     202.6377     2757.0094    -408.2617   -4372.8895    -499.6514
     184     188.7409     459.4236     695.6065     207.6901     2746.9979    -408.8224   -4362.2431    -472.6066
     185     190.9481     458.8920     688.2411     185.9311     2727.9240    -413.1165   -4373.8755    -535.0558
     186     194.6910     431.6492     697.4372     202.6650     2758.0468    -407.4506   -4414.1502    -537.1116
     187     176.1248     468.6434     707.8003     199.0744     2763.2612    -402.3498   -4371.1393    -458.5850
     188     172.3301     445.4676     708.8823     210.4448     2775.1276    -394.6426   -4382.0284    -464.4186
     189     176.8780     474.4885     701.1457     199.1322     2772.3373    -422.7140   -4365.3193    -464.0517
     190     182.3948     468.4007     694.6736     209.4371     2745.9330    -403.8615   -4371.1733    -474.1956
     191     164.3566     470.1878     695.0990     195.8231     2767.1925    -407.5951   -4348.2954    -463.2315
     192     173.8264     474.9925     723.0390     200.7141     2736.0172    -405.2383   -4307.8572    -404.5063
     193     178.5178     452.1354     696.8187     197.2394     2737.1337    -391.6469   -4413.4116    -543.2134
     194     190.5159     469.3277     701.7847     201.1395     2752.0285    -410.7929   -4294.3606    -390.3571
     195     175.1607     480.6806     698.1136     215.8063     2777.6078    -391.1684   -4356.0329    -399.8323
     196     174.7065     496.3258     694.4564     185.6490     2765.4151    -412.6032   -4374.8547    -470.9050
     197     200.5557     486.4293     698.1096     204.8493     2766.2166    -426.5440   -4339.5588    -409.9424
     198     175.2461     450.7213     688.4936     205.0413     2755.2974    -396.8237   -4297.8340    -419.8580
     199     196.3592     444.7877     690.8127     221.1308     2791.3934    -400.4335   -4356.4632    -412.4130
     200     183.0624     431.5926     702.4757     202.4341     2780.2960    -420.3078   -4338.8581    -459.3050
     201     186.4672     456.6584     700.4176     211.0842     2761.4667    -411.5164   -4381.9246    -477.3468
     202     205.9333     478.7079     708.4046     194.4620     2780.9816    -402.7588   -4380.1421    -414.4115
     203     171.7637     433.9172     702.1809     197.6542     2767.1785    -400.8861   -4358.8839    -487.0755
     204     177.2239     490.4002     694.4767     197.1624     2753.2491    -407.2184   -4378.6102    -473.3163
     205     179.2330     471.8473     691.5527     207.3096     2794.1383    -416.8288   -4426.6843    -499.4322
     206     183.5578     463.3369     715.6160     199.7996     2766.4758    -415.0774   -4369.6514    -455.9427
     207     171.1628     458.4473     702.0172     197.0482     2735.6754    -408.7687   -4359.5244    -503.9421
     208     182.4265     449.2609     692.9913     213.1917     2800.4597    -425.4620   -4376.7937    -463.9256
     209     182.5093     497.1819     698.6087     211.0465     2766.7707    -408.1792   -4315.5488    -367.6107
     210     177.0186     466.9577     715.2236     209.4884     2776.0078    -410.2595   -4274.7556    -340.3190
     211     203.6034     456.8980     700.1561     203.3568     2740.0036    -399.7269   -4300.9721    -396.6810
     212     188.2478     461.3021     694.1911     194.9724     2753.6147    -404.2097   -4360.5584    -472.4400
     213     186.8635     482.7767     724.4696     204.5936     2772.6837    -395.1673   -4358.4938    -382.2740
     214     162.0272     478.2109     709.9230     207.8149     2760.6544    -405.1020   -4332.4352    -418.9067
     215     164.0366     458.4918     711.1674     206.6052     2774.7411    -420.8385   -4367.1781    -472.9745
     216     206.8219     472.3856     725.9013     195.4008     2744.3112    -405.4400   -4291.0901    -351.7093
     217     196.5179     468.1059     674.1570     194.9339     2761.8218    -397.8827   -4358.9739    -461.3201
     218     183.6691     490.0829     698.6456     196.7155     2761.3226    -408.3105   -4347.6302    -425.5049
     219     200.6488     480.8426     698.6106     196.6703     2719.7029    -403.2655   -4319.0101    -425.8004
     220     188.5169     435.4141     714.4904     203.9009     2750.2759    -399.5076   -4353.8843    -460.7935
     221     171.4850     454.1676     690.8007     207.0877     2757.3297    -413.7591   -4321.9497    -454.8381
     222     180.1565     464.0420     703.9122     205.9617     2771.5614    -413.5780   -4332.3713    -420.3155
     223     182.9087     460.2059     697.7586     201.0665     2774.0001    -401.9969   -4340.4906    -426.5479
     224     196.9916     468.6980     682.0397     202.7707     2743.0049    -411.4146   -4376.2428    -494.1523
     225     214.4778     483.9205     691.3460     201.3991     2728.5297    -408.5851   -4339.0817    -427.9936
     226     165.6310     470.4985     696.0363     191.9459     2750.8293    -411.1072   -4345.8208    -481.9869
     227     187.7824     442.1300     683.4025     204.4712     2759.5578    -403.4714   -4362.9806    -489.1082
     228     195.1975     454.4110     692.6995     209.1266     2764.9945    -403.4068   -4403.5326    -490.5103
     229     175.3138     470.6121     684.4347     213.1693     2760.4990    -411.4413   -4341.8488    -449.2614
     230     171.6747     463.2487     706.4900     202.5976     2738.7580    -397.9674   -4400.5072    -515.7056
     231     196.3715     478.3672     692.6435     197.6384     2718.5145    -421.9883   -4325.8923    -464.3455
     232     171.1839     480.4946     663.4953     210.5683     2766.9814    -417.1127   -4345.2475    -469.6365
     233     178.8779     468.7554     694.4726     192.5065     2726.6404    -406.5238   -4292.0207    -437.2916
     234     172.8960     481.3208     673.2945     205.2236     2733.6872    -402.3861   -4314.2164    -450.1803
     235     188.1432     445.9949     697.7239     198.4706     2730.8277    -404.6615   -4286.7411    -430.2421
     236     188.7798     449.7054     693.7427     198.7369     2716.0859    -400.8121   -4342.9533    -496.7147
     237     178.3663     468.0174     696.7387     204.9824     2731.1748    -410.7591   -4319.0665    -450.5461
     238     178.7215     475.0775     696.7397     199.6398     2759.6758    -405.9568   -4314.5648    -410.6672
     239     179.3192     468.1835     685.4384     194.9656     2750.8323    -405.5924   -4338.5038    -465.3573
     240     179.0195     465.2734     722.0991     202.2218     2776.1299    -425.1796   -4376.8733    -457.3092
     241     167.0205     452.9711     694.1657     199.5802     2766.2488    -412.7603   -4339.4212    -472.1952
     242     166.2394     486.5612     699.2675     205.8060     2747.8348    -416.3265   -4348.9113    -459.5289
     243     178.9847     454.3453     698.9280     204.6179     2772.8821    -415.0719   -4316.1521    -421.4659
     244     209.7243     444.7075     706.4061     201.0283     2763.0326    -410.1343   -4329.7016    -414.9372
     245     172.6813     466.3179     703.6604     206.1574     2766.2943    -421.7979   -4301.9223    -408.6088
     246     195.2659     440.8133     690.1781     201.1010     2765.7433    -413.5463   -4384.9711    -505.4158
     247     181.2284     447.0830     721.1049     207.2448     2771.4999    -412.0942   -4363.9628    -447.8961
     248     171.9652     452.2177     710.1160     199.3333     2774.3556    -422.0639   -4277.3401    -391.4163
     249     182.4315     487.3954     688.3065     193.0605     2751.4608    -398.8610   -4353.1063    -449.3126
     250     184.5133     463.5253     684.3991     206.3196     2777.1532    -410.0817   -4325.9756    -420.1467
     251     169.5506     481.7456     692.4912     200.1149     2766.3082    -415.1806   -4336.1500    -441.1201
     252     176.2574     463.1582     711.8352     207.8877     2743.8182    -411.9027   -4309.6765    -418.6225
     253     183.7204     484.5972     702.0055     199.8374     2751.2572    -414.8196   -4371.3021    -464.7040
     254     173.5338     457.7624     709.8109     200.2118     2750.6745    -430.2192   -4307.3839    -445.6097
     255     187.6475     477.9935     692.3623     196.0430     2766.1544    -403.6288   -4361.4252    -444.8534
     256     191.3397     457.5405     693.4613     204.7031     2756.5647    -408.8661   -4267.4016    -372.6584
     257     190.9058     454.6150     697.8666     196.5276     2748.8560    -407.4937   -4295.9138    -414.6365
     258     199.3962     450.4513     686.8797     195.8968     2768.7163    -413.2220   -4365.1192    -477.0007
     259     188.9921     433.6550     696.0991     214.9270     2761.1568    -412.6372   -4328.1351    -445.9422
     260     177.5530     471.5541     708.6115     201.9353     2772.5964    -414.4486   -4316.2147    -398.4129
     261     166.4125     444.1479     708.8034     201.0938     2763.5959    -397.3980   -4337.5019    -450.8465
     262     184.6064     446.2332     706.6420     204.8847     2746.0363    -398.9121   -4248.1891    -358.6985
     263     189.9656     463.8975     686.0660     202.7177     2714.2307    -405.7392   -4288.2349    -437.0966
     264     201.0386     485.0696     698.6882     198.7997     2753.5415    -413.6415   -4323.4884    -399.9924
     265     179.3995     456.7469     695.8252     206.8334     2759.6582    -399.2565   -4312.0644    -412.8577
     266     181.0429     456.6933     690.1061     200.2522     2704.9596    -410.8745   -4236.1225    -413.9428
     267     190.5366     458.3723     689.4307     215.4719     2776.6558    -414.5878   -4344.3043    -428.4249
     268     177.8169     461.7589     700.3857     201.6485     2744.8920    -401.4998   -4251.3700    -366.3678
     269     173.0989     454.4169     696.6506     206.1107     2746.4353    -402.1442   -4258.3634    -383.7952
     270     190.5506     460.5755     687.9691     199.9795     2734.8707    -409.0738   -4337.9245    -473.0530
     271     206.1846     470.6352     704.5403     202.5328     2746.2731    -401.7724   -4380.0947    -451.7010
     272     173.5029     487.3392     707.7131     201.5448     2757.2445    -406.5966   -4400.3802    -479.6324
     273     171.3575     492.2254     698.9461     203.8016     2739.2619    -406.1439   -4380.6653    -481.2166
     274     209.9888     470.5918     692.4151     193.9646     2734.7902    -407.0338   -4370.3645    -475.6477
     275     193.1154     475.8509     695.7826     191.4539     2715.6595    -409.8132   -4373.8506    -511.8015
     276     193.7201     467.4889     682.2427     192.5725     2764.9059    -410.4668   -4424.7483    -534.2851
     277     181.8807     418.9429     711.5826     209.1151     2780.1522    -415.4504   -4415.5740    -529.3509
     278     198.1207     467.7495     720.6152     199.7206     2735.5942    -419.6462   -4384.2914    -482.1375
     279     176.7439     477.7499     695.3733     185.1773     2720.2872    -400.9990   -4332.6593    -478.3265
     280     204.9674     478.5314     694.7020     197.6514     2733.9269    -396.1521   -4404.2922    -490.6653
     281     189.4235     472.1004     713.2311     189.5408     2745.8389    -417.3226   -4470.8931    -578.0811
     282     185.0436     468.0860     684.8521     205.9228     2763.5133    -412.0318   -4435.3910    -540.0050
     283     179.0620     453.5551     710.8781     201.7580     2745.1898    -408.6811   -4391.5227    -509.7609
     284     187.1226     454.9940     691.9130     193.2823     2748.0190    -414.3656   -4379.2044    -518.2392
     285     177.0294     453.3827     702.6214     189.4975     2741.6267    -405.9078   -4389.6198    -531.3698
     286     182.8038     480.6596     686.6165     192.0841     2724.4976    -418.9454   -4389.4241    -541.7079
     287     188.7918     446.0068     692.4019     208.4050     2741.1814    -395.4736   -4341.7320    -460.4186
     288     173.3606     468.8657     679.2776     206.4658     2747.7574    -417.8446   -4349.9501    -492.0676
     289     202.2089     470.2978     690.1404     181.6518     2700.7707    -395.7519   -4277.2749    -427.9572
     290     184.8312     456.6007     684.9561     198.9341     2736.1241    -404.2810   -4354.1873    -497.0222
     291     169.9212     466.7568     692.2911     200.5183     2756.5940    -396.5660   -4353.1572    -463.6418
     292     177.1018     501.8213     695.4520     192.4210     2741.5646    -422.0207   -4359.7972    -473.4574
     293     188.2367     443.7651     705.1380     210.4113     2743.4644    -416.1715   -4325.6351    -450.7911
     294     187.3591     470.5770     693.7475     202.0004     2735.4021    -399.8129   -4334.6967    -445.4234
     295     188.2318     432.1434     694.2929     203.3364     2770.4456    -399.5148   -4345.7297    -456.7945
     296     189.7570     438.0582     698.0539     204.1264     2750.5446    -403.3377   -4326.1760    -448.9736
     297     207.0306     463.2609     701.1855     195.1087     2703.2540    -411.7787   -4335.2749    -477.2139
     298     185.1830     493.2220     690.5362     198.7362     2729.3649    -426.8454   -4345.4907    -475.2938
     299     189.9284     470.6753     699.2520     203.2367     2779.4803    -413.8019   -4377.8576    -449.0868
     300     187.8764     459.7356     696.4675     206.6875     2756.4362    -422.3720   -4304.3744    -419.5432
     301     177.4166     460.1389     716.6646     211.1072     2765.7464    -415.7828   -4360.9501    -445.6592
     302     193.0138     482.6797     708.3649     204.1901     2744.7311    -412.3381   -4303.8572    -383.2156
     303     168.6514     463.6401     688.7660     211.4635     2793.8394    -419.1051   -4360.9660    -453.7107
     304     182.0446     453.8142     700.7511     200.6138     2756.8899    -406.5070   -4342.1107    -454.5040
     305     199.8273     437.5036     700.4417     189.7348     2740.8457    -403.9329   -4284.6269    -420.2067
     306     184.7206     436.7407     694.6565     203.3046     2767.2402    -404.1411   -4300.1366    -417.6153
     307     176.9373     469.5504     705.0472     200.8823     2780.0267    -420.0204   -4280.8539    -368.4304
     308     178.7056     465.8332     705.7841     199.7320     2722.5766    -408.6336   -4315.7733    -451.7754
     309     211.9275     433.7133     698.8117     199.1903     2728.3848    -406.4239   -4283.1029    -417.4993
     310     168.4844     477.5340     698.5191     206.9792     2774.5637    -425.8037   -4423.3358    -523.0591
     311     175.8672     449.7241     685.6720     203.5774     2768.2023    -413.1142   -4360.5500    -490.6212
     312     188.2512     466.3107     717.1727     193.6954     2768.2911    -420.9132   -4309.6393    -396.8315
     313     191.6609     467.1109     696.3302     196.5574     2756.5122    -395.8656   -4364.1865    -451.8805
     314     177.1944     460.9910     712.9618     209.3992     2790.3617    -410.3215   -4386.3438    -445.7572
     315     187.9293     486.2290     704.1961     195.0969     2738.9429    -410.1720   -4301.1257    -398.9034
     316     188.2292     416.8243     713.0425     203.4991     2740.0286    -403.4081   -4324.2608    -466.0451
     317     169.6423     474.6358     697.7139     203.8498     2769.8576    -403.6814   -4395.8604    -483.8425
     318     193.3152     485.8472     691.8605     202.3316     2756.1258    -410.2955   -4374.3850    -455.2000
     319     189.2152     442.2426     693.2765     207.5652     2758.0446    -417.5049   -4290.7581    -417.9188
     320     190.5398     457.8230     701.4517     215.4504     2790.6901    -394.8032   -4320.9507    -359.7990
     321     184.2580     475.2399     711.0214     199.8090     2746.5428    -422.2181   -4353.3886    -458.7357
     322     176.6795     462.8717     709.8698     202.1968     2775.1310    -421.9627   -4401.4756    -496.6896
     323     186.1223     452.4415     703.4201     198.8344     2765.9522    -416.0916   -4410.8211    -520.1421
     324     197.9328     441.3096     700.8780     200.1634     2762.2029    -409.0132   -4341.4017    -447.9282
     325     175.6125     479.9888     699.2733     211.1833     2739.8182    -415.9791   -4314.4470    -424.5501
     326     179.1845     460.3796     682.7159     198.5641     2743.9905    -409.9246   -4292.5868    -437.6767
     327     182.5836     448.5747     725.6665     196.6325     2768.6621    -406.1622   -4295.1271    -379.1698
     328     208.9048     477.0305     691.1888     195.1711     2734.7177    -415.4179   -4321.7978    -430.2029
     329     165.0356     460.1473     680.3034     204.3509     2733.0231    -405.5693   -4314.3073    -477.0163
     330     178.4421     474.0873     704.0174     198.7810     2749.4873    -419.8998   -4322.3269    -437.4117
     331     201.1301     463.9029     710.6245     198.8312     2748.1507    -415.2208   -4336.4653    -429.0468
     332     179.8014     466.1886     681.6815     211.3342     2763.7330    -398.3762   -4371.8726    -467.5101
     333     207.9817     466.9751     700.8137     196.9702     2745.0427    -409.6602   -4339.5812    -431.4581
     334     178.4827     459.1990     704.0077     207.6335     2774.5931    -407.7207   -4353.4763    -437.2811
     335     206.2151     455.2948     702.3230     201.5923     2765.4427    -410.1470   -4302.6081    -381.8873
     336     176.4766     481.5433     695.1242     205.2156     2750.4358    -418.1344   -4301.5066    -410.8455
     337     181.7988     462.0433     690.4773     208.3594     2757.3475    -419.9236   -4376.9689    -496.8661
     338     186.4212     498.9969     686.1244     205.7534     2764.5987    -402.4229   -4419.9054    -480.4336
     339     174.8088     456.5484     695.8772     207.3161     2728.5183    -423.8286   -4344.1571    -504.9170
     340     178.3937     446.2392     705.4985     207.1420     2742.6819    -418.1372   -4337.8814    -476.0633
     341     181.6311     470.4296     690.9646     205.2080     2720.4038    -404.9702   -4339.7421    -476.0751
     342     173.8640     453.7514     693.6923     208.9212     2744.3068    -400.7638   -4396.1124    -522.3405
     343     177.6103     467.3858     683.2138     206.1352     2741.4809    -398.9512   -4330.2872    -453.4122
     344     201.3029     486.3133     679.6618     194.4795     2711.8521    -419.4158   -4349.2708    -495.0771
     345     169.5221     439.9410     700.9227     200.6485     2748.3708    -416.3766   -4360.8324    -517.8038
     346     188.6510     480.1061     683.4763     207.4407     2719.7290    -388.9311   -4296.0220    -405.5500
     347     189.3601     478.7671     678.8508     199.1666     2730.0264    -407.5206   -4323.6544    -455.0040
     348     190.9271     444.0512     693.8191     196.8518     2736.9578    -413.7292   -4387.4363    -538.5586
     349     189.0731     457.8074     700.2280     200.9114     2729.9850    -412.4778   -4328.0883    -462.5613
     350     193.6243     446.7400     702.1961     192.3497     2717.2821    -410.9718   -4368.6129    -527.3924
     351     201.0794     454.4805     693.9706     199.4537     2761.1898    -417.6197   -4396.1745    -503.6201
     352     179.1124     455.0572     692.0117     193.3683     2726.3192    -405.6081   -4254.4890    -414.2283
     353     186.9488     468.2765     681.4736     194.5360     2756.6778    -416.5215   -4336.1469    -464.7557
     354     182.8271     482.5480     708.6267     203.1955     2739.1471    -398.0771   -4313.3697    -395.1025
     355     181.2276     460.8470     700.3251     199.7100     2743.2601    -397.7543   -4292.7168    -405.1013
     356     184.1604     440.5393     707.0113     209.3900     2796.5110    -408.9731   -4410.0562    -481.4171
     357     196.3671     448.4656     687.0576     202.0342     2726.3545    -399.7283   -4347.2327    -486.6821
     358     173.1980     468.3090     700.8783     209.4738     2769.9060    -421.0543   -4365.6664    -464.9555
     359     171.2215     434.8097     691.8860     200.7697     2737.2995    -406.6284   -4318.3785    -489.0204
     360     178.2318     471.7762     686.2405     209.4720     2769.8041    -410.4370   -4418.7161    -513.6285
     361     185.9019     442.8573     700.6363     195.3674     2764.0579    -425.3248   -4323.1136    -459.6175
     362     176.2063     474.4633     688.1771     206.0183     2750.9533    -404.2608   -4323.7423    -432.1848
     363     178.4188     465.7679     684.2382     197.7799     2707.1462    -416.3969   -4254.1793    -437.2252
     364     194.9039     417.7751     696.2981     197.0462     2774.1979    -431.7481   -4302.8330    -454.3599
     365     177.4828     469.7094     689.8826     194.7839     2738.1952    -403.6898   -4330.3459    -463.9817
     366     200.7802     478.7786     696.3745     198.2672     2740.5739    -418.2915   -4311.4453    -414.9624
     367     181.5505     460.7006     687.9430     197.5493     2740.7237    -417.5126   -4268.5239    -417.5693
     368     194.9590     468.9324     693.9115     206.3042     2742.7751    -413.1675   -4358.7158    -465.0010
     369     183.0859     453.1522     708.7065     203.5080     2761.9146    -406.8124   -4397.0328    -493.4780
     370     181.2180     450.2488     686.0870     207.5727     2771.2401    -429.9622   -4413.7466    -547.3422
     371     202.9828     440.3939     678.8175     194.1952     2729.3468    -392.2074   -4328.3667    -474.8379
     372     181.7728     455.6338     685.1531     205.9557     2728.6224    -414.8682   -4336.9003    -494.6307
     373     191.0201     473.4988     701.2125     198.1655     2731.6958    -413.7618   -4378.5284    -496.6975
     374     202.6299     439.4732     686.5518     204.4575     2743.1965    -420.4123   -4338.0108    -482.1142
     375     187.9619     460.0817     690.0812     194.5739     2753.4128    -435.9048   -4349.9370    -499.7303
     376     169.3635     497.8521     681.7367     191.8768     2708.5638    -405.5207   -4293.1306    -449.2583
     377     186.5191     467.5909     689.7278     194.3989     2726.5612    -413.0376   -4330.0365    -478.2763
     378     181.4670     469.2954     707.7515     201.9978     2772.9764    -424.5983   -4377.5438    -468.6540
     379     186.3895     476.7515     697.1203     209.6551     2752.9389    -409.4859   -4396.1789    -482.8096
     380     186.5710     469.1318     688.8926     193.5308     2739.5274    -404.7160   -4347.1597    -474.2220
     381     189.5274     455.8719     686.2189     200.6667     2746.4947    -409.1666   -4355.7593    -486.1463
     382     202.7115     452.0274     689.1545     192.0120     2753.7297    -423.9059   -4390.0158    -524.2865
     383     182.0997     451.6283     694.0007     195.6697     2744.4735    -416.2164   -4356.8189    -505.1634
     384     202.0576     492.2293     682.8082     199.2178     2773.8146    -412.3619   -4320.0622    -382.2966
     385     200.1441     460.0624     703.3069     199.1543     2728.6914    -412.8230   -4353.2226    -474.6865
     386     193.4660     477.3999     710.8330     189.9288     2728.9715    -424.6657   -4325.0330    -449.0994
     387     190.7127     447.1577     687.7640     195.9708     2759.5634    -400.2815   -4321.5857    -440.6985
     388     202.1273     476.5107     681.3770     203.9054     2731.6015    -403.5705   -4255.5924    -363.6409
     389     163.8927     516.2709     692.5298     203.1463     2725.4935    -418.8088   -4316.3191    -433.7949
     390     201.2934     477.3848     705.5669     203.4448     2735.2676    -411.2173   -4285.5174    -373.7772
     391     184.0802     450.9026     716.5434     202.3160     2759.0889    -399.9813   -4312.3206    -399.3707
     392     174.2245     498.4615     713.4144     201.3787     2722.6624    -422.8421   -4283.4126    -396.1132
     393     180.0088     457.9895     703.9677     204.1198     2745.9103    -412.2391   -4384.4457    -504.6886
     394     184.3455     465.7882     713.9265     207.2814     2738.7608    -416.4663   -4366.6148    -472.9788
     395     180.3607     500.3421     715.8180     197.5249     2775.2093    -406.2331   -4426.0838    -463.0620
     396     184.4188     486.5900     702.5223     201.8312     2726.6026    -410.1254   -4359.6837    -467.8441
     397     183.7446     488.0704     688.8843     194.9783     2720.4261    -418.2533   -4283.4686    -425.6182
     398     202.3374     433.3589     707.5510     208.8860     2777.1008    -403.7385   -4312.9157    -387.4202
     399     175.6898     476.6063     703.4970     198.5651     2735.1486    -417.1942   -4335.4394    -463.1268
     400     185.6689     471.8365     701.4520     206.8058     2748.9822    -420.4323   -4301.2443    -406.9314
     401     178.1004     443.8019     684.8168     197.1731     2758.0482    -413.4356   -4338.7063    -490.2015
     402     181.1731     442.6320     715.9897     207.3487     2748.0097    -403.5854   -4384.1324    -492.5647
     403     178.0850     468.6932     689.6158     185.8654     2743.9048    -415.8695   -4384.6845    -534.3899
     404     198.3428     464.5273     683.7814     199.8283     2748.6512    -432.0521   -4388.8109    -525.7320
     405     183.8175     459.1724     706.7975     205.8342     2791.4148    -419.8431   -4455.1211    -527.9278
     406     193.8106     454.1403     711.2433     191.9331     2758.0769    -414.1336   -4431.2909    -536.2203
     407     178.2132     457.6685     686.7560     199.1644     2735.3286    -411.5223   -4368.8995    -523.2910
     408     198.5793     438.4162     698.2306     204.5093     2753.5127    -407.1784   -4318.6839    -432.6143
     409     173.4664     464.9911     690.4866     202.5687     2763.6462    -408.7039   -4384.9872    -498.5321
     410     179.4835     456.3103     703.2652     202.0314     2761.8021    -429.5964   -4352.6536    -479.3575
     411     184.2272     464.2140     713.0526     205.4555     2775.6654    -389.1950   -4367.1258    -413.7062
     412     186.8263     459.9712     697.1582     196.0297     2781.1631    -413.3303   -4334.1823    -426.3642
     413     193.1381     478.0784     724.1376     197.7119     2770.5467    -413.7153   -4301.6210    -351.7236
     414     199.5680     460.9898     700.8709     185.2456     2755.7097    -393.5976   -4313.6821    -404.8956
     415     186.3674     449.5304     717.3463     201.4969     2732.8477    -409.8503   -4316.7686    -439.0302
     416     174.3699     489.4629     707.2922     199.6768     2777.6826    -419.4564   -4297.0942    -368.0662
     417     172.3127     472.5108     693.6328     200.3248     2758.9090    -405.6001   -4339.8480    -447.7580
     418     196.0812     485.6724     695.6328     206.0382     2794.4324    -418.7886   -4291.4850    -332.4165
     419     178.1831     479.0870     700.6425     203.6561     2760.9467    -400.9344   -4340.1307    -418.5496
     420     172.8834     434.5878     691.7952     206.7633     2789.3020    -405.7915   -4421.7363    -532.1961
     421     174.1620     490.1637     694.4337     199.3132     2787.8250    -407.3533   -4405.2476    -466.7033
     422     203.7591     480.5418     692.4944     194.1059     2722.9704    -409.1655   -4235.8103    -351.1043
     423     181.2786     480.8680     696.7853     202.2486     2759.2114    -400.8747   -4349.7213    -430.2041
     424     175.7854     499.3617     719.9108     202.1825     2756.8082    -403.4958   -4345.3044    -394.7515
     425     189.7676     486.0882     686.7039     198.1971     2725.9836    -417.4417   -4229.9299    -360.6311
     426     198.6262     461.9341     697.3592     197.3908     2735.5681    -399.3032   -4304.0726    -412.4975
     427     195.8299     480.0874     694.5444     200.5883     2760.6624    -416.5984   -4287.8827    -372.7687
     428     191.7642     478.8081     695.4683     192.2089     2746.3815    -411.0661   -4263.4999    -369.9349
     429     184.2983     465.6771     694.5000     200.9885     2780.1950    -412.8909   -4288.7845    -376.0166
     430     196.0237     476.3314     705.8400     206.2645     2773.5820    -404.8720   -4402.9101    -449.7405
     431     166.1255     487.2591     701.7448     197.6261     2750.6529    -410.4421   -4340.6857    -447.7193
     432     190.7468     467.9491     712.5071     194.6351     2760.0610    -424.0306   -4348.1534    -446.2850
     433     178.4075     484.2102     706.8631     197.5120     2730.6310    -404.8494   -4310.2014    -417.4269
     434     189.4132     437.9135     698.5678     191.5351     2744.4486    -410.5153   -4304.7942    -453.4314
     435     189.3520     474.5806     705.6310     197.3691     2750.5590    -418.2872   -4319.5207    -420.3163
     436     182.9155     463.3287     714.8155     193.7810     2768.6983    -418.2819   -4350.9202    -445.6631
     437     197.7380     463.3785     702.2646     195.4078     2725.3791    -407.1005   -4340.3942    -463.3268
     438     178.7333     460.6081     701.2152     202.5450     2771.0079    -422.3056   -4436.1452    -544.3413
     439     188.5968     447.4694     717.3010     212.2630     2754.9254    -411.8136   -4400.0506    -491.3085
     440     186.0496     467.0809     689.0157     199.9731     2770.4448    -416.3969   -4418.5430    -522.3756
     441     184.2057     476.0369     685.5889     212.6825     2778.6553    -409.6546   -4375.1318    -447.6170
     442     174.5182     480.2545     701.8251     191.3664     2725.1156    -417.6118   -4299.5311    -444.0631
     443     188.0346     461.7207     684.6843     202.9101     2776.8048    -417.5639   -4270.6232    -374.0326
     444     199.6722     474.3396     703.6448     197.3066     2764.6310    -406.8181   -4435.8361    -503.0601
     445     166.1529     494.7884     708.8150     200.6462     2747.5846    -412.5480   -4345.6189    -440.1797
     446     193.0707     462.2353     694.3397     196.9743     2735.5166    -408.7672   -4304.3088    -430.9394
     447     201.4143     485.7186     707.3584     198.7804     2758.0787    -410.3589   -4313.3976    -372.4062
     448     187.5317     496.2408     707.2099     201.7143     2729.8721    -413.5102   -4313.5497    -404.4911
     449     192.9171     470.3588     709.1718     204.5163     2777.2195    -404.2882   -4295.5495    -345.6541
     450     176.9860     458.6637     693.1517     199.9311     2731.2026    -410.9919   -4248.5151    -399.5718
     451     200.0072     494.7988     689.4304     197.2630     2730.4192    -415.6471   -4303.2557    -406.9843
     452     193.0067     461.8441     700.5463     191.5045     2737.0081    -414.4262   -4367.0483    -497.5648
     453     193.2312     455.6965     687.4629     208.0503     2697.4419    -402.1939   -4326.5447    -486.8559
     454     181.8236     478.1155     688.3483     198.0134     2776.3419    -399.2908   -4377.1290    -453.7772
     455     187.9498     457.7302     707.8239     201.5945     2728.5299    -414.3878   -4394.8540    -525.6135
     456     176.8656     465.4766     705.0391     200.6478     2750.8312    -418.9511   -4396.6332    -516.7241
     457     189.9558     477.2471     713.3212     204.9594     2737.1443    -405.1686   -4378.1209    -460.6618
     458     177.5789     458.6925     696.0344     203.8965     2755.6071    -412.5402   -4363.6625    -484.3930
     459     179.9462     440.2851     692.6930     213.1162     2787.6595    -419.1048   -4312.2054    -417.6103
     460     206.7520     456.9158     706.8257     192.7031     2737.3965    -412.5591   -4384.7642    -496.7303
     461     193.2706     476.1019     705.8806     212.2335     2752.1179    -397.1358   -4395.4589    -452.9902
     462     167.3164     441.6025     708.6744     206.2725     2744.6985    -400.3128   -4387.4140    -519.1625
     463     173.6505     460.8462     706.0768     198.0282     2724.3967    -409.1402   -4375.9775    -522.1192
     464     212.4667     486.2742     697.6264     193.4655     2747.9647    -405.7514   -4305.8897    -373.8436
     465     176.3022     472.0910     696.6493     207.5856     2783.3971    -411.1987   -4369.9742    -445.1477
     466     195.6269     461.7394     705.4198     208.8996     2752.5579    -402.5330   -4316.8756    -395.1651
     467     158.2439     472.5085     710.3892     206.1890     2790.3294    -409.8782   -4373.4315    -445.6497
     468     183.8016     474.5783     715.1118     199.1407     2769.5069    -420.5507   -4322.5049    -400.9163
     469     198.5739     470.4811     704.5296     201.6730     2767.9144    -388.7873   -4349.5102    -395.1253
     470     173.7825     463.3799     691.6338     201.5906     2794.0150    -397.6239   -4360.0326    -433.2548
     471     189.8428     480.7726     700.8943     211.5896     2769.9275    -393.9286   -4373.9316    -414.8334
     472     184.0762     439.6582     708.2061     204.0119     2806.0212    -420.6057   -4355.3504    -433.9824
     473     206.0965     456.9404     706.8280     194.5863     2791.9207    -417.8095   -4279.1674    -340.6050
     474     192.6338     469.9680     720.1123     194.8355     2774.5279    -408.0423   -4271.5512    -327.5159
     475     209.7928     443.3830     709.2371     196.6901     2787.6340    -401.4705   -4263.7184    -318.4519
     476     189.4556     460.5148     703.6175     203.5700     2783.2382    -403.5740   -4236.0839    -299.2617
     477     188.2200     466.4451     700.0497     206.9046     2795.1084    -399.6450   -4316.1924    -359.1097
     478     195.5708     484.7213     713.1872     205.0942     2801.1692    -400.9985   -4363.9612    -365.2170
     479     186.5616     458.1244     707.4402     193.9077     2800.0189    -408.3464   -4342.3052    -404.5987
     480     195.1739     449.5883     719.9886     204.4270     2794.2038    -397.3502   -4373.8931    -407.8617
     481     197.7635     431.3035     715.4075     198.9665     2791.4061    -406.7893   -4280.8454    -352.7877
     482     187.2045     480.0302     717.3221     202.0221     2785.2694    -411.2802   -4348.3356    -387.7675
     483     176.4764     466.9125     704.9515     201.9107     2804.6857    -414.0005   -4384.1831    -443.2470
     484     187.2158     455.7996     710.8808     202.7127     2794.5004    -416.4404   -4407.8752    -473.2062
     485     177.6215     464.2839     693.5647     199.1567     2756.8748    -408.0198   -4337.4506    -453.9687
     486     187.8668     480.5367     701.0357     209.8946     2807.3090    -402.5308   -4359.6604    -375.5486
     487     189.0633     441.2645     714.9246     195.9488     2786.9542    -396.5188   -4308.3722    -376.7356
     488     190.8224     473.4629     690.6001     192.7351     2749.8637    -405.7511   -4299.5899    -407.8569
     489     176.1096     451.6653     707.6000     208.0432     2781.6553    -415.2765   -4293.7582    -383.9614
     490     200.3551     444.9245     707.7506     202.6552     2775.2742    -397.1517   -4367.6234    -433.8154
     491     179.1362     461.0259     692.4526     206.7671     2778.8774    -402.0192   -4354.1383    -437.8983
     492     191.0590     468.4418     700.5962     196.9589     2764.0865    -411.8991   -4264.5912    -355.3479
     493     178.9434     443.2812     701.8736     209.7912     2806.9823    -414.9784   -4342.6816    -416.7882
     494     178.9554     476.6685     719.6471     201.6048     2795.3039    -423.4453   -4320.9381    -372.2037
     495     191.3495     468.8467     694.6848     207.2765     2797.2684    -411.1297   -4349.3472    -401.0510
     496     176.2307     434.3164     704.2629     197.7995     2783.4592    -415.9585   -4366.0632    -485.9530
     497     201.1799     477.8211     711.6067     201.9157     2763.4995    -395.9781   -4360.4420    -400.3971
     498     189.5739     472.0415     687.0589     197.2279     2774.2664    -417.3720   -4317.5935    -414.7968
     499     182.7622     436.5728     697.8563     202.2848     2773.2722    -405.0555   -4330.1699    -442.4771
     500     207.3382     464.9182     692.6677     195.7930     2775.8110    -411.3675   -4295.4346    -370.2741
