1 1.013089656829834
2 0.70108562707901
3 0.7739146947860718
4 0.6146413683891296
5 0.5671219825744629
6 0.35144197940826416
7 0.3236117959022522
8 0.3416932225227356
9 0.3407898545265198
10 0.33170291781425476
11 0.3436228930950165
12 0.3453410863876343
13 0.36476078629493713
14 0.48619502782821655
15 0.6847144365310669
16 0.5707514882087708
17 0.6939326524734497
18 0.5852742791175842
19 0.9637601375579834
20 0.5646055340766907
21 0.5535836219787598
22 0.5228687524795532
23 0.612593412399292
24 0.6000761985778809
25 0.6441120505332947
26 0.6439382433891296
27 0.5818851590156555
28 0.5166752934455872
29 0.48302385210990906
30 0.4374174475669861
31 0.5478721857070923
32 0.5420880913734436
33 0.4550229012966156
34 0.5017170906066895
35 0.35947519540786743
36 0.32313984632492065
37 0.37701916694641113
38 0.3591447174549103
39 0.3835868239402771
40 0.3918358087539673
41 0.4727630317211151
42 0.49139681458473206
43 0.6613088250160217
44 0.6100585460662842
45 0.5203490853309631
46 0.3814038336277008
47 0.3514440059661865
48 0.3276476263999939
49 0.4068518280982971
50 0.3434465229511261
51 0.3357178866863251
52 0.34692510962486267
53 0.3386616110801697
54 0.3270595371723175
55 0.393658846616745
56 0.4701389968395233
57 0.36827099323272705
58 0.3779833912849426
59 0.4223729074001312
60 0.39336642622947693
61 0.373157799243927
62 0.39937248826026917
63 0.4507414698600769
64 0.44619220495224
65 0.5098738670349121
66 0.7372105121612549
67 0.6670677661895752
68 0.6115445494651794
69 0.7848288416862488
70 0.6113488078117371
71 0.6874487996101379
72 0.5932052731513977
73 0.527657151222229
74 0.5973793268203735
75 0.5237849354743958
76 0.6240897178649902
77 0.6232596039772034
78 0.47703394293785095
79 0.4436597526073456
80 0.3902136981487274
81 0.42715445160865784
82 0.44880053400993347
83 0.4229358434677124
84 0.4808683693408966
85 0.4221801161766052
86 0.555426836013794
87 0.6719571948051453
88 0.5960214734077454
89 0.5989709496498108
90 0.6403852701187134
91 0.5715138912200928
92 0.7967554330825806
93 0.6411562561988831
94 0.597139835357666
95 0.800918698310852
96 1.0434319972991943
97 0.640905499458313
98 0.6673928499221802
