0 5.228418460209963
1 4.002485027459755
2 3.9893491317695817
3 3.819020145391099
4 4.5541505654019945
5 4.306827174605689
6 6.063251213392908
7 5.918280923333845
8 5.885035280879096
9 6.324180306450883
10 3.8859037952806528
11 4.498561236854571
12 5.73745201483226
13 5.699570866239688
14 6.752956047215125
15 5.380591135231479
16 5.998075008362785
17 5.607861128351833
18 4.933332801363247
19 6.132905694406599
20 7.356584921327286
21 7.1693950209554576
22 6.414324349144942
23 6.594159386882452
24 7.094323502671712
