0 9.638247067792282
1 7.11280374621289
2 8.002627091116755
3 9.870859664726138
4 9.684604730910264
5 12.139997182364569
6 12.358235191729284
7 12.293501048770104
8 10.852628615736224
9 11.639159685974594
10 11.6169886863079
11 12.00769466296256
12 10.096583859480775
13 10.551412415204982
14 13.503025574585237
15 11.360241292019042
16 13.899037067829823
17 13.207721338440717
18 12.379937629342015
19 11.991851022440397
20 13.048071654387257
21 9.753781879102851
22 11.265388747788723
23 11.598156062221964
24 13.25439267667158
25 11.282494342653782
26 10.83356978858983
27 9.371118783259513
28 10.700247348811834
29 10.611030975779936
30 8.696336492061947
31 8.099840747375751
32 9.878559997799673
33 10.088394959055632
34 11.115631487313888
35 9.094853339337952
36 8.684510577339639
37 7.6199532639621195
38 9.858013104081511
39 10.606753676295552
40 8.135348386986802
41 9.932452240389505
42 8.035689614813968
43 8.461684652174666
44 10.41239029069132
45 9.4859268385666
46 6.673908633268236
47 10.331351583036069
48 7.960492383720507
49 10.042389572369533
50 10.337057787118004
51 8.649712533036963
52 7.666282183883373
53 7.423025057173526
54 6.972326735785754
55 9.082941041677962
56 7.703400412803178
57 9.498716511189514
58 8.491226576875563
59 8.203234084201524
60 7.549450423075344
61 7.50597682599014
62 8.178309694981273
63 7.707086718597045
64 11.139190193578777
65 10.138536128152492
66 11.61195762970541
67 10.854714824155762
68 11.907352147656683
69 11.34220908486468
70 10.26776828144734
71 10.892614397892698
72 9.61711585196901
73 9.558672605689326
74 11.491947371649907
75 9.985238254179606
76 12.254209907563986
77 10.31741317255792
78 9.8621722105433
79 11.568219567370669
80 11.167191618170367
81 9.154229615703043
82 11.055113488710798
83 9.847577958057999
84 9.778651051113343
85 9.053382233807172
86 11.206576449058117
87 10.996468715955055
88 8.67010704999199
89 11.732234312546723
90 9.032766252835062
91 10.630259409568305
92 10.133226925847731
93 11.686079791330508
94 12.761050759085315
95 12.00373189834296
96 12.70453200978777
97 10.833209148617314
98 12.022939619311947
99 11.90572889130009
100 12.37457841441026
101 11.894828033000753
102 12.338315352021805
103 13.162247514356368
104 13.747282413357082
105 11.100315066927026
106 12.67005665409984
107 13.017561955644974
108 12.327754025321846
109 11.345317264688054
110 13.125101874820363
111 12.413155256457502
112 12.89681388680773
113 12.412886588099438
114 12.211771944806207
115 12.535924309130902
116 11.837619055956527
117 10.829349403619439
118 11.414864700890993
119 11.037795623651707
120 10.838348978518528
121 11.319700066735212
122 10.907326430912342
123 11.732222991499995
124 11.512715160987181
125 12.259818866721467
126 10.636125398337553
127 10.435111725456887
128 11.810757996535187
129 10.581258775376265
130 10.196381387358914
131 10.589507906966116
132 10.781860500644864
133 6.8804991734391905
134 6.085222368069757
135 7.050756730308026
136 3.743494029142272
137 4.373041038049402
138 4.223766652806306
139 4.428129037262099
140 4.919267900993498
141 4.358614669355259
142 3.8234195162625877
143 4.382096616894105
144 4.1329096509279575
145 4.330405128768032
146 4.932589570314341
147 5.155731329622079
148 4.538423726583316
149 4.429372368029003
150 4.420567828773353
151 4.699023437822552
152 5.090920564508198
153 4.1832918321530475
154 4.313140269344312
155 4.367004247413937
156 4.660411911217697
157 4.459538285927801
158 5.0682525734519785
159 4.353999880973168
160 4.275246994489188
161 3.7085905969034614
162 4.384548950520012
163 4.589516512039355
164 4.420424492864138
165 4.312882314496146
166 4.2474377040757805
167 4.345485015226928
168 4.38118073666769
169 4.548252508261975
170 4.742563085231282
171 4.327500454459476
172 5.645763720898128
173 4.582734622969547
174 4.678614564917467
175 4.534053455088956
176 4.17590475279696
177 4.138613674529354
178 4.522555736273351
179 6.011955481241402
180 4.697345093094487
181 6.628113332887067
182 6.274310740897336
183 4.818171998501915
184 4.5842865358662515
185 6.285409980517337
186 4.4161432843732635
187 4.252307787556141
188 4.353771077571018
189 4.684063745482667
190 5.564106726368484
191 5.708757766131569
192 6.588512249825049
193 4.414167416714942
194 4.218267563619083
195 4.037340399901273
196 4.3464808910558395
197 4.502815935242363
198 4.436098634411216
199 4.610925644150025
200 9.137272739393698
201 5.383505006718289
202 5.712564911541309
203 4.563797494421831
204 5.432930744248298
205 6.494415187203832
206 4.149827401105365
207 7.234948536788788
208 4.734889060707722
209 6.6292335049350894
210 7.516946908897438
211 6.185711326049397
212 5.5423832728540345
213 6.115873143065034
214 5.581647902932696
215 5.974155310072418
216 6.553609380317863
217 7.270518517339227
218 6.163327233727338
219 8.507516712722738
220 6.195134808734837
221 6.748161440996259
222 6.002559970232836
223 6.788045888937661
224 7.148233635038862
225 6.746725219379151
226 7.83993001892837
227 7.664252882456757
228 6.6189034893230945
229 6.044942731933999
230 8.233660374144154
231 6.431765180482855
232 6.295691545188042
233 8.45007853690331
234 5.486419966653808
235 8.13345879643551
236 9.363669451517353
237 6.241585784613775
238 7.984294345517874
239 7.819325662483047
240 5.711036051800702
241 7.1761025106948395
242 6.44254720413983
243 7.4901920807118785
244 6.971312487788514
245 5.6541003577819335
246 7.470362920936315
247 6.5063098211265045
248 4.6650310164416355
249 7.22697654891253
250 6.801947523383313
251 6.064931528702437
252 5.258793584888148
253 6.95987145279144
254 7.311350417300077
255 6.0053936620352495
256 6.797707702860685
257 6.804913718142151
258 8.182263726389934
259 6.03268218329242
260 6.071645508125109
261 8.089538486841471
262 6.815233255746734
263 6.111438014559493
264 6.290808220197978
265 8.239022036194216
266 7.342640521948025
267 6.336889592039407
268 7.201244665773257
269 4.52388903789695
270 4.277863859183007
271 4.584629676121327
272 5.529879330100931
273 4.188037411666531
274 7.61808804667773
275 6.466812849212562
276 7.663556564009395
277 5.30580301539324
278 4.3984865671603615
279 4.495521443571944
280 5.847139690138271
281 5.941115431641457
282 4.293722954780779
283 4.515687345172684
284 4.515119661289435
285 4.8001465753135175
286 8.55582641657155
287 4.8182077057102894
288 5.074701871168066
289 8.37404897704188
290 5.4822573610212455
291 4.320522025622644
292 5.399514300178578
293 5.401752189087015
294 4.371409799102071
295 4.832909313583967
296 6.802690600094581
297 5.923752848566141
298 4.967560334987082
299 8.044243424763378
300 7.447959522818587
301 5.549867512239408
302 10.347533778908435
303 11.408862379538958
304 10.31258254810846
305 10.940754806575358
306 7.045268540564665
307 8.188339263811798
308 7.0248614239969065
309 8.15850124045635
310 5.038499302894531
311 7.458948518635358
312 5.049447869152037
313 4.386524431629777
314 3.9324331836114754
315 7.674316462548033
316 4.666137122248969
317 5.073306875018847
318 5.678124914192304
319 4.908244801238593
320 6.020948491352592
321 6.334325343815445
322 6.969962948680719
323 6.706476229264418
324 5.5715114704683675
325 7.7447336399037825
326 9.614650427908092
327 10.054866154378919
328 10.086019653490744
329 9.966611773606756
330 10.300251469585321
331 11.867205919462386
332 10.382422757588218
333 10.194407506019303
334 9.79367230709908
335 9.904996731430835
336 9.231647252627651
337 11.005994262528246
338 9.525913178596657
339 10.24799027431545
340 9.679116284054313
341 10.748637730635162
342 11.318363141471625
343 10.736307640292386
344 11.02727820430992
345 11.806732283578418
346 9.489542612721229
347 9.996967115356071
348 9.863545589770723
349 9.105341572847909
350 7.337215718334723
351 8.895062006397714
352 10.712501258742304
353 10.806273860235423
354 10.566818918725357
355 9.760928136988259
356 10.491254732131116
357 10.625884458145116
358 9.753256499984719
359 9.655250520451897
360 11.468861854994161
361 9.70739480642198
362 11.820940115693354
363 10.49788889643438
364 10.851109264324357
365 10.769320568503229
366 11.652392411309574
367 12.035890880306962
368 11.463178631240716
369 10.766179861826148
370 10.166098730246986
371 10.638969129734013
372 9.380624933731115
373 11.365836110993584
374 11.536418377552403
375 11.771275662997972
376 11.311720612818162
377 8.93440172160027
378 11.324166651797277
379 11.107339579326647
380 10.756963677684366
381 11.315984042855549
382 11.124971169917217
383 9.667033654190837
384 7.993638585493988
385 5.763721761102635
386 7.533683128886383
387 6.691343119903392
388 5.568223734270528
389 6.159542025905231
390 4.991356165577471
391 5.943936610351754
392 4.137384234761142
393 4.378054954254191
394 4.7266731691214625
395 7.087499185651342
396 4.401100114150958
397 4.053385955701689
398 4.188766083326255
399 6.578484241897065
400 4.740307360832771
401 4.721431338386534
402 5.223054910680617
403 4.572604902916245
404 4.48806339415335
405 4.429659566844929
406 6.186461252805071
407 5.536773582519929
408 4.41645994896866
409 4.250531438257589
410 4.560647897618934
411 4.754870160559143
412 4.445333907525003
413 4.710196129289235
414 5.008534334322601
415 4.740153458348766
416 5.792183240241383
417 4.416426459938049
418 4.463736890320759
419 4.648381122310963
420 4.4677698144774265
421 4.313379295854935
422 4.356354845756599
423 4.769323016684403
424 4.2401510752011
425 3.5748076552554786
426 5.051067217005274
427 4.291098692583438
428 4.46731857121132
429 4.367255444281942
430 4.642563933384346
431 5.094529384442699
432 4.367423033040524
433 5.608972007397812
434 4.461650936795131
435 4.38592984681158
436 4.53966604379027
437 5.079307242771332
438 4.383275294888692
439 4.593060165464669
440 4.368921915172703
441 4.836487745508845
442 4.463392902789504
443 4.364047677022504
444 4.532820274533723
445 4.77805554292887
446 4.437274639300942
447 4.030932036291013
448 4.3658031960598365
449 4.790375548346584
450 4.408513304562948
451 4.411477449413512
452 7.136099660617427
453 4.503782602909841
454 3.8647537950600896
455 4.640976734702191
456 6.253005697227851
457 6.255499279957718
458 5.933097144970745
459 4.857412725515185
460 9.357618236492327
461 6.994894965157168
462 6.912965667852641
463 9.430397294138935
464 11.587699922014593
465 10.699470007162185
466 10.234432337465812
467 12.446661763277577
468 11.920067228915793
469 12.224989447792238
470 11.975306085937738
471 13.397064926033016
472 11.912342484842936
473 12.205681338946311
474 5.93154938064433
475 5.794627443889491
476 5.749453037883425
477 7.6022673177269855
478 9.370487635394745
479 9.682007341364383
480 9.834754203573848
481 9.427744631601747
482 9.630424864847537
483 7.27350617860256
484 5.874627288003152
485 5.725897493536381
486 6.288913284276721
487 6.1770672614846855
488 7.144359575785169
489 3.965825497030752
490 5.555005895886268
491 5.552442349393758
492 9.962424008109995
493 11.503204133087777
494 11.626973594586737
495 12.8377242628646
496 12.221804041812485
497 4.479435295015021
498 4.230997085042494
499 11.296862442903596
