0 7.047153676422345
1 10.935498516204476
2 8.383525269298126
3 9.72454865669217
4 9.166272300322067
5 7.239203561708583
6 5.866503078462784
7 8.966257242891897
8 7.789978357285462
9 8.146946352333606
10 7.496203941519756
11 8.220605910900556
12 9.030528444863748
13 10.194115126208173
14 7.0154282904860485
15 7.9833868274443995
16 4.268700070570986
17 4.208921394602306
18 4.5190913916260325
19 4.224222334486061
20 4.381891790256068
21 8.929418088220709
22 7.44128090482491
23 8.499278532433854
24 7.706686356815673
25 7.0332610376435545
26 9.410271630369794
27 10.016871208798781
28 5.536478254032359
29 8.880894786822441
30 9.430873704989649
31 10.52620877499761
32 7.846606652484122
33 8.932303393896666
34 8.377263813366689
35 9.695840778567737
36 10.400321235953738
37 10.383676452672908
38 8.037395983963508
39 9.185999624669286
40 11.617277941092295
41 9.636378597880531
42 12.126063295590102
43 10.595648038430307
44 9.63171470869818
45 8.567491388656121
46 12.75695506509329
47 9.130098930133022
48 8.98263826737504
49 8.071884601452005
50 9.007054526222856
51 9.387756490925451
52 13.167004107082716
53 12.357890991639126
54 11.832627485885313
55 9.984465381091495
56 13.466912496256969
57 10.427103143890944
58 13.074866792793795
59 12.489033818260411
60 12.52243703853616
61 12.391739812965689
62 13.631581035389322
63 11.362545790549861
64 10.00684276341821
65 9.613491933136586
66 9.51461242708648
67 10.057619988859289
68 8.602732634949314
69 6.2001532823670145
70 8.735313721072872
71 7.332725835573617
72 9.411543560148068
73 8.523357062180214
74 8.974498478879015
75 8.51404110064712
76 6.588628441622313
77 6.467911368257408
78 6.000897764500109
79 4.39823284306293
80 4.47975710528146
81 7.635482626088327
82 6.169162205646171
83 9.491500982895776
84 11.537191135916753
85 11.840383120973932
86 8.616562965177662
87 4.28963758973541
88 11.74712982359935
89 8.020594550146484
90 7.907677144469122
91 7.360994795247227
92 7.955396539967076
93 6.750444984318775
94 8.249897271518897
95 7.741148265085934
96 5.66547018575527
97 6.994542068016137
98 9.410156191142574
99 8.44838481332136
100 7.539403143840366
101 6.228539263040416
102 8.563377669121342
103 7.839709423444198
104 5.668591616233227
105 7.586252475643579
106 5.518713074684116
107 5.07392222099833
108 5.225117590736042
109 4.5230730274341395
110 3.878140101026483
111 7.623672370876019
112 7.538910669091486
113 5.533627394132916
114 5.714238495040554
115 7.81034720993839
116 4.964288528459134
117 8.991001961483752
118 10.220192334967297
119 10.961297440422001
120 9.753973071919651
121 7.449749277267908
122 9.780233848934856
123 8.764165985737806
124 8.751833956781041
125 8.752591713900646
126 7.315525248369834
127 8.267607325542894
128 9.446560237618941
129 7.18026103744003
130 8.703341423161987
131 7.287025566686053
132 7.941357206410882
133 10.248750244723098
134 12.082922393748552
135 12.325853756922163
136 11.95769319654547
137 12.209838003889592
138 12.881977885113885
139 13.145654531043164
140 10.608993529919381
141 12.920401745085778
142 11.022487553182986
143 11.343186671061597
144 11.918472954291
145 12.522670977858061
146 9.232062529141949
147 11.828346554906311
148 10.090183926911315
149 13.583465486793305
150 12.377839591167666
151 11.324460128347619
152 11.358030357098908
153 13.609187548413093
154 15.477722970714135
155 14.66744208339889
156 12.910559597830597
157 12.669101380746879
158 12.27993363370552
159 13.884611065560506
160 13.888009439235288
161 14.73174776604475
162 13.233322496351818
163 12.247839539345923
164 13.375065700776467
165 14.005648435204824
166 14.625506704086444
167 13.716600479309257
168 13.551420001874133
169 11.665900027826163
170 10.441730511330917
171 14.378144592512754
172 13.734064724055388
173 11.841423425963649
174 13.582063543642898
175 13.301849447800405
176 13.295207277642897
177 13.980495853108168
178 12.90795719729514
179 15.10052307179046
180 14.494662899419993
181 12.589994665531643
182 13.255459462751174
183 13.624244268791184
184 13.933310038064834
185 14.892915330836503
186 12.72727558537641
187 13.993810053232782
188 14.10950225334333
189 14.181361944177672
190 12.33281193192121
191 13.79323703947318
192 12.94987644676919
193 14.381100746199388
194 14.685204412405096
195 13.278584484960222
196 14.185741256166041
197 13.907069380897354
198 14.562225021373058
199 14.626949388113962
200 12.496923786920455
201 14.910747800050592
202 15.561201172110186
203 13.426417630141584
204 13.100026808330796
205 13.540687835191166
206 14.82249622249286
207 12.611181194752882
208 14.308768135376363
209 12.622982682847026
210 13.27231939549025
211 12.628807060467347
212 14.387718150227473
213 11.294384430786998
214 13.97998591919491
215 12.403423717918198
216 13.043900671419463
217 11.121892466583583
218 13.086856074564796
219 11.0997498113605
220 12.51787063643912
221 13.011358883714232
222 12.979634865042327
223 14.058743010184259
224 12.026256987955515
225 11.559693083736223
226 11.537173283229974
227 10.33422277765991
228 12.330878773487763
229 11.649572879113906
230 9.532505923698738
231 9.480012009546277
232 10.4766119457777
233 8.670808903693063
234 11.695829735733463
235 8.964869176989838
236 8.649232358062031
237 9.415060189158
238 8.8159835880428
239 10.090150923261046
240 12.910736974140896
241 9.092393943464128
242 10.56906102879232
243 12.675005003411478
244 12.291096016572698
245 13.004022952167976
246 11.566606346670518
247 11.477397813354422
248 12.759379249990156
249 11.947554945891687
250 12.226182553924932
251 13.347197796647414
252 12.308327016631635
253 12.185378594798381
254 11.638402263604211
255 12.353313772074197
256 12.342836436659885
257 11.087362573226498
258 10.547998442854935
259 12.065316910322187
260 14.903646490099534
261 10.777369295710272
262 12.058938152340838
263 12.323456984186368
264 12.065872066002356
265 11.988601748173872
266 11.083742194011084
267 12.444365776614667
268 12.798437922122776
269 13.535916868555152
270 12.503917936911133
271 13.798173995988131
272 13.314999758955777
273 12.442792761188851
274 11.881758089198277
275 15.21385654204498
276 13.472855461150415
277 13.48154222210827
278 14.074138365030219
279 13.281194039288428
280 13.808578164874815
281 13.588594187959064
282 13.184516563351352
283 10.31119760617817
284 10.394011587834665
285 12.47257129922914
286 8.815976967740607
287 11.192339901269232
288 11.960359814313795
289 10.389806556613161
290 12.82604225069279
291 15.040266747294961
292 13.27203009112987
293 13.516149860504603
294 12.902317980833105
295 13.139041111266335
296 11.757657560063523
297 13.328990081595194
298 12.29453370712115
299 13.726748634581801
300 11.475895538396864
301 12.529974436288464
302 8.991025929338777
303 5.9322279169693735
304 7.155308161901151
305 9.055348390613613
306 12.049848441587793
307 9.738836053707479
308 8.903848419720887
309 6.92694343829362
310 10.545246857575888
311 10.189891726749023
312 14.948751662372088
313 11.596247877313798
314 11.671710472590968
315 11.320421520431436
316 12.379390215311616
317 11.822038622431322
318 10.552858320315533
319 12.714056618666364
320 12.896910505476052
321 13.222481887422086
322 10.456325403234782
323 11.663262639516608
324 12.501649284547947
325 12.752241485608513
326 11.289873427852033
327 12.316496628435115
328 11.306171144867857
329 11.420894444887972
330 9.389498500249474
331 9.390671323905435
332 9.41865141977886
333 9.700011578252209
334 10.181418850820805
335 10.047906936708365
336 10.376293227095804
337 8.637968160564823
338 12.342431210449625
339 10.511542946646747
340 10.60187622242252
341 11.03972858441068
342 9.622123584002187
343 10.779764043479945
344 9.50602847544925
345 9.011962995713496
346 10.450838335791985
347 8.72544325065806
348 7.394453891992285
349 8.736304835762601
350 9.45890627556303
351 8.943062495519523
352 7.905094990032694
353 7.937278418589047
354 5.258133020988348
355 5.898066306153396
356 8.208798710057351
357 7.465739751898482
358 6.858447884918918
359 9.294991204115949
360 6.832522343375244
361 6.818694556100093
362 5.459412785089546
363 3.626725235724098
364 4.474061082368095
365 5.784027562155654
366 4.136559904928297
367 3.581093301371493
368 5.877633337990988
369 7.049661685180995
370 8.876303107387535
371 8.61353747561068
372 7.319999786876467
373 7.904617042381473
374 6.4750771803534235
375 4.621487817669534
376 8.473743107381988
377 6.811579897434759
378 8.38435935113705
379 7.969709616753332
380 7.378807883321806
381 10.198431439776659
382 7.46998028317335
383 9.697074187908534
384 12.046887509160921
385 12.668068560758309
386 13.459174154103334
387 9.140409855281524
388 12.262776479327814
389 13.079144698067855
390 12.597477812382259
391 12.561619980363309
392 12.510430734066023
393 13.715702196780079
394 13.135364047820131
395 12.654341172604713
396 12.039065443138192
397 11.931417562398698
398 11.938422627643453
399 12.284223289181137
400 13.849602340805047
401 12.865309421534684
402 13.029592023929462
403 11.457731956884444
404 11.738237457263397
405 11.952568124704174
406 9.994633241792252
407 12.985128199058881
408 11.732916441636162
409 13.611063231939356
410 13.220864995706794
411 13.024088507054705
412 14.56691588141044
413 13.381193397902415
414 12.525051447050819
415 13.300862137809423
416 14.806457009710202
417 12.46002564202868
418 13.041050999958989
419 12.564232551611001
420 13.401126115945468
421 14.370881182839156
422 13.151923644601831
423 11.380057111069199
424 12.836242897090736
425 14.359525411268077
426 14.45933421159218
427 15.032386355777751
428 15.879872056959709
429 15.874451783269711
430 14.799671999613482
431 14.746848505655063
432 15.666028208156831
433 14.324003401376926
434 14.673894952588409
435 14.805130686450367
436 15.12978384771546
437 14.410302803827774
438 14.304976947215085
439 15.54461862621415
440 13.785442253096825
441 13.241364370990029
442 13.181905797787154
443 13.747869364474406
444 13.419868955886333
445 14.706014592109756
446 14.320558988371136
447 13.255333976412755
448 13.831598745162852
449 14.175087886296756
450 12.172467022989126
451 12.68744753301326
452 11.227960005823409
453 11.956016758437988
454 12.235261485770705
455 13.854456286295996
456 13.229711136998796
457 11.82550178952148
458 11.382908070212906
459 11.368125494409801
460 8.978107950464091
461 10.204290889667943
462 9.945831203068476
463 11.134644876616017
464 8.552749150685745
465 8.503213208004741
466 8.507799770220798
467 8.291834513574496
468 7.575048658868213
469 5.460228929252105
470 8.439996224142353
471 7.545390406087062
472 9.050234893010145
473 8.438308741800428
474 13.091927642826695
475 12.1875521042493
476 11.84671900683857
477 11.423620257202893
478 12.015751610974178
479 9.628849298598604
480 8.224000513117753
481 8.86522845691129
482 8.49479543843422
483 10.327999558003732
484 8.739358694496854
485 9.065527545113035
486 10.987513792591416
487 13.234317674508796
488 10.303767869688983
489 11.150013555720749
490 9.254398598484554
491 11.345366114593304
492 9.198474435627737
493 8.58498107175585
494 7.13167857193543
495 6.802395052405784
496 6.511809915027502
497 14.547575908253213
498 13.44381600219109
499 7.452112431865211
