0 7.893533135060093
1 7.3236428026194424
2 8.014369237908328
3 7.847678913983285
4 7.520375507067617
5 5.763090464051666
6 6.953013121675852
7 7.575710379014109
8 6.320238850240065
9 7.4772656815993805
10 7.295486580500319
11 6.999570386262698
12 6.806720284150491
13 3.8414373503038095
14 4.166089764849498
15 4.284488467458429
16 4.168222514732708
17 4.010982397231398
18 4.0516245410004395
19 4.641082978670545
20 4.765342367875016
21 4.229105752234942
22 3.9240522049797972
23 4.255393694592353
24 4.216259295294461
25 4.183027943147237
26 3.9774134250030366
27 3.53360398331993
28 3.8872188078443712
29 4.210627299860939
30 4.330566598790778
31 3.3206458324333243
32 4.130360429719521
33 5.117649143999423
34 4.344309497056402
35 4.221117639105742
36 3.9671768777692633
37 4.137206420241232
38 3.5342360012081415
39 4.403998588108054
40 3.696986304637916
41 4.021186281494704
42 4.417441607969862
43 4.783231193411456
44 4.53198321727167
45 6.09745008211852
46 4.904747248267788
47 7.818335390756264
48 6.977836213083801
49 6.5285644547365385
50 6.520613317531225
51 7.556928915510008
52 6.684784674460062
53 6.970453338315182
54 7.472562304278515
55 6.648608824975446
56 6.4493539561289195
57 6.795005007432102
58 5.525926603591058
59 4.914647648856869
60 4.974992149588794
61 5.4413025896042555
62 5.108466938414029
63 4.906783666567007
64 5.816716658810091
65 4.248734346906026
66 4.5019995819054
67 7.7127602447033725
68 5.643923947124015
69 5.7456514089599535
70 7.591610299328124
71 6.577917161990621
72 7.306483910481322
73 7.440392648036466
74 8.19754611462742
75 6.399725198213717
76 7.064392586840324
77 7.164579316436759
78 8.20254615546695
79 7.152439087643448
80 6.487554453386615
81 7.454203836855525
82 6.121353855827324
83 6.883081460649736
84 5.165114143162314
85 4.335085161511665
86 5.346080672451019
87 5.16516150363739
88 7.340429359726723
89 5.627193407089884
90 6.233427326848922
91 7.464911003360162
92 6.260412898250686
93 4.170670673871464
94 7.72645190881622
95 6.553572329020442
96 7.158582465744371
97 6.941152362200074
98 7.374155010671224
99 8.726386152645372
100 6.757694566579355
101 7.192664387975507
102 7.205282909395126
103 6.861504667648743
104 8.072694955994447
105 7.713822974863545
106 5.668905383259825
107 7.231125440157041
108 7.528016059169968
109 6.591283034484258
110 5.0019328369417035
111 6.513256696659523
112 6.339015497475184
113 6.053927490201817
114 7.380745787950191
115 7.008068373862697
116 6.088091690821316
117 6.635059734300109
118 7.832288955700318
119 6.19167993705744
120 8.324287040309903
121 6.704101688834279
122 7.510306038643067
123 6.946282251278634
124 6.6810701463507405
125 7.440437085471312
126 7.0925745700811085
127 5.8826980562392315
128 7.482934783592671
129 6.730977057356905
130 6.95608881016203
131 7.013754747429637
132 6.632884996017704
133 7.626137726742261
134 6.9053819282265865
135 7.03964795290321
136 7.269874709490473
137 5.528787483169047
138 7.10098319143637
139 6.685298328961124
140 6.264342167687842
141 6.727823536806988
142 5.665671111749436
143 5.719779384086989
144 5.7442100137294565
145 6.061016365774076
146 6.122528969289878
147 6.962912832224938
148 6.542022087322924
149 6.660054724513752
150 6.363947443492174
151 6.732165274276525
152 7.061420595609988
153 6.445044913596462
154 7.014953045859094
155 6.669691810458243
156 7.128101765818766
157 6.241382547663343
158 7.273255668697339
159 7.085413070725303
160 7.2299415201773085
161 7.670615490915234
162 6.994731222675212
163 6.440967200447145
164 6.4857989886944
165 5.509709942441387
166 6.333633335900688
167 6.215448226027796
168 4.912647962989095
169 7.529107637097117
170 7.6364833442121265
171 7.511911939738764
172 6.716270183107891
173 7.284940237490957
174 7.665805974483157
175 7.175558385855764
176 5.741170082414426
177 4.0613310208858655
178 5.773183104310132
179 7.212642028594539
180 6.716025016313742
181 8.403198244003633
182 6.92328071113492
183 8.272001450569073
184 7.784289561347386
185 7.606372105095405
186 4.4834030540472956
187 6.802102513417861
188 7.664641985480171
189 6.673032339474809
190 6.330209697633364
191 6.332293264361726
192 7.290923286033093
193 7.400433973621782
194 7.27427929623236
195 7.3122964160879285
196 7.052428690016069
197 8.097074581555745
198 7.243861375370097
199 6.850210474089176
200 5.97512600002585
201 6.402564653196988
202 7.3231187512598295
203 6.523557839228821
204 5.78236539213701
205 6.629739256024013
206 7.074151451277305
207 5.774469417455992
208 7.644854345649566
209 5.9266434120681835
210 6.609129843947634
211 8.183549991840154
212 6.5766750897306805
213 6.886040964392622
214 5.474432264527044
215 5.857008322285465
216 6.62439321622498
217 6.823999991000952
218 5.366821264281545
219 7.560195179785942
220 7.318550085031145
221 6.827690994254245
222 7.0076924779044605
223 5.878406770166492
224 6.283207406909395
225 7.270572923142021
226 7.856758195149474
227 7.859497189612744
228 7.34901915664156
229 6.825139991860386
230 7.758286814433388
231 7.317918032956441
232 5.101769449138155
233 6.731785430202076
234 6.8279959736837155
235 7.1197434911975215
236 6.8564247975206065
237 4.947033129692305
238 5.01944217554038
239 5.158498788307152
240 5.799986380261676
241 5.167705725363331
242 5.789921539905691
243 4.261715966168357
244 7.109857482763889
245 6.50660534418281
246 7.814829236171112
247 6.216329327096418
248 6.992307457069411
249 6.828448455884507
250 6.665909794501239
251 7.038729088322764
252 7.538623243262346
253 6.622504570576078
254 6.999433399315865
255 6.801209756475839
256 6.9659842085091315
257 7.378480700888341
258 7.682365652877089
259 7.292635315921829
260 5.54714868402818
261 4.874713823325501
262 4.926594359565543
263 5.7368612709669975
264 7.483376972581322
265 6.3351705231840265
266 6.341237046245301
267 7.414216131802734
268 7.6580812674959
269 6.221740252588967
270 7.588965695393461
271 7.1654433515629385
272 7.176524297030564
273 7.055405247875899
274 9.0024797925529
275 8.205043161677908
276 6.926623246500692
277 7.348207945362084
278 6.869107198805847
279 7.213752811869448
280 7.267321866588134
281 5.166975901014197
282 8.286327269881422
283 7.722653878237191
284 7.417073618592254
285 6.948651442096099
286 7.206517388063782
287 5.366322010243028
288 4.483756589138686
289 6.106062896272452
290 5.807241303666105
291 5.669121991018304
292 4.274578061089288
293 5.637736643844957
294 6.798156729719849
295 4.635321054724022
296 6.32715731406083
297 5.310714893846039
298 7.15049503818859
299 4.437951182198318
300 5.807297970022806
301 4.696936722726193
302 4.515879016371572
303 4.07202423351156
304 5.760600222490431
305 5.7514206032109865
306 4.111384551450877
307 6.136014211307399
308 5.248326591782168
309 4.47729379468406
310 5.389679514870584
311 6.313187639716972
312 4.167408027758643
313 4.791844847715112
314 5.823492874938104
315 5.034887332602176
316 4.233173415212963
317 5.450666660661428
318 8.16148015955837
319 6.737125756539351
320 8.477250838449068
321 4.660324365707555
322 4.064809042155527
323 6.00637373878962
324 4.735457958638432
325 6.863334779164775
326 7.199678901700057
327 5.735877452684501
328 8.58681881975745
329 6.622733289723515
330 6.126512986121938
331 7.0346272917539965
332 6.4449256883144255
333 4.766099482642173
334 7.61943025140887
335 7.119825503815218
336 6.630644299804758
337 6.6326076319605125
338 5.75813895149112
339 5.5958175864879935
340 6.638027164506543
341 5.769550926088159
342 6.55676436248848
343 6.068038810894071
344 6.933106942714708
345 6.003031742587414
346 6.944870181397301
347 5.254102247273388
348 4.939131642591758
349 6.810104431580992
350 6.60499568588108
351 5.527978871075971
352 7.499177701564078
353 6.82742671502538
354 6.237864160656138
355 6.133763329118964
356 7.500486029465311
357 6.4720855754628905
358 6.903642424090726
359 6.951596413639042
360 6.163639609282609
361 7.576416839714917
362 7.175771596496358
363 6.704083358810123
364 6.398294285165807
365 5.773557286260615
366 6.749783456169472
367 7.022989093390511
368 7.464289600299572
369 7.452941620724712
370 7.632660886157612
371 6.115328475008404
372 6.470825981707819
373 6.678716029331493
374 6.602894963250221
375 6.73529952892739
376 6.872449057838788
377 6.757272520199622
378 7.499188102581123
379 6.679005300339904
380 6.641698570524961
381 7.048390557087913
382 6.474664718037437
383 6.876837109400512
384 6.94931549615582
385 7.392304292468282
386 7.5339566042492585
387 7.084636561742885
388 7.450361524678743
389 7.240679473407778
390 6.593661396906653
391 6.6460840628087094
392 5.763758949224683
393 6.986969811135535
394 6.745088849435813
395 6.675951815556623
396 7.767125360535037
397 6.1920859143793505
398 4.7967817563126385
399 5.372883633342146
400 7.170850263686826
401 5.867951614570153
402 5.134480941199536
403 4.206418611590256
404 4.914551888002718
405 4.5319135383630105
406 4.539450954760773
407 4.132227187913967
408 4.080893857493255
409 4.085330708205679
410 4.580836767417139
411 4.314632953151863
412 3.4531818428376218
413 3.9491648549335454
414 4.163726518692824
415 4.196634068290478
416 4.24098851671636
417 3.9384572382274627
418 4.340150004995028
419 4.110871690442683
420 4.229184118402295
421 4.061832903310955
422 4.132873217330488
423 4.739331406160332
424 6.258957260324137
425 5.147563996690849
426 6.382669319559952
427 6.759494652973202
428 6.4798864051839695
429 7.230231020608019
430 7.225829301552279
431 8.043215567902323
432 6.344803426733887
433 7.679328040767639
434 7.048985309231683
435 6.390453848309828
436 7.30760991762846
437 7.244437014324045
438 8.007606929281703
439 6.712183753881698
440 8.23911421874267
441 7.901182670873099
442 8.059590259357376
443 8.665769623349908
444 6.584569148688555
445 7.14733940610861
446 6.393616395342936
447 6.560155691664374
448 8.033404664771657
449 7.5546422796475365
450 7.163857530902968
451 6.935738329253628
452 7.560237219224638
453 7.5394813931925935
454 7.625544588357769
455 6.632435493686945
456 5.980526619158228
457 6.482786871349228
458 7.514718860987867
459 8.4197465147168
460 8.459229608620094
461 6.887356804300169
462 5.805176708725948
463 6.874903233371575
464 6.163738877161884
465 7.060472359121502
466 7.592264082979056
467 7.245051452319739
468 5.708008027546521
469 6.473434485434414
470 6.788619048933795
471 6.303036790129323
472 4.683938031727109
473 4.9893897234624935
474 5.427073800251859
475 7.143887057097915
476 7.036317211624878
477 8.151039793153275
478 6.271185692753038
479 7.404887730285297
480 8.51982967121625
481 7.246647160090642
482 8.11637240575552
483 7.152117192011347
484 7.29641896557094
485 8.128585248498435
486 6.7546526367121125
487 7.65385703767771
488 7.692467922902354
489 7.550687547376244
490 6.679261631621287
491 7.687131315326894
492 6.276906532447139
493 7.380723316289085
494 7.549026869209357
495 6.011074942344692
496 5.772885929431781
497 6.774525820862321
498 7.436529357425924
499 8.355558948946124
