0 6.796997761860581
1 7.034620652616889
2 9.123013612590526
3 8.462181151030563
4 8.455368167684167
5 8.274852547502746
6 8.67085487572651
7 8.774483200648172
8 8.717635661591286
9 8.51610451844128
10 8.899048337862672
11 8.56647369981779
12 9.758016372506
13 9.44302128515506
14 9.135836493241696
15 8.018529577697034
16 7.587787867785699
17 8.918795620361728
18 8.295366767549966
19 10.643605973845759
20 9.830539819501444
21 9.601393607851955
22 9.18073212743321
23 8.698764887315445
24 10.49781582279671
25 9.121815802421525
26 9.365645221303941
27 10.024691290170567
28 10.462927057475971
29 10.447195279012615
30 9.32140695386921
31 10.671247590658938
32 9.717285127287791
33 10.499146794479717
34 10.551966543809083
35 11.028993634813604
36 9.14383781226493
37 10.647164092107149
38 10.76326739159744
39 10.469728947709195
40 10.305143430086561
41 10.925156522336065
42 9.571741385642769
43 10.781979066205048
44 7.740478093926371
45 8.215638589007934
46 9.387983435679706
47 8.727778501861264
48 7.289295508417481
49 8.34997293318053
50 8.958612539678974
51 9.218525978876906
52 8.798879634748332
53 8.933951987683516
54 8.01006133598396
55 8.604509213701563
56 8.892436587113128
57 8.693990454121847
58 8.205116565515153
59 9.110636011027172
60 8.078491652836899
61 6.136856868657467
62 5.382829878493429
63 3.868945224715096
64 6.001935116348173
65 7.14912612965905
66 6.851394487039864
67 8.714923424974382
68 6.510025479994275
69 8.426246805120009
70 8.538340069252774
71 9.381124010444685
72 9.466179013018355
73 9.207025283293799
74 8.327342196638574
75 9.670939026744218
76 8.807711634454723
77 6.724834681537243
78 9.193222175378953
79 10.725017436249592
80 8.109384226268247
81 9.230612452317263
82 8.043405509718166
83 7.846384639396391
84 9.535911597344038
85 9.565042036901756
86 6.674372047854491
87 8.863487553827586
88 8.690640502434995
89 8.451919562443855
90 6.866678896590772
91 8.037549142550613
92 9.587913060317169
93 8.54697393904722
94 9.708866575866336
95 3.832326568379422
96 4.049584995754334
97 3.8455680967080657
98 7.415197185450261
99 5.996459034936435
100 8.680555708517545
101 8.37137017629066
102 9.592740923727737
103 9.061030630277964
104 10.290428234128447
105 10.637092613253468
106 5.664446462529639
107 6.340601476523888
108 5.106903985628599
109 6.8614715487587326
110 4.321952716998664
111 5.19176366078953
112 3.8562994671115587
113 7.729623890466151
114 6.762422889234722
115 9.221736544381315
116 9.590399451561902
117 8.888701558019552
118 9.810802719954241
119 9.870970587408765
120 8.822093502484236
121 8.332993281572705
122 8.285688390313684
123 8.390683561043828
124 8.41213309582746
125 10.055977559148054
126 7.478701285583792
127 9.247569356174681
128 10.014718011669135
129 8.554282820416494
130 10.76092823175876
131 10.919490396766019
132 10.875319443900981
133 10.469278041943408
134 11.21743822340544
135 9.826856387062039
136 10.290914493843776
137 7.996871138517332
138 9.298565452036831
139 9.908948052436088
140 5.7913763105100005
141 6.376174415012743
142 7.290088290459915
143 7.326752787886386
144 8.54150084705813
145 8.658917817991208
146 5.2810412679661445
147 8.703631746629455
148 8.624234850318025
149 9.125256157006756
150 7.891769541778081
151 8.202347749293633
152 9.495816607674437
153 8.850373106209233
154 9.047230631668727
155 8.141395602218658
156 8.992803348080793
157 9.507706413538102
158 9.007713989151128
159 7.8160653800753535
160 7.831741017431754
161 7.75256704348523
162 7.505803535063067
163 9.23692863379825
164 6.807192351427801
165 9.71286089236782
166 8.478354264703617
167 8.799520236422167
168 7.930746386843806
169 8.297686047431638
170 6.084974157113976
171 8.856519839019622
172 7.188101174211484
173 6.423467963943149
174 7.694635033982858
175 7.493473450724113
176 6.7568973697819095
177 8.297266855447711
178 9.129255778354821
179 9.468709729681857
180 9.216085845356435
181 10.639263145889565
182 9.635335754029363
183 9.864999609748262
184 10.765872411520116
185 7.441964948522505
186 8.64793652070316
187 6.853277130535656
188 6.746750860918127
189 8.650895997067058
190 6.363526309514628
191 3.7523901183859585
192 7.752512715460974
193 8.691750560921527
194 7.66991365154854
195 8.356944188744235
196 9.014195305998411
197 7.868523204562756
198 8.478323299691464
199 5.172250510986488
200 3.8778773444769636
201 3.33237517691254
202 4.840222136228876
203 6.718048932133981
204 6.493958735754247
205 4.658321712527136
206 3.91037722466771
207 4.569914212693704
208 3.932130695788782
209 6.1388527809086515
210 6.186382090639474
211 6.336785957355326
212 8.427187002135856
213 4.666807012216242
214 3.8905362027446904
215 6.418222804721474
216 7.244091260044621
217 9.055156658162982
218 8.503310073962227
219 8.217654626484888
220 8.39450039707368
221 8.245661620311488
222 8.536490770795918
223 7.570472412446849
224 7.87419934237039
225 8.401065685668184
226 7.190407199822366
227 5.882244293408807
228 4.539851411405947
229 3.7483700507842617
230 5.286422933650196
231 6.049321721272466
232 6.665391034674397
233 5.014471322523389
234 4.327874214198976
235 6.360913294625441
236 6.063821017127048
237 3.5658756632895994
238 7.311682817701008
239 5.209959348000085
240 5.734727344753808
241 4.772625806704372
242 4.017321889059376
243 6.383038903597224
244 4.9584067691413
245 3.602002623948898
246 3.478825237618349
247 7.1200655557368195
248 4.224728281521072
249 8.172663262564832
250 5.604867350296123
251 6.664543172523788
252 9.638891570282007
253 9.149281535633067
254 7.8013593128135215
255 8.308724542227408
256 5.896527653722427
257 7.270700032355983
258 7.511077650620363
259 7.248975775619042
260 8.78191337441013
261 6.5406821355804485
262 8.657490290156277
263 8.832312647095831
264 8.809572838239491
265 10.0681173219892
266 9.046940266093417
267 10.57805407414186
268 11.810897554595055
269 10.542281321604689
270 11.53707396378107
271 10.256862843978732
272 10.422097398230722
273 11.20211135790864
274 10.85196045666089
275 11.401620045945988
276 10.740844007967953
277 11.119257211143177
278 7.482712521088895
279 8.796822229410948
280 7.991327762772583
281 9.648505240557416
282 8.838049382832915
283 9.245191657836582
284 10.144637048066476
285 8.107838235882642
286 9.392508154875422
287 8.44660610731893
288 8.743292981101186
289 8.281732050580752
290 7.4393279516286
291 5.5983376021453655
292 3.347742960850528
293 5.875101210311795
294 7.760115192148058
295 7.2484746125394635
296 7.929069749951024
297 7.2540591004995685
298 3.8843612832509558
299 4.7871979753561105
300 9.006416791217429
301 8.12371062421473
302 8.61096078519634
303 7.638205379924732
304 7.968517905941646
305 9.021273624660486
306 8.936540115110125
307 10.368586472510716
308 10.297911800582401
309 9.765805675226453
310 8.612594500392342
311 9.178166794803019
312 7.988191137176149
313 6.9887641028184175
314 8.205684071346948
315 9.45935679260236
316 8.005851976844983
317 9.610906987837414
318 9.361911246216273
319 11.101517134024732
320 9.17784238947569
321 10.382260251349392
322 8.752641201329668
323 11.246735162514373
324 7.592865778318155
325 7.358081191645312
326 6.2984925719658
327 9.531591066732219
328 8.44061018159371
329 8.28450182628974
330 10.997833767916545
331 8.111589449003604
332 10.120480896432033
333 9.186580304616792
334 7.271168653494195
335 9.575161974765049
336 7.968848388798011
337 7.532722485408617
338 9.516375561540423
339 10.269074713117183
340 9.238297752206918
341 10.3940613525598
342 8.694110934593612
343 8.397964596082147
344 9.23712058797494
345 8.597197960612954
346 8.59416098537923
347 9.33239572796568
348 5.23035194237986
349 8.35276343129425
350 7.97908763044736
351 6.2877468858443955
352 3.9509918774017567
353 10.148643107432417
354 9.445779582964585
355 4.463169940993391
356 9.423040987018176
357 10.283986321632808
358 6.667003965704263
359 10.351172188253821
360 8.728722022152553
361 8.154580652124821
362 7.869139680052702
363 9.328808153508911
364 9.885650132294812
365 8.477856493538729
366 11.719883215056011
367 10.752639107176147
368 11.159525827228027
369 11.032511098281214
370 11.467990334488437
371 10.566004200996773
372 10.969270344655518
373 11.369837744973312
374 10.543611019180402
375 11.163972858856608
376 9.845467131862614
377 8.851325822574575
378 9.742260888013613
379 9.55903960372516
380 9.985635753675975
381 7.639244850955027
382 8.579607564057595
383 7.364790985489804
384 7.8948302158026955
385 7.291192700386993
386 8.847418673836149
387 4.046830653798043
388 6.342719479257585
389 8.552475414610326
390 6.691005443897009
391 7.11707439971715
392 10.893184375122445
393 11.374926690982287
394 11.252321455965257
395 11.601721556095889
396 10.817685879675935
397 11.308377546936322
398 11.673300517968956
399 11.338540122907409
400 10.936182465567672
401 10.927422076266119
402 11.146291296242046
403 11.17406197571959
404 8.857627529449184
405 9.796196730508145
406 3.6520620623882425
407 4.00690236601827
408 3.8540400299776927
409 3.667203518164855
410 6.910704029216965
411 7.534323615969754
412 4.093021952802527
413 6.0419547615622005
414 6.801138248500393
415 7.670715674025575
416 9.788383877857274
417 7.854995220023952
418 7.342520441731761
419 7.473839240046775
420 8.065404304264131
421 8.820916236744468
422 9.569424683937216
423 9.767691522868404
424 7.561971224471812
425 10.030462996147973
426 9.745440355651573
427 7.993036821151605
428 9.305999269895898
429 8.031259670158034
430 8.360292868412449
431 5.683183951779924
432 3.4933442736827742
433 4.0176419153887535
434 3.7584068862951026
435 3.6881477974593033
436 3.8669331471402426
437 3.503582771712563
438 5.070127305272125
439 4.021974606600485
440 3.508087907543894
441 3.7775760162178695
442 4.002487680305272
443 3.9482119894562007
444 3.367792793261801
445 3.847227493422337
446 7.040666955817777
447 10.239195730584811
448 3.831829770046717
449 5.116720596920619
450 6.039788308563292
451 6.914746627405299
452 6.967669571201922
453 5.8459192148489985
454 6.309098111119217
455 6.6237636325213
456 3.61056315663578
457 3.6408119494538322
458 5.006674832147135
459 3.89699849436129
460 4.291212468241552
461 4.571271455250389
462 8.323512686150513
463 4.3304018274287195
464 8.741319575396655
465 7.95357540890681
466 7.396192433534058
467 7.894281405526772
468 7.509828021247468
469 9.713516499713704
470 6.636294467739478
471 9.04525986255373
472 8.198579401391026
473 7.4439127240055605
474 7.5210157921952145
475 6.037137512530821
476 9.68149045806156
477 10.367227999450167
478 11.017949695171874
479 9.245416663820938
480 7.176383267764087
481 7.948897235397662
482 8.081671675848357
483 8.563999120129694
484 10.1226383000538
485 8.66669622457433
486 7.995115543773631
487 8.207813866798384
488 7.8633936830122835
489 6.6054263839572585
490 7.287840607454704
491 4.739701753095884
492 6.866085675535651
493 7.029806878186546
494 5.5236403190833485
495 9.544883760248254
496 8.507903710704928
497 8.265190905058407
498 7.667142923834381
499 8.609930047121942
