0 9.306957439870846
1 9.168064626235457
2 10.486653073554399
3 10.047728881767691
4 10.942569458034034
5 9.51252967917733
6 11.06596373081558
7 10.78763823968039
8 10.450544628825364
9 8.36628552545442
10 7.541276615244739
11 9.137213180446324
12 9.570886215248237
13 8.579723411343485
14 6.913613194609003
15 9.138543136835333
16 10.054816210857703
17 8.487470110661997
18 8.578511665849705
19 6.918661124811112
20 9.043349465952085
21 7.456603080429936
22 8.181913675804394
23 7.3108487284500505
24 8.392167777098127
25 9.092279707031544
26 8.553858126087455
27 8.522620413371184
28 8.501000777974344
29 7.744196327931074
30 10.321403580853117
31 10.266934906556422
32 10.214193688367569
33 9.646778720098725
34 9.859342257708139
35 7.101070192373428
36 9.059478284311146
37 11.499241132013767
38 11.607113624535916
39 11.643425683582368
40 11.74351874062472
41 11.625612994497269
42 11.94262180179163
43 11.530186032110905
44 11.481977885242875
45 12.190914865981147
46 11.427129462072612
47 11.853228793539932
48 11.463478556753758
49 9.711023672963435
50 9.85253553615846
51 9.945827058866861
52 9.68093188481622
53 9.2314908194669
54 9.06922368087949
55 10.153880967162321
56 9.12687975230981
57 8.399174046695105
58 8.484602072292812
59 9.042246261318118
60 7.064537907999746
61 7.392392888048829
62 7.434211357041493
63 6.193730931548873
64 9.300168452935237
65 9.5425270954816
66 9.466207915422348
67 7.743652379694227
68 11.713718141931166
69 12.120887596519815
70 11.730211534644193
71 12.205713291831312
72 12.791984675021155
73 9.037810519127262
74 8.930508035942303
75 9.68939395901723
76 9.822420015580619
77 9.09812673286327
78 8.796806410670296
79 11.753993636979398
80 11.2656699320035
81 10.852213023121532
82 11.787641874822247
83 12.198089390012605
84 9.765937288950525
85 7.2548440611330385
86 8.479502784206923
87 9.091684085832132
88 8.503196820847446
89 8.739530353468794
90 8.37245296659202
91 10.151439108159648
92 7.604875633618334
93 6.290351427806577
94 10.271299832897279
95 11.129266623038545
96 10.15995160365577
97 10.186767591244205
98 10.0220075755579
99 10.23027041740645
100 9.524304776881207
101 9.34862784163357
102 9.680708596675885
103 9.416074865333089
104 10.139555595503849
105 8.415774509872158
106 9.626906940716749
107 9.147396683397318
108 7.667866338094538
109 7.427832847106413
110 8.058905811584982
111 7.945784029329763
112 10.122000618425558
113 9.56744250174482
114 9.173064942185661
115 9.907104784466169
116 9.815919202736305
117 9.714740866860481
118 8.70655688503551
119 9.942248071158316
120 9.108695620625783
121 8.223044688298144
122 9.386553414008077
123 9.10018618844348
124 8.883472765389508
125 8.702060643066421
126 9.136586870784546
127 9.604305901192918
128 9.412007576536631
129 8.401404142583006
130 9.90259898882891
131 11.483288922864698
132 11.958526211940653
133 12.465944436536425
134 11.443544385010227
135 11.826211130419727
136 9.536762010604035
137 8.07504262618269
138 8.681226139301346
139 9.944122271925556
140 6.444985869701293
141 5.732609841431267
142 3.9231337737014322
143 7.642518682896899
144 6.082503151672591
145 5.659371601517695
146 5.033934990737878
147 7.152591185449549
148 6.333454798651523
149 3.6439931663753002
150 4.380926402775382
151 7.332388927787008
152 9.34654408225635
153 7.539669091653251
154 7.816188383834746
155 9.069526367606795
156 8.429725099237967
157 9.60075661596162
158 6.82374618634544
159 7.971945102077456
160 8.002892582535615
161 9.385085907102264
162 8.73041112358511
163 9.06210941140043
164 8.832988686305539
165 8.000700736530572
166 8.551386100703365
167 8.432769354130247
168 9.115817707213276
169 10.033031554230039
170 8.088201066110585
171 10.699994214177597
172 9.637926648252714
173 9.159783407366294
174 9.499096061451366
175 9.621027196314241
176 8.943208739796756
177 9.873081448011487
178 9.968544370167326
179 9.797902188638906
180 9.23564157664248
181 9.199230399506659
182 7.586432944316797
183 7.593221314770553
184 9.71713908842073
185 8.768535398509835
186 9.49867352721185
187 9.405115777818736
188 9.35194908850876
189 10.307920007691571
190 9.000936885361035
191 8.70463828198341
192 9.19001265874954
193 10.551868009945613
194 10.269576697512525
195 9.635513824662807
196 10.438002467168515
197 7.406363914470518
198 10.11844266106131
199 11.036939879348179
200 10.980075891411111
201 11.261858142728373
202 10.394266281154684
203 9.072792570954443
204 10.72551092858425
205 9.345091941258193
206 8.078427387894164
207 7.9258570560264285
208 8.790641871053996
209 10.687322628109031
210 9.03783479887703
211 6.919791676055872
212 6.99418173817958
213 8.783250315640599
214 9.516420682837241
215 10.206099471751065
216 5.729696838503818
217 5.939249925212325
218 4.771074649684345
219 5.9907075862236265
220 6.792350332821318
221 3.8113367926564994
222 5.601893233056769
223 7.113811540634149
224 9.131356934179044
225 9.416883232802096
226 8.065181328288812
227 7.344351820084695
228 8.325132791140856
229 8.588219980097708
230 7.493697742896216
231 7.10628934891149
232 8.075768490510775
233 10.211174736189779
234 8.99575438765556
235 8.801921316324368
236 10.519547154059225
237 8.463601248205396
238 8.446591807748195
239 7.351950265094136
240 6.94306812660522
241 7.263956775211137
242 7.989028079601099
243 11.419667167554074
244 9.8888608039352
245 8.309079735829833
246 9.265536956778947
247 9.442580831942855
248 9.582890377156914
249 10.042231166453773
250 7.071308174331367
251 10.457605592220409
252 9.666810626733318
253 9.8811620459873
254 9.394490657034721
255 8.39999845508607
256 8.870193310588846
257 9.770816543787271
258 8.538639872466
259 9.437718404518298
260 8.68561147523052
261 9.581305584925266
262 8.030697291759749
263 7.9902380463594564
264 8.57976886574216
265 3.9219811948892667
266 8.359522279560148
267 7.727404947038299
268 8.281812434190643
269 8.409923591779258
270 8.075894657088144
271 6.903084965032268
272 7.993610694632795
273 7.674308516063922
274 8.849048469130409
275 6.58295106882443
276 6.191827625225657
277 3.9977449821950124
278 3.639783119042249
279 3.6499308671785404
280 6.089230483633695
281 8.875200702030602
282 9.617043555292128
283 8.115457641976674
284 8.627071035179199
285 8.674845961597464
286 8.529653451864707
287 7.742730594929398
288 8.080863871766987
289 7.597547342768174
290 7.821129792197868
291 8.169344012234172
292 8.477466177933858
293 9.042412812066766
294 8.155108388276519
295 7.969568541234654
296 10.400735729472878
297 8.075172253398573
298 9.019765658976711
299 9.261444132388936
300 9.515516352781924
301 10.345653013992845
302 7.83168930766573
303 8.148584675403443
304 8.225304628145004
305 8.415118023099556
306 9.257180055495366
307 8.543193222665073
308 9.770452848345224
309 7.848125999372533
310 6.61778043111235
311 6.0384865185350804
312 6.836733634942319
313 7.128370160654751
314 10.784233284709725
315 12.242068338993013
316 10.232686601392318
317 8.917608382870858
318 7.429809340223979
319 8.384299661927002
320 9.683878163589563
321 9.044178790862302
322 8.351754422748657
323 10.040425891411454
324 8.227484555081466
325 9.00160361975871
326 9.348811536146746
327 9.844297742106942
328 6.537357105489517
329 7.957421337935698
330 7.877327259623511
331 8.914463680384854
332 7.5203715917158895
333 12.268384723553499
334 11.60281085085415
335 11.354350703632678
336 11.71756780881395
337 11.540694302500725
338 11.506997329431313
339 9.922765449573223
340 9.218019316870722
341 7.1584102418717785
342 7.0466645478401375
343 7.415525357074595
344 9.657196605805341
345 8.05592380274994
346 9.597783123279175
347 10.507712634103044
348 8.943206796666692
349 9.282270579872153
350 10.187131812686026
351 8.898500164609942
352 8.23402109303488
353 8.424275378397311
354 8.757706646731945
355 9.2762282617654
356 10.285092936879028
357 11.125623941254263
358 8.927716974406767
359 8.207437810502487
360 9.223619832857137
361 8.51806173063745
362 8.921346205983397
363 9.232430095784215
364 7.145124374723312
365 7.562878508591643
366 8.535844342471895
367 7.906429242007052
368 9.095820877862678
369 6.685600940112736
370 6.380384413843618
371 6.836247979270824
372 7.063162140068528
373 8.196260490661885
374 7.387776367785717
375 8.731861746191566
376 8.881022263560823
377 6.1033155998580515
378 8.70957016638713
379 8.399015265649803
380 8.583347493523084
381 8.684153199492307
382 8.864826635154225
383 8.706293623395924
384 8.501979641094731
385 8.754745909119835
386 7.964703300711589
387 8.661777190225848
388 6.754599967372121
389 7.2849616757523314
390 7.715256880491071
391 7.450122921207262
392 7.598483186464387
393 6.830746550614918
394 7.0352989255800615
395 8.663239330577486
396 9.222376501898763
397 6.882170317239146
398 4.012816043689914
399 6.295231726291063
400 8.29411373908101
401 7.908216681543249
402 9.900416819686047
403 8.998436082089853
404 8.354196043795907
405 7.221974129421634
406 9.770158962220172
407 8.001425913966928
408 8.789778354246142
409 7.703219731143627
410 9.13544500243894
411 7.321870795570087
412 9.589073712859857
413 8.60117975779439
414 10.378828492597343
415 9.558039388293738
416 9.088781080490659
417 10.761774519544812
418 9.153362955467939
419 8.995351045281716
420 8.591049699526451
421 8.658911065087812
422 8.970761118761663
423 8.036087214607626
424 7.545555028942229
425 9.797250083657808
426 9.741617669613978
427 10.705111650794443
428 9.624434850084135
429 9.118836239856781
430 10.108991662624376
431 11.070827054953414
432 12.276202613154082
433 12.231392486124241
434 11.741102600714248
435 11.815723591350427
436 12.546302546963146
437 12.119677649294452
438 12.413803473223222
439 11.70869974241715
440 11.256674795735892
441 11.621453375058346
442 12.246199165505907
443 11.655254951493395
444 12.159358909806134
445 10.598228674584309
446 10.613617963821556
447 10.062980381424314
448 10.976192117412404
449 11.96522013866728
450 11.34594401664639
451 11.590754949184532
452 11.675328614027178
453 10.468785474590762
454 11.177114061029545
455 11.696852245069755
456 7.645461094678061
457 7.405832853145321
458 7.792514137418512
459 7.162114366990643
460 8.922284214976782
461 6.102526794234206
462 7.446524605102776
463 6.415458261821027
464 3.8822442032791127
465 3.784342676985149
466 3.7885586797050426
467 9.210024357224267
468 7.8636352158683085
469 7.649449882528217
470 6.962041529682841
471 8.277577943759276
472 8.797070599333061
473 8.878454185343372
474 6.907785274831826
475 7.631146055441249
476 7.981336166631056
477 6.578818151566359
478 9.054312707927219
479 8.206114881139786
480 7.303643269102353
481 8.578007346519822
482 7.6190115963963025
483 6.943118136831028
484 8.335445837656657
485 9.711340383088709
486 7.473930359436174
487 8.925906909698256
488 8.645701195043566
489 3.975174821322659
490 8.562171148757486
491 3.965367351052253
492 6.797922170922741
493 8.112416894931824
494 9.355260525982837
495 9.227194145223047
496 8.266532495202155
497 8.497018895290912
498 10.119251932097772
499 7.317499686018756
