0 5.416577020970324
1 7.4124332113675075
2 7.541583101419574
3 6.175366248408816
4 7.764702758672753
5 8.295305893308342
6 8.058255547307132
7 7.311948595693375
8 6.425649971828029
9 6.322312523629529
10 7.314217499664917
11 8.814994666100208
12 5.191596910076805
13 7.583973569983897
14 8.452953813005413
15 7.951780426061701
16 9.917383755778163
17 6.953555534327576
18 8.346074856759056
19 8.151944191147361
20 9.318025984968804
21 5.558412422679246
22 9.844379238486146
23 7.856535096100035
24 8.33103265544465
25 10.230983758057983
26 9.472543549809005
27 8.680559535754757
28 9.616109067930278
29 8.673157404005552
30 6.345224590601905
31 8.022882274399558
32 7.880238722542661
33 10.02271432579181
34 9.653036513152705
35 8.325120602349443
36 7.76387603943227
37 10.0270369139502
38 7.37091018686882
39 9.352820636529128
40 3.9616744848350485
41 5.7021233530740245
42 7.001192745394997
43 7.4031887225273945
44 8.63598231758516
45 8.329410958288467
46 8.54208952237541
47 8.376728374272629
48 5.671074588987057
49 8.436412737279605
50 8.844343330947835
51 7.319811417277594
52 8.871648007521612
53 6.773867431818589
54 7.823778598447536
55 6.632905424454923
56 9.053390909477848
57 5.73034995082625
58 5.520610061676623
59 5.873083679742371
60 6.525795028455185
61 6.476473826209218
62 7.155120016273458
63 6.4538783728685765
64 8.818725137597733
65 7.259590214905281
66 6.580544999238695
67 4.228069047330023
68 3.8614748252799913
69 7.483427796792707
70 11.236608063772426
71 8.159561257079194
72 7.880596260342601
73 8.721454620897836
74 8.392189650449545
75 10.6078199643174
76 7.772892015726049
77 8.48194761942508
78 10.053515905810208
79 7.766109076721763
80 9.564188466948734
81 7.3896131615337355
82 7.222765657567789
83 3.8009676342986127
84 8.185768465687529
85 4.286172011809184
86 5.5011872296480036
87 6.8727923110505165
88 6.330751391320263
89 5.477505201245869
90 6.18551258622178
91 4.517190142643998
92 8.220046407851214
93 5.341337384933352
94 4.472370688802261
95 5.2870849209721404
96 5.0599033817402
97 6.497920581552466
98 6.837714224336244
99 7.643898600885786
100 7.777828479522595
101 5.678638199477229
102 8.200500882977588
103 8.048264859944272
104 6.640280739571894
105 7.247107252310615
106 6.056369352433928
107 7.815968446784537
108 7.154814771628621
109 8.619241068772588
110 7.319950829441367
111 7.768206396038296
112 7.990265831454198
113 7.578379326864819
114 8.401745481827623
115 7.3255407254961264
116 6.26191272330192
117 6.952664122211326
118 7.332617960038735
119 6.9053586119179275
120 6.74113423051475
121 7.500376412545375
122 5.395971317474126
123 8.76307268500143
124 7.716956069043743
125 7.837185887185562
126 9.08554625788168
127 10.05712705214961
128 8.127019591567795
129 8.016722697405143
130 7.0710826674493825
131 8.539523468986635
132 7.698991377795582
133 8.54152527699927
134 8.049029896406097
135 10.669701687565729
136 8.721748172412234
137 8.784270831200576
138 11.18730916388249
139 10.805277222254052
140 9.637551336761007
141 7.1458157822938215
142 6.329335742666899
143 6.9315027847735955
144 6.06279919343008
145 7.000468763207792
146 5.61722042890067
147 6.453197134264783
148 7.694965675095527
149 9.990767097719976
150 8.406506891197312
151 9.267607481417341
152 7.730848667407427
153 6.377612110984375
154 8.866336225684625
155 7.905192053557559
156 7.819926182052384
157 5.919556501996314
158 6.216948621315815
159 6.275154851141727
160 8.557161035253305
161 8.913359810514473
162 5.470442609690104
163 6.468779534118793
164 7.276841291211374
165 6.328156034007298
166 7.260380695493114
167 8.671435655980048
168 7.705427822403729
169 9.059556094206863
170 5.551445247999785
171 6.943335988852039
172 7.144678118821451
173 7.587619313799017
174 7.390675226259451
175 7.760679267666057
176 8.584037056632619
177 4.079922818018158
178 9.351543264337401
179 10.675285292495913
180 10.573323267603875
181 8.723511285833926
182 8.27746070078708
183 7.7353717174897625
184 9.467819788956202
185 8.11404803147181
186 8.564393938635181
187 9.059832240245516
188 6.015392685474293
189 6.767918559079862
190 6.547064798273638
191 7.296288343141333
192 6.500060463057807
193 5.629811643592547
194 8.064642417802235
195 6.295206687731288
196 7.884281722838665
197 7.629146830744512
198 6.687047285363758
199 6.726966580411837
200 6.9662922143453905
201 7.4417109135115185
202 6.777567245725591
203 7.999823871415679
204 5.325089237789632
205 8.019259442597118
206 8.231872201539707
207 7.531039565230767
208 3.7956783296634837
209 7.770272548157908
210 6.703511697209417
211 6.3056796986322405
212 6.2289123247013745
213 10.83387558728916
214 6.604625633226467
215 8.678699571344374
216 8.226379814011265
217 6.956904988533867
218 8.095074384611243
219 6.830699362214857
220 7.296876448095155
221 8.820321273450451
222 7.062770445988223
223 8.676316963730786
224 7.103144788919959
225 6.182338459952263
226 8.21988198689606
227 6.848087688998307
228 7.662602201501713
229 9.580088423285035
230 8.964409757063661
231 5.582494187405154
232 5.618300579826029
233 5.445122707711232
234 6.738081125762778
235 3.8479602462520544
236 7.403293336592565
237 7.778457025462087
238 10.332555500288693
239 6.400756113158448
240 6.217693093176125
241 5.354921340333693
242 4.706434938040257
243 5.051371477787259
244 5.233807426753351
245 4.221683176246358
246 5.983943465534762
247 3.582425892341054
248 5.3363298655693185
249 5.207379515724884
250 6.621721038932906
251 6.75390774685426
252 3.3418452720111937
253 5.934092588895817
254 5.708054886038809
255 5.4799920044737584
256 4.9950937178962524
257 6.188696275389499
258 6.136842059599393
259 5.054953093453183
260 4.4260071921828334
261 6.470491396922845
262 4.92151480466688
263 6.557386278001173
264 6.6558162023825584
265 3.3263226896690754
266 3.666019390283858
267 5.577073507689826
268 7.34944979333517
269 3.831988205109515
270 5.756663042487118
271 3.647400530807254
272 2.989286267174419
273 6.111490954287937
274 4.2734538165761204
275 5.816225192046204
276 5.748277728156815
277 3.8552827316321054
278 6.58895378403883
279 9.072263612010593
280 6.25479004320297
281 10.04088801661549
282 5.078357096840854
283 7.750213480153311
284 7.223501810736136
285 6.357939937362757
286 7.672069087116247
287 6.880798786776666
288 9.688432851798385
289 7.611025070818962
290 4.894868011610541
291 8.316955597778135
292 6.223598176680018
293 6.7303862831777685
294 2.8884083249997596
295 2.8878983931940314
296 3.323622770882649
297 4.697270597919462
298 8.597296695954475
299 8.485570471701449
300 6.791309965127312
301 8.959461206640857
302 6.7786013538675745
303 6.919466557174057
304 5.315414582637939
305 8.941130126952151
306 7.4139224101036145
307 7.665955246987568
308 5.478296634970535
309 6.751760667191982
310 5.847510636746154
311 4.931780439751614
312 5.742399082775974
313 5.732111787836186
314 5.652540574163457
315 5.536515001644784
316 6.082682293610545
317 8.674761456014254
318 9.329884857629924
319 8.238549095799318
320 8.889711740019951
321 8.235071197596325
322 5.822171133659026
323 6.311735311132635
324 6.528481718623106
325 5.472982386608575
326 5.983824111678426
327 7.0499684847084065
328 5.415454684413739
329 5.365745009556983
330 3.4309133099378126
331 6.71340374820542
332 9.26249956155837
333 8.23556866084209
334 7.216186752939925
335 8.093425505028103
336 4.639138135193446
337 6.479407714146989
338 9.319546444401263
339 6.489976425085044
340 6.096247139491062
341 5.623254851746788
342 6.5390773024560325
343 5.3664353999915875
344 6.096495406238969
345 7.479760842726248
346 8.54458772782411
347 8.229495790709143
348 6.187532605521756
349 2.8778143918238763
350 5.128636918188226
351 3.523543530222958
352 3.9252714545569427
353 5.003840783238781
354 3.758205870879268
355 4.0841545794285565
356 3.3035564833582534
357 7.148509493033956
358 8.141595484150859
359 5.633797635108496
360 6.345467652090837
361 8.160404744630604
362 5.777233213245304
363 9.573750957121408
364 6.290387254691277
365 5.316970126179861
366 7.476616182489784
367 4.545379850448932
368 6.307677521799449
369 7.2870743571126555
370 8.152197136477087
371 7.188067392879278
372 7.331479345357626
373 4.175120725578424
374 5.817541465683138
375 8.430006929511045
376 4.121514445615445
377 6.100791276096913
378 6.529003593352992
379 6.154201807401381
380 6.565818136119856
381 3.787136726489241
382 4.333978474057773
383 5.578164611778369
384 4.662144931147365
385 6.392456636628494
386 6.189191423952994
387 6.467301814344829
388 5.725360491825105
389 5.1717709196376545
390 5.3339574577020175
391 3.421917044276228
392 3.7165046136687194
393 4.313581291194192
394 5.352351782967996
395 6.154425589120086
396 4.479699169963217
397 3.265600855349719
398 7.625715534786893
399 6.709312189796284
400 8.449380077107104
401 8.601647524789147
402 10.13345507399747
403 8.054117943006604
404 7.487053401443359
405 8.68157106325712
406 5.503121363653675
407 4.828395931533546
408 5.807764895865089
409 7.111109785138551
410 5.947951036552205
411 5.187626375809903
412 8.182977188750316
413 6.811455574892725
414 5.646763139132482
415 5.57268718131042
416 4.010992228752142
417 7.912354860758615
418 5.8983880613466475
419 8.310267997287294
420 8.148703049717419
421 7.886749436804019
422 8.487670758772692
423 7.818203206059877
424 8.154301847983852
425 6.717442293634084
426 6.82991847698624
427 5.785356125653412
428 3.9945901560330253
429 7.7691242053205745
430 7.6009607309705505
431 6.946602704621236
432 7.150587459247876
433 8.839983962876286
434 4.566351458697074
435 6.937409065066526
436 3.8025020435792003
437 6.8272841059445755
438 5.64390583641546
439 3.759852149813558
440 8.06306698483031
441 5.878056346103744
442 8.102087622692512
443 5.282159906034988
444 6.004921203468893
445 8.156642934830954
446 5.313431100730944
447 5.382779314109687
448 6.082601323284403
449 6.4524607439475234
450 7.3770209246589955
451 5.154677273889717
452 4.613663117740732
453 5.080709150419195
454 7.334829139824983
455 5.353613858548208
456 5.724920431277454
457 4.92125069606839
458 7.44926621594485
459 3.89500360267879
460 3.3117069202899017
461 4.080556977296226
462 8.218942456502237
463 6.6998829547979675
464 4.196619194181121
465 3.316805955284178
466 4.060126961508506
467 5.1438416290012805
468 4.5063245386019695
469 2.8025989145135215
470 7.006779848444347
471 4.597234989361161
472 5.372615346534543
473 8.179175853446827
474 10.753221184283689
475 6.289599931228649
476 4.274144273441763
477 5.600727948063511
478 3.69572901715582
479 4.217931270750257
480 3.43234297851023
481 3.154019284039548
482 5.00413906376061
483 5.1193720218525725
484 6.122717835201056
485 5.806217835161262
486 7.512421274566484
487 5.830522460046014
488 6.491492196905859
489 4.53528963400861
490 4.471802551212628
491 9.012038932734352
492 7.889345990858994
493 7.323642146385087
494 5.213552017789152
495 6.5571460118846545
496 4.859828318458225
497 6.825631273871878
498 7.578195159056652
499 7.120979230560774
