0 7.0564062814082105
1 5.973782835950488
2 8.47614397789897
3 8.479208302111125
4 6.33670948412595
5 8.01207196629979
6 8.294054028407237
7 7.09314281696993
8 7.116568661347809
9 5.548439457484068
10 7.043163688755037
11 8.521651073844787
12 8.19841340892455
13 5.589404377765783
14 6.719744728903547
15 7.896935467308992
16 7.9051991812087055
17 8.031326535979286
18 7.405390592347716
19 8.54387541707505
20 10.471934843504705
21 7.993515770296349
22 7.299284648496413
23 3.8003200128616523
24 8.999693390057775
25 6.002548046791398
26 5.914410894552432
27 7.666874287707718
28 8.236619391093107
29 8.03015317804961
30 7.992381051433552
31 7.670081080753576
32 7.6777316031875555
33 8.42585161881735
34 6.717756179316676
35 4.745313916862414
36 3.811176914646175
37 4.114352088830017
38 3.5843937651064333
39 7.89322981181898
40 8.319758622940919
41 8.972415375971538
42 9.975060438225919
43 10.322962285548396
44 8.841900390132261
45 7.35099907252939
46 7.838997555364831
47 8.98308690101249
48 8.792695137190252
49 10.782962128578513
50 8.372847942712127
51 9.889131068922335
52 8.057805870428652
53 8.467358720675628
54 8.981306660493726
55 6.001891220744199
56 8.93775016465632
57 7.544676531828182
58 8.019888740474117
59 10.42449770679543
60 7.537937522425139
61 7.998709901230012
62 6.595178435166759
63 6.925760614808272
64 7.526392968802279
65 8.051692650354765
66 7.402556307383322
67 6.207439238926185
68 9.062558429107908
69 7.902129559167581
70 7.105231546807878
71 7.11899379111347
72 3.8461498894197863
73 8.362530535727265
74 10.520832325950133
75 8.651457351981776
76 6.787877532309091
77 7.866443587352725
78 8.244003325867713
79 9.234522018384807
80 6.87381784948272
81 7.151235450244879
82 9.74251773826771
83 7.488042037971477
84 8.938882608438085
85 7.411882355571566
86 9.218318033141642
87 8.084784848526274
88 6.929049993406076
89 8.092239121355377
90 6.3345784066093245
91 7.3006262253579814
92 7.139149710247655
93 6.280195023653971
94 6.923781692555126
95 8.842892020867083
96 5.545053056290252
97 7.954312788973323
98 7.242526255396379
99 9.831379603355952
100 7.599395824394339
101 7.293561850876464
102 8.094477183030945
103 7.858238910992394
104 7.563628472670326
105 3.984151014637255
106 6.143801669412935
107 8.277996633162518
108 8.85694309505609
109 8.767008296630443
110 9.610384997174998
111 7.556540206683517
112 7.174640562237347
113 6.2132518812934325
114 6.047371157323376
115 4.874301459263996
116 6.509143655429119
117 6.353921763683199
118 7.738386380226955
119 7.873823506259812
120 7.075455624921668
121 7.210787233719035
122 4.981365988219602
123 6.272355676270932
124 7.191492962046306
125 6.144120214621396
126 10.689019738895661
127 4.560963762497896
128 10.344510613312462
129 8.84985556760099
130 8.995935638177842
131 3.7002541384643433
132 6.129313199309115
133 7.559791440601422
134 9.054114519747898
135 7.953334255387641
136 9.4002333666502
137 6.856918218627286
138 7.201300996691739
139 6.631419084254065
140 7.521278748904158
141 7.9875674951208495
142 3.7795415279662268
143 7.761218701718673
144 8.19703599019149
145 7.217722526113445
146 3.969369763537303
147 8.446839746283839
148 8.729624023769237
149 7.405479066989617
150 4.003533389391204
151 6.290429762733478
152 4.195772559765895
153 8.509545854424903
154 7.486595449426041
155 7.66284848572974
156 3.4764009714502446
157 8.878793044211134
158 5.005384704573212
159 8.675390598226723
160 8.997555436981674
161 10.15790519321541
162 6.547092992558879
163 7.460483608682416
164 7.0359398643498645
165 7.311244273341898
166 8.9232291780833
167 9.058685130234922
168 6.997858622899203
169 9.568243161177044
170 6.9841831623269535
171 8.236502776418408
172 9.115380528494287
173 7.469909393027233
174 4.857614485308501
175 9.550808138898693
176 8.696236206357417
177 7.136285286019546
178 7.509304802065476
179 3.5095454492861284
180 3.995611750075695
181 9.210886470097778
182 6.312659665643159
183 7.232942694243039
184 7.24301903748932
185 6.361555981248963
186 7.142900888710589
187 6.067531696420774
188 5.153914679517847
189 5.58929353955045
190 7.848606920332337
191 3.9995677157837455
192 6.3787999130579625
193 3.892868413791528
194 6.896248114636049
195 3.6805841478255843
196 3.8680375193183556
197 7.1332457349325535
198 9.046091286716747
199 8.11519611394994
200 7.463618963515023
201 6.044000319590856
202 9.226278691324005
203 7.46365698094284
204 6.13443268921843
205 5.212077523029624
206 3.5618291981093755
207 6.090204539030435
208 6.371248105720014
209 6.877912239677776
210 3.9368565297085265
211 7.4343358839731275
212 7.299758487152189
213 3.9299350596195017
214 8.087051462189565
215 6.77492779109171
216 3.735681272632477
217 5.989490917721633
218 8.679154357942908
219 6.295933536549995
220 4.227387432446026
221 6.3410247739139916
222 7.074060581683888
223 6.77899064137987
224 8.751332798080927
225 8.185711370504103
226 5.451954075909617
227 6.298072579571854
228 5.359295241522331
229 8.725756094167481
230 9.055718321258688
231 6.567819955247293
232 5.886256062777556
233 10.059844306133753
234 8.495970655645221
235 9.288557151200997
236 8.245850023111048
237 6.791095273839911
238 6.931578966791946
239 6.928097556658142
240 6.13087455994887
241 3.655348533628922
242 6.809092613918772
243 6.152689365236685
244 8.229558832965623
245 7.217742099986818
246 8.025286974712188
247 5.62391549847139
248 8.736776320755862
249 6.956036143121159
250 3.942864057993681
251 5.567436454253651
252 3.9582196328425225
253 3.6568133555166966
254 7.9597581599379605
255 6.880619022041563
256 7.2843247665715625
257 7.2347483687838965
258 8.382860089519424
259 8.97757441452888
260 9.423502609455753
261 7.770798894189132
262 6.379699591385695
263 10.863044474096508
264 7.2656240061337085
265 7.9524277562233125
266 10.804180201350512
267 10.844679803504107
268 8.035940016802764
269 7.9511441464441885
270 7.50149024708067
271 7.8398962818156654
272 8.259786240025997
273 4.038438259470948
274 6.293186468823212
275 6.342666476266441
276 6.870245738134958
277 9.356307310488198
278 10.694375402428562
279 6.490608599393691
280 7.043643421107914
281 7.531191691569777
282 8.16238391685435
283 7.232877013530955
284 5.716052313311515
285 11.201056234327508
286 12.60047679891321
287 8.902671719587003
288 7.216579882841606
289 8.14631599992818
290 10.339879489491215
291 8.20027117707967
292 9.367913502896565
293 8.816858499193744
294 7.866053568990183
295 8.567609328005616
296 8.16986485254622
297 8.849964140113881
298 6.373320307263764
299 7.446978795610165
300 6.830232297515586
301 9.561958355470255
302 8.957679946184308
303 6.108375015974586
304 6.1519729295999195
305 8.147621056760102
306 8.604676617590679
307 6.575189956982678
308 8.98513328292514
309 6.800266539901707
310 6.581251482084859
311 9.076408025840575
312 10.107829287221868
313 10.315590884656142
314 9.589341807736158
315 10.284826049422927
316 7.516156644288181
317 7.944989012815771
318 10.333540206446031
319 8.157322017245408
320 6.505448137579714
321 10.170799504081634
322 7.125079523426983
323 7.4600731743387145
324 8.399566803367676
325 7.9219660121456075
326 6.230170424414289
327 7.460770517655811
328 8.696484712004914
329 8.25833482759108
330 8.283562982556246
331 9.084692524528544
332 10.734699801440895
333 8.888781870246035
334 8.210247549204462
335 9.469439577586119
336 6.716857284783322
337 9.63365576709803
338 7.0879710642926925
339 7.210462026210273
340 8.983161748070183
341 7.600206430174448
342 8.665542891215264
343 9.795809688698437
344 7.5583798179913835
345 3.4585586301933535
346 8.63471013071995
347 5.894044041384392
348 9.394980163258783
349 6.697799264139071
350 6.020121715021237
351 9.459245695906695
352 7.956485677637254
353 8.201776882510433
354 10.935089136605283
355 9.26282741193375
356 9.996714396669086
357 7.400138636092781
358 8.852525178954409
359 7.924545186551012
360 7.921660350499857
361 10.22114179804802
362 7.482940072419209
363 10.351216656400272
364 9.383911803772975
365 10.66416686890535
366 9.361475704613367
367 11.605398016043832
368 9.304864144255763
369 6.540784913014196
370 6.033841239655011
371 8.062365209977036
372 6.112623346786452
373 7.426127065242617
374 8.515762226934013
375 3.980626307926906
376 3.7078432634797176
377 3.9327279987630943
378 8.046580348658157
379 9.011237640367415
380 10.144913698129775
381 8.213018340518776
382 7.728611714744581
383 7.280581698142744
384 6.948503607702223
385 5.768019923949406
386 8.197716705976235
387 7.0806992371167885
388 6.1377146458186695
389 7.638988286846206
390 7.269345820341091
391 7.852733016363721
392 6.000659564341634
393 7.729687302729985
394 7.823627663603364
395 8.31707152420062
396 7.397596121742957
397 7.225796261144934
398 8.112821910000779
399 3.7538164782502204
400 7.7799763597480265
401 3.999212867067458
402 7.587461713878344
403 7.4129965293382325
404 9.492179809709901
405 8.044784209869098
406 8.05834895072687
407 11.980909724133513
408 12.441950637186627
409 9.799450275996856
410 12.588962300812021
411 8.65748362148702
412 11.965953575163452
413 7.475123762684111
414 8.614901828632025
415 10.062277715366658
416 7.534273480397147
417 8.506004677317094
418 5.4284634859424665
419 7.66229167631054
420 8.69990454802439
421 7.034327688735508
422 8.016479669840766
423 7.024894691953578
424 8.377634826286736
425 8.559266121537592
426 7.307872110404438
427 6.486909725032834
428 9.413492853501056
429 9.21169498781766
430 7.7636127396245564
431 8.363229349619925
432 7.425591833797334
433 6.033045096698693
434 9.222411984681507
435 3.584532283687406
436 7.573339743002049
437 6.393272141572184
438 6.455825527350467
439 9.578382393368658
440 8.430896297921866
441 7.4865139791041
442 7.335591668786801
443 4.123251997123825
444 8.426983489452708
445 8.103886939190241
446 8.191969289175331
447 7.722540377799372
448 7.235556866728861
449 7.506750465638757
450 7.69687562969259
451 9.53956681235552
452 7.89114783753632
453 7.185944677516935
454 7.308911679381336
455 7.312934497331907
456 3.279383923442662
457 8.095630121745602
458 8.47175964546685
459 7.562635930841465
460 5.804713365848768
461 7.319432111671803
462 8.762254335064846
463 8.504211598677465
464 6.8023789108986366
465 6.63438026757155
466 5.78376903277852
467 7.495526660700543
468 9.018454754487037
469 8.614858847564458
470 8.136916414461375
471 6.622225363820965
472 7.7525648038282
473 7.9655766368466105
474 6.6113105217295685
475 8.146702449506364
476 8.017682625561966
477 7.27091851060654
478 8.33218569045167
479 6.640145736199073
480 11.188131814619085
481 9.210041609936004
482 8.443326287356308
483 9.192645578433146
484 9.715146382155043
485 10.279052885162246
486 10.391618444849463
487 9.068667138308326
488 9.453794572455289
489 10.676286177429402
490 6.712698233896811
491 6.616949169266147
492 10.816671634733261
493 10.63433675125038
494 9.030768201425781
495 10.023223582735797
496 9.626928068608208
497 8.174487246917565
498 8.731983725702785
499 8.439572779349303
