0 4.1161734340676555
1 4.2882599792434375
2 3.6359529337873773
3 3.937024515256951
4 4.48399972533446
5 3.4570208115873826
6 4.170290304949932
7 3.6878366146544757
8 4.609375521567281
9 4.330150016108109
10 3.600559067063953
11 4.366546032014401
12 3.501759483677648
13 5.1132268731481805
14 4.125151219520567
15 3.380329303107756
16 3.5374166016926525
17 3.426568847676079
18 4.6560184920947485
19 3.95481334471543
20 4.18465437662441
21 3.9731132561307043
22 3.4363096837563294
23 3.463344664919043
24 4.028417603549806
25 3.6273845349340403
26 3.712906504752226
27 4.278430873040483
28 4.056473602051762
29 3.5108444444076845
30 3.516742712720075
31 3.7891158363938735
32 4.479878679314611
33 3.5422002852363326
34 3.3708577814571328
35 3.721904039196251
36 3.6983099763568115
37 3.472230808202474
38 3.4905769031779275
39 3.4893243944370336
40 3.539429250552087
41 3.527940615813516
42 3.504976255241026
43 4.227885834641734
44 3.7725564884349
45 4.556416027353814
46 3.8703698874984878
47 4.739428461469564
48 4.895277125351501
49 3.5886549688169405
50 4.380875553748377
51 4.314961485423562
52 4.004603290018271
53 3.6037367046924147
54 3.4560686848083115
55 5.270305594067053
56 3.492566425410956
57 4.618392022721483
58 4.017306202252109
59 3.671769902964574
60 4.905373475809711
61 4.107759490092723
62 6.277170775775191
63 6.612244744954309
64 7.076420337786391
65 6.469643631686569
66 6.92085379802819
67 6.904681927783102
68 6.122697552500166
69 6.305571096216333
70 6.660360760856147
71 8.416983316469425
72 6.076446873776536
73 6.270003835651306
74 6.39815029235928
75 7.893800659421592
76 8.785799359858714
77 7.159505786159814
78 8.284041285531018
79 8.033176220473226
80 5.735640554087918
81 8.835539801543836
82 5.759022701163792
83 12.316729744355097
84 7.132708760659971
85 10.031748351540934
86 13.22452791541511
87 6.870466334175153
88 5.229194145325406
89 6.444705212749661
90 8.655181661967081
91 4.973953033054407
92 6.3967279560303085
93 9.873225590599485
94 4.890530120818601
95 5.682737847062329
96 9.204329369892648
97 6.749545275007565
98 5.890954776099838
99 6.58146458111474
100 5.595902501527194
101 5.063648622166006
102 7.6380526190835925
103 6.889267739017523
104 5.179969625087721
105 6.553783789916842
106 7.101148414936921
107 5.504006687018022
108 7.247579295167047
109 6.897760340527612
110 6.505574634075776
111 6.628240667258165
112 8.184253938368327
113 5.94876196947398
114 6.181121568480791
115 7.57174067234412
116 9.217226031695912
117 9.118238972832632
118 9.222208357872079
119 9.400842754908338
120 8.15705638063664
121 6.605669697759559
122 5.336360864481514
123 6.499974160811692
124 6.504063930521364
125 6.642688134706642
126 6.984983675349046
127 6.986499154989059
128 6.230406836587972
129 4.865091063433645
130 6.459565515716193
131 6.621546709496141
132 7.5467536143767155
133 8.805186393285377
134 6.686835513983858
135 7.038115128021487
136 8.009183039618772
137 6.920660394353592
138 8.500713159801737
139 6.8998920680827736
140 7.573073490432212
141 9.182824295098802
142 6.922075384626766
143 6.825440359851915
144 8.692203815087547
145 8.04082120166307
146 7.7189466640764
147 9.11022510010924
148 7.649833227613023
149 6.6903815119737295
150 7.771821550560354
151 7.701535705588067
152 9.258314322439528
153 7.467043025578266
154 6.525654759258696
155 7.091876116096345
156 10.684699129348134
157 7.318257945790525
158 9.661258915542641
159 6.449522948128249
160 6.49996012933319
161 6.4577925383627655
162 7.260869665655073
163 6.975091638577525
164 6.614166588668054
165 6.043824840379452
166 6.591278734559997
167 7.373494837085687
168 3.5571058330701666
169 3.713104007261576
170 4.765603388447634
171 4.339042306345364
172 3.543524104299254
173 3.579841135025144
174 3.8112800303653303
175 3.754364169236242
176 3.889997680704514
177 3.6266700556702234
178 3.4499093090184973
179 3.4429230580358254
180 4.5708537885335945
181 3.7789150352300473
182 4.550757375751386
183 3.928390293947771
184 3.4811262535284806
185 3.5623525385248818
186 3.6024167226451715
187 3.508362413737516
188 3.308093009815591
189 3.46310383450721
190 3.563412522764575
191 3.6856418693863264
192 3.6086884143126756
193 3.656048951069173
194 3.456157769869845
195 3.740550644449411
196 3.7237663643215524
197 3.6965584588791813
198 3.8650743423005496
199 3.2979315232984425
200 3.4143534361195376
201 3.6600271788133925
202 3.6603836020340275
203 3.565349240767824
204 3.5658342367030005
205 3.401436060990769
206 3.575969517752947
207 3.6398864321739244
208 3.5418306436719544
209 3.7110372261991786
210 4.0726581410045135
211 4.238723029175028
212 3.5591555151130736
213 4.055636973564655
214 3.320113750570164
215 3.692522844066119
216 6.6035002672615715
217 9.03257707356702
218 9.069572300310394
219 8.372990029326113
220 8.94247355549414
221 8.221841089856516
222 8.642729979601254
223 8.917876013845293
224 6.125388062618204
225 6.481827729836134
226 6.414468409051325
227 7.528026087849932
228 6.328379240583532
229 8.248900921637636
230 8.198710808808286
231 7.503910858449895
232 6.163384997609172
233 5.997836428986345
234 5.69477068722534
235 6.996804584410997
236 7.495823518958542
237 6.40509847071596
238 8.973308432435934
239 7.463172380090135
240 7.325805713793055
241 8.735769261515902
242 6.549771854275291
243 7.42178996418648
244 5.78386875123552
245 6.4750781487507485
246 6.85704725490767
247 7.361107935441157
248 7.563068389161249
249 6.401959724094179
250 6.686615883936682
251 6.1543154601993315
252 7.121146256467022
253 7.058475530405113
254 7.05712262182152
255 3.7460186761610745
256 3.9907676814805195
257 4.258667042323611
258 3.77443591771958
259 3.851838536607871
260 6.533123080369372
261 7.0151149994505
262 7.394714642092589
263 5.454669606901601
264 5.934145717690971
265 6.896869978787797
266 6.929576610163104
267 6.071301496971665
268 4.08483912877962
269 3.9397457516612993
270 3.3683453274157595
271 3.5496889721026945
272 4.1538638472127145
273 4.9575027242077345
274 4.109230991630282
275 3.403060117748002
276 4.3322788783805635
277 3.8221425430899743
278 5.240327526576981
279 4.276110966751683
280 4.213624874451321
281 4.100168584980994
282 4.466418094020844
283 4.844975391301786
284 3.9493214949680935
285 6.706744343188359
286 3.6403318520411974
287 4.181397683309675
288 4.017689054978402
289 6.091887090319246
290 5.374031127589756
291 3.4968300459576205
292 3.862134750235744
293 4.186163717103456
294 3.5866450937925993
295 3.6072768499102965
296 3.6454409657721287
297 3.8071091588952726
298 3.4936892914701825
299 3.4299596264551897
300 3.60572930940166
301 4.686705230088061
302 4.331689884978629
303 3.7838748413524628
304 3.483486781188666
305 3.6149422019497046
306 3.4887731843772447
307 3.7387188033466603
308 3.561317718919877
309 3.52056354407781
310 4.329874910478745
311 3.684958674680267
312 3.6562314714602766
313 3.946031627808584
314 3.8156745681189848
315 3.5058996493438745
316 3.4781636241099867
317 3.526506373104208
318 3.7587650672023356
319 3.7452380408105443
320 3.4931001611048322
321 3.95431462459232
322 3.6436770453274523
323 4.059521162490217
324 4.472664501737212
325 3.285035226577735
326 3.58679548471515
327 3.4166778659222956
328 3.6164058023322285
329 3.4471822865151767
330 3.60526069307876
331 3.58539645748884
332 3.66568475259538
333 3.507789069332136
334 4.170428556850508
335 3.5557406717924693
336 3.9735875416920665
337 3.806341085069229
338 3.6209053983501067
339 4.20005898492245
340 3.969996290284741
341 3.7781270126081505
342 3.3723627289050495
343 3.785362350944699
344 3.431317943650423
345 3.4516486656536456
346 3.764426919719196
347 3.5971261911758012
348 3.6476670044738655
349 3.9794808556875103
350 3.3693900429470225
351 3.6423073140002384
352 4.257449190819042
353 3.847404859069822
354 3.6252692385095644
355 3.5319527198436855
356 3.576760718578526
357 3.640710475382699
358 4.562014333743506
359 3.7176451277532787
360 4.03067485652114
361 3.704549475205741
362 3.501667410762949
363 4.290346891628653
364 3.550997004341765
365 4.079281282189033
366 3.8554365063607845
367 4.116195106676228
368 3.5859015550330895
369 3.5120000303156593
370 4.152191680699535
371 3.395611828489618
372 4.296576826339708
373 3.633335489862066
374 3.415873466361812
375 4.266378609019419
376 4.52686130425016
377 3.5546606353341894
378 3.9282288400436114
379 3.5651010346983685
380 3.449489956273002
381 3.4537149662635924
382 3.5298937201512417
383 3.54830653725722
384 3.6242287547038368
385 4.082826708939244
386 5.924710287365291
387 3.787029028165194
388 3.748664668901713
389 3.59936953740905
390 4.559565469953578
391 3.4006663048765833
392 4.04131252975491
393 3.4978661453598487
394 3.4876176902376455
395 3.657427296689135
396 3.623189541537229
397 4.2167109071487525
398 3.916799675152772
399 3.455908006941882
400 3.742962887934573
401 3.521778635690153
402 4.100339776192431
403 3.6011313223778445
404 3.6997204525071226
405 4.376095752596536
406 3.907280422886685
407 4.027285481280903
408 4.579206385257552
409 3.724539496595918
410 3.6009165583811287
411 3.7790617957152297
412 3.4913169094220273
413 3.8302284415456955
414 3.6454849241935716
415 3.6845193950123187
416 5.1362866865421
417 3.5377626013869934
418 3.860798374379925
419 3.3817226996688046
420 3.66786210022974
421 3.7958738707334247
422 4.281319506559684
423 3.5709231317316346
424 3.7850415903493437
425 3.8317943334588067
426 3.8173907977342703
427 3.532328418328597
428 3.653743171843891
429 4.038288970258758
430 3.5310539413445317
431 3.9629344284484667
432 4.31830115415015
433 3.464367291177969
434 4.405789333207907
435 3.549404977769692
436 3.507571716748629
437 3.6334406857384005
438 4.147429702602772
439 3.349578814560587
440 3.4072346453236033
441 3.5873968135708303
442 3.570906437306914
443 3.5977773115298657
444 3.8047653382410576
445 4.599942870542168
446 3.490299751730526
447 3.542615149365123
448 3.6555763096176794
449 3.505461785510616
450 3.597444917129636
451 3.729450515885199
452 3.473042549932958
453 3.692548223340691
454 3.496276973711231
455 3.596315311938106
456 3.503207921779712
457 4.039112950673707
458 3.5207903685993105
459 3.466395726653425
460 4.4355265042984735
461 3.4626488087159406
462 3.6405603585114936
463 3.9532066589794566
464 3.580264935853261
465 3.521102492013822
466 3.845142066129467
467 3.895670971800166
468 3.4022102969265164
469 3.531218189227231
470 3.565191919485157
471 3.4485245547102505
472 3.4290344610966117
473 3.431795895084644
474 3.740451999118063
475 3.559220125439807
476 3.752151036481637
477 3.5807269527013803
478 5.300893526632918
479 3.571757216374676
480 3.900126911981276
481 3.6894745477692763
482 3.663363822800763
483 4.903891577568159
484 3.4076463557718006
485 3.757508270937779
486 3.7556128213595583
487 4.0257162244272475
488 3.4543712730656075
489 3.4308797616033555
490 3.4788550301974333
491 3.4792868791692424
492 3.488880092008769
493 3.3453524506104926
494 4.428866131286461
495 3.9110553400623886
496 3.4859964688887755
497 3.5348392008029244
498 3.7017265989537145
499 3.97643772844754
