0 9.730792042558333
1 8.174186248403549
2 9.54856699328102
3 10.582507718888293
4 9.328025907573826
5 11.48699810645512
6 10.918737557613781
7 9.781344150161322
8 9.802164232208378
9 10.550788611984334
10 8.987314941279589
11 11.169187970779824
12 11.550225023007089
13 10.200087175105217
14 11.694988304405037
15 11.166114666364722
16 11.246852872610367
17 12.35426622303388
18 11.35067218462084
19 11.34732456247799
20 11.768165022936683
21 8.82724665711897
22 8.781327015535725
23 10.166470508109397
24 10.84986188693583
25 8.83517764720385
26 11.714302095505165
27 9.50629228174573
28 8.667233595089577
29 11.980008571458262
30 11.686334151952572
31 10.40670270504803
32 9.53324427941098
33 10.96305626980437
34 12.252165386656173
35 14.537746589682206
36 15.155427529039834
37 12.733203944442087
38 14.588401767852796
39 13.741814170724394
40 11.136658520006053
41 14.920109226139006
42 16.269170348457738
43 10.395523422884715
44 11.212538560692467
45 11.40434819771508
46 12.670193314204463
47 11.845111806071477
48 9.440353035205115
49 6.840725031185556
50 11.310816206225727
51 14.586192250519895
52 14.04652720434063
53 12.123235614429104
54 10.739647865018002
55 11.092412466553998
56 12.22999553299419
57 11.018177968659401
58 12.334081132204396
59 11.89828075113171
60 8.994553033546682
61 11.81175219792081
62 11.272123433249376
63 11.050227782220393
64 13.51189871642097
65 13.92879452563192
66 16.782680242691338
67 12.645560135080622
68 12.777536333671085
69 8.318571264966106
70 11.782587709710214
71 9.779748978556217
72 11.086084866334295
73 10.738329695849785
74 11.39362945801757
75 9.069177064497385
76 10.860889834730752
77 12.598984872658542
78 10.768739930244982
79 11.055656985650035
80 10.980963593485782
81 9.94189557866276
82 9.467308448838915
83 10.978761862816127
84 12.369811144395454
85 15.327577752195515
86 11.022280948387387
87 12.297111167202802
88 11.184529356752227
89 10.781910546623795
90 10.197743154872873
91 11.893444576556936
92 12.16462929889492
93 10.504209748884735
94 11.021138777843646
95 11.29515845176079
96 8.452100957114583
97 10.815401747679667
98 13.524205978044042
99 11.124200330847085
100 14.3691331892824
101 15.222462227321577
102 9.16937048563717
103 11.992838128145237
104 10.569402446598088
105 10.38519797500484
106 9.449954314271531
107 11.296795689117017
108 9.738487023335981
109 11.518172003627479
110 10.357782149454534
111 11.536380024945478
112 10.560237674542256
113 13.377336172477596
114 12.762469484559603
115 13.966323239667574
116 13.277394916564528
117 12.429996163160704
118 11.245511629931581
119 10.990886871516025
120 10.344962861453086
121 9.91141867853301
122 9.461771510548784
123 15.54298714946132
124 14.085224747643847
125 14.068672752386123
126 10.947186067150394
127 11.625991330653047
128 9.516210422490026
129 12.142186755709158
130 14.047563129446033
131 12.742346414563052
132 10.478000662054233
133 11.089991062807844
134 10.628986899299127
135 10.076286609104523
136 9.076035439059256
137 10.034321328514498
138 12.811577643262197
139 10.969612359739173
140 12.76222370460438
141 10.362171322816573
142 12.197064913544581
143 10.252300341044473
144 9.487278893164486
145 10.49482605890111
146 13.864202930441598
147 14.647142845739136
148 14.241714014769988
149 13.225146790297325
150 14.983986804811948
151 13.908739204131008
152 16.462152623483604
153 15.30103094314083
154 15.582471654841191
155 14.775025194238834
156 14.587231133042
157 13.48597638505041
158 9.306548812969515
159 6.59617369895834
160 6.2755525436523225
161 6.8711541287453555
162 9.66299908084895
163 11.136001901468527
164 10.169371338852173
165 4.354592941829909
166 3.4947131251721983
167 3.390005958773111
168 8.851504012173582
169 6.896396851190988
170 9.635097072060697
171 6.747188662288802
172 9.402111809004605
173 10.121903908427216
174 12.339803454554893
175 10.025683382352376
176 9.731158278989291
177 11.104300677347139
178 11.427520135307926
179 8.746004591369866
180 8.515707108295896
181 10.193271437084075
182 9.826609131505606
183 12.16159918370423
184 9.971352212148558
185 7.686994149988381
186 12.529211794360396
187 9.389137951725926
188 8.734546500023294
189 5.893982606695599
190 7.384341698903939
191 9.723418653164451
192 9.247427426301709
193 8.776477956919576
194 10.7835292172137
195 9.427856226857156
196 11.288879018117617
197 10.647644744827964
198 11.858074173883265
199 8.995015484544902
200 9.95050511333465
201 7.7502838994208245
202 8.054931482821354
203 10.903386477787372
204 9.0672957235697
205 8.630290095670611
206 11.639486527751869
207 8.055258619397643
208 13.30916308892489
209 12.52154968042401
210 11.179870574390302
211 11.101307838465619
212 10.93935006402011
213 11.966314787261414
214 9.405273693152612
215 6.911697041103339
216 8.794971824602866
217 10.706861715052739
218 10.778969350429728
219 11.771506165628876
220 11.380223645725705
221 9.88876465896849
222 5.666526059887993
223 6.77975901571009
224 9.950566366335945
225 10.435798375173658
226 9.901945461124503
227 7.183381908542316
228 10.743613404543863
229 8.597857329836177
230 8.704222146923613
231 9.7434349948706
232 9.903995085872497
233 10.194879815351143
234 10.550428099534034
235 11.45956956677898
236 12.238770953240698
237 13.262972060225234
238 11.339657819087218
239 8.949312118747091
240 9.623763383349793
241 6.6240340244872025
242 9.103095948183846
243 9.74112025788789
244 11.653864475361232
245 10.219404356485072
246 10.100084685747019
247 12.142944391964365
248 12.012587699951341
249 11.913450071436163
250 8.428845734341595
251 7.592298323159815
252 10.029759360188779
253 12.789474845650386
254 9.929839780780892
255 8.822130143298814
256 11.907719974723177
257 9.693947634245909
258 12.334763531885695
259 10.269090847806726
260 12.490521922521182
261 10.612200944414669
262 9.593582641936152
263 10.024483548372478
264 11.371846269945209
265 12.25145222580579
266 10.60050870543012
267 11.030915766467023
268 11.969551025826163
269 11.37627733191988
270 11.452804105287266
271 9.293480106648381
272 10.70950221243178
273 10.490611524581057
274 12.130332547451781
275 10.002143675554331
276 10.773213234951935
277 9.380937623585755
278 8.251300602911641
279 9.221159832822075
280 9.008372554178127
281 6.49765172113745
282 9.388675939111133
283 10.31932646203655
284 8.937808069283022
285 9.385914602216916
286 9.013353244974507
287 12.1461854152105
288 14.764885780504565
289 7.855809202750536
290 12.531420242519445
291 7.1114990301408065
292 8.99500275399587
293 11.866703929715161
294 11.320863489866326
295 10.38333351486962
296 10.30072264995834
297 12.517770586444405
298 9.071474744108402
299 14.103670472638443
300 15.51387970666564
301 13.091455722403067
302 12.43351778964549
303 11.922510458580792
304 12.055062769072284
305 14.61449145630694
306 13.80890482191863
307 14.797388189360174
308 13.170572432218753
309 10.38593849178269
310 9.45605194167224
311 10.61778947214127
312 13.469753107684783
313 12.902496708380713
314 10.735870399857834
315 8.191879004506978
316 8.01565667606355
317 9.39004167488896
318 14.97148261019373
319 11.67773538383292
320 13.0307456935016
321 14.145473331818001
322 14.303688587661235
323 14.383580402173674
324 14.734748727261167
325 12.55104822871231
326 14.322707889529083
327 13.237297766583875
328 12.59240140876598
329 16.777643449603307
330 15.458872948460982
331 15.075829674378229
332 13.799749003705589
333 13.293483766026787
334 16.573273750035572
335 16.084604641904804
336 13.194055041009767
337 13.365357873223454
338 11.050846335857715
339 11.269294159134768
340 13.439637530597235
341 11.827052184469355
342 14.362520168355314
343 14.901899439826238
344 15.39676203367272
345 12.439951104462164
346 16.064484555982744
347 15.62054110225667
348 13.558906708995854
349 14.747818895881178
350 14.599933473125308
351 15.487412482103528
352 15.350856465993198
353 14.73879813927483
354 14.03410973205165
355 12.993590996622386
356 10.188826574654337
357 14.362091661468085
358 13.681115303404438
359 10.496836000668145
360 12.100516215218798
361 11.187456352977645
362 14.818306098961033
363 12.310900584765461
364 13.45624275420427
365 13.170151320305875
366 11.47288000644085
367 14.001384187656768
368 12.014585361505553
369 10.335607202212602
370 13.933370344162597
371 9.22748581319016
372 9.695786451621489
373 11.61176829729981
374 10.123763396472635
375 11.87831314733028
376 11.923572462870437
377 10.678248141677587
378 9.732699811060725
379 9.129186942790081
380 10.730859103315701
381 9.381870646403758
382 10.928674931523354
383 10.230953088000435
384 9.88563100706189
385 8.693960627335501
386 10.788144111081609
387 11.961734354436796
388 8.909776493408097
389 10.097003490695236
390 12.592656760245314
391 11.645578153484772
392 9.148454176387098
393 12.17077406620861
394 12.40162046135811
395 10.031099622644303
396 11.66188780909272
397 8.405353709114365
398 12.342899476833978
399 9.984061468836936
400 8.599960451446231
401 11.215980870924524
402 9.629975858308667
403 12.004420950962302
404 11.048370174833778
405 11.34354257524983
406 9.296261785927289
407 7.289515725191018
408 9.191919869314944
409 8.285528393718137
410 10.357177978096962
411 13.333943718055618
412 11.769803195953367
413 13.056963340926222
414 10.58622074562705
415 11.744439002825324
416 13.586311322920384
417 13.00393141208202
418 13.416874556498028
419 13.868290414653758
420 14.902024778894981
421 15.33868832500727
422 14.155355843112497
423 12.060313792034023
424 12.7949100844971
425 15.760518917804216
426 12.720111731795939
427 12.99638071356784
428 15.023876283851274
429 12.704817101445588
430 14.642632386317814
431 14.177319790844283
432 12.812465410157722
433 14.601451172153878
434 14.465524271916069
435 16.687051479423957
436 16.004880499872808
437 15.018315262939822
438 15.813741443937658
439 13.404323318753491
440 12.78498185993483
441 14.047416239183956
442 6.6768942187872256
443 7.399379383582707
444 11.545050216798376
445 14.39999814922939
446 7.342648376569899
447 11.542171233112562
448 15.40697496841637
449 13.221592639396782
450 14.058905437477327
451 12.648523776183955
452 13.593343724449792
453 8.705402911284333
454 12.624082436612115
455 8.007969651287688
456 9.841033483106711
457 15.055429494437426
458 13.252020489358252
459 12.711569375350058
460 13.212712678193588
461 14.531079435218984
462 12.558852370588738
463 12.163546733368058
464 9.386663149120027
465 9.269556422532652
466 9.131401003178208
467 11.981551199144413
468 7.962453690063429
469 8.318701415687029
470 10.449875696861062
471 8.539344194590202
472 12.566599188109604
473 10.526828972702521
474 9.784555782197296
475 10.956574804259779
476 8.997386943132124
477 11.048913072029958
478 12.51422413183318
479 13.128838119566797
480 10.772259867692082
481 8.25880772299286
482 10.11595684656897
483 11.017869731045504
484 9.09863484675682
485 7.961157815154413
486 8.16154133776559
487 8.33607873340036
488 8.152938039264361
489 9.135624524430796
490 7.769243250831492
491 9.712822068718697
492 14.583643059939142
493 9.833880314309775
494 9.231052932581273
495 10.490432956826185
496 8.581616167173449
497 9.075189375693718
498 8.781056401039288
499 8.105445794112429
