0 4.996540002773716
1 5.068700851720572
2 4.739093735015617
3 4.839647281943428
4 4.7467094162407815
5 4.774078397429886
6 5.023784772166772
7 4.941979118894761
8 6.2870818476495085
9 4.671295194986062
10 4.8792475495407786
11 4.944282579770865
12 4.636960706653876
13 4.984013934099772
14 4.775435597761304
15 5.212425057290376
16 4.839103111097615
17 4.916773143913776
18 4.785769131810983
19 5.537922096759662
20 5.327960828571943
21 5.176232036119697
22 5.088111165507657
23 5.020401606322072
24 4.6622092907015285
25 4.757047711021161
26 5.157545182037904
27 4.836263187575263
28 4.851396487459598
29 5.263246811369075
30 4.78407166907597
31 4.78845667331939
32 5.340538561939831
33 5.141105787496024
34 4.908481177122142
35 4.622000169563018
36 5.051868230517739
37 4.630342724934682
38 5.406802052856945
39 4.4879491589876785
40 4.867776909523619
41 4.925177005539078
42 5.0814933270321605
43 4.819154879170879
44 4.912621475099609
45 5.68649880049166
46 5.07156778441925
47 4.974800642848458
48 4.73507376249005
49 4.621107150277936
50 4.954888702632991
51 4.799531396113285
52 4.863803871617491
53 4.7610146348452504
54 4.709449358880591
55 4.988368114712141
56 5.301607436792294
57 4.022158314535495
58 4.683303345892489
59 5.582809191432396
60 4.576215110301499
61 4.8802746552721725
62 4.665532895240386
63 5.036633754353934
64 4.780122857935628
65 5.021975769926997
66 4.867213938034713
67 4.919750789542986
68 4.916387638084954
69 5.195382094251059
70 5.073407860297623
71 5.496635671074387
72 4.9083643553131475
73 5.2262078765968925
74 4.845077577389699
75 4.297494761745534
76 4.8755244884813616
77 5.345446328840297
78 4.9613990102730545
79 4.762341848153984
80 5.364805961814623
81 5.154982517264218
82 5.417763543899529
83 4.745026522789716
84 4.858164121970166
85 4.763209356908108
86 4.518617557816085
87 4.958028288420668
88 4.832273738240669
89 4.464215192523649
90 4.822432016358152
91 4.983701927495459
92 5.266210614187047
93 4.7810844981462335
94 5.03692378248121
95 4.778925293587338
96 4.493113012684571
97 5.072092008351873
98 4.746880480739962
99 4.791082509437247
100 4.945725861363143
101 5.851905745879927
102 4.885813610565036
103 4.7139586060787755
104 4.678606262280594
105 4.997882234875744
106 4.985696187518166
107 4.869153602023412
108 4.718598805265959
109 4.729300667366297
110 4.723030378611809
111 5.09827945734114
112 4.76675631765237
113 4.582590754706087
114 4.674316340073669
115 4.982866150659114
116 5.262842794429299
117 4.840164905468095
118 4.7312941169279314
119 5.565758890207283
120 4.8057297203365215
121 4.678255047858033
122 4.588988021978605
123 6.447201567475603
124 5.084785057714834
125 4.763275675864575
126 4.742712568958965
127 5.258330438805044
128 4.868682567881646
129 4.847777064027253
130 5.403224080625058
131 4.719714436717746
132 5.094349058492049
133 4.879783007126841
134 4.668037348301497
135 4.621349460068489
136 4.92019875411954
137 4.808187261356582
138 4.956617890306225
139 4.8072764454963455
140 4.6217268990080544
141 5.2874404889173485
142 4.747733990105442
143 4.888750866445624
144 4.736158508411013
145 4.619358230546907
146 5.318012853108377
147 4.917279587983984
148 4.699978527310725
149 5.217083011292803
150 4.692166362535939
151 5.057511077587956
152 4.939407231789163
153 4.969401783217382
154 4.911267336310403
155 4.934935655289525
156 4.730857196710171
157 4.682540933917156
158 4.369740041470576
159 4.054719256158862
160 3.4705257458722323
161 3.383691660391959
162 3.840156007092219
163 4.371994357712843
164 4.2715262703725605
165 3.3341122567983734
166 3.582366416415156
167 3.466422118940736
168 3.6568566968519978
169 3.7689144468123548
170 4.182157514786902
171 4.66069483118954
172 4.237420931899916
173 5.08131217759618
174 4.298267164533785
175 4.475092017115379
176 4.448648783938341
177 4.26593437188098
178 4.23489593333761
179 4.407177599426458
180 4.3454279606559565
181 4.238080753802723
182 4.5179884894025415
183 4.37008035763387
184 4.378185546933716
185 4.207761450225008
186 4.312353966051243
187 4.502685047772517
188 4.253613596223193
189 3.632141788112198
190 3.9591539392565975
191 4.346353723623533
192 4.5731036875584
193 4.332086232998086
194 4.331502219992249
195 4.427268491221209
196 4.284090756476724
197 4.229250054542312
198 4.26615435806296
199 4.269799115560762
200 4.128403715644538
201 4.266871673742951
202 4.340071186130634
203 4.333263446129582
204 4.284647509845204
205 4.3942717135957805
206 4.301415881087023
207 4.180644023472115
208 4.319532633398258
209 4.41752184797495
210 4.320828987129717
211 4.3956295070048235
212 4.289706162416826
213 4.350710556163492
214 4.61589003022295
215 4.289906923779716
216 3.938253030467235
217 4.448853218248422
218 4.446983787202185
219 4.357793117356796
220 4.377539441091278
221 4.615291413009544
222 4.052268444992073
223 3.669273775496187
224 4.2908379820249225
225 4.335971123225292
226 4.355298759786133
227 4.247024859176368
228 3.8477481577645283
229 3.6416465595141085
230 4.213890935023381
231 4.2582062909811
232 4.337953502343106
233 4.339442309003464
234 4.38482177857988
235 4.65044426126096
236 4.255231506220341
237 4.3690557922415625
238 4.436916811200155
239 4.261518383745035
240 4.341677667352388
241 4.15939902308735
242 4.754887156115244
243 4.404137550024428
244 4.4888966226120655
245 5.312352307488152
246 4.765583843428703
247 4.675801048760778
248 4.340941956766412
249 4.435041229603031
250 4.302309156710046
251 4.276391141350966
252 4.444767435137857
253 4.51769363332524
254 4.455419852782632
255 4.60087349560286
256 4.409260626571303
257 4.314884963427775
258 4.717300673708994
259 4.4491991113935425
260 4.519927246414172
261 4.156531952703314
262 4.459732613835914
263 4.0253986712539644
264 4.290187659014224
265 4.424556150872641
266 4.424970176285696
267 4.336069362511478
268 4.469297025646851
269 4.209530011182661
270 4.607108249671894
271 4.8897135081144265
272 4.734593347761869
273 4.508532601547829
274 4.903034085493075
275 4.7311587477850185
276 4.324787817156549
277 4.305089093791157
278 4.2195004429496885
279 4.463473026678189
280 4.403276068598613
281 4.5178385032525
282 4.546690231662515
283 4.565975563378389
284 4.1662719819599925
285 4.402220580399958
286 4.405909715869027
287 4.323301015153036
288 4.869567753727302
289 4.397839879376133
290 4.633917725270123
291 4.2384554242896835
292 4.520572042140401
293 4.295705693153609
294 4.311163600729048
295 4.269289529206361
296 4.255566143217105
297 4.652336176149654
298 4.649606275758296
299 4.553169749451494
300 4.378986496940602
301 4.438123839297755
302 4.4709642339073055
303 4.655931049120372
304 4.459114508218259
305 4.902512006990714
306 4.408890422800462
307 4.55876055388272
308 4.190627229959291
309 4.241645543870509
310 4.4114776471935775
311 4.384228069910285
312 4.648306347726168
313 4.6081094363590145
314 4.743168196768217
315 4.4876462212770365
316 4.232425962164915
317 4.529186234075004
318 4.283959841444704
319 4.383346200038977
320 4.412983165293947
321 4.546630499244616
322 4.599857810832998
323 4.431726929333383
324 4.766874780580662
325 4.888446957131198
326 4.567197220221205
327 4.451803776650007
328 4.337433327481321
329 4.325454746422908
330 4.481149646983003
331 4.5156090012039325
332 4.5680705686699055
333 4.273732616525875
334 4.3075634097135085
335 4.466795789512307
336 4.4661269363540885
337 4.5221277362185734
338 4.546807464988476
339 4.832573505805264
340 4.615510493554457
341 4.432090100409542
342 4.119672921946841
343 4.71374466177165
344 4.931163307104233
345 4.1986078803878
346 4.472399201032451
347 4.708066652185597
348 4.379601222829303
349 4.387410528432481
350 4.199835380729031
351 4.551900085563782
352 4.275109131531016
353 4.597307192821916
354 4.304669617490812
355 4.567411015279471
356 4.563175198324548
357 4.453640956691227
358 4.389711841581918
359 4.627381772926287
360 4.2421692930948
361 4.4140130438764364
362 4.3324911314879815
363 4.7661331501468425
364 4.1263297114028115
365 4.284430114832857
366 4.690401069482456
367 4.188303578831763
368 4.092918860801885
369 4.535360620499743
370 4.340880698924091
371 4.72710453494102
372 4.605294206271764
373 4.264086767445927
374 4.5298194023426115
375 4.268664573172531
376 4.497718897144197
377 4.795270877349115
378 4.319471758668549
379 4.821240371007793
380 4.579989404754777
381 4.593043457810808
382 4.418627923127769
383 4.449390754582929
384 4.518383970208645
385 4.540827592674328
386 4.629833951381801
387 4.752929063066598
388 3.807191911554991
389 4.279552201843031
390 4.316783495010733
391 4.242000769154378
392 4.493635490173201
393 4.323266233739374
394 4.3127098360624325
395 4.543240657534796
396 4.421060266027723
397 4.372734013833436
398 4.666893855256236
399 4.286293585742489
400 4.369528824867312
401 4.411816799636974
402 3.434729469670384
403 4.6161019875925495
404 4.487179096898313
405 4.627274254980962
406 4.305107564958249
407 4.57208775751782
408 3.883901812792585
409 4.097395619574676
410 4.529746142671162
411 4.267229663780216
412 4.209754181987251
413 4.54408095469851
414 4.344956227703698
415 4.330709441670963
416 4.2633699004322985
417 4.481724614986383
418 4.25021661596726
419 4.45311010478194
420 4.378585401538877
421 4.570991491685757
422 4.773112846261038
423 4.407595110192584
424 4.324144747503592
425 4.576417547626279
426 4.653997213046044
427 4.177110688331159
428 4.396256789751321
429 4.956657662444158
430 4.2315449798106615
431 4.381950518658899
432 4.45859585480534
433 4.242534804437054
434 4.308375335189829
435 4.240543723322214
436 4.811388114913658
437 4.362140420228248
438 4.387997629160389
439 4.464953293494707
440 4.688708542548573
441 4.619989848117707
442 4.553566330367616
443 4.4852320262547964
444 4.639424700242473
445 4.454542174607143
446 4.320889726326832
447 4.5547885964053165
448 4.345007202913778
449 4.385822607927873
450 4.710842723795721
451 4.303405608857835
452 4.4443202514141635
453 4.289469243412277
454 4.643302982123198
455 4.268590072423764
456 4.284840428066564
457 4.588238499134146
458 4.4849637827121285
459 4.496241685416632
460 4.403808291533936
461 4.422429647089673
462 4.169341717177507
463 4.275031332954666
464 4.499896420581193
465 4.078644896997072
466 4.599453575112775
467 4.60098765773361
468 4.361190972676055
469 4.620997515815258
470 4.3718421844439845
471 4.264278667916494
472 4.664580218681677
473 4.467747996486856
474 4.528862078292176
475 4.627115602468764
476 4.234377796701898
477 4.539549758444123
478 4.298783312854866
479 4.734696039101303
480 4.272079455196145
481 4.539474648161742
482 4.553720872969139
483 4.607045303784176
484 4.401786020379317
485 4.210462474086728
486 4.2949141016704635
487 4.198933904527297
488 4.676402204353166
489 4.77094806703444
490 4.14731513928713
491 4.684644858341745
492 4.551445466499545
493 4.354532392556177
494 4.7712093541820755
495 4.648422937247223
496 4.927822579570244
497 4.353271386378905
498 4.561134717525173
499 4.475844912866695
