1 0.9139916896820068
2 0.5286537408828735
3 0.40607956051826477
4 0.4440101981163025
5 0.4435041844844818
6 0.3290598690509796
7 0.33680397272109985
8 0.42170652747154236
9 0.42019233107566833
10 0.42159050703048706
11 0.3998246192932129
12 0.34502264857292175
13 0.2828219532966614
14 0.2971171736717224
15 0.3241512179374695
16 0.2500046491622925
17 0.24989628791809082
18 0.3123832046985626
19 0.32683658599853516
20 0.25674140453338623
21 0.3690774738788605
22 0.6309354305267334
23 0.5829626321792603
24 0.5583879351615906
25 0.4954453110694885
26 0.39968571066856384
27 0.30939024686813354
28 0.37530452013015747
29 0.3144441843032837
30 0.367268830537796
31 0.48803678154945374
32 0.5524400472640991
33 0.38938289880752563
34 0.3116919994354248
35 0.2723042368888855
36 0.3215157389640808
37 0.34699055552482605
38 0.32211586833000183
39 0.2676165997982025
40 0.23903506994247437
41 0.3241259753704071
42 0.24959959089756012
43 0.28854313492774963
44 0.27175816893577576
45 0.22499188780784607
46 0.24813708662986755
47 0.313121497631073
48 0.31556543707847595
49 0.31517043709754944
50 0.29157546162605286
51 0.3734414279460907
52 0.4554238021373749
53 0.46098244190216064
54 0.5907928943634033
55 0.6166077852249146
56 0.66111159324646
57 0.5172184109687805
58 0.425538569688797
59 0.4658695161342621
60 0.48998594284057617
61 0.4055742919445038
62 0.3831959664821625
63 0.502465546131134
64 0.44573545455932617
65 0.5206697583198547
66 0.5598326325416565
67 0.5266585350036621
68 0.4071306586265564
69 0.3345269560813904
70 0.331875205039978
71 0.35235488414764404
72 0.367237389087677
73 0.4356825649738312
74 0.38123056292533875
75 0.2935090959072113
76 0.2779771387577057
77 0.4610818922519684
78 0.3959202170372009
79 0.38076716661453247
80 0.4883171319961548
81 0.5449783205986023
82 0.5521403551101685
83 0.3798949420452118
84 0.30547991394996643
85 0.3154298663139343
86 0.2835927903652191
87 0.354576051235199
88 0.3041061758995056
89 0.2802458703517914
90 0.2857009172439575
91 0.32218489050865173
92 0.30560603737831116
93 0.2643006145954132
94 0.2714512050151825
95 0.3271539807319641
96 0.33358433842658997
97 0.3327151834964752
98 0.2774583697319031
99 0.31892165541648865
100 0.2894122898578644
101 0.2799636721611023
102 0.2498580366373062
103 0.28485390543937683
104 0.33511805534362793
105 0.2618769109249115
106 0.28127601742744446
107 0.40292397141456604
108 0.3808940351009369
109 0.34779390692710876
110 0.3722977042198181
111 0.3464493751525879
112 0.3235083818435669
113 0.45129144191741943
114 0.36497434973716736
115 0.3546104431152344
116 0.3647260069847107
117 0.3834596276283264
118 0.31908974051475525
119 0.35656943917274475
120 0.4118363857269287
121 0.4676935076713562
122 0.5026201009750366
123 0.6321998238563538
124 0.4442856013774872
125 0.41847994923591614
126 0.3114722967147827
127 0.30603116750717163
128 0.3216705918312073
129 0.3305548429489136
130 0.3226698040962219
131 0.33347806334495544
132 0.331906259059906
133 0.35127824544906616
134 0.40704184770584106
135 0.3568047285079956
136 0.34630122780799866
137 0.3870192766189575
138 0.4225674569606781
139 0.3535929024219513
140 0.5252534747123718
141 0.7897990942001343
142 1.2136120796203613
143 0.768172025680542
144 0.7473130226135254
145 0.4902288317680359
146 0.3421269357204437
147 0.2981387972831726
148 0.32976120710372925
149 0.3426862061023712
150 0.3580988347530365
151 0.35892391204833984
152 0.3214671015739441
153 0.3572402596473694
154 0.3921157717704773
155 0.39015209674835205
156 0.31917157769203186
157 0.4084702730178833
158 0.351777046918869
159 0.3720206618309021
160 0.36155813932418823
161 0.43213018774986267
162 0.3332814574241638
163 0.383809357881546
164 0.5110633969306946
165 0.517684280872345
166 0.4251810312271118
167 0.4854869544506073
168 0.5385897755622864
169 0.6772392988204956
170 0.457999050617218
171 0.43750104308128357
172 0.46591082215309143
173 0.3554338812828064
174 0.32553812861442566
175 0.3396366834640503
176 0.3771057724952698
177 0.3738267123699188
178 0.3201933801174164
179 0.3104787766933441
180 0.38803672790527344
181 0.3579213619232178
182 0.3596324622631073
183 0.4312119483947754
184 0.4388813376426697
185 0.4928876757621765
186 0.483661949634552
187 0.33926573395729065
188 0.31464719772338867
189 0.389949768781662
190 0.3781861960887909
191 0.35239505767822266
192 0.4037856459617615
193 0.5762465000152588
194 0.6798422336578369
195 0.6262460350990295
196 0.4398510754108429
197 0.3893791735172272
198 0.2858979105949402
199 0.19971491396427155
200 0.2477109581232071
201 0.2344663292169571
202 0.325948029756546
203 0.38361701369285583
204 0.32786235213279724
205 0.34599819779396057
206 0.30668047070503235
207 0.2611098289489746
208 0.359203577041626
209 0.32270199060440063
210 0.26882404088974
211 0.2203407883644104
212 0.2403029352426529
213 0.24414506554603577
214 0.22427764534950256
215 0.23420999944210052
216 0.2678270936012268
217 0.3237902820110321
218 0.4628921449184418
219 0.6254355311393738
220 0.559070885181427
221 0.5925089120864868
222 0.47497716546058655
223 0.31193315982818604
224 0.28603893518447876
225 0.24563124775886536
226 0.2487407922744751
227 0.22341613471508026
228 0.2664608061313629
229 0.2689953148365021
230 0.27899444103240967
231 0.32812365889549255
232 0.3531850278377533
233 0.5600308775901794
234 0.5517036318778992
235 0.5250058770179749
236 0.5357890129089355
237 0.5704843401908875
238 0.5704795122146606
239 0.5781350135803223
240 0.5201510787010193
241 0.3628879487514496
242 0.41078031063079834
243 0.30503785610198975
244 0.2759678065776825
245 0.2866375148296356
246 0.3446824252605438
247 0.34350207448005676
248 0.2876219153404236
249 0.2983626425266266
250 0.4364420771598816
251 0.35913151502609253
252 0.3936193585395813
253 0.4052140414714813
254 0.3871896266937256
255 0.47432756423950195
256 0.6701521873474121
