0 8.824819300901195
1 7.0335318776414635
2 9.922049022375866
3 9.163653395365879
4 9.100404466287756
5 11.352379670208748
6 9.362453424821847
7 9.48381029762637
8 10.016509260930412
9 9.705611030050356
10 8.89311462764976
11 10.06568484102359
12 9.1561912978151
13 8.270687357063641
14 8.798411333608454
15 8.704079609661187
16 8.510122152909558
17 9.48162120415424
18 8.752808389088315
19 10.41962049805501
20 9.182703873382824
21 10.008870496461473
22 8.80092951261259
23 8.692612047085182
24 8.338918542615774
25 9.835526403622385
26 9.44022866170894
27 10.105644971027886
28 8.901291407682871
29 10.329578468307528
30 8.09928096735517
31 8.557638682953705
32 8.88921474040612
33 9.348620089371146
34 9.201602847279583
35 9.115804394371452
36 9.521889946432227
37 9.17085972590355
38 8.838847388759465
39 10.665161862958458
40 8.73311336620929
41 8.672186613552853
42 9.65661332126837
43 7.945306011965707
44 8.283013201639935
45 9.259908104099885
46 8.53540562813477
47 7.796316116305837
48 6.336420527896164
49 5.30807075737905
50 7.456393212548764
51 8.162430554445992
52 7.938555548199979
53 5.873932291933258
54 6.553551703463222
55 3.7989004068273435
56 3.7603886728707248
57 2.834329247371884
58 4.084039598706487
59 3.331240340524532
60 3.2706719380845435
61 3.4200566529823506
62 3.516109220037154
63 3.970175688689245
64 3.785580217009439
65 3.517518530285762
66 4.078279481953361
67 3.567763468614032
68 3.697108869659237
69 3.792000623844738
70 2.9777766117404814
71 3.641601105543516
72 3.7380374126080462
73 3.425554618885097
74 3.6220286373469044
75 2.739302041597598
76 3.3837626387473083
77 3.455345445407545
78 3.809375676851461
79 3.543550912475774
80 3.3451373694272664
81 3.968975872018272
82 3.8031119690057453
83 3.045425236184209
84 3.691817068971971
85 2.9905084168356044
86 4.542327012679316
87 3.755521579149533
88 3.4824734452345965
89 3.2341059773131233
90 3.999442112479945
91 3.4985769128552833
92 3.258375632515899
93 3.3345604031443283
94 5.401046630742968
95 3.7612539197299424
96 3.8810937602596893
97 3.627126796034899
98 3.32999062176341
99 4.024338997775801
100 3.5306499779761857
101 3.6576137630898713
102 3.377663306121297
103 3.4999314335300107
104 3.3013704104586625
105 3.2619351643165797
106 3.0737364500963222
107 3.9253497888039033
108 3.078175788303979
109 7.426505594859773
110 5.5508987655631845
111 3.1608813361275243
112 3.268627018834927
113 2.9894814016553175
114 3.8538929876152204
115 3.774096579889057
116 3.7630301295381368
117 3.979078502508621
118 3.063215768828583
119 2.845167709688281
120 3.2512438533002204
121 3.4954744127660797
122 3.878772246289922
123 3.2623415099485427
124 3.724345023260456
125 3.5290215264517646
126 6.173798614139332
127 4.111462032235882
128 6.825783979271055
129 5.463823504430268
130 5.0154035751312795
131 3.853045451142705
132 3.692559482464946
133 3.423323655239432
134 5.507108107695173
135 8.304248525226487
136 8.484177540237873
137 2.934623953914729
138 3.3466314348725894
139 5.918135082885247
140 4.268398159665939
141 4.279393329010367
142 7.7678045512858
143 7.4586160338519925
144 9.013675215983051
145 9.464887083472489
146 7.9238338974678
147 4.480781534334529
148 7.189206283711014
149 7.680104591228771
150 3.313034173586176
151 3.9593684928212256
152 4.114274315437601
153 3.279729081630821
154 3.755069884141298
155 3.6422859191055577
156 3.807532084930553
157 3.1160845832510256
158 4.037983126195873
159 3.732706200116362
160 3.745496011170467
161 5.273405928502502
162 3.7040979359311885
163 7.6296167666429096
164 4.421610086984499
165 2.8855669441615195
166 3.737130816977802
167 3.0399269563850755
168 3.6852760877454442
169 3.463096611902495
170 3.651109445316461
171 3.6136161084111413
172 3.610702399888002
173 3.0633510368743666
174 4.323855173459613
175 2.7466587602262376
176 3.4110805237871626
177 2.7562350071828727
178 3.1962315317518
179 3.5837661354324073
180 3.770346264084131
181 3.949274937085294
182 3.7346378884549765
183 3.4996858247905736
184 3.8844079397488214
185 3.384112457780675
186 3.7189430871185394
187 3.9254003820144336
188 3.862004356916408
189 3.6497265907406975
190 3.570612058840145
191 3.6714978013027566
192 3.30862723434965
193 3.513701996853829
194 3.537380231690058
195 2.887279276486001
196 3.913539609908876
197 3.3044484194059653
198 3.56687092333104
199 3.7717959604713367
200 3.1715394797721115
201 3.0997425749283267
202 4.718839661917945
203 3.258130531731241
204 3.677283631603646
205 7.510405969009411
206 3.67568507094128
207 3.5453052270296883
208 3.2320181145734947
209 3.415011034157928
210 3.005669829042468
211 3.7532382377331404
212 3.299745675951304
213 3.2143047423440185
214 6.575278118587619
215 6.33524684647188
216 3.94399823007817
217 3.656476754544151
218 3.145149119075114
219 2.977425849666986
220 2.982274851852965
221 2.9560877862451718
222 4.229178779419926
223 2.7041902439076835
224 3.4763196964460263
225 3.573960332739282
226 3.4395557571801243
227 3.987925096543158
228 2.992344827987081
229 3.5057293517884243
230 2.998688823063298
231 3.4396797577521356
232 3.4372797384965352
233 2.6253072536334314
234 3.3670572792666205
235 3.0105320465837146
236 8.103835796977187
237 6.884220786479286
238 8.459223403957271
239 7.1519624437349245
240 8.687234901182464
241 6.879395033015041
242 8.49013006382687
243 8.77536301165015
244 8.540442680494303
245 7.682418856115041
246 7.927450630089362
247 8.094013412691877
248 4.752251374589268
249 3.495861893132387
250 3.440629611614066
251 3.2971743248118486
252 4.998347981172904
253 4.53894574003026
254 3.500045730172217
255 7.383252283868728
256 6.040053456399843
257 6.0640393662979335
258 6.801723495610697
259 6.427898343012933
260 8.363698430265115
261 6.384188689971531
262 6.621121490495766
263 6.834718098062223
264 3.708321080067837
265 3.2541796324971553
266 3.5801208909569056
267 3.188499092091301
268 2.8171416837010237
269 3.668337537233863
270 3.751584705192829
271 6.9222242434933925
272 6.010286400993947
273 3.7845601829281086
274 7.519366501335945
275 6.645251169693809
276 6.006425755612732
277 3.7814509603531814
278 3.077100501472531
279 3.665845538237546
280 3.632036995113419
281 3.3431357416264187
282 3.714065523342237
283 3.529815003876415
284 4.305828210648604
285 3.7142590713736383
286 3.454265456823971
287 2.8707257062843525
288 4.514357566083232
289 3.1986829742983476
290 3.037175662646179
291 2.6718605465486993
292 3.3885430936313763
293 2.980620996212345
294 9.703281216773096
295 6.002442882396327
296 3.2439432008791225
297 2.738062362145478
298 3.1095670554695047
299 3.16082366161059
300 3.0052589221575947
301 3.823705129875674
302 3.281179907317345
303 2.8663779288636477
304 3.110834594164979
305 4.262816062186057
306 3.938593997013611
307 3.3514593663576018
308 3.698784791300916
309 6.35956890631918
310 7.208261106666816
311 4.929846866072845
312 5.550987122140966
313 7.323539806689676
314 3.675822337852284
315 3.6982043973494094
316 3.5277981274723427
317 6.185919241822461
318 7.492724436803752
319 3.335743095470864
320 4.409297756005167
321 3.900855453685654
322 3.36611071057454
323 2.9898090384627536
324 3.715042030659671
325 4.7718100291485355
326 3.920985901978407
327 3.0379395420999082
328 3.3349263528874458
329 3.050301163888059
330 3.228095668666577
331 5.1091825684629
332 4.97942322327656
333 3.516181734039798
334 2.8724670897513267
335 5.665999007734373
336 7.579006866599116
337 3.2740000299447582
338 3.211025474711339
339 3.3470995122589056
340 3.3206180654804864
341 4.661153239299807
342 3.727427434318107
343 3.421149897896558
344 2.9200389989203033
345 3.51734170674114
346 2.590629362290687
347 3.974756469908315
348 3.731579590808547
349 2.881231242859998
350 3.500681184555102
351 3.438179479988535
352 3.426654943415762
353 2.8789254494819354
354 3.4111121816316947
355 6.582988715754718
356 2.7223407501563335
357 3.5510796908506994
358 3.243011065250822
359 4.480648416875648
360 2.9947131920693
361 3.817588592075011
362 3.5558294110052584
363 2.776431052060657
364 2.9180014385467024
365 2.823358932501533
366 3.40943285162726
367 3.814499441942153
368 3.130169336976549
369 3.5326061623492726
370 3.82849949771321
371 3.759381268775123
372 3.517312340636555
373 3.020014118660351
374 9.033012474557657
375 3.6453779668722546
376 2.6230818268021596
377 3.8093355064947465
378 3.3259579609171706
379 3.7359182016149663
380 3.5951348534350767
381 3.273744290665894
382 3.3699787850667926
383 3.3983217190701955
384 3.810192439137926
385 3.311191340476883
386 3.537150326451455
387 3.4307766162788766
388 3.9635248457717402
389 3.2209134303945195
390 3.243671843755277
391 6.401159945608147
392 3.8564352800265334
393 3.7468755693304425
394 3.3177780631149845
395 4.350399426564861
396 3.8945316984215186
397 3.6900716820637016
398 3.46029254486176
399 3.613118034211903
400 4.041839435785931
401 3.6470978239084606
402 3.011678884289738
403 2.9867672838303347
404 2.9373944199413025
405 3.7467329117567316
406 3.875747671813042
407 7.020450965046186
408 7.349692309232791
409 3.506850050649479
410 3.108872865926131
411 3.33094048893367
412 4.313026256297893
413 3.5011319372202037
414 3.1170397219314454
415 5.0741863782415075
416 3.228970343533149
417 3.452488083519497
418 3.4680932218176297
419 4.04680168103356
420 3.7287949181143265
421 3.7200954041050474
422 3.980020849488726
423 3.6596288624709197
424 3.411172667139989
425 2.892195560631789
426 4.2670827010990156
427 3.3355433149368
428 3.0896014452924487
429 3.4795266141603287
430 5.091459270225626
431 3.10481468790559
432 3.782878011022083
433 2.6294618552124263
434 3.8568454990276684
435 3.778160454031151
436 3.330214928802219
437 3.6523604493018436
438 3.39097622750399
439 3.0559236575622486
440 3.5828150367111204
441 3.6141335311519773
442 2.8527916262545565
443 2.8363540655514803
444 3.3152441953213856
445 3.1086896105163704
446 3.7086425025690954
447 7.004056769840426
448 6.830084992750111
449 5.953350335911698
450 2.9679169744852447
451 2.807857552967658
452 3.3530412013222546
453 2.9558590709741113
454 3.0379559815608395
455 3.3775268618598067
456 4.715374747439701
457 3.6555515645769847
458 3.207474300763968
459 5.2151083430698035
460 3.141005524223351
461 3.1195472836927656
462 3.060347165992539
463 3.4748519278757075
464 3.7107277886967474
465 3.3056004042618015
466 3.7824352407852473
467 3.4509586418577505
468 3.5458749701033354
469 3.3541962641652034
470 4.2224972100600695
471 7.152364827982149
472 3.3492701361430863
473 3.403707859410409
474 3.531562810434223
475 3.8225487718007702
476 3.2428462149935706
477 4.122744560933845
478 3.646395772260726
479 3.4200740136893746
480 3.370021408453803
481 3.806288574500539
482 3.2872511692567663
483 3.7956810215707106
484 3.297354679711873
485 4.504132886371334
486 6.771032570934083
487 3.27753865417038
488 3.1518118043426098
489 2.88283462045357
490 3.2096485952580087
491 5.270821346552439
492 3.4719436349433614
493 3.1159328788561065
494 3.8042912185491877
495 3.40456599832772
496 3.2304003238673666
497 3.5751927330815083
498 3.656839067205591
499 2.962288436283829
