0 8.846651102679639
1 8.480460533375837
2 5.846559891095083
3 10.828584152540204
4 10.488612682201662
5 9.176426105354551
6 10.68084399056993
7 9.61176488256315
8 7.2788223140659705
9 6.200749784984072
10 6.566032864563625
11 3.326172621270527
12 5.333544393081321
13 3.8392731448871658
14 3.5066022501073917
15 3.5271740872571016
16 6.011280464978574
17 3.8009786010019337
18 3.1733501482731516
19 3.7587498308576657
20 3.948111169882179
21 4.085645086778364
22 4.035149998849033
23 3.8250395776139743
24 3.6527895933469297
25 3.3413789043100817
26 3.422663716036416
27 3.6210371716021057
28 3.5328794358567444
29 4.5287821367731365
30 3.321088093840605
31 3.565425159542736
32 3.382940661750877
33 3.761452731399401
34 4.07516785698543
35 4.056082399889325
36 4.3068351577912685
37 7.159800488862039
38 4.2228615559994465
39 3.8203256837544495
40 4.020471533236176
41 3.668064269950596
42 6.814102498562314
43 4.010764028036802
44 5.32274388784885
45 7.368126027387925
46 7.470922147105751
47 3.9821383707217413
48 3.8728544772619715
49 5.479250651656148
50 8.169873146971176
51 3.8136542943559313
52 3.8171687007366866
53 3.7666476596261513
54 6.960067000343156
55 5.932218860695087
56 5.83910824876503
57 5.935029028439283
58 3.8108669419463546
59 3.775455967725184
60 4.765337185220373
61 6.615539107251522
62 5.604911147821738
63 3.9173491677042076
64 3.697886244334498
65 4.176284337359584
66 3.1835475846953547
67 3.052743065050874
68 3.2033551573189456
69 3.7830928659198935
70 3.9447254330523234
71 3.745600917242578
72 3.9329750360164106
73 3.688020722457258
74 3.909380578312701
75 7.216125175996292
76 3.7823870868788276
77 6.198324229870699
78 5.609762574709246
79 3.1914871097038118
80 4.286847089002036
81 3.025089766098959
82 3.2192991973025564
83 3.662163316675741
84 3.2776619028864933
85 3.6699939017058143
86 3.515312018559129
87 3.910687105356027
88 2.82269067347095
89 5.1321873348512845
90 2.7296804673020367
91 3.554645892758013
92 3.146917855129292
93 3.3277185788005883
94 3.1148090107040427
95 3.6789639834782273
96 3.775814081917335
97 3.841484200354399
98 3.7839796646280006
99 3.8470194932588084
100 3.8275106734718274
101 5.526616708280943
102 5.416775992940115
103 4.785260574665926
104 3.2702806459882017
105 2.934287613749664
106 4.1235250593724855
107 2.8138390061758956
108 3.626382870574123
109 3.116866290391707
110 4.027774590379564
111 3.688477642839114
112 3.9628178297017125
113 3.873003354522526
114 7.18272355785604
115 3.370947734975378
116 5.307931253881767
117 3.8484513871179606
118 4.73756779876933
119 3.9288986542628273
120 3.896591660586895
121 3.899969834595504
122 6.0103799262439495
123 3.7601918960033247
124 3.8646729229205636
125 2.942289116893781
126 3.2354244542754995
127 2.7905311371245807
128 3.49194793985682
129 3.4367036424833595
130 3.977178776779175
131 4.115329760062718
132 2.925536076152823
133 3.330858287969253
134 3.3230343937779385
135 3.9070714610508332
136 4.106951704984077
137 4.224050501899244
138 3.4592124462801994
139 3.6138114148664036
140 2.893281513588397
141 3.0400143584593144
142 3.1965429510887042
143 2.8828180572083166
144 2.7909139513755217
145 2.594347263084112
146 4.022189822087988
147 3.5001449052950653
148 3.1148472468758945
149 3.817051286379868
150 3.196527553064319
151 3.7380728290168803
152 2.8628991699106203
153 3.7344588854784377
154 3.6152612391396732
155 3.8417801092769364
156 3.4218032008482058
157 2.991208489063665
158 3.0949299446695804
159 2.9213974947865027
160 3.5230706637195235
161 3.1852456287202173
162 5.33380444450346
163 7.51413285477157
164 3.2561739635329037
165 3.7986553168238717
166 2.6500857318588773
167 3.7151390210455
168 2.6597409163058634
169 3.7359090273673976
170 3.2783236263816278
171 2.8181845150721196
172 3.1685195042565377
173 2.978741076294096
174 3.792556918619487
175 2.92772490812405
176 3.0831312204382235
177 3.0389497282421862
178 3.3580571663104606
179 3.1962328175187884
180 3.820220543227805
181 3.2566237738210404
182 3.3893331869416627
183 3.394681324871291
184 2.7092553941342654
185 2.9808885133221414
186 3.643248197832589
187 3.1297577289800755
188 3.773680775778676
189 2.878470359935268
190 2.6296887517905065
191 2.7805718652943323
192 2.8589988076201585
193 2.874075302073296
194 3.2162919052212686
195 2.7924852711133603
196 2.708266879146975
197 3.0020402573822125
198 3.473603316876302
199 3.591105055457797
200 3.946447931610808
201 3.538294069924444
202 2.8379590784666298
203 2.7160082118138194
204 3.7030358733038873
205 3.3562253002364386
206 5.200575586526155
207 3.266347094663019
208 3.9519852004132794
209 3.4260903400671725
210 4.149778007631764
211 3.1919880704653627
212 2.980095059902666
213 3.1518249332029553
214 4.109457609979812
215 3.440122215636371
216 3.0396178376024667
217 3.411419332137192
218 3.5722758627535582
219 3.0875615533304046
220 3.5411541562004807
221 2.597847000691802
222 3.401918475867952
223 3.5752486901424247
224 3.5649011470997936
225 3.315943777606289
226 5.812492798091761
227 4.004508475016645
228 5.748029592110248
229 5.695210064025955
230 3.87081703536807
231 4.464816397519852
232 6.874223381698868
233 4.003500862510306
234 4.806046209050936
235 4.428964522402325
236 3.9050680757780647
237 3.7574793193615172
238 5.476332091154094
239 3.0772449488872207
240 3.718020610827068
241 3.5274646474583737
242 3.9049422880033307
243 3.2849017335397095
244 3.129167639950409
245 3.384487768860396
246 3.8423712873566336
247 3.5916752109058736
248 3.850952053696808
249 3.4261895093953885
250 3.4839025532243815
251 3.6308976268037387
252 3.7898389937946395
253 3.8216052617591307
254 2.9659375182543473
255 3.597318470429163
256 3.3137271356527247
257 3.3752190774507507
258 3.7895136837690244
259 3.3756894160051583
260 3.8681646536655485
261 3.9696187066627457
262 3.8997715607074666
263 3.6640945847975672
264 4.009177552521023
265 4.945783589930763
266 4.005193455042913
267 4.760571223574529
268 3.950006934369029
269 3.786953094553575
270 4.796730144343763
271 3.8677977514560653
272 4.0634460432221875
273 3.809148620509914
274 4.1013474892951365
275 4.644336098642063
276 3.1480929689421076
277 3.395400818392784
278 5.890100244738141
279 3.5605796086440837
280 3.216687643210374
281 3.443743732488911
282 5.869985300830541
283 2.6615736364071143
284 2.9838183256323405
285 4.2085189899807
286 4.011276672372371
287 4.206269815197043
288 3.5592222360280905
289 3.4717066246300257
290 3.10029163546589
291 3.644699573125046
292 4.410530189941339
293 4.354887839216913
294 6.009346891653964
295 6.606189356488807
296 3.427670413677419
297 3.875661471208873
298 3.229404625795792
299 3.3001512619813926
300 3.7927007635616343
301 4.143215475977614
302 3.5364591893166537
303 4.012950581396296
304 4.520241058523497
305 3.863440101462363
306 2.7640111440382182
307 3.0883400797048814
308 3.039443513196516
309 3.471758374729747
310 3.5211126270953845
311 3.25005095744423
312 3.431404072955528
313 3.4504866702999304
314 3.131285886603083
315 3.496695007651007
316 2.7275575953122853
317 3.427678799918467
318 3.4221056845821245
319 5.974763371196521
320 3.9459949742269917
321 3.5168155466806224
322 4.243115238160417
323 3.8909543886837357
324 4.195427606593894
325 3.3125561072451175
326 5.508299094355663
327 2.9540996025245647
328 2.657826905457223
329 3.835716452724805
330 3.615408318155248
331 3.5674291033185073
332 3.8578235417471007
333 3.6908587258574097
334 3.340956395028856
335 4.2228338108022
336 3.1983421544598016
337 3.2436271982175575
338 3.3550149870127073
339 3.74143489026423
340 3.8849534289724588
341 4.4435264603004505
342 3.9910115780207724
343 3.1273305484576626
344 3.3135212608584945
345 3.13116145816373
346 4.869440039474242
347 3.508376498930931
348 3.304609157839224
349 4.007480985740639
350 2.792933677386034
351 3.518461565427809
352 2.8189708436378322
353 2.806825705220823
354 3.7688740988098846
355 3.789241229655567
356 2.6555915260164507
357 3.1059489080845863
358 3.0460820879182395
359 2.8393029185809455
360 2.811222707407
361 3.5598374923117952
362 3.195821236865585
363 3.183902586859943
364 3.464805495767259
365 2.983068463418412
366 3.922292728598156
367 3.415937969877005
368 3.887227056270113
369 2.6547194580330897
370 3.1198961890128802
371 4.164715656661292
372 3.069202593703609
373 2.6958594744996245
374 2.8202082779790127
375 3.01364546839535
376 3.5608285031786475
377 3.2166834690161803
378 2.7709807028053186
379 2.9836904728156495
380 2.8289617662075157
381 2.918176224939168
382 3.065285618672823
383 3.4985793848194695
384 3.221133705063289
385 3.1117322847971134
386 3.0898105702401386
387 3.766976657832461
388 3.4902681523115806
389 2.8031460631870635
390 3.4645544673813133
391 2.965493707893805
392 3.096952529009208
393 2.982325717862785
394 3.331094884394382
395 2.679688275715831
396 3.80551656416244
397 3.9079306189970127
398 3.5824143164891122
399 3.8883827204217156
400 3.5511031388931253
401 3.431228330906446
402 3.7323200837871084
403 3.616872630007928
404 2.993241087271816
405 3.6155413384607886
406 2.9612495861986017
407 3.1422592257438238
408 3.7559771126587553
409 2.994419182869027
410 3.7957894714510476
411 6.194464323808399
412 9.592478813136331
413 8.24155007939045
414 7.392812632917291
415 8.074842254013149
416 9.490914070123669
417 8.294182092337117
418 8.962454178288711
419 8.586735600007117
420 9.1689206919218
421 7.981401416782823
422 7.568595128153913
423 7.591795080320734
424 7.805981213103896
425 9.185279680253313
426 7.071191837662844
427 6.523272409290576
428 3.843406196458129
429 3.641922965789318
430 3.1321461384332294
431 3.1316995957765204
432 3.6743845673586133
433 5.177217176041285
434 4.457029379592491
435 3.534749307876151
436 3.0581550300377813
437 4.990012126120291
438 3.4546631259938745
439 3.5894703962120977
440 3.5185460900940035
441 2.824975011379816
442 3.9654098154749775
443 6.726622272062737
444 3.1636408186643306
445 2.7954497941288223
446 3.4070119171685254
447 3.482240977363589
448 3.127037887142912
449 3.897257371583949
450 5.296931716438201
451 3.1700753889021938
452 3.6329243757471055
453 2.972898940966575
454 2.906565529707356
455 3.842096804639218
456 3.961197862919381
457 6.047484534948691
458 6.332894425290715
459 7.51543200915206
460 5.199498715937696
461 4.0534831291764455
462 7.579635665982856
463 4.496684289357781
464 7.2939429017786335
465 6.754840657676721
466 6.802298487420212
467 4.535806208703653
468 4.948660467451614
469 7.55332014043417
470 5.3464515698772
471 4.886691327690546
472 4.243787060957082
473 7.748247983891718
474 5.3806965900499
475 3.999835616886602
476 3.2990904671319123
477 3.319951710606247
478 3.481810424695528
479 4.368528170272567
480 5.566614968520488
481 3.5787605669186804
482 5.035486660855925
483 2.9137318204765585
484 3.75117455531606
485 6.562842702479342
486 4.460581621034005
487 6.7714517410498205
488 5.091287615214304
489 3.300149967620442
490 3.866356426200443
491 5.177148940982216
492 3.4525042704130464
493 2.6280100316476944
494 2.7521388960458983
495 3.335415053175052
496 3.0826854969205373
497 3.575866389699361
498 8.56014432397174
499 9.321374486972866
