0 9.063559369750417
1 7.991898886924192
2 10.276008409305959
3 8.758891838195263
4 8.805399563509653
5 9.435656292571466
6 6.111587548633244
7 6.527023360712873
8 6.457142327157042
9 5.410807649158334
10 5.618408932166514
11 6.403036243413419
12 7.41787283606016
13 8.429567868217562
14 6.526601682103776
15 7.440174788742802
16 5.809963567140262
17 6.072046608736644
18 5.771732314431922
19 3.684921022355345
20 4.048494830716083
21 3.898375019566044
22 3.748874589549086
23 4.839422587042087
24 3.44038266634247
25 5.982601690721938
26 5.95686458358435
27 5.9854239774575
28 6.720006406806676
29 6.673220355922028
30 3.694806196698783
31 5.184983425281965
32 7.238815146343918
33 7.351110951195687
34 5.076134833474666
35 4.670911745061495
36 3.635994234516273
37 3.641267824452021
38 4.179788195606467
39 3.705697158564161
40 3.569560818416089
41 3.663640587990793
42 5.1259967255082985
43 5.48138663612777
44 3.8212446881532625
45 3.9162711147067273
46 3.8663613943936683
47 5.621100620835558
48 5.315802978653809
49 5.787043042657213
50 3.755800613939335
51 3.971275637305339
52 3.7204469786351897
53 6.343521245342926
54 7.430406882632445
55 7.437895944410215
56 9.185768552825756
57 7.10670208138359
58 6.976643449374681
59 7.5613247571370765
60 6.523684177396005
61 6.27317434729772
62 7.119659612442331
63 6.6731341585370565
64 7.128629229232817
65 8.571629031279212
66 8.98190432201942
67 9.155095374565246
68 7.882615939763127
69 6.936800617790852
70 6.53923429820135
71 7.362801506406626
72 6.390073159426995
73 7.346529740338722
74 7.591109701148957
75 7.696308351111498
76 8.519848811900234
77 6.6430949222504525
78 10.756128442105313
79 9.413332094742866
80 12.267288651315113
81 9.544390814944068
82 9.634659121294824
83 12.17583651904935
84 10.934336976998688
85 11.205703723044774
86 10.042616525080854
87 10.35057069124673
88 10.729857860139925
89 11.598347835050411
90 9.688333584122988
91 12.882873006950446
92 11.78393144566826
93 12.091917992557876
94 9.547875457136868
95 9.410638859117377
96 11.454488701642365
97 10.670929137421135
98 11.369817586713555
99 11.881618808236672
100 13.381881293444238
101 10.206727876698878
102 13.248004859698332
103 11.775486713218632
104 10.440915209983405
105 11.592300264606989
106 12.598351056706477
107 9.316636556763655
108 10.378799605402383
109 11.36363614670208
110 10.161375684510386
111 11.317827152565137
112 11.680670158177945
113 12.482617986669242
114 10.492640429365258
115 11.911005602565263
116 10.528494021522254
117 11.114888045366873
118 12.098400824030804
119 12.725471002971222
120 12.503125646772887
121 11.143210897053978
122 10.392246813103522
123 12.43795706760979
124 11.666827908799608
125 10.930942399451101
126 7.689494618268305
127 11.330615890002802
128 11.04520806010757
129 11.309942828620912
130 10.288480998722061
131 10.774308377674593
132 11.66589810583265
133 10.503005307593837
134 9.117612966505371
135 6.203435293594438
136 9.860206232358944
137 10.285272976266981
138 10.849896386910002
139 10.416990839139174
140 9.214937864933502
141 9.470065692154158
142 12.410049703673101
143 10.974265265062636
144 11.586892062843976
145 15.26531804270641
146 13.723842676779014
147 13.904989227452916
148 12.788806068674692
149 10.39250908927612
150 9.640284615119644
151 11.483533839394664
152 10.851493120061704
153 9.867412028588038
154 12.842235738157932
155 6.127997248097464
156 6.382474882085054
157 6.689727761349348
158 5.910873360158474
159 5.381601429845927
160 6.3862086299208265
161 7.173747313960663
162 8.495964380501526
163 6.637409680168195
164 6.982345230207238
165 7.059277772634524
166 8.505191675338382
167 6.569864221930951
168 8.487627440522873
169 7.813711330462885
170 11.049546557501337
171 8.794870117321567
172 11.200111898452988
173 9.69664241660036
174 12.013747402879611
175 9.917563551997093
176 11.521879891812993
177 11.311031088619838
178 10.591083484651072
179 9.489658063854106
180 8.702726791375968
181 11.548835486907498
182 10.547083884599086
183 12.153232068747291
184 8.342278935496559
185 7.9919414570393785
186 6.621436157037607
187 7.880224515268793
188 8.762964337139808
189 7.060145590436203
190 9.627563702823071
191 7.2833128074925195
192 7.083225874873441
193 6.705924742599414
194 8.210825806632725
195 7.85837125186949
196 6.976391975861308
197 6.26195780252358
198 7.640124056443261
199 6.499028809928192
200 8.755917852644746
201 7.047547933916457
202 7.004796723524481
203 6.890628523753621
204 8.170886503362025
205 7.286202151537449
206 6.631270497441218
207 8.136848532795508
208 6.673476752408571
209 8.522242799309588
210 6.733738451180057
211 6.3961782097303805
212 8.00567260792578
213 7.710377745097498
214 6.958816710218295
215 8.992126385311417
216 8.676533918675322
217 6.098185096101515
218 7.371629035172257
219 9.092178052436179
220 11.280310563364994
221 10.074225347200276
222 12.12702276285547
223 11.657043518110804
224 10.22670387120666
225 11.882717716064224
226 12.333681595130857
227 10.619573056048816
228 13.099794165199889
229 11.929672892667053
230 12.128036870873961
231 9.586099752752661
232 6.931839165704209
233 8.79992392310208
234 8.450020411647252
235 8.3578011608354
236 6.7344394547564015
237 6.860207753079167
238 5.844388471716274
239 5.389705154002278
240 6.509236066943282
241 7.14347791012294
242 5.323840895384295
243 5.605091182647893
244 5.200967144754012
245 5.758574846460288
246 4.903984698310798
247 5.603722130713861
248 6.304240617152885
249 5.018583609585391
250 5.865248516162984
251 6.287964533101674
252 5.323040889509344
253 5.657246585729586
254 6.687467990709291
255 3.7678836782853606
256 4.300577558611431
257 4.03039919006119
258 3.8776860392268597
259 3.924869311663876
260 5.035625160487045
261 4.006657995832331
262 3.723946713180551
263 7.029714046577505
264 7.9619381986974505
265 9.057226995718716
266 8.284705812664313
267 8.412518004620923
268 9.729606786384048
269 8.23229710507194
270 9.134786706950283
271 7.964790799240356
272 8.53669875694332
273 9.473137045405702
274 6.503595051419936
275 7.330489220468348
276 8.694041114476741
277 8.682825916991622
278 7.642787617394836
279 8.24034341404441
280 8.740536032378412
281 8.474677024713165
282 8.911909829466104
283 8.487262800656875
284 7.84784904730814
285 9.784479783860261
286 8.486276215115002
287 7.155248970847163
288 6.545609227954673
289 6.958299830719799
290 11.657647331907706
291 12.254321359906715
292 10.95500885064013
293 8.87808609985211
294 9.822576437922486
295 10.509634158217057
296 10.356500192428884
297 11.021636289653925
298 10.971478332160245
299 9.867442772130302
300 8.960903334932008
301 8.461973095746737
302 8.611453461676462
303 7.081316309804608
304 8.923553755626084
305 6.8212918927486506
306 8.114975342859067
307 6.020425357180255
308 5.733196473930336
309 7.465256495141068
310 4.105593986127727
311 5.551513619456517
312 6.420862884337216
313 7.373338773577305
314 6.854217770596177
315 8.836273167469015
316 7.961785522011945
317 7.01340045322479
318 5.408282743348339
319 7.002505921259159
320 7.528318171029747
321 8.17978488928094
322 7.521878544325742
323 7.06317825502988
324 7.162237057783344
325 8.952638089810328
326 8.712853554556126
327 6.904977875924834
328 7.102400165571359
329 7.795810597547603
330 8.249165299247682
331 7.752174599322439
332 7.476980962164611
333 9.065709679307517
334 8.060953747147202
335 4.982829940443369
336 5.282691497797278
337 8.517668457798328
338 7.804227676458279
339 7.22676280853513
340 6.557306370230872
341 7.108531833994855
342 6.804167013280174
343 7.174131316086669
344 7.742963976985284
345 7.937242967786558
346 7.4957866303468474
347 9.131929732882638
348 7.926609583462157
349 7.273750204225656
350 6.431589378083068
351 6.810611598602484
352 7.282715467845434
353 7.904280616816056
354 7.719435062970818
355 5.582625148443344
356 7.727530936665247
357 7.556529621825772
358 7.46441657213526
359 8.423948985708835
360 6.858743418689037
361 6.501994929006335
362 7.222130600287309
363 8.180515056427733
364 7.171860422873332
365 7.971530911418095
366 8.097155594774462
367 7.357280541900971
368 6.958197399215487
369 7.089399856158498
370 8.744194064596376
371 5.762275570139627
372 8.043908620544503
373 7.498181232982927
374 6.136304116512352
375 8.743586111168911
376 7.343226845864852
377 3.555386151646367
378 6.944920703189191
379 6.742823774179337
380 5.470527757945971
381 7.598186604078561
382 7.8891852183901525
383 7.0594890524951515
384 6.318435083660881
385 7.089369483621105
386 6.635529636543864
387 6.068285301850707
388 7.561146924368095
389 6.93325680273845
390 8.200699341336207
391 5.672583078126085
392 6.316675876682167
393 7.086993027944371
394 5.899147645402048
395 7.258232056421434
396 6.163327486788323
397 7.867291210662368
398 8.363741891952431
399 8.501893975604345
400 7.631505973605546
401 7.475071751365498
402 7.823294123300476
403 6.530212149840852
404 8.673027442511499
405 9.503749548120421
406 6.559165159693859
407 5.785052095208171
408 5.899382860516298
409 8.097131980088061
410 7.960727302163118
411 7.735186684458698
412 7.373332752278168
413 6.352413593210218
414 7.162802498161718
415 5.880772419382365
416 8.585371879924875
417 9.872288335829982
418 7.172756802279008
419 7.196774503301964
420 6.949093803244315
421 10.43610645614655
422 10.173874628538956
423 10.546762743456206
424 10.294632056624813
425 12.465490950643208
426 8.649374652168833
427 11.895479735583164
428 11.973065898420863
429 10.708952176996158
430 10.31917156429255
431 10.276976359942543
432 10.346467478567437
433 12.213895344798896
434 11.008459297363256
435 9.290221951759321
436 13.25905965448383
437 10.37701144773736
438 10.197580045951133
439 11.047804382520512
440 8.941236882140627
441 10.079643723989872
442 11.497752614909505
443 12.6116992249854
444 10.977522984801624
445 12.099567275325484
446 13.052606650298536
447 10.295967838568957
448 10.577608364684947
449 8.709904714955425
450 11.38802583621722
451 10.529054030823108
452 11.838626967927613
453 10.691806706049706
454 10.314025490019532
455 11.604106017884362
456 10.956712685642081
457 10.199216656327293
458 11.936475500231069
459 11.492334509192654
460 10.783241203686634
461 11.965776984185908
462 11.664182240358958
463 9.974522659846
464 10.559409947509648
465 11.802584023811036
466 10.466501339112625
467 10.650982588048207
468 12.47884106353121
469 11.524320524280753
470 12.094130005895098
471 10.097722009197527
472 9.471567287462532
473 11.300791849257173
474 11.945620417119239
475 9.061992376458688
476 10.91750057229949
477 10.918446181247777
478 10.136217382588711
479 12.786144845534565
480 9.530368942529332
481 11.331117619530632
482 12.415170120008193
483 11.759873283208432
484 11.910382350126895
485 11.866325632240201
486 11.023862267921173
487 12.349438640797828
488 12.513941509067998
489 12.033767098523237
490 11.548066149906354
491 10.909537120493935
492 9.779820251344782
493 11.897511143454322
494 9.700433660590225
495 9.627135773033293
496 8.809808441648268
497 10.79086131041382
498 7.068635779307243
499 8.217967721572936
