0 5.488208267531501
1 10.729911994059364
2 9.554261867989247
3 12.32924451085669
4 12.021549382306109
5 11.271915771878007
6 10.729818682088972
7 10.854916566606684
8 10.776262351112509
9 11.253060920117646
10 11.31201937273173
11 10.994686529052794
12 10.558623875110783
13 12.3937508895094
14 11.223686321294247
15 11.680990862595173
16 9.604384734805521
17 11.40129680385403
18 11.399195141994923
19 12.769021969457826
20 10.695498655265054
21 12.04391369420691
22 10.80604855599713
23 8.917843677742683
24 8.770891491046106
25 8.860788713643997
26 10.607970644016097
27 10.508901041659085
28 10.491016929323832
29 9.926503774902821
30 8.006942701170422
31 9.444146427398914
32 10.478649929461266
33 8.428063127378477
34 8.323919168773593
35 8.997622574023234
36 8.526695152892659
37 8.394817268045387
38 10.42689174571558
39 10.647015759835703
40 11.99694985888541
41 12.044191864352197
42 9.714020801450744
43 11.852206411942708
44 15.293796346760358
45 9.553280804758412
46 10.515579147203832
47 10.50905099785958
48 10.166709089552777
49 12.76812732518958
50 11.102150477696373
51 12.454404627925742
52 11.564203730298715
53 11.660515523996736
54 12.023137058363192
55 11.965434851832919
56 11.184170882306912
57 11.927990984391952
58 11.008325561815097
59 9.831718313071784
60 10.054540354788246
61 9.749020062771697
62 10.219655806563075
63 10.133048191110918
64 11.547207304965681
65 11.269827253104959
66 11.355390859432138
67 9.795460724306718
68 10.19028306330983
69 10.887402701387437
70 8.977343751150078
71 11.806435682978751
72 13.423425196247317
73 14.477239058844003
74 9.970251015233513
75 11.528683080473424
76 11.625281303093633
77 11.149922762296065
78 11.254802689259352
79 10.95026629518269
80 10.658162026746705
81 10.661068151005049
82 14.48731937585605
83 11.176214599013857
84 11.523029708254496
85 11.19428846440892
86 11.622968230460197
87 11.379189864445319
88 10.689624472592516
89 9.251229944122363
90 12.869893203540991
91 14.654744003896083
92 13.46432300922575
93 13.469350163662654
94 14.398577389524503
95 14.297893399082364
96 13.3794038657766
97 11.467984361039527
98 13.844936356899632
99 13.698298513543119
100 14.144500045191668
101 13.690772721489264
102 14.875916435599569
103 14.33259443577178
104 11.261600785477325
105 13.520842516150099
106 13.97852143763062
107 13.134224873765234
108 14.757720425648309
109 13.144329133667373
110 14.65135048136698
111 13.408816062262362
112 11.847988264877193
113 12.296414459883225
114 11.089006214814924
115 9.290176631116028
116 10.268751176834185
117 11.652945838999239
118 11.701707423375945
119 10.057935336969262
120 10.778939726035647
121 10.370790651137428
122 11.418020246275681
123 11.089107623372144
124 11.41251832243576
125 9.97030333272125
126 11.099557264987368
127 9.505678934011806
128 10.011614298554262
129 10.341120743151391
130 10.0161320908945
131 12.184239028383406
132 10.157602985149472
133 11.669302853740351
134 11.260562314801424
135 11.638324604021578
136 10.744303704720696
137 8.752445532961241
138 12.838595123121564
139 15.362212831966351
140 15.16522714825498
141 13.135886300880042
142 13.806203888366666
143 14.785634688340643
144 13.398200929397696
145 14.577733390166227
146 14.123290014296117
147 14.563416248382024
148 10.559715125282844
149 11.72565256358583
150 13.155445647415945
151 10.040724546927827
152 12.18517345753635
153 13.46119190733022
154 13.002254221867197
155 11.221172981599343
156 9.29360150125841
157 13.061012366577973
158 11.348056098581042
159 10.398729465144578
160 11.993473654684145
161 5.072245441481258
162 6.936496625529827
163 3.422081337765934
164 7.990603647157723
165 6.41816651896084
166 8.458709038041711
167 5.029357882719006
168 8.494332553170075
169 13.608164912076784
170 12.683411807676817
171 13.024565212679544
172 13.79460769077238
173 12.728959046898565
174 11.656563468691282
175 12.497186715801753
176 12.879564246367869
177 12.55879319018421
178 12.811279598940427
179 11.302755582837545
180 11.340011790838972
181 12.12976048191782
182 13.615994443156241
183 13.645336485540247
184 13.687985733663895
185 12.023430757871548
186 13.411318193389056
187 11.930169858504465
188 9.795388232978409
189 7.712806877046815
190 13.398324483685125
191 13.9192407243036
192 14.5559167681003
193 12.618014235602121
194 13.83770066108262
195 11.828067194861712
196 13.273020720714841
197 13.663344690307548
198 8.977210306728457
199 8.485046673380918
200 11.11284386956034
201 11.014940411845465
202 11.12567094642545
203 9.816772904536279
204 10.514231473320997
205 11.059994583389905
206 8.78347024544883
207 7.687551130056067
208 7.793119020001455
209 9.72017934161661
210 8.118958672777953
211 9.104888591152335
212 10.631246139572783
213 9.808833232627238
214 10.954462748712713
215 8.970545487154842
216 14.171065860690867
217 13.345599966199627
218 13.781781969291764
219 13.7793821403419
220 13.342016744727177
221 13.168989756949937
222 14.3002073142662
223 14.000922710528418
224 12.815454408336235
225 14.07694391816474
226 11.430220076368663
227 12.106931639155604
228 10.954230790608781
229 11.469232420783424
230 12.661280184400784
231 11.157574438853764
232 13.875989013852777
233 13.959116866843647
234 13.770867674891488
235 14.15461761298029
236 14.12574167974665
237 14.411324228981801
238 13.410036566530216
239 13.468755973316917
240 13.642365380864872
241 12.923299467818804
242 11.393362129997843
243 11.362774446078994
244 12.473305820003585
245 11.793732095688354
246 13.322751144650852
247 11.671711288278326
248 11.36046342009578
249 10.103000043147091
250 9.16313938468872
251 9.563839747515521
252 13.134105932446793
253 12.519012619684615
254 10.665534399599887
255 9.931377916465538
256 11.885398107936744
257 12.044039424783929
258 12.629363750274848
259 8.00114508612574
260 10.976401823251829
261 11.207049328051207
262 10.108509443084882
263 10.308950111537868
264 10.738262529346402
265 9.376639674882956
266 8.141008829009907
267 9.550983183812974
268 7.223070055978762
269 9.59164031553034
270 11.4418890887082
271 8.756568414046548
272 9.848622376782622
273 8.28328765772826
274 11.973517499695959
275 7.27113113103592
276 5.9843730989880255
277 8.136249097042827
278 9.79993903559887
279 9.661822789338208
280 5.691920723884146
281 10.947591288479897
282 9.309247953964045
283 7.39798185716125
284 6.882730523677683
285 7.666707396711727
286 7.5643204942885465
287 8.870973138407647
288 9.639827096091155
289 6.5383824166721505
290 6.193278607433902
291 10.372740531634621
292 9.427017234956017
293 9.894590176586382
294 9.021677263590076
295 7.955439294733107
296 7.678716917994823
297 9.35935258085667
298 9.703997092528311
299 9.055984990875347
300 10.890405799277367
301 9.523138006187402
302 8.630114970281147
303 9.15993372805218
304 5.52825939418878
305 11.039029503214936
306 11.975732748416661
307 11.336448594154705
308 13.199611021482534
309 13.121728826728042
310 12.611795115977962
311 11.603928813554296
312 12.403250039997783
313 13.025361611905815
314 12.779574745144439
315 13.613375681472373
316 13.512450558502307
317 14.044476064995838
318 14.1105054246266
319 12.329959439687766
320 11.844116173426663
321 11.320000495545367
322 13.1963382952807
323 13.150349878279815
324 13.320972227921178
325 12.745621135475062
326 14.401458272729457
327 13.745502565510025
328 13.783180267664521
329 12.414453683616625
330 13.454943889348147
331 10.114318386723856
332 12.067921835942844
333 10.225797807860582
334 11.40974871965317
335 9.422060298506407
336 8.636250157619173
337 10.292281234038207
338 10.490562347331457
339 11.088410238854713
340 10.893197743547082
341 11.26652521562919
342 12.17707843173801
343 11.952534420352894
344 10.219135424228062
345 11.524954964255144
346 10.77696453940894
347 9.802028097705971
348 10.118540485558
349 10.301184372399474
350 11.36478261279299
351 8.824634365750798
352 8.828516043954432
353 10.426257755275618
354 11.753934494512668
355 15.767013534276897
356 12.08660330335883
357 12.545204538225908
358 12.766242977468018
359 13.0717506370948
360 12.28048707505174
361 13.13331515213672
362 12.006668531943195
363 12.28510858121243
364 13.364635845762022
365 11.695086324165466
366 12.592919234329559
367 8.146838025216507
368 5.009919976204971
369 7.715900049799907
370 8.520337982038741
371 5.554268125694334
372 6.592997356214813
373 7.138014613676684
374 9.262141770216129
375 10.545598674262505
376 9.530600202758814
377 11.020803867925244
378 12.564614397476818
379 13.516615500853826
380 12.844162912318493
381 13.371015781343658
382 8.677852788201333
383 8.940988086828982
384 10.461347450371493
385 14.24914311565592
386 10.7992866936556
387 8.053217106310479
388 7.241732271839613
389 11.426219566194286
390 11.899478024530536
391 11.100659037739588
392 5.975253586659336
393 7.810391149556552
394 6.528726949943403
395 7.3375031427952555
396 6.681387210997313
397 7.572944795204897
398 7.9773143702659
399 9.784603060987811
400 8.977691239093435
401 4.027639010565003
402 8.188214961233832
403 7.047384144318222
404 6.271601159641723
405 7.24388499471887
406 5.296069250329925
407 6.672709628322353
408 5.324070054837514
409 10.137524360502697
410 7.555728294668453
411 10.912703561015473
412 8.522417310814609
413 10.520953365705502
414 11.968871469091535
415 9.29759633205031
416 8.784411594619728
417 11.433725183073923
418 9.16454122197748
419 8.405802134735412
420 12.301228883061695
421 11.638450726956004
422 8.434014049171344
423 11.116119175585489
424 8.272132514030062
425 10.692272161435389
426 10.825823909332604
427 11.81642379068831
428 9.194433137040889
429 7.766746931699272
430 10.401320585206124
431 11.225076129462586
432 10.18948081414562
433 8.259139969964528
434 6.402556623188415
435 8.222466395704133
436 5.4084112459972085
437 8.33938022754214
438 7.9232879803564655
439 11.455727815253457
440 7.28894724214011
441 11.253592165403685
442 10.328354099902196
443 11.094405633133658
444 10.974704608794102
445 12.566638918873922
446 7.618259492640465
447 11.28831013103987
448 9.58699173769503
449 15.647305460897606
450 10.474190864848655
451 7.036805060032032
452 10.99084672234912
453 10.8884663389029
454 12.133032671601036
455 11.86671043384765
456 12.604469474899819
457 10.567488366330693
458 10.636729120108766
459 11.654433110481667
460 11.148087883270795
461 11.77888336898992
462 12.614194971384121
463 9.703390825915962
464 10.221836160219235
465 11.347728308641736
466 8.692734779813293
467 6.597541667450874
468 7.751032339008846
469 7.961931166149775
470 5.62854232248781
471 5.101189044623336
472 6.7934455866277945
473 8.501636015076418
474 9.414198361333412
475 6.355049838781687
476 9.861643442069225
477 9.139268683295088
478 7.848053442208817
479 7.947521274840349
480 10.148848509765894
481 8.832680870367932
482 7.687036188199156
483 7.115772903878714
484 7.062221749196542
485 9.90862080703635
486 8.256707628671329
487 8.86242795482966
488 6.702512126287873
489 8.234366827557196
490 7.827802460428525
491 7.205880597120534
492 5.9973278510331856
493 11.107683252555734
494 10.258299059480223
495 9.606780298127445
496 7.937958212157924
497 6.998187876686495
498 8.62671003050162
499 10.456445115556953
