0 3.541557373922613
1 3.481257831663321
2 3.4390085313709657
3 3.494960694231216
4 3.964938146361619
5 3.7451262348621714
6 6.134987012721137
7 3.3639228386313196
8 2.6965083662657867
9 4.4889047553302275
10 3.823155311196453
11 5.151875932508909
12 7.920679531425842
13 8.578390465449177
14 5.297617438324588
15 4.281740438887978
16 4.452523494738471
17 3.7127082374820564
18 7.582908605247244
19 6.89145756147644
20 4.738240563697253
21 3.420904383853614
22 3.7975506385467757
23 3.483134652861744
24 4.147858244270583
25 3.7089641601033967
26 4.748028547506375
27 3.7523471388601513
28 3.4828499734229355
29 3.6414101411043194
30 3.346804106265551
31 3.6253659583216913
32 3.465179585986478
33 3.5403741091526966
34 3.6570892915250957
35 3.630230558868609
36 5.052598833978062
37 3.314928426655269
38 3.7286725125577713
39 3.9848776541933377
40 3.288200853400257
41 3.7897353898050206
42 3.5960633486571774
43 3.6741936399741433
44 3.3645754887209174
45 4.059871929317328
46 3.644672464331553
47 3.8771958475124473
48 3.9593502036688304
49 3.344274342842535
50 3.680787477812422
51 3.5951012954465678
52 3.7692024298207474
53 3.9100773210665984
54 4.631286341369652
55 4.015380774385741
56 3.541601114888027
57 3.8246034517204697
58 3.713972329069391
59 4.005474757225627
60 3.946598210888588
61 3.5259831399043025
62 3.7388376038850164
63 3.4782102701297304
64 3.658048580745149
65 3.8174628875194174
66 3.76569450184272
67 3.7755916554403193
68 6.210894543186067
69 3.455463282199554
70 3.7349292710725432
71 3.756042521844479
72 3.9889424878761894
73 3.664926033379344
74 3.632938264931395
75 3.642755958997215
76 3.3948267768818905
77 3.725862812158563
78 3.85036044402637
79 3.964552515140251
80 3.7878963510287873
81 3.9294486549659093
82 3.913693532602335
83 3.7237648504249945
84 3.5880150736476577
85 3.7952243630015308
86 3.989544349704345
87 4.2415819807856465
88 3.7198410964877024
89 3.5203973677986036
90 3.6346159338947577
91 3.5069143135456837
92 3.5406993227502066
93 3.640055279979371
94 3.657255322559095
95 3.5516885886388248
96 3.6476048812976223
97 3.74379075020306
98 3.6145165091362284
99 3.828097322141498
100 3.8002067444938588
101 3.64566334975784
102 3.9058082664382994
103 3.3009491416878327
104 3.5613987582810274
105 3.2876699826527465
106 3.5674366057946947
107 3.5623352077434647
108 3.594843320938024
109 3.936176270360794
110 3.545332945284183
111 3.5924210762134616
112 3.6090661797423085
113 3.7100443571672437
114 3.54921202949171
115 3.68248937428429
116 4.107099638908063
117 3.513837707000548
118 3.7302662649074634
119 3.7129334046410576
120 3.3509905701559637
121 4.366436213311241
122 4.073157693356357
123 3.8852840970243547
124 3.481415156348196
125 3.5711489481422025
126 3.4003745671784933
127 3.8879615442671684
128 4.069743622104871
129 3.556693993448515
130 3.6153890275878062
131 3.7162376635575707
132 3.4860676785139915
133 4.0752801044389555
134 3.6337551481858825
135 3.761795553477675
136 3.747331399424726
137 4.193181001624713
138 4.015891406313797
139 3.681689288796241
140 4.200347983310617
141 3.601366290615409
142 3.2248681263919723
143 2.9936454859997865
144 3.9512836786591987
145 3.313513181161831
146 3.7587328782433853
147 3.946477672955193
148 3.733181408139357
149 3.6063622498058656
150 3.392657638736077
151 3.781616370936304
152 3.9878584365094696
153 3.688470317502189
154 3.6347926139439086
155 3.5919563707899154
156 3.6197124824669533
157 3.179933171768996
158 3.4655956124564016
159 3.6450960223575963
160 3.791910132806378
161 3.3033899088655017
162 3.7529614303482206
163 3.369207264705579
164 4.256142190824223
165 3.8312692886154673
166 3.5644796510462213
167 4.162392586174842
168 3.7545148037699403
169 3.697393366136443
170 3.7855239316372806
171 3.860471766314979
172 3.6876212345194985
173 3.5822977468954393
174 3.599402259417056
175 3.7731071932706612
176 3.7193943267419747
177 3.705337605021579
178 3.7215563164953283
179 3.7417090669505444
180 3.6200412273706304
181 3.8914037106106703
182 3.4533966487779892
183 4.290480631557503
184 4.052338099227742
185 3.4539855404495166
186 4.5686617710988076
187 3.506911370010536
188 3.588679590923834
189 3.6916954201620915
190 3.6038672051267464
191 3.7432126316936936
192 3.824983194136151
193 4.02671365167943
194 3.7654815497361667
195 3.418903473113885
196 3.8112163942810895
197 3.37046397460701
198 3.0991249791525655
199 3.5344094264970005
200 3.7922411162311462
201 3.7364357609110987
202 3.7381308133770292
203 3.1947451228678827
204 4.294604514545909
205 3.7531492301718585
206 3.4537297304357546
207 3.168813608566117
208 4.549888424774257
209 3.730398115803191
210 3.7424846728165466
211 3.728958410881528
212 3.78206002108007
213 3.642526000369691
214 3.7455716762299383
215 3.3685301473967315
216 3.9844868699873617
217 3.7007967426989663
218 4.222888564105912
219 3.4592849831801926
220 3.114167448776574
221 9.090264481917657
222 3.729523242360243
223 3.506224047872538
224 3.8442235597929812
225 3.9687922791467183
226 3.3556787623956925
227 4.181133728422063
228 3.737295761796969
229 4.971887823114567
230 3.7554496495256973
231 3.690557299710027
232 3.7860110576880457
233 4.202985515333289
234 3.589359101246248
235 3.7346976070653106
236 3.5630298757066847
237 2.842999410372243
238 2.8323753456424265
239 4.555124049929158
240 3.5820632612546626
241 4.637794538302274
242 3.289453633521529
243 3.7678216897433043
244 3.6161314119370753
245 3.5795659824563977
246 3.648406558299586
247 3.426187665337904
248 3.71702955179412
249 3.799374208722563
250 3.86240901872796
251 3.5010058360745537
252 3.6704104898188317
253 3.6178582385620475
254 3.8568532440432537
255 3.660138263972465
256 4.047775541928733
257 3.3707779327605683
258 3.975544489268498
259 3.663229295519536
260 3.450662158851706
261 3.8218934198078696
262 3.8779788793790244
263 3.4470984685082
264 3.6822988456317387
265 3.653920487080429
266 3.866825254847613
267 3.545639699417913
268 3.379222596449429
269 3.846427234125798
270 3.3030864998605494
271 3.686601028166637
272 3.3428458999650146
273 3.7911207602030976
274 3.6810319289242637
275 4.104819828889541
276 3.746552057519613
277 3.4672594812616686
278 3.68351516686308
279 3.6143609068231273
280 3.911386640772627
281 3.5955101478192772
282 3.4999483041846755
283 3.7145369237189643
284 3.761731888456991
285 3.869561891432876
286 3.505170198257426
287 3.959123585070389
288 3.7304555613977572
289 3.6447699184406868
290 3.738391223961859
291 3.3201235441872723
292 3.4795338253260564
293 3.5638876047538726
294 3.5918036585532653
295 3.8242771977789793
296 4.414551994484297
297 3.5300901330425027
298 3.8772561715404303
299 3.763355681582402
300 3.4205240532458783
301 3.329550002019741
302 3.6843348077528186
303 3.816162032346263
304 3.9079090003922587
305 3.625059242941996
306 3.382423718548049
307 3.983287941660313
308 5.603893095547018
309 4.092676001081749
310 3.2386332934681388
311 3.70970164131527
312 4.022734124965696
313 3.517997893994434
314 3.9238641793829347
315 3.6879797727027905
316 3.193386603976837
317 4.564777821527262
318 3.8569525065709467
319 3.927110607337455
320 3.938883625024838
321 3.796827846031292
322 3.5592550889411374
323 3.737650120365362
324 3.9221742874675405
325 3.499460085065872
326 3.6202207374707793
327 3.7607545104890887
328 4.062291106078972
329 3.7701791393310455
330 3.445776866704215
331 3.448128988019293
332 3.6271300014525525
333 3.455274564879422
334 3.9491230747164274
335 3.4458206862404914
336 3.7340528556300607
337 3.6025869532418664
338 3.7558938394033308
339 4.1342844632523255
340 3.262164194686985
341 3.5441495814663746
342 4.0431006336733
343 3.6131154201063858
344 3.66986811532657
345 3.9375772487781004
346 3.5311613033545783
347 3.409791219389713
348 3.7977374728140028
349 3.772748279901209
350 3.5351127978054144
351 3.6620911146111013
352 3.479215591654195
353 3.674336412647524
354 3.8493308322463076
355 3.5033645959421564
356 3.933089556662676
357 3.670864504566757
358 3.2667304981796805
359 3.6315152195882865
360 3.5528312998398763
361 3.7937781633596965
362 3.9058540123693826
363 3.6944486199326376
364 3.9256723711134733
365 3.6656539947591606
366 3.552041383738941
367 3.697769132564779
368 3.75314311095518
369 3.584458655895119
370 3.8228396643676055
371 3.5692128571787114
372 3.904055671886552
373 3.8518759546647456
374 3.599860817026907
375 3.3568495542974035
376 3.821806377242004
377 3.6527452554592883
378 4.052629055285215
379 3.8187367104162195
380 3.691396747601169
381 3.739381328088653
382 3.752219993958277
383 3.654066704019157
384 3.491815737216215
385 3.725656171725562
386 3.76283623918094
387 3.6082726242426344
388 3.8457509691865246
389 3.7394037940563414
390 3.775918371174715
391 3.789509745492137
392 4.030233369282527
393 3.771389459031011
394 8.182774331523607
395 6.604207782007082
396 9.613362791618467
397 8.309945520538367
398 8.433189059544931
399 9.060734960949166
400 9.16356944419284
401 9.024933316284027
402 7.592086019397211
403 8.362222639036712
404 8.475519271709185
405 7.698315389906863
406 9.269387115114581
407 7.350271547164624
408 7.4687863123886045
409 7.40850799911317
410 7.0890717350633645
411 8.534822869562204
412 7.257854574847515
413 3.5143343980639816
414 3.753470892603031
415 3.7256291689476995
416 3.568987062906035
417 3.9476517469595036
418 3.486278453612136
419 3.776188797232206
420 3.745185436891037
421 3.6479793907546023
422 3.6117943182196273
423 3.8125048286568703
424 4.463757610221736
425 3.4631732107940643
426 4.514428014331212
427 3.8536995919648245
428 3.983524229708766
429 3.7372973270224206
430 3.581417622564095
431 3.8520627718103304
432 4.015138814706593
433 3.834130588146815
434 4.0443131177008675
435 3.673228517405619
436 3.653914829591734
437 3.431409102536886
438 3.7861659286024127
439 3.7033023195772627
440 3.5969197813524896
441 3.8962224945246224
442 3.622740794483796
443 3.825502401832179
444 3.7405356538604178
445 3.4404778610603497
446 3.4884536507960107
447 3.6187470258351953
448 3.7099354142260546
449 3.635921432083364
450 3.766906799955547
451 3.7632902384516744
452 4.399015991154338
453 3.5530752931498095
454 3.8788610177454177
455 3.556000773223244
456 3.7338719196154795
457 3.4997277308155446
458 3.7926174768028167
459 3.5592029883780727
460 3.8552647368693735
461 3.6777443606602267
462 3.7403445997104585
463 3.871616980312179
464 3.58686855046241
465 3.6536302448788613
466 3.6338597722394836
467 3.5145108479807305
468 3.2244778568263714
469 3.8571771260451144
470 3.618683055948894
471 3.912085855580076
472 3.6472486935458384
473 3.5403277119673433
474 4.92324757969099
475 3.7284250460908317
476 3.7200811988585567
477 3.862934479566672
478 3.5130790078124945
479 3.5977731052188
480 3.626017323940328
481 3.48620456252208
482 3.7420353763993863
483 3.7698593216097094
484 3.6350028924956823
485 3.748240363296487
486 3.7861540892099517
487 3.654450264951272
488 3.796239251649339
489 3.23533048007741
490 3.8051300839542805
491 3.611093450781866
492 3.6203576497786756
493 4.076353932144136
494 3.669187657359142
495 3.6476458178693325
496 4.128877160212246
497 3.8178945101359623
498 3.830747390168216
499 3.4766689779213675
