0 9.737325557586738
1 7.566107442485744
2 8.40837129222759
3 8.366769912917693
4 10.246013914784218
5 8.36540458826713
6 8.520696903758285
7 7.64312235524776
8 8.62820949365025
9 8.370302605772423
10 9.654004440017399
11 9.544562564384556
12 8.581142604522396
13 8.300799807556706
14 8.851730921526805
15 5.3385734957030575
16 6.472838023661682
17 8.191551372208778
18 8.062745507293963
19 6.878970545955275
20 6.440138777579195
21 6.0032862417576585
22 5.490858810552135
23 10.269630535584419
24 8.28004593820994
25 9.604097011113957
26 9.008755057080648
27 8.872896622559846
28 7.936343886772826
29 6.46180338963721
30 7.219694507421947
31 6.709861062450314
32 8.435207638358799
33 7.935418822393146
34 9.547640166166461
35 5.1462688024982
36 7.829303590334089
37 8.887564909230635
38 8.369570551319166
39 10.199886374459075
40 8.380189005664938
41 5.043386827973729
42 9.470327324383195
43 8.761728048299098
44 9.268091008426417
45 9.63003559277534
46 8.970565433936743
47 7.254045399433136
48 5.957159347622893
49 6.451563965452486
50 6.941318705112565
51 6.785583044948363
52 9.13655951487478
53 8.640552527108746
54 9.387536272408962
55 8.15219142050178
56 8.388508996376538
57 8.050663567842053
58 9.463684703531309
59 8.773760840126753
60 9.665375296204592
61 3.623067307170112
62 8.759348574965273
63 7.959408831018028
64 8.436594189189629
65 7.345677346686367
66 8.332947049489045
67 9.05402702876761
68 7.570424617006895
69 8.031306000647003
70 9.899094157986331
71 8.442413908362589
72 8.82156184139558
73 8.741328663337546
74 8.934106157424093
75 7.660731192937884
76 6.870564701307757
77 8.877488959764744
78 5.588136327398502
79 6.754002516119051
80 4.801012868336591
81 5.8676766948450565
82 6.520532857048269
83 5.576503841530671
84 5.8195249427309825
85 5.382464245432964
86 5.021464961325697
87 3.8256100840769807
88 6.466370373070858
89 6.039741713739876
90 5.154634992395478
91 6.1789007898717205
92 6.33539353055174
93 5.567421043352291
94 5.806888851261028
95 6.857173366810211
96 5.75336400488729
97 5.936995268395819
98 6.117066388931054
99 8.517542098810987
100 5.776803172771892
101 5.7621043916843115
102 5.689572469419849
103 6.132273376364631
104 4.9475605186112475
105 6.193848138022158
106 7.0884318682074765
107 5.838454324879365
108 5.522163300761065
109 7.140753251982113
110 5.475270382944829
111 6.198700779282841
112 7.155171418450702
113 3.807910497688007
114 4.000901113249138
115 6.668399134910607
116 6.152668351385032
117 7.275260562109434
118 7.193340933631236
119 5.77243685155665
120 6.4963823171285
121 5.822472242025907
122 6.201196015898638
123 4.9133228862814216
124 6.81026445341988
125 6.296766239310131
126 7.216973941571252
127 5.868997166893071
128 6.898955189747986
129 9.239847590497922
130 9.203178953584569
131 14.719833877184454
132 12.627321590934605
133 11.696456621904773
134 9.194485175739946
135 10.305542398641316
136 7.931977770251015
137 10.855303243984029
138 9.438148328847198
139 7.985348263100828
140 8.28013035947388
141 8.205046333641379
142 8.818660665162326
143 7.950053089056103
144 8.263677551891478
145 8.197538372220524
146 8.767824736453395
147 7.505668398893077
148 8.970972998999281
149 8.685190990534052
150 7.741644175017533
151 6.968894014089394
152 8.556313252862772
153 6.153188872726807
154 12.032899415477896
155 8.706696683727426
156 8.464562151934567
157 8.5636072012686
158 8.487607528590726
159 7.968573321158188
160 10.528911491009117
161 6.936297036504818
162 6.378852648443605
163 5.854149701209133
164 6.055693481522426
165 8.503339511758671
166 7.164023445989678
167 9.019325276907404
168 8.239313554250085
169 10.01754118411439
170 9.331801417980392
171 9.66762819232829
172 8.083494681152255
173 10.673354866258997
174 11.075491189592265
175 12.836362509920207
176 6.045663616665586
177 10.112811170156712
178 9.012034778066027
179 6.327933744868129
180 8.21901161615999
181 8.049984491114746
182 7.694034298709127
183 7.078109841503081
184 10.421786338922253
185 8.841224364717473
186 8.903437567698681
187 8.297726410306355
188 8.47253853949387
189 6.723688467185812
190 7.363365403085854
191 8.928745758951061
192 8.401882119538067
193 8.346756887566064
194 9.171444580892807
195 8.118300837429734
196 8.894693758399583
197 8.205704389990188
198 8.051597282751478
199 7.469093300947311
200 8.223752888280972
201 6.237215177730086
202 5.503784656568263
203 4.295622013931251
204 3.9440405665128977
205 3.6276486514073722
206 3.538438190539137
207 4.576041134342927
208 5.737435335736443
209 3.7306489584052365
210 4.12782853614605
211 3.9957011816963304
212 9.255061871399942
213 7.6931848967191065
214 6.572503423819251
215 7.396882788265564
216 6.254606996237537
217 3.957794269697915
218 5.993626570967883
219 7.279055661913065
220 7.088657364127927
221 6.452628766937476
222 6.286165332309547
223 6.295786507045517
224 7.373684212353721
225 8.734822137073715
226 7.033078209587514
227 6.371397856635514
228 8.071367887693095
229 7.872107982775568
230 6.596751977773396
231 9.133515195474628
232 8.696838261193884
233 7.6920273605183365
234 5.6614154877376
235 5.264360343070184
236 8.222290657509447
237 8.613469982507468
238 9.742001721865677
239 8.552006331633713
240 8.615593773546754
241 8.248393384060961
242 7.916246891934282
243 8.42266906398038
244 9.546347729523408
245 8.965760975456973
246 7.9268802293954606
247 6.786173370721305
248 7.231299770524694
249 6.7275660190545965
250 7.237489439354671
251 7.787216028230436
252 7.357226038766987
253 6.7984839766325065
254 8.197273057207516
255 6.143331119283145
256 10.250080277492453
257 9.413731159951336
258 8.26997405726975
259 6.880532346007713
260 8.999541574918856
261 8.857552213289631
262 8.367303116605902
263 9.32802140055153
264 8.235379020268942
265 7.804305883714007
266 8.485258694497913
267 8.77393158820298
268 7.482609116163318
269 6.650888096683872
270 8.063985893063187
271 8.60487109461848
272 9.162310368852033
273 6.5511202364431185
274 6.764718569169815
275 7.6266109870638195
276 5.944760309400955
277 7.240131936214806
278 3.870774959236155
279 8.331896364537549
280 8.851056840523944
281 8.270410416770632
282 7.945374498233406
283 6.653814716012881
284 8.87764819020612
285 8.924472921476571
286 8.573655515946111
287 7.4412975085497495
288 5.193572826853078
289 9.682492409850209
290 8.92506433061511
291 9.75054189291776
292 8.749314349772858
293 9.3966972843165
294 8.35581738377237
295 9.242721672487574
296 8.522502626394168
297 8.327280109046903
298 8.495578725377705
299 8.898150658656995
300 8.85372797138555
301 7.902334733391206
302 8.916404562911804
303 8.740610984995236
304 5.4309911141633584
305 7.959280004685441
306 8.61602609974673
307 8.955443336710216
308 8.97151557437232
309 9.098509204627641
310 8.518773837761005
311 8.096610185531548
312 8.44827748647848
313 9.003492141938137
314 9.855297357889036
315 10.79152172363838
316 10.812122944197133
317 9.013509774013148
318 8.327331579919447
319 7.764131679632901
320 8.671143465064791
321 7.842576246695316
322 8.588902186361405
323 8.230736139633766
324 6.104305479160557
325 5.899092091284024
326 8.52342774597246
327 10.43558849697682
328 9.29702432337098
329 6.852056712850667
330 3.536881777007964
331 9.26966827053498
332 8.464895620532417
333 8.249945949481933
334 9.794673365927014
335 6.604263431281976
336 6.7518908414021155
337 8.072068376973279
338 10.491615107745183
339 8.063765093150337
340 8.71340814511435
341 8.817834044289027
342 9.353201348633727
343 8.354727624664957
344 9.136793111990544
345 10.982222438084657
346 9.088051339271578
347 5.754375174795239
348 7.175840262376027
349 8.715061456775686
350 9.504753054740151
351 8.531170493366938
352 8.97378019684442
353 8.259305757358842
354 8.672255409952358
355 8.886899892381342
356 8.653108754748512
357 7.861967104072522
358 9.306900053624528
359 7.898098977994268
360 8.50818918730067
361 8.290505915761239
362 9.076016958034428
363 8.076557660117006
364 9.06133148255289
365 8.193251470662986
366 5.950743759408751
367 6.641271006921743
368 7.131425223824274
369 8.867141657322508
370 8.258015961454328
371 9.246431779444613
372 9.079282105605559
373 9.260692739533786
374 7.851405454431776
375 7.1764981686613165
376 5.648827304886452
377 4.967244018787676
378 6.307559349833396
379 9.102683196978642
380 8.399841727306159
381 8.029278062030029
382 8.581235709022954
383 9.170207927001501
384 7.809533368701973
385 9.796511709945568
386 8.530182274132148
387 8.246527722268612
388 8.180955769102644
389 8.452719279894726
390 8.703275205021681
391 7.921909015171755
392 8.080744588214726
393 7.168356861221574
394 7.228518859876899
395 6.941238838190062
396 6.06322209068324
397 8.792151326412233
398 8.095820893610728
399 7.801497163046174
400 8.550796870185817
401 7.71367473054166
402 8.710160617653703
403 5.8688963683934725
404 5.813023513128643
405 5.680197375592549
406 8.220792837995173
407 9.818276928058909
408 7.975891184486671
409 9.708769075227636
410 7.559895877228179
411 9.526964691248217
412 8.900809088537509
413 7.897446518854615
414 8.609770265140977
415 8.503983821030694
416 8.14325822636535
417 8.491017954772754
418 5.930558485110721
419 10.517781112974314
420 9.26914233029064
421 8.011505980340896
422 8.54105022839267
423 8.675944849054542
424 8.428709450177664
425 8.555456302007238
426 7.5622123743838365
427 7.695688378637842
428 6.494422308698862
429 7.870634720702356
430 8.156547015270371
431 8.522585849205715
432 8.278808702351384
433 8.058546237643805
434 8.016474579671359
435 8.03750562058272
436 9.43496165767084
437 9.01071556025165
438 7.619936730386018
439 6.855882645263552
440 4.050856964072278
441 6.8796390280277615
442 8.684322084197856
443 8.661918040731903
444 9.554350833138262
445 8.74265479911571
446 8.967484520554827
447 7.895636313465767
448 8.325176340654025
449 8.914413780704683
450 9.858871932435378
451 9.624949611420872
452 3.9215256022741576
453 6.9224231758927175
454 7.647611689626297
455 6.665332050536342
456 5.890361322674009
457 8.117485857940519
458 8.499441143815028
459 7.863039353852195
460 8.975815433407925
461 7.989497126177362
462 8.720236322791628
463 7.9465812436098116
464 7.981985652159211
465 9.823971338878648
466 8.927737739891667
467 7.7491565440260635
468 8.551151740351202
469 5.670484667987267
470 6.388883529287084
471 6.2777553670909425
472 4.393985932330883
473 5.973890325174221
474 6.727351021092562
475 7.042594515706443
476 5.616659968177345
477 6.946762147841944
478 6.263806037779209
479 7.919162572974298
480 6.740881027257722
481 4.401079465261923
482 8.299970661692932
483 8.511792973798299
484 7.242970799659698
485 8.895231214191947
486 6.03808381713532
487 6.857251650169484
488 8.259365587094505
489 8.47529529137498
490 8.323650725939872
491 5.824636906364354
492 7.627620225411424
493 9.163007958409475
494 8.768363134899833
495 8.725515628490003
496 7.2780566557659405
497 8.395387860537229
498 11.570556535091116
499 6.14250344521379
