0 3.530553264809361
1 3.9260495793429366
2 3.7413086987996453
3 3.894671717769487
4 3.5685914282836495
5 3.991128151350076
6 3.7042592293352574
7 4.033885483159432
8 3.4790477417350907
9 3.650435999659241
10 3.619767834837109
11 3.911002173142211
12 3.59058520034013
13 3.634240876659768
14 3.514784759982745
15 3.6896592614700054
16 3.545617638833704
17 3.4307746855867034
18 3.5693270709459326
19 3.4794523057354496
20 4.183530754373278
21 4.0177963844045435
22 3.503867379029905
23 3.527819374903995
24 3.386917173081835
25 4.586690795839609
26 3.6203053987262535
27 3.713319853638601
28 3.8991478029489324
29 3.512127163768103
30 3.3928460820984667
31 3.5100240241293688
32 3.5127192414095694
33 3.7747700667311146
34 3.672120322266286
35 3.483391649030659
36 3.4940974573624963
37 3.4971775449402718
38 4.102680926533837
39 4.48148253660895
40 4.738395349133226
41 4.965362062066544
42 5.279287537940953
43 4.162885271850743
44 4.2266954872944895
45 4.192779169295796
46 4.24972192072259
47 3.9524431178032016
48 5.816358153650231
49 4.401810010461436
50 3.778777665815706
51 3.5894543530853587
52 3.587706148377753
53 3.979751615268301
54 6.87929187425661
55 7.23625512873478
56 5.99962813042171
57 4.156682553982855
58 6.215578935519748
59 3.486411403557773
60 4.013052602270766
61 3.697237638358472
62 3.4296865409986865
63 3.666518175927744
64 3.3891456743761608
65 3.6126122804251923
66 3.6257501290520064
67 3.4324914405240556
68 3.322997359505772
69 3.7326656316148976
70 3.4981228076192554
71 3.8817427688546293
72 4.182434772175239
73 3.872237809603812
74 3.990599305134948
75 3.5191794600480453
76 3.6218666514302473
77 3.3500605802514167
78 3.732805447500786
79 3.4896320579730897
80 3.5940379875770274
81 3.549958696861585
82 3.5935230770221356
83 4.0239163362298385
84 3.4286959752268102
85 3.5399081143626647
86 3.7318630007608427
87 4.013016191406453
88 3.6583072597668416
89 3.6262955692557175
90 3.479346360849002
91 3.5599560174550007
92 3.487766811288004
93 5.946928959705847
94 5.81923365756167
95 5.845053083311627
96 3.905754327523134
97 3.5626305401234757
98 3.376655714635122
99 3.5355321197034946
100 3.508100605142946
101 4.004339142969147
102 3.88102637079644
103 3.8865581329821843
104 3.489364067486438
105 3.564233118424327
106 3.8529205921354794
107 3.41178396644318
108 3.649363746824392
109 3.7925227421763017
110 3.5416146239436754
111 3.427710947900702
112 3.5493634558555884
113 3.4950109155413034
114 3.3108348716006786
115 4.64124263414042
116 3.6388843989737554
117 3.8246889490300453
118 3.4450893598203494
119 4.530148335036483
120 3.7686089284451056
121 4.38555922876288
122 3.5397229274785365
123 3.55450133346957
124 3.499791218327056
125 3.491437312719876
126 3.7009045894030597
127 3.4118890435497473
128 3.5197897047515165
129 3.6439898091395757
130 3.568157493815854
131 3.8677275011181984
132 3.319565060589791
133 3.5451825113127793
134 3.7720245886228336
135 3.7386976278168453
136 4.4591293379784736
137 3.4116909160038835
138 3.5966627404723415
139 3.628587255724637
140 3.864636450811804
141 4.100290710292308
142 3.4328013902408006
143 3.902614276246588
144 3.8130192550321356
145 3.79818991010583
146 3.2509970973186433
147 3.787203535049445
148 3.515649888268534
149 3.514430986630101
150 3.6583751912271767
151 3.5403131759230573
152 4.367456348023551
153 3.8445681799168505
154 3.6703865634795583
155 3.3961667033615135
156 3.6246799325477306
157 3.3637737851644944
158 3.6698300421758776
159 3.5640859599736388
160 3.8559190422666867
161 3.628906172991953
162 3.7275886184381752
163 3.5219488891762616
164 3.655755573213488
165 3.475041319878692
166 3.78796763795061
167 3.3660422402164474
168 3.3191733345057837
169 3.583772049955021
170 4.026609533154128
171 3.874188538136606
172 3.757440563383406
173 3.6424950911201908
174 3.5494478575836403
175 3.759581619983576
176 3.3531773853799214
177 3.571015575928959
178 3.9076027017668062
179 3.376561015522134
180 4.146169312089198
181 3.645492102982328
182 4.592164100237118
183 3.53521076863353
184 3.5894068775283423
185 3.721879661540568
186 3.629130265541056
187 3.9228518455575996
188 3.5486644519507244
189 3.9430265176978474
190 3.642095357472258
191 3.789769059628897
192 3.7121943794537615
193 3.680323706197269
194 3.8797769995262392
195 4.300163147014563
196 4.0340716085677775
197 3.850979761722134
198 3.619836444393071
199 3.8826475252112225
200 3.8395301787949903
201 4.231399234517725
202 4.148052096484293
203 3.576990047327998
204 3.4971276390697636
205 3.700629006096024
206 3.5181945869261844
207 3.928250262163232
208 3.5930234662275273
209 3.4304103224663978
210 3.85219332763674
211 3.5957453949792324
212 3.3359681289575316
213 3.523109034552808
214 3.8644397387765994
215 3.7748772108312605
216 3.676279130894569
217 4.565365366101031
218 3.6368438229606364
219 3.64464969928012
220 3.663155500610892
221 3.8580060253938115
222 3.390419884998624
223 3.868175477481763
224 3.4647274485274977
225 4.253602586042217
226 4.036343853294113
227 3.620206770173384
228 3.612116869113256
229 4.173037814248661
230 4.148605133264721
231 3.6714038856962663
232 3.8357006202792596
233 3.8858818607846075
234 3.5626307346468558
235 4.412465672565286
236 3.6597097772806815
237 3.6231889202367826
238 3.6351393502962472
239 3.6455082479892043
240 3.583181974602843
241 3.64921968218364
242 3.863491548093187
243 3.5150082998572443
244 3.7715393058728908
245 3.6939436983139884
246 3.6032763953886118
247 3.6469172828543943
248 3.6775042876260486
249 4.505107243044323
250 3.527424190324198
251 3.9652677528908264
252 3.7853501129430063
253 3.9890183707942484
254 3.9595816803813246
255 3.991655978691259
256 3.6400244245260893
257 3.7029545454233177
258 3.665053010444734
259 3.6595108860594916
260 3.334159392309437
261 6.194472206285156
262 5.537389199503245
263 6.3963240441404094
264 4.08022430019431
265 4.432508538027218
266 4.318228505794643
267 6.003491607305187
268 4.298887577322831
269 4.714880725860534
270 4.331126300606947
271 4.052609849667261
272 5.2506581177944005
273 4.351273416465815
274 3.893187046280637
275 4.330739422518639
276 3.9568754860516484
277 4.44741530666907
278 3.970550633736086
279 3.9681456311316303
280 6.138059882035687
281 6.160284427986217
282 5.272888332128266
283 4.391107621805982
284 5.329288764533093
285 4.166401819085117
286 4.786050338292489
287 4.454784088879863
288 3.780916109766816
289 5.547763430598839
290 5.265080947396469
291 4.816265336964435
292 4.639614168313604
293 4.791747640127357
294 5.977282746314549
295 4.720762177324521
296 4.167771942161607
297 4.479271268590867
298 4.934859788978695
299 3.893917089678469
300 5.101965753449806
301 4.0827358967560805
302 4.405044508832888
303 4.336989963925214
304 4.020628740233897
305 3.7097226838352824
306 4.389002055129555
307 3.540524604597083
308 3.755386045645835
309 3.83824943720551
310 4.104756328976312
311 4.319996524220825
312 5.121056971557627
313 6.560151618771106
314 7.667472977469859
315 6.538128153726147
316 8.098133289104991
317 8.309783775525931
318 6.598648427057313
319 7.952062341006923
320 7.346422423335257
321 8.686688454505278
322 7.775192629422036
323 6.152754810856507
324 7.818997520072513
325 7.5538191559022785
326 5.695248276580517
327 4.846163153630675
328 7.664571936253492
329 7.6577070471322735
330 6.223210560754558
331 6.320051197615867
332 5.565515429455917
333 9.103444374454916
334 7.295648245966846
335 6.5167430061969664
336 4.720988946468278
337 5.375048660548031
338 4.337535534170103
339 4.06504967444557
340 3.64934571482515
341 3.952122057754229
342 4.046810859512866
343 4.3249230059965935
344 4.134742598373789
345 5.68106777945509
346 4.140127442834427
347 3.4282293920203073
348 3.5916454233937976
349 4.103797444952494
350 4.033380754520776
351 4.1947834192651445
352 3.9938919173686993
353 6.759724429107442
354 4.911627361733118
355 6.520578687143616
356 5.796220156951559
357 6.831811799128163
358 5.419758194394897
359 7.195987232385457
360 7.453874901284649
361 7.356673777305545
362 7.851046100914657
363 7.222827530036359
364 8.55971500920442
365 8.265951969706158
366 6.9388643649681745
367 8.815943878249403
368 6.1907357158305265
369 3.4505721074778672
370 3.3399023526963574
371 3.423636590269397
372 3.3328380724027973
373 3.877124183289549
374 3.6832216260371746
375 3.835330731813539
376 3.4739152651768075
377 4.829094891764675
378 3.453029536635401
379 3.99647720291893
380 3.4773891570208377
381 3.4597136081370223
382 3.3647158080253123
383 3.5509362045985835
384 3.6342937242795
385 3.527834200497604
386 3.3176931620068757
387 3.863051668277525
388 3.290662879909242
389 3.529484490206046
390 3.5103956416182176
391 3.5928513482762177
392 3.6206759754177873
393 4.024224595403582
394 3.721201916529977
395 3.4389047837844666
396 3.6175003813537177
397 3.5981460709660156
398 3.8336523764787995
399 3.4968432751360177
400 3.5590224746313974
401 3.4687434141566493
402 3.613716129015933
403 3.549122971012412
404 3.3924840705119466
405 3.6595999765256475
406 3.7308811980059975
407 3.416436471203142
408 3.814245634802839
409 3.60369026432633
410 4.013208718356366
411 3.6404197421771443
412 3.3670270891959495
413 3.4053429000864326
414 3.5485753729060954
415 3.880679285248108
416 4.067957851396445
417 3.4918308355115784
418 3.402327750465129
419 3.39068426101406
420 3.54861948310112
421 3.4068375207500163
422 3.405425344285879
423 3.6280216643898124
424 3.6716637627313897
425 3.5887414192192026
426 3.387039119476271
427 3.880938386455643
428 3.5834432120047817
429 4.03415149484323
430 3.933461222723847
431 4.166396827685525
432 3.6128849931368645
433 3.747001424188006
434 3.7084181269209284
435 4.054761188661213
436 3.5611040896775954
437 3.497325467135948
438 3.674614255724677
439 3.4188003732196
440 4.105636411057337
441 3.523569459973065
442 3.7488812043425184
443 3.519896259439123
444 3.3972044071569085
445 3.560471176164762
446 3.5012620847153415
447 3.3569952525394706
448 3.3927414792054447
449 3.697851458198368
450 3.36695263694676
451 3.4400110750617445
452 3.8258005889018545
453 4.19595123267817
454 3.6408122608591813
455 3.5301252628684874
456 4.2424175361023835
457 3.4830929568448483
458 4.275753347927744
459 3.4660557695676593
460 3.383296220087291
461 3.9638286590223557
462 3.828794504472948
463 3.527678030059976
464 3.5887908515168068
465 3.536421488635951
466 3.8607104111628328
467 3.4313664656821863
468 3.368005463701095
469 3.546275980862633
470 3.504987437499162
471 3.4771742231412723
472 3.5069941404230263
473 3.646207344519493
474 3.642921911314198
475 3.6044522251590014
476 3.4996151274990313
477 3.849497674807313
478 3.8364785504734598
479 3.442240951865085
480 3.5844366516445074
481 3.331135957406942
482 3.503900205310507
483 4.130903667356291
484 3.5811117638027348
485 3.4739844049733404
486 3.453611465243054
487 3.6434784162375227
488 3.7530478711166704
489 6.664958293114767
490 4.744567255382847
491 4.017404592977104
492 4.61893655670656
493 5.686868145806701
494 4.463848886422964
495 5.0561231475986075
496 4.11124383733358
497 4.0517213785114325
498 4.723695977731929
499 4.323480416337583
