0 10.154256312189121
1 8.753904034103263
2 8.703207423032806
3 8.634801084374647
4 8.619012173984574
5 8.747012346254833
6 7.367365597238952
7 9.431534482174985
8 8.197099156281448
9 8.417287252450972
10 7.3122032196257765
11 8.641254554570331
12 11.796168808838535
13 8.950651845985735
14 10.40560376739198
15 7.942005876361879
16 6.703762342902603
17 10.560117311878145
18 9.487375083293244
19 12.117691617174197
20 11.647969293589096
21 8.149919772389216
22 9.444489096825778
23 8.20991799423761
24 6.844869308013478
25 9.032150832574638
26 8.226243428572
27 8.447407928358075
28 7.947567779429472
29 8.248280663278589
30 10.291757625537306
31 7.1489575108398515
32 10.674481778868849
33 10.447827237957076
34 10.843666142808486
35 8.186201154762585
36 11.717990211057584
37 10.675794180106093
38 9.4141658517455
39 6.104840373130586
40 6.514320502282239
41 7.559544247549359
42 8.484646391470973
43 9.776849801010803
44 10.0755851564074
45 9.738167670858584
46 7.629313533066894
47 12.051145980379669
48 11.477482856471937
49 9.677870515324893
50 8.577233264907594
51 7.621018786519948
52 8.898480408928394
53 8.374803546524936
54 11.475000591875759
55 7.999175029018349
56 7.945635901523073
57 9.585546591300087
58 7.760110944221095
59 7.7492610525201835
60 7.977280813415344
61 7.849396149257703
62 8.707405257341218
63 8.123111074465802
64 8.071347707149103
65 7.8133431207025215
66 8.312701905738077
67 10.405564313031764
68 7.902810610631327
69 6.412693668286963
70 9.420987252622089
71 7.740769814997091
72 8.414522605993028
73 7.713587262795915
74 11.159817410658874
75 10.432709868739448
76 6.604226301258661
77 7.262421309628657
78 7.786906028267299
79 8.39368563405676
80 9.420363016878285
81 12.29216451954605
82 9.07984877145781
83 9.809706049947831
84 10.835217331823968
85 10.14259871056547
86 10.364458158053283
87 7.73878799546586
88 8.17663454123254
89 5.883229302079175
90 9.364952000379533
91 5.998951017606253
92 7.782939121787399
93 7.296391044235577
94 6.0936848859418
95 6.566985940623652
96 8.408352070538
97 9.06592888202421
98 5.533684477525071
99 5.953705827775591
100 6.426413949612957
101 8.431200599469111
102 4.746926701283429
103 6.776448875955568
104 8.769044225977668
105 9.780501464976465
106 7.409173088815542
107 7.163030425120183
108 6.19515682630711
109 5.565969118193305
110 6.867565448583468
111 4.370148775026445
112 6.022245941253486
113 6.0028131214033404
114 8.910618879839257
115 4.505135572677822
116 6.217727159527292
117 6.878088089620195
118 7.141055394151567
119 8.021138378660806
120 9.041305350101677
121 9.526399561350846
122 10.809933889632086
123 8.04642390468456
124 7.177631497728614
125 8.33047495081609
126 8.008090380523162
127 5.658602714372703
128 6.696425339820736
129 8.989258399603822
130 8.046043740619472
131 7.540896956061366
132 7.540797193952707
133 8.64893830248236
134 7.712913828800906
135 7.371684155267027
136 8.191517493800674
137 7.201592761184532
138 7.862280364232403
139 6.65342181897494
140 6.558967597063975
141 7.4509783754716015
142 7.398230136617363
143 7.3330099865593015
144 9.64535910801003
145 8.85118943407164
146 8.67144642333283
147 7.060220264841078
148 6.237355181786433
149 8.077540781648285
150 9.148600681332884
151 8.503378396635465
152 9.826425387401752
153 9.138283256090423
154 10.10735658091522
155 9.273822232958265
156 10.052722573910344
157 9.571646152860612
158 8.323036269482198
159 8.210080100551073
160 6.858040289212419
161 9.660259439973288
162 9.060311577673222
163 7.124736902839586
164 8.191219651288888
165 9.10155590054032
166 9.900921609822094
167 9.005626974157181
168 8.419985173682923
169 10.199342591005072
170 9.30161040415761
171 8.722629215426364
172 9.01749736255109
173 5.7156382755907424
174 10.693326760487922
175 9.143219466283536
176 7.412923508175738
177 7.440870694900881
178 7.481498055821828
179 7.0843652648763875
180 10.088688140419432
181 10.233067312903977
182 8.073744405987847
183 10.018995994422427
184 8.77795148477867
185 9.11633961053458
186 7.966136085241787
187 8.858161585496006
188 6.996485893506555
189 9.099472169439021
190 9.031619843641076
191 8.95178390244109
192 7.49857011863787
193 7.288524581305654
194 10.913624958018989
195 9.39544014659438
196 8.924352395658312
197 9.586217095661134
198 6.990790513160439
199 10.037366225527755
200 10.011638609579567
201 9.505353980835283
202 8.76588646690141
203 9.099234359448891
204 8.799443650488497
205 6.834006661070035
206 8.515401825349329
207 10.15134505401012
208 6.898967452085396
209 10.49142336554272
210 7.158250854975451
211 6.564177211133394
212 8.430084603160738
213 6.787149389858972
214 7.647314533444344
215 7.4318779466148746
216 9.21147761413996
217 8.45371382334008
218 8.911656115212756
219 7.069346204347594
220 9.170854037795712
221 7.341983823508337
222 10.470385948125266
223 7.4509847617839124
224 7.566764247216688
225 7.978298546551326
226 6.443154165707276
227 8.033132223269115
228 5.812714651558087
229 7.052992754661674
230 5.612864600517213
231 7.745700327820204
232 4.3854007798034935
233 6.5176438595831145
234 6.237441634114245
235 8.168704722857273
236 4.557517570374323
237 7.030075908085966
238 8.672885636684859
239 4.314453835068372
240 8.810363711044394
241 7.10395350971727
242 8.301973963825256
243 5.1016296068668465
244 7.578142147304679
245 8.642628358050244
246 4.752904947093478
247 5.725326269605878
248 5.134271186057911
249 4.518731534929979
250 5.112708081778323
251 5.261899383969604
252 4.432378035842954
253 4.581947605993061
254 5.084736698594629
255 4.775482701253678
256 4.555769557358072
257 7.0703043546774635
258 4.519207900475419
259 4.457042573387705
260 4.287266191861633
261 5.457699091241953
262 4.9711585498190205
263 8.501214970724233
264 8.026413801661766
265 5.454807421786027
266 9.5358599270286
267 6.37501231573907
268 4.231083141449868
269 4.722428921540926
270 4.53129224241059
271 4.614116459872055
272 4.51239930113967
273 7.396744881737622
274 4.943752949834803
275 5.391933122145474
276 4.684939378774651
277 4.979830756652002
278 4.5609786272058
279 5.418334724622496
280 4.476775170050625
281 6.161147928715889
282 7.89562839364356
283 7.394256912279182
284 4.499648832318686
285 5.830003662126559
286 4.460324701320659
287 4.574538266778736
288 4.1124869180525305
289 7.3174175361266505
290 4.9064231942007925
291 4.480425364867736
292 4.708670155593241
293 4.27642375871246
294 4.801481995873541
295 4.320791424573829
296 4.653107848516319
297 6.21877968880466
298 6.083889621773553
299 8.25336187728063
300 7.363254843736383
301 4.736456151077568
302 6.132851492734289
303 4.517881205548884
304 4.382385348278783
305 4.849765538086392
306 4.653453672394788
307 4.696265762602409
308 4.3229531996310815
309 5.693545683529679
310 4.941593352906515
311 5.31678389577592
312 5.8521347026590185
313 7.528334621274384
314 4.902571871113152
315 4.8827631964152225
316 5.614683544089148
317 4.492021156674843
318 5.578207474720816
319 7.39622755224505
320 8.201157371188001
321 6.395059274810362
322 7.825624951958007
323 8.286684249461045
324 6.180072159042075
325 7.929008193685606
326 8.045736940326188
327 7.043189659577795
328 9.219833947405592
329 7.050556535216147
330 8.353308682601176
331 8.295908934514186
332 4.416981842077746
333 4.458896784073242
334 4.44252130126434
335 5.454021268676275
336 8.477731192504503
337 6.761178069820565
338 4.699864378338939
339 4.3725876578320895
340 4.219688652343002
341 4.602127349512068
342 9.10880398802559
343 7.1424582678234785
344 7.478677593282978
345 5.995205936079668
346 7.179482822556548
347 4.345922592178709
348 4.686146889681901
349 4.371214639391779
350 4.635470462116898
351 4.399791908578939
352 4.5838055062430785
353 6.1565970962767445
354 4.929367935563608
355 4.605497448112936
356 7.993643804492216
357 4.630049594977144
358 7.419933444710583
359 4.774688989603113
360 4.707778881430134
361 4.749047882004746
362 4.6271316491298435
363 7.3167417706202
364 8.156481590294026
365 7.560651424573955
366 5.313408470732147
367 6.761458149356638
368 7.861174197714371
369 4.557385890261317
370 3.742601571055879
371 4.41882120856033
372 4.549365104255449
373 5.644562081988339
374 7.2002770815585695
375 4.527151764362733
376 4.5043734275033325
377 4.369250917021423
378 6.764311016476166
379 6.470830240024757
380 9.056868157211824
381 8.199322588267059
382 7.002441707785501
383 9.80808617392648
384 8.569842023482359
385 9.547294135898767
386 7.4128946447106925
387 7.30495779375306
388 8.328494383449973
389 7.120269089800008
390 4.685901999771416
391 4.603793922537165
392 7.4782237188554035
393 4.36278281130161
394 4.506752762348333
395 8.929208707276214
396 7.717750582849539
397 4.463787483364788
398 5.999160565536983
399 7.765552119568585
400 4.877322935500277
401 7.259866184186773
402 7.89585508613052
403 9.07318468036752
404 8.561230268871972
405 7.629222212799176
406 7.900633835002985
407 8.180007329821887
408 7.456231445411698
409 9.188191251312087
410 6.769106429196283
411 8.63274420887566
412 7.44702191218398
413 6.299457499356519
414 7.292796501259479
415 7.509854168222513
416 7.704141490545998
417 8.874212114375222
418 8.678807520160127
419 8.504551941198923
420 7.562046486121545
421 9.041283176561059
422 9.453143772556018
423 9.060911937680883
424 10.69859652948984
425 9.144647450865008
426 8.69625924869383
427 10.14407088810069
428 8.912182054896576
429 7.657495438694217
430 9.479524635890895
431 8.573175889757472
432 10.47557526843002
433 9.870048972400667
434 9.045190128105707
435 8.336769688905047
436 10.8497779696682
437 9.598077139753581
438 9.362056045471123
439 10.737775120767887
440 8.833821366988948
441 9.478656159932678
442 8.803765881803344
443 9.889156024345336
444 8.263945030979981
445 9.414585800396384
446 8.574839169264553
447 9.115361226338079
448 8.359373192324664
449 9.573521010096329
450 10.568624235335012
451 9.338963726881202
452 8.409764624437392
453 10.330510932682653
454 9.204032971809344
455 7.439127967946025
456 7.781819750194041
457 8.195427423278826
458 8.538300097194577
459 10.090751996108688
460 7.677833029570014
461 9.270349144492963
462 9.587962133748356
463 8.126501872917027
464 9.372532825118329
465 9.459673542758402
466 9.703371277583626
467 9.404662949557546
468 9.16790881482749
469 9.172057065263138
470 8.587064959119136
471 9.266327886192355
472 9.703042308022594
473 6.291871308378575
474 9.798285468534406
475 6.763573306261063
476 8.527993444102044
477 10.482590401423941
478 9.149962380377124
479 8.406439966123685
480 8.871150725514433
481 10.05784360245248
482 6.69584298995827
483 7.734059498452178
484 5.857546712692887
485 4.982314121739114
486 8.934145266632921
487 7.7359604690167885
488 6.8748430964672185
489 5.226937926400965
490 6.488553915829884
491 9.059016162057514
492 7.0212895061175375
493 9.541782986149382
494 7.95110194979111
495 9.413385520603441
496 6.580971988866245
497 7.229901558291904
498 9.000293177054013
499 7.848515548090961
