0 8.288554648494957
1 8.44205095378542
2 3.758463474863566
3 5.244308629920395
4 4.398570738905401
5 6.923237329552954
6 6.924187435516186
7 6.190047532314071
8 4.006506000637628
9 3.817445661282831
10 3.7000228342537436
11 4.624302575805714
12 3.047083827933989
13 3.8955110358747382
14 7.7195431160001595
15 7.648656727948339
16 8.777784164370054
17 8.405993744618788
18 8.717680509846469
19 8.456798341494286
20 6.274655165439722
21 7.301906469612552
22 5.981670749923568
23 6.931345930750434
24 5.892848347630236
25 8.179537757866862
26 2.9028420443885135
27 3.592583707362467
28 4.309460321114917
29 3.7260172551106594
30 4.04973203974198
31 3.82756662442801
32 4.044885530727978
33 3.381138048615073
34 3.8676511604832875
35 3.7283319862666544
36 3.8259646593718357
37 4.010578486026668
38 3.908291410821899
39 4.058188407637828
40 3.9859753326188807
41 3.5243781446091567
42 5.60033195166254
43 4.072131296374822
44 6.085872432667658
45 3.8183161770576564
46 3.7430706798629045
47 6.0167584572289465
48 3.954642337872507
49 5.7987838933074585
50 4.389224652833379
51 3.779709212530686
52 8.528105995917272
53 3.8725312161473813
54 5.398106395232977
55 5.1742305146932175
56 3.828691100854374
57 3.9538960624906667
58 3.7820021499949545
59 3.735719176230308
60 3.4507629524242853
61 3.779407550959573
62 4.075831639593329
63 5.655331626893582
64 3.1301736970694147
65 3.7382463762841307
66 4.046633887976359
67 3.423005948752863
68 4.111442596978703
69 3.821689425388924
70 3.9022641080717175
71 3.8384748098948465
72 3.4742360763968563
73 3.705022602029911
74 3.998218888445545
75 3.2637768931614897
76 3.5596016977428464
77 3.694280442078243
78 3.635945938451491
79 3.815262695543533
80 3.6368076755940995
81 7.628584608816077
82 7.384862905115803
83 3.8701895574617793
84 9.55659754289042
85 8.746192657163306
86 5.671337040257652
87 5.585135427080641
88 3.7460635650922476
89 3.7896579838523854
90 8.322472814431315
91 7.804661807998259
92 8.790220462295059
93 6.883105815028177
94 9.300102276107651
95 10.306940340238667
96 7.05530648786672
97 8.085376927226385
98 4.780083841121639
99 8.998155391652178
100 7.246777535035587
101 7.701657885189188
102 7.242629192606187
103 6.838581402076945
104 8.700095551525125
105 7.6252265605074685
106 9.285689501882823
107 8.95519217528611
108 6.930764876645764
109 8.37479088902917
110 5.391360605918123
111 7.658315655752255
112 6.303591940062203
113 8.220819881770904
114 9.384134943729048
115 7.579611676931293
116 7.230033559238109
117 6.094585057687414
118 6.5725095360363035
119 7.800585233271811
120 7.914722023094096
121 8.34992937095604
122 6.798401293866035
123 7.657739435388266
124 7.862478592037375
125 8.691022803775187
126 4.476250604217401
127 8.420783326512648
128 6.6356820911674825
129 8.200106090850108
130 7.245853829961429
131 4.021518794664301
132 5.704440577283521
133 4.348464114495166
134 7.2630031980078895
135 8.560991341438704
136 2.7303660311564832
137 9.430825832310518
138 3.2917158448419355
139 3.4657349587195774
140 3.8027620701720455
141 3.8503439393225207
142 6.661964350096683
143 8.023762363460117
144 6.807977532910609
145 10.212090670384592
146 8.98353247490132
147 5.585236175487291
148 8.82113056872801
149 8.405133111529837
150 9.359107039623625
151 8.395414827783972
152 8.60340308111321
153 7.349403424434134
154 7.394424509795384
155 3.3388661661966696
156 7.803452150764848
157 3.346684762859897
158 3.7158456950084817
159 4.966182126795621
160 3.696622252530645
161 3.4675088298533088
162 3.8549286082087457
163 3.9761940816129178
164 6.77527317791603
165 7.499994615415828
166 7.311434542105468
167 7.634937527298238
168 3.3360534991462445
169 3.503791820151355
170 4.002176598401467
171 4.909163648808608
172 4.004465213517539
173 6.362725919385007
174 5.2895915782861245
175 3.616817830566915
176 5.695317188848126
177 3.7982644773034298
178 3.801743941994058
179 3.932448838417261
180 3.693967422996438
181 3.3924020630336438
182 3.902995312523061
183 4.37863461467053
184 3.832836930879419
185 3.732058290593658
186 3.7636714939896083
187 5.840831903738571
188 3.6891345765881933
189 4.613274100774786
190 4.005898967592091
191 4.308373287497625
192 6.256628179631724
193 4.26460507064156
194 3.973653140219733
195 4.44039426140172
196 4.781960142368644
197 5.73883137353686
198 3.75726915027585
199 4.24270693780659
200 3.294664449198077
201 2.947528676119752
202 6.156367781224893
203 3.884668667558151
204 3.698233869997795
205 3.8778797831149188
206 5.221804291143859
207 3.693686791282573
208 4.468866185182137
209 7.010397734263687
210 5.584574905931114
211 3.829121906170295
212 3.6312487044353285
213 3.88354042834935
214 3.3069378227731256
215 3.8128339487264533
216 3.9857934163090465
217 3.6641208870146995
218 4.81930689369102
219 3.9985020434935485
220 4.977959464215183
221 3.594325827317911
222 4.226091585628587
223 3.8336411586689523
224 4.749738471347278
225 3.8470370735204917
226 3.6397794820347924
227 4.076552217837616
228 3.9939413668427495
229 3.868452410114054
230 4.28998835284915
231 3.7835942107516725
232 6.295944154671862
233 4.648215379656558
234 4.0000140360255765
235 3.4283356968029484
236 4.626204079909629
237 3.471410816144266
238 3.7401796643014458
239 3.8391269873723917
240 3.6334481433693107
241 3.883312552731589
242 8.2965673234207
243 3.047132162450598
244 3.7978936749521752
245 3.081771713858169
246 3.4846093138964584
247 3.454377122185412
248 3.7986611291743726
249 4.886357739581951
250 4.024695957778007
251 3.628466155486663
252 4.92515496876038
253 3.8433439636874076
254 7.597137416344497
255 8.527203471825874
256 9.28804744237626
257 11.233429515015743
258 10.286184786824553
259 7.0705932777024465
260 8.39586610320104
261 6.994261874780626
262 9.742052707096118
263 10.819506035289233
264 5.621478336351923
265 10.73971050225265
266 10.092573851828156
267 9.07734365563265
268 6.7821831257366645
269 8.636869888117555
270 3.5373968711775348
271 3.5676936358878693
272 3.7327920807846895
273 3.417376826270522
274 3.626463561645153
275 3.9846704777387036
276 3.9374074770257583
277 3.865992305576449
278 3.9150403420847684
279 3.8006198885148805
280 4.033370677038727
281 3.7022428974977784
282 3.3022802606415746
283 3.7064116088959427
284 3.9083463948608075
285 4.030113228619789
286 3.685092627255419
287 3.8518442859280473
288 3.9474225684837343
289 3.7364426286463868
290 7.07279339701024
291 5.839325463031997
292 8.125862617100484
293 7.22694194535762
294 7.573166537385857
295 8.6099343097127
296 6.817921293842267
297 6.729157098411098
298 7.196114587760322
299 7.197582993521904
300 3.6767091805331265
301 3.735691464794221
302 4.281670900154364
303 3.896954551159628
304 3.7727408229568495
305 4.102362909513614
306 4.267730732935002
307 3.6817151825560077
308 2.953045357580943
309 3.34558686674443
310 3.470467562377341
311 4.719128258482159
312 4.01909173681536
313 4.934628901389138
314 3.9779128413297347
315 4.869310419795102
316 3.602791821727944
317 3.8253942189744006
318 4.940474907420748
319 3.8194115693075683
320 3.852834008642493
321 4.23187421619757
322 3.775397459882741
323 4.33443298048802
324 3.7404762856076035
325 3.6610747541472852
326 3.457128631798458
327 3.3257968669585183
328 3.8369772663924504
329 3.892649721605346
330 3.7566639806625486
331 3.9212901414236354
332 3.9379720473438264
333 3.974573737636954
334 5.5112274662895695
335 3.099463130699913
336 3.623743348076751
337 3.5941786414027415
338 3.2684702099872447
339 3.6932672976891534
340 3.6363896341528865
341 3.8589538004280697
342 3.956071732646526
343 3.896699179499785
344 3.911669670672763
345 3.8907181634496517
346 5.53857591545838
347 3.8698902916560183
348 4.1639899464615215
349 3.8257751012800054
350 3.8868333879796966
351 4.04667000818215
352 5.853932340574376
353 4.617958171561347
354 2.9716866538612443
355 3.799931005263484
356 3.7661092078793996
357 4.086501567671073
358 3.736761374842053
359 3.7147479108656043
360 4.279391121889867
361 3.731253676481633
362 6.069598358468249
363 5.147668204800767
364 3.6055256977787615
365 6.034132691307453
366 6.152546435953307
367 3.9543854768121958
368 3.316998118066245
369 3.7883817220824607
370 3.878683642493971
371 3.6434365576242564
372 3.625573827075772
373 8.480443933849452
374 3.7250578277892554
375 3.333805130094152
376 3.9080570874277507
377 3.9337454454888676
378 3.4226071798747832
379 7.117529663423444
380 2.8884400279201787
381 3.735295043055147
382 4.021717207972685
383 3.701367401277683
384 4.229502411740507
385 3.8804679972633123
386 6.208364931220748
387 3.73056426090638
388 3.6728742906404803
389 3.8287276106980386
390 3.7345459736145146
391 3.5437879869824345
392 3.8279969471416457
393 3.761365540010988
394 3.4927762324849305
395 4.206631637812468
396 4.17282555717184
397 5.843625259367626
398 3.8182106053602154
399 4.042034584963762
400 3.8254903417937123
401 3.610414086724909
402 5.181571372810077
403 6.676157075305223
404 6.396760354666604
405 3.724058316131681
406 6.548184527143447
407 4.819255006715829
408 6.963197713351671
409 8.678153866969668
410 6.339613743938598
411 8.504657741770538
412 3.5089181371089317
413 2.8932558208328083
414 3.0105776701791824
415 4.202752892693679
416 3.611141486154921
417 3.7957662202129177
418 3.540074448713257
419 3.590789713464333
420 3.5489532083399618
421 6.182190473262685
422 3.917757109999368
423 3.564287696713479
424 4.299315146373163
425 4.80204134044437
426 4.395302340835146
427 6.958772483852679
428 5.519759060739516
429 3.4639796436110264
430 3.955645486883773
431 4.038297504789013
432 5.295866777244794
433 5.076972265227254
434 4.686933967664843
435 3.811704002575377
436 3.393935758759607
437 3.283828867724076
438 3.7270781814286242
439 4.005442450398504
440 7.3132389677823655
441 8.564561639572554
442 8.773147146370922
443 8.018528354548502
444 8.247484354052254
445 7.149908004112173
446 7.63238466085709
447 5.563822762757497
448 7.232990132090611
449 8.78615826334264
450 3.4807780532801615
451 3.808433742162932
452 3.542186167117544
453 3.1507469752632833
454 3.2849186842017932
455 2.9676450899438525
456 3.9768497189628484
457 4.0470679355143515
458 7.015627164462638
459 4.754044998059847
460 3.751897648041269
461 3.3741844829862573
462 3.752782649760184
463 3.4059713273436842
464 3.5667969496898424
465 6.167910637363138
466 2.8201140983686277
467 4.79650094733767
468 3.3219612013074595
469 3.1942205791195977
470 3.425764863197542
471 3.6273510243611606
472 4.180365777552768
473 4.504204762699413
474 3.3858348836092373
475 3.7024022266365324
476 4.206058937146007
477 3.3960513483051846
478 3.6110557484677503
479 3.784526121896408
480 3.895945049785474
481 3.926452583867124
482 3.288835830999963
483 3.64493580435512
484 3.3757121476627456
485 4.643690439547756
486 6.426398543155754
487 5.326727725484507
488 4.069179124421447
489 3.0700674238822168
490 4.015596322571464
491 3.7764553136415526
492 2.640523363361543
493 3.916665077865238
494 3.568810060600451
495 4.328010047357253
496 3.7293459841432255
497 3.725372876755156
498 3.9064197079876246
499 4.020304952787349
