0 7.923593711077091
1 7.910373895904246
2 7.063997655027581
3 7.402665590774757
4 7.74942974222373
5 8.015358498614448
6 4.905265427157495
7 6.855753972324358
8 7.603949532324867
9 7.926926188070887
10 7.553830677867397
11 7.866661210251767
12 8.269510242092222
13 8.358202102441448
14 7.251484712979377
15 8.415255852080454
16 7.2649213994216435
17 8.390155098554535
18 7.697126870496317
19 7.893194803127416
20 7.953709378150578
21 7.185027323630189
22 7.721340472525445
23 8.01858723317109
24 6.698656846178165
25 8.289027303434763
26 7.265412974807795
27 7.6225956207053684
28 8.428408891986987
29 7.140824810213229
30 8.132921924025947
31 8.03059949832701
32 7.8202363428027954
33 7.417543206543749
34 8.34363348025783
35 8.045628176991157
36 7.211854252971248
37 8.47614369661356
38 7.544907511245572
39 8.55499479790004
40 6.3012327610279
41 8.42528686459419
42 7.972353354691248
43 7.305484912491522
44 7.2631557162482645
45 6.894540962925932
46 7.6548266947140915
47 7.663438748619481
48 7.504910475991171
49 7.247617338037105
50 4.614113022776781
51 5.699132435490437
52 5.57169501420917
53 3.2090338265127656
54 7.089533665737029
55 5.999638567394862
56 5.28256673458359
57 6.740379199980946
58 5.83058223216706
59 5.1076356078315905
60 4.224831298608724
61 2.8000965859180713
62 4.399170589913216
63 4.854341493383246
64 5.446938569275429
65 5.563560405324894
66 6.268925912260945
67 6.670559425631071
68 6.09947352201992
69 6.185353775002815
70 6.241799720440033
71 6.082786727164184
72 6.432537449065573
73 6.794671438622644
74 5.205990737386236
75 5.923593892478237
76 6.13688303141577
77 5.581636068183044
78 5.9274438218716865
79 6.421435009206648
80 5.258939557621669
81 5.665120651148275
82 5.112072062494292
83 3.352066334757823
84 6.192818925250845
85 6.130996552856041
86 6.647049576524315
87 6.100364955578323
88 7.305134267921738
89 6.221509214804661
90 5.057624308726905
91 5.008145531851032
92 6.220262539163885
93 6.171820397501069
94 5.8157472410060205
95 6.204779786419656
96 5.900372041773875
97 5.39410641702456
98 6.375003955520415
99 5.196924380457267
100 5.974573113321933
101 4.806608821062924
102 6.304728574772774
103 6.389873541073054
104 5.9699755758097295
105 7.289443127692766
106 6.630083711237816
107 5.672296963367972
108 5.163679503462773
109 4.898149441842753
110 5.8802096862566415
111 5.695561325759272
112 5.375213118051164
113 5.772853994315718
114 5.098153389457165
115 6.345805807368724
116 6.539861675959004
117 6.740302690445727
118 5.781118802194712
119 5.7783741208664345
120 5.548915768695476
121 6.433373565203595
122 6.263406315881856
123 6.740000589889263
124 5.693486759386671
125 5.540676986292458
126 6.728921836453761
127 5.447088618628462
128 5.213131261857276
129 6.695594362016927
130 5.227778450799251
131 5.208196232179374
132 6.686439082303763
133 6.476341423376519
134 5.286984683841007
135 7.492531174999595
136 5.572996879113381
137 6.625151351919384
138 6.529897024600903
139 3.182559311571251
140 6.561179733529873
141 8.024790282588764
142 7.732763737252168
143 6.970529754204305
144 7.695336400668385
145 7.5016081940197346
146 7.577577307508503
147 7.233054237047715
148 7.8419570863327
149 7.056449681470031
150 7.017515393831352
151 7.219875083303713
152 7.641466924235406
153 8.100495042056377
154 7.368536558955391
155 8.46843361832096
156 7.825155331681161
157 8.024166093973786
158 7.927947412375459
159 6.661597912770082
160 7.037325036369363
161 7.614246241465352
162 6.813348720736662
163 7.534280160665596
164 7.725242990803622
165 7.433043332737302
166 6.635217549928269
167 7.987744259133504
168 7.401368381327155
169 7.549987478129176
170 7.689794082844346
171 6.395721794362133
172 7.2840685809927805
173 7.407146036368181
174 7.97086064719495
175 6.80150347007208
176 7.451459434242411
177 7.182181789242616
178 7.243123579954286
179 7.70671641718733
180 7.611736933242011
181 7.621982332605056
182 7.653192103286196
183 7.920285520012842
184 7.330143127236503
185 7.509028407853055
186 7.812669458319566
187 6.726322500235024
188 7.658988857486976
189 8.402475332285945
190 8.510728855363785
191 8.06710344132174
192 8.075062596267342
193 7.621725006995697
194 8.255156603817527
195 7.943673211068504
196 6.685900747488775
197 7.818602475049043
198 8.122857272486723
199 8.432718785899196
200 8.736164919393723
201 8.57422480879775
202 7.499172835034798
203 7.865619128606179
204 7.037371825307233
205 7.754771253048573
206 7.995274288484281
207 7.755054311306179
208 7.537190261449834
209 8.093320719668132
210 9.1520634093887
211 7.397535142685286
212 7.754045446948048
213 8.179071757103676
214 7.328215802232253
215 7.7076247948714185
216 8.051400699673614
217 7.346732758231466
218 7.859959708899758
219 8.045276969652322
220 7.056113311550943
221 8.386301710905569
222 8.973361492920983
223 8.147629106126285
224 7.439101495751807
225 8.283979728252177
226 7.710744054139966
227 7.67197947062902
228 7.3285608134771865
229 8.239498560363433
230 7.898490393816177
231 8.195956489488571
232 6.986626494686066
233 6.708196036690836
234 8.37565093099821
235 7.478596672557148
236 8.24750005167397
237 8.224894830442157
238 7.92793089154814
239 8.316526693055682
240 8.331570422954606
241 7.826150204715831
242 7.8714258715926135
243 7.2415261307161725
244 7.714958303320392
245 7.185744100603712
246 8.159326853442609
247 7.403118220953363
248 7.502693124440942
249 8.08346291999123
250 7.495532234946364
251 7.769285633602449
252 7.64676082881612
253 7.866799285855082
254 8.160089793510055
255 8.145803046568698
256 7.609511674014461
257 7.621650560176996
258 8.304510468972424
259 8.53045153980723
260 7.97396910319169
261 7.318392050441039
262 7.572234595540453
263 8.82914564107637
264 8.763338049096538
265 7.1307058585251255
266 8.477943654679015
267 8.571550244158596
268 7.989495104709629
269 8.41589356498542
270 8.07796783871468
271 7.922781415671383
272 7.970170790213647
273 8.206972597278076
274 8.0304513004377
275 8.162368011247679
276 8.021961604035585
277 7.307401616209787
278 8.568767964063904
279 7.527564026493087
280 7.5927878426868745
281 7.235049119153473
282 8.30927795641588
283 7.335617396133872
284 7.452295607480841
285 8.07688526473912
286 8.319963383643636
287 7.60871663867703
288 8.080056992877742
289 8.134522443026507
290 7.9307480558813035
291 7.618345057362693
292 7.2835423706689815
293 9.019509216624682
294 6.188229905327797
295 7.6541669905177185
296 6.575553653766821
297 5.968455023648084
298 6.502171250159781
299 7.767146653304073
300 6.66535237792434
301 7.260801522548373
302 6.16018397313883
303 5.704658561769915
304 7.409852581447614
305 6.76108688535981
306 8.438636489463326
307 6.6446569704576675
308 7.5964954392049115
309 8.001819598730405
310 8.753212706566975
311 7.2328445808257165
312 7.720134992026057
313 6.3546568647092565
314 7.114102003463338
315 6.274500666607618
316 6.010863979202828
317 6.6150006243202055
318 8.027215867988083
319 8.51005772605517
320 8.042721687047239
321 8.91336334896351
322 7.42841648713677
323 7.855823987410538
324 8.155831602252562
325 8.504674830057851
326 8.82398447004439
327 6.912875695282976
328 8.18428417908108
329 7.2987135457930385
330 7.704266181977129
331 8.043132251144339
332 7.690502040234182
333 6.530016236814227
334 7.576411607168261
335 8.117890556567664
336 8.299602742538045
337 7.895200049668757
338 7.313321854806263
339 7.463027264796883
340 7.84628419506338
341 7.803176407554198
342 8.698222010719638
343 8.793150716482868
344 8.004415076592826
345 7.3731701546160995
346 7.878758281740536
347 7.959198357201149
348 7.521072535341182
349 7.40879522533322
350 9.156377009054104
351 7.611063509186929
352 8.747915283250984
353 8.352289544491383
354 8.509656114294424
355 8.213037595251151
356 8.1467271609163
357 8.393942641573387
358 7.568682323773147
359 7.9458937975411175
360 7.969056075888543
361 7.622696120553803
362 8.152806541742766
363 8.258958594484083
364 8.11666249801074
365 8.1587577452298
366 7.812696277026708
367 7.795971408434648
368 8.100172162215268
369 7.684283179772842
370 7.623282786300982
371 8.41602298039212
372 8.23550417927252
373 7.5325415252048975
374 7.72819774726646
375 7.432504200927806
376 8.27806359689101
377 8.624709938842413
378 7.969815353765574
379 7.779857652111242
380 8.633550900968178
381 8.32368892159178
382 8.036701337547134
383 7.472706788537399
384 8.391082852083093
385 6.453426796617322
386 7.543428874025675
387 7.286802461980382
388 8.063247049913983
389 7.798726170751779
390 7.925758790238008
391 6.943397560512171
392 7.648212081894649
393 8.025904712690288
394 8.186385340954006
395 7.432958796021267
396 8.264056566255828
397 7.818245923053357
398 7.9212182554083554
399 7.7517131655786455
400 8.671840340434793
401 7.030683127697189
402 8.192934594011504
403 8.348700476301753
404 9.233196188091265
405 8.2210487631906
406 7.958623988058727
407 8.260121946459023
408 7.579592942805238
409 7.898181051792121
410 7.573550274289449
411 7.915889345351403
412 8.264006802648483
413 7.839328500663586
414 7.190843374476479
415 7.937133330481835
416 7.563333077155898
417 7.805921141763459
418 7.696492782965706
419 7.485716494097021
420 7.185783476807278
421 9.010910483102759
422 7.084168105366744
423 7.462208241346659
424 7.060761959915705
425 7.922933625949313
426 7.862856305878762
427 8.0899952078486
428 7.361086176853623
429 8.538584101809972
430 7.422876424640498
431 6.348095383473396
432 7.093673552714057
433 7.782573564759643
434 7.180110979386155
435 7.905711424822123
436 7.85351661620191
437 7.131272337111482
438 6.810015866132178
439 8.081900648093118
440 7.949717592111492
441 8.46635656506315
442 8.697466854473342
443 8.286433074148754
444 6.444825360243945
445 6.181966450243881
446 7.62182605973116
447 6.755222678283928
448 7.8183608901018475
449 8.447696334310363
450 7.743092355356037
451 7.147297270098768
452 8.307848241803674
453 8.0217442941478
454 8.226429149709697
455 7.512786385873836
456 8.161381407484898
457 7.356187291207027
458 8.34788041301504
459 7.6268984711525505
460 7.85455552520745
461 7.227497999329165
462 7.710662835304809
463 8.156792534295697
464 7.750616709722475
465 8.55200396400135
466 7.3851856836983565
467 7.686866774451593
468 7.588254206691238
469 8.74183510175259
470 7.908415585485844
471 8.269462060559448
472 7.6031559171265295
473 7.166834643745839
474 7.950142636290129
475 7.64107960974065
476 6.808639503688927
477 7.393288242706039
478 6.275194474534012
479 6.21925305280118
480 5.986776732532497
481 7.338360334986158
482 6.780144620632506
483 8.017681747658541
484 7.301871355223059
485 6.694568715540591
486 7.321767277135008
487 7.343705397271504
488 7.518917616834336
489 7.979330476239177
490 7.890707547727805
491 7.039628024745098
492 8.29977434493577
493 8.278803090919677
494 7.303080974061018
495 6.666834689121938
496 8.098160611340331
497 7.326378804813461
498 7.390372284083848
499 8.841718590797656
