0 9.267255150506438
1 9.6535588149472
2 12.837893623225069
3 11.47387868774645
4 12.076203637727327
5 9.932166778091396
6 7.612124248667074
7 11.848831639183508
8 12.242385898331664
9 10.250017285608552
10 11.142648184003443
11 12.101371040767692
12 11.208751425070563
13 13.25698990163821
14 8.062864830671678
15 9.173004672271535
16 9.232504820094505
17 10.48341015768346
18 9.290201765637928
19 10.73884552569561
20 9.919340682417769
21 8.544410822541465
22 10.21891996024538
23 10.655491386816335
24 10.819284135832675
25 10.249912792582245
26 12.33952600244543
27 12.034238439463937
28 12.054245977407078
29 11.630459686065795
30 11.171647544029687
31 10.479129310372894
32 11.408509113847328
33 11.501316137661139
34 10.801174363674933
35 10.978370920232024
36 12.01635740662889
37 10.84327378547672
38 11.099662658578302
39 10.992163250073277
40 11.749244227819348
41 10.744577862693866
42 11.838039998599406
43 9.846165560572365
44 10.214479842027782
45 10.683520859828025
46 12.200156696078794
47 11.856609709269934
48 11.612866632590704
49 11.173269426296379
50 11.61434612406259
51 12.309743601156894
52 11.512696840207829
53 12.261935649019213
54 10.896988571246439
55 11.121709851787738
56 10.5371157181863
57 11.195122545410356
58 11.008052975719378
59 10.577657580140153
60 11.441528814054132
61 11.16921723683829
62 12.823160203270675
63 11.6631076792805
64 12.827411203844736
65 11.415989293335942
66 12.83551774228728
67 11.929380092265584
68 12.102174460578338
69 12.720656403608402
70 11.531314834619412
71 12.07182613382214
72 12.189356690031497
73 12.52776227266081
74 12.2138321279947
75 12.69488122938639
76 12.752152812529596
77 12.104323659234382
78 12.750618649634623
79 12.184014564861913
80 11.577904656466881
81 8.77269706359325
82 9.029486255554778
83 10.924947140410696
84 8.73055116551129
85 9.128129455575378
86 10.168054094795522
87 8.423612124634476
88 11.983871026320758
89 11.469067882516933
90 9.733351075496802
91 8.21906221934715
92 7.6254531488292185
93 9.631270510931735
94 8.791955987481813
95 8.965428647359074
96 8.892365384933345
97 7.203095350242226
98 11.786029387640863
99 8.220646176916812
100 7.689648829582533
101 7.532897888641347
102 9.915319405599769
103 10.316216491707994
104 8.070407163958249
105 10.653824887511849
106 8.44405677173138
107 9.873998812093781
108 10.179323835173706
109 9.909078314461695
110 7.634583611785945
111 5.7895644780809326
112 4.929063258424093
113 3.620825278224052
114 5.635730482376245
115 3.735962228206188
116 3.4504237929946773
117 6.95063908287967
118 7.716560221334826
119 7.797924524290615
120 8.855044006056604
121 9.953313575766
122 4.063798804852014
123 5.478442237986976
124 9.16778615407749
125 10.341499535569707
126 10.278555951895346
127 8.91588548337392
128 9.445337483827062
129 10.171904446253237
130 9.781889140099338
131 11.619010974171834
132 11.718743199685791
133 12.019539850299475
134 8.027668336585387
135 8.92879564091244
136 11.009355817242833
137 11.12377053904818
138 10.567645266120113
139 11.857085825709344
140 11.077880276825317
141 11.106810947367652
142 12.005861399687806
143 7.409545955049481
144 8.410942264137292
145 9.97213946245229
146 9.521172594748908
147 11.629218192335163
148 6.672217085480189
149 9.413421800343228
150 8.663734350420201
151 9.94876151426005
152 9.637238169734292
153 10.41906645398957
154 11.960681070024025
155 11.795624645891975
156 11.783923024224663
157 12.536051523170398
158 11.763708026107684
159 11.827892008244339
160 12.748421434279194
161 11.553355928447097
162 12.217808477187578
163 11.71607106637194
164 10.611943543572938
165 9.97913571572214
166 10.42072955732131
167 9.733463109701448
168 11.627803204216193
169 11.73843963554102
170 11.614893768955541
171 12.024293850003618
172 12.239506804243685
173 11.642993375997971
174 11.28561577148188
175 11.678646587619443
176 12.243489167890099
177 11.255017150241676
178 12.636384365407809
179 12.34545016739343
180 10.964350891759306
181 11.532110557870718
182 11.759342174824967
183 11.531037264927724
184 10.876971971772724
185 11.248057721381004
186 11.422962282526449
187 10.974024284860912
188 12.180272077453196
189 11.579234047748512
190 11.94990031462908
191 12.30497721617015
192 10.821908216857791
193 10.967263720209179
194 11.201863501606818
195 10.58149935716621
196 10.6914765585999
197 11.558065981688312
198 11.209223597151533
199 11.33636572384848
200 11.72245405264439
201 12.05098786231985
202 11.34822272281244
203 11.316365070521432
204 12.16131387745592
205 12.005116975965741
206 12.303775293504554
207 12.51343510054049
208 12.41795796707297
209 11.691505851790557
210 11.488084705668593
211 11.344289044142963
212 12.45049099775135
213 11.355424819889967
214 12.669862804233366
215 11.123668463300254
216 11.414421167224107
217 11.575374900600213
218 10.665662686403435
219 11.496745785600211
220 12.031445333658187
221 12.469354809145923
222 12.360886104824736
223 11.554883446078291
224 11.329674295985873
225 12.014047189302017
226 11.585568790953499
227 10.448532548570435
228 10.724350950114639
229 11.162013569083891
230 11.46722999385919
231 10.338564614243172
232 11.5796221546947
233 12.186833879802137
234 11.93388646588186
235 12.558160828149026
236 12.269481802348396
237 11.959136043307874
238 11.616328359010842
239 12.718499341320825
240 12.152581402316066
241 12.291873957863233
242 12.516994987469747
243 11.383492902736077
244 12.152029616091772
245 11.928029040720556
246 12.143929423380179
247 12.624939059836816
248 11.418020288133672
249 11.405282296840635
250 11.74653045728974
251 11.024513821071254
252 11.383085805688216
253 11.502488476295444
254 9.085825294458576
255 10.957372723553268
256 11.049110240577628
257 10.329033260997821
258 10.561979549016536
259 12.221155709488244
260 11.280063405859662
261 12.314224363718965
262 10.357436623629377
263 10.350447080512055
264 12.091676840216486
265 10.9069632571955
266 11.28329404847771
267 11.555686066853813
268 11.270556997450692
269 11.31068313779888
270 11.22703981994504
271 12.90859710337485
272 12.373091302431119
273 12.19487219327047
274 11.64968383586377
275 10.849395502142215
276 11.463018378970531
277 11.608109360483514
278 11.464168813515045
279 11.301171222507383
280 10.797239609728939
281 11.048618612168514
282 11.48803069620596
283 10.821564502718285
284 10.723747377694226
285 10.98544259407137
286 11.296444568777584
287 11.408069054926422
288 12.063954539534556
289 12.040331264543397
290 8.655345875912106
291 10.331389378389156
292 9.187603236203728
293 10.26324700780281
294 11.730687449967839
295 9.934893197213796
296 10.841980570506106
297 10.23439024706349
298 10.24950296249787
299 10.231914713884061
300 11.78059453569104
301 12.17449994015319
302 11.944450665228468
303 12.20424824486313
304 12.535633731561335
305 12.097812160518254
306 11.860457239162496
307 12.560890976213871
308 12.183445533196407
309 13.017896176051034
310 12.501430737735797
311 10.72349256415197
312 11.051854732916075
313 10.439058524847653
314 10.952076957754127
315 11.558036999656567
316 11.466312181158
317 11.652040119636403
318 10.966727545214072
319 11.169031013633774
320 11.744143348236737
321 11.194626269354282
322 11.59264312795316
323 11.542070745431651
324 11.427178244236398
325 11.146964614146734
326 12.188854176005217
327 11.417228388369484
328 10.806893677412189
329 10.756094263817563
330 10.409238791851116
331 11.345758002611225
332 11.166606487527776
333 11.373406051597254
334 11.78656782952773
335 11.12414387434398
336 10.928461159369677
337 10.949000678685826
338 11.30883528139803
339 11.151273612455824
340 10.670500225341394
341 11.00168838496176
342 10.656596321191506
343 11.062978638637437
344 11.244080902365125
345 11.299957231617043
346 10.643935510676561
347 10.571166669543388
348 10.923426634423473
349 10.535841656955709
350 11.07026578612457
351 12.239466543321395
352 11.875032177711539
353 11.828749457883283
354 12.189206142923027
355 11.196753900615638
356 10.537404935370088
357 10.254030500233736
358 11.517477268573497
359 11.006817127177781
360 11.380500443478535
361 10.70268104553214
362 10.581426891611029
363 11.196436296679684
364 11.504264572650168
365 10.166403040858933
366 11.34341757490012
367 11.083983169662657
368 11.49579058423192
369 11.827298592952992
370 11.662776903916788
371 11.66412775282615
372 12.226453232183843
373 11.064899946200349
374 10.965952965342655
375 10.847861261866637
376 10.9740146576716
377 11.412858968690482
378 11.365567477531453
379 10.928671731510214
380 11.134405746501303
381 11.429184153542929
382 10.514461935336712
383 10.6265726241569
384 8.604487666380109
385 11.331748656966674
386 10.667557183550526
387 10.572423872727638
388 11.180562315991578
389 11.65019051131092
390 10.345720268682651
391 10.432952394809705
392 11.311907593114714
393 10.796850873001691
394 10.907901978424121
395 11.086983674341644
396 12.158582694141963
397 10.781402177466935
398 11.772012369288952
399 12.151646178862713
400 12.559048680532372
401 11.91306681321901
402 12.081725820174453
403 11.720087416517213
404 12.365490181736948
405 12.25733656521759
406 9.541684093673448
407 10.218955035529547
408 10.531737467627197
409 10.698393726248407
410 10.640675834237982
411 10.853144767933875
412 11.589746757690248
413 12.477137473504015
414 11.825912400514394
415 12.080265541077628
416 10.733385677280951
417 11.783478326642186
418 10.575424127202808
419 11.98483255639473
420 12.24957172972556
421 11.001390161390201
422 12.37935444897334
423 12.486659698668188
424 12.146407009339013
425 11.141181263226796
426 11.365574876463873
427 11.392487289987535
428 10.904895702961893
429 12.134639586785706
430 11.763139615423201
431 11.590852743339303
432 11.999646209668821
433 12.96094986834594
434 11.952223439847046
435 12.1331028224243
436 12.649165801959983
437 11.904010162571899
438 10.981543878384022
439 12.991924677300764
440 12.549883048423178
441 12.867836000817157
442 12.148196344655467
443 12.802159457183762
444 13.102125444230223
445 12.36303986001521
446 11.212032072518504
447 11.428905628492997
448 11.281464881526144
449 11.276630634195584
450 11.280271345989934
451 12.026702988921851
452 11.82045545492509
453 11.369933516659534
454 11.703963801465612
455 12.078790727485357
456 12.285742652005801
457 11.751163131266141
458 11.255505608238405
459 11.843192041063014
460 12.378352365258836
461 11.743354243178722
462 11.49739765719332
463 10.944406568419556
464 11.9420180870787
465 10.842428334925735
466 12.205355812749115
467 11.85479258939096
468 11.986984367682176
469 10.942102271421295
470 11.441893376208844
471 11.950253151346825
472 12.484921342734452
473 12.650956016427445
474 11.541657905898544
475 11.496636865946222
476 11.483512258682822
477 11.12069975802852
478 11.688481181721526
479 11.461483374623706
480 9.302752053258075
481 12.044110610347644
482 11.299034327108608
483 11.975835414858409
484 10.270111799134172
485 11.77969802674741
486 11.60601874730736
487 11.754184840183049
488 12.462811082125143
489 11.891385746056926
490 11.147647833795604
491 12.682280789918467
492 12.677118565604133
493 12.504414477214421
494 11.947235708511728
495 10.990340409242112
496 12.142063050997727
497 9.944336002606072
498 10.195257547509021
499 10.724746796607796
