0 6.161066693821741
1 10.980318916838105
2 3.860161990695531
3 3.501108903078783
4 7.058460005576738
5 7.9410064069016615
6 7.603703040684427
7 7.698565235192301
8 5.427146892175766
9 3.7336323860346012
10 3.688614773015063
11 7.370954253004955
12 3.7993572109628833
13 7.288334377311953
14 4.370196378242003
15 3.8702972581564787
16 8.52600919338463
17 8.658420724129117
18 2.971576716080258
19 3.5560920770404985
20 3.276534712383263
21 3.7140957780412953
22 6.036372360171108
23 4.063695706699472
24 5.995093681104016
25 7.144104642092126
26 8.447856379704254
27 3.3246432646498505
28 3.5225918169562545
29 5.102206372899381
30 3.944985174282342
31 5.466953210367098
32 6.850633004969394
33 3.725512311889357
34 7.791817359009692
35 3.909360727962688
36 4.114182554195761
37 3.42054808384077
38 3.7630099661407703
39 3.9281577232791443
40 7.058217248221503
41 8.95492294538419
42 6.086945637386849
43 6.0235524583842235
44 7.5966469709867495
45 10.50537120966991
46 9.043288205318719
47 9.679474716469855
48 8.179317640056428
49 7.387440802842842
50 8.670939798402827
51 7.975338783050333
52 10.14232162988179
53 10.34975762972884
54 8.630284673233849
55 12.259571815851366
56 8.08475657895998
57 8.610513309849614
58 4.833743722956758
59 3.4597412185765704
60 5.549391151677127
61 10.038629470556321
62 8.806905982183922
63 8.55875054178753
64 8.15259457494341
65 7.875898247404263
66 6.881813341353342
67 8.470344989620488
68 3.7791138588741995
69 4.258247015536868
70 3.584065209873297
71 3.715221722453211
72 7.584357052163096
73 5.416841888355229
74 6.339620629908356
75 6.447116215711419
76 8.717017384516076
77 6.518980486532097
78 7.816343302550262
79 9.495149960898022
80 9.39524216967232
81 5.100070069773059
82 5.3903939330684665
83 8.9799807065959
84 7.482421799592606
85 6.357731017610888
86 6.73737112919872
87 9.55824290268692
88 9.310311521288947
89 9.30173091771951
90 10.531740527668594
91 9.644783272719994
92 5.692594887248834
93 9.757296253927482
94 9.787269766950882
95 9.27112600310018
96 7.184342505004242
97 6.076252849781167
98 7.565360817078068
99 6.241269977977553
100 9.481846114209173
101 8.296077921078236
102 8.771204127853792
103 8.834763273185908
104 5.156789046262693
105 9.187166942423751
106 7.646594511726364
107 6.1458026285295855
108 9.005060200335654
109 5.098340376382214
110 7.397470423774509
111 7.594101659951061
112 8.78647937974218
113 7.209420493943859
114 8.059858338297877
115 9.240898313412208
116 6.2172380467591575
117 6.805212800020865
118 6.770805427156947
119 6.989963015372609
120 8.596752464382654
121 6.630329993552683
122 5.353972923273127
123 5.939856829941145
124 5.91153596186966
125 6.796889385944744
126 10.31541576421776
127 6.654356649546066
128 4.768073638477321
129 7.843624890681674
130 6.2568400256785965
131 8.841875255107736
132 7.355297301272493
133 8.754954611969874
134 9.524261405967042
135 7.710176640703934
136 11.305235591970145
137 5.834041369414835
138 10.049600570295057
139 6.444368596042744
140 7.541649263890845
141 8.685178954875434
142 8.963766146936294
143 10.207711934949712
144 8.63065298547148
145 8.801456330875595
146 7.624157414950963
147 5.8005552888763985
148 5.8357171704609545
149 7.747095058041156
150 7.036260993532585
151 10.141188347316602
152 7.874404648720155
153 4.9593264537714115
154 3.7150768962960115
155 3.4562257687665574
156 2.8932478376621362
157 3.7965144774655175
158 3.570739650838726
159 4.999507273626806
160 6.988083344634593
161 7.545714235413751
162 9.786150542929917
163 8.697414296157925
164 6.67318328439956
165 10.153032057024314
166 3.4921992881680186
167 3.862394911793913
168 7.271653074512174
169 7.461191307928337
170 3.7080038811244136
171 9.458569728351112
172 9.866558305520476
173 9.769864017147416
174 8.697038221999682
175 6.188406847947515
176 4.624297649886512
177 3.522465460332595
178 3.5789825917695492
179 3.4603297273347526
180 4.024840097399768
181 7.115964493429506
182 7.78849297044698
183 8.76920308348171
184 7.538448014892512
185 8.01596912739541
186 5.703519176450591
187 11.888673649492905
188 9.496842254871186
189 10.606011665404042
190 9.664981241603973
191 7.293259768730161
192 10.249334451284172
193 10.427397966169698
194 10.514491110193388
195 10.833750730962542
196 8.776265750772652
197 11.47906876042461
198 10.40148766267206
199 9.15950837200829
200 7.95445998629051
201 7.416523592320076
202 6.4778853548228215
203 7.348325643623362
204 7.602076060763429
205 10.319710928019289
206 11.048622213207087
207 7.7423912551462015
208 8.569241709255047
209 8.533947826552353
210 10.042248071417795
211 9.463299138819535
212 9.008135410311693
213 8.177520759499576
214 9.407880243992842
215 8.812073876337072
216 6.989536258651811
217 8.868857388724381
218 8.949297491201992
219 7.106843750403994
220 9.421214852118384
221 9.700717834063354
222 10.264329219574583
223 10.587368190067576
224 8.4792058661412
225 9.672249180180774
226 10.086422683199547
227 8.021665584788328
228 8.859296429223049
229 7.981385223172144
230 7.548738441319216
231 8.611521492617706
232 9.103898803760691
233 6.544455043958222
234 9.252803206793669
235 8.962891390391526
236 9.963605008014147
237 8.466189077230759
238 9.72158294957189
239 8.315695634342244
240 8.28179884216656
241 9.495949091179963
242 9.265257636926021
243 11.337644503604036
244 11.404247679425568
245 10.83274427366248
246 10.737641065842219
247 11.696426347603133
248 10.240577019451711
249 7.525231136955986
250 8.472357385219782
251 8.387413231855763
252 6.080271796251327
253 9.070150543759283
254 8.357170036872773
255 9.9418590628268
256 10.6321697411685
257 9.820090480088073
258 9.35237022613821
259 8.587988943223689
260 5.62576151443571
261 10.193587622809439
262 8.74516905533481
263 8.599672634420335
264 12.154533173945927
265 12.104562886527134
266 9.054060343427777
267 7.525231524901322
268 11.222764801198727
269 7.021281084105451
270 9.503681653187783
271 5.237390309125197
272 7.0193083459193195
273 11.378697823988139
274 3.8433244741147594
275 3.7759219265874395
276 6.608727538796375
277 5.7161920921184075
278 3.7873493377119374
279 7.494110971521287
280 3.8798049992296106
281 3.637920765070123
282 3.952065058864018
283 3.939025812956108
284 3.9042048648739818
285 3.858425575523299
286 7.057517279276476
287 3.35307551436836
288 6.3083448420723185
289 3.2071381922148134
290 3.826121094002804
291 3.8543310260445973
292 3.5482304396460562
293 7.433572833360658
294 10.02618658740627
295 11.699978323364077
296 10.623465441260379
297 3.4021784865935984
298 6.5836630208863935
299 9.340044592344235
300 9.851114476456642
301 9.862540314729271
302 9.796435113645652
303 8.384294731909202
304 10.069253637717882
305 7.399912554981361
306 9.770326135326778
307 9.879901342755808
308 9.263106114799283
309 3.5658470705823238
310 10.03650435718987
311 11.226523926860787
312 6.084180763153521
313 8.3816574698495
314 7.452554790530759
315 7.721793258863506
316 7.027270041754977
317 8.27330894394247
318 8.719042317965645
319 6.9405271581979635
320 6.782444350493885
321 6.3217179600485505
322 8.302873194567363
323 7.91715481871947
324 7.572215055804301
325 5.830440645801272
326 5.227043805287786
327 8.290367061018271
328 6.525796376754095
329 7.808571531045546
330 7.495945769673115
331 8.00927863783922
332 6.715231863341792
333 6.855245853457465
334 7.004705359264229
335 7.727511410484199
336 7.5362317330025235
337 5.807352670365574
338 3.9251290386749353
339 3.684906948494004
340 6.821007172580629
341 3.9838845870830966
342 3.9603668710881137
343 3.720696410448697
344 3.4002392871470075
345 3.6873437051228617
346 5.090657105447921
347 4.207470661131819
348 3.5867282521071506
349 3.863350318407079
350 3.4971337400175577
351 9.098191614598669
352 3.7374441169381583
353 7.556009484547345
354 7.216554376077143
355 3.6796168084059433
356 4.347230637230119
357 5.079046242450875
358 3.593958670423698
359 3.9145159304396877
360 4.786301736223693
361 3.763623008270672
362 6.734847534336658
363 9.820720336678969
364 4.886651496642254
365 5.173724091444036
366 6.292203238491326
367 6.175987191386203
368 3.6409249421409853
369 3.8051894002048106
370 8.05087823801512
371 6.503814905673097
372 3.7133623419744146
373 5.647338842284349
374 3.9691996656209585
375 3.435165005268873
376 3.726370152389469
377 4.068764348567879
378 5.801907784882449
379 3.421655998443369
380 3.5894220635881133
381 4.51999209398661
382 4.148784671062818
383 7.507394648711023
384 4.095431552106821
385 3.6329334139457066
386 3.6847289522584163
387 8.001094865290252
388 3.870772603927679
389 3.4866233346120588
390 3.5916445532441026
391 7.704537953995556
392 3.5934199116005514
393 3.9078812508029745
394 7.951255769324857
395 6.393694838285637
396 5.7327651909252175
397 8.85727541446927
398 10.130730909442187
399 11.494794997989816
400 10.722462156418372
401 10.052375149508077
402 3.2179304847866947
403 3.959971871791997
404 3.3618692531993086
405 3.953270654944972
406 3.804297348504576
407 6.549148677345485
408 5.546375508607441
409 6.881655395055559
410 8.295223688456176
411 6.161930480879056
412 10.911924614323317
413 8.658466721926096
414 10.523140504644399
415 6.982540041234073
416 10.853028719668714
417 10.802633017454738
418 7.821411942186603
419 8.616137574270368
420 10.42789751181931
421 10.843621053958186
422 9.763796441324692
423 10.31745262306582
424 10.624783124699563
425 11.128442831435507
426 10.172625605347234
427 10.92297965209654
428 11.524760448895389
429 9.724487751407574
430 10.750714812328622
431 10.336981025644658
432 9.358186515735293
433 8.908447330237449
434 9.415583402476923
435 9.905510877475356
436 7.585937224473597
437 5.297016406034774
438 8.304826000431667
439 6.343801426651311
440 7.807972078814381
441 7.582123766170966
442 7.716642515405328
443 5.560498752750672
444 7.034283400913801
445 7.579838899516965
446 5.694164320658291
447 4.956376211276718
448 10.32511835394523
449 11.598265452792313
450 10.20657470874519
451 8.562777778419212
452 7.277866875655163
453 4.065463097000602
454 3.875278914176636
455 7.185780945361724
456 6.928681087551362
457 8.575069326070265
458 8.336282847199993
459 3.3397895899677246
460 3.8283954236396425
461 3.5546564164550567
462 3.656119524911509
463 3.8549041729220694
464 5.943098037919516
465 6.381072875781062
466 6.376444755752812
467 6.770197003562239
468 7.969340621424443
469 7.45663585816165
470 5.093373316467791
471 7.029462069542534
472 9.738398882373932
473 10.302980933120567
474 9.597205351466261
475 7.900302166494361
476 6.906503443450715
477 6.761887593297088
478 8.196225724408798
479 6.492449421453202
480 7.767418775730915
481 8.750641202161143
482 7.429709785308699
483 8.89930038804085
484 6.555285819343008
485 6.938272740229609
486 10.015881706030557
487 10.083202796756511
488 8.84908816033662
489 5.927980904101586
490 5.077824276798506
491 7.004776409632615
492 7.574004594242237
493 9.773889493817142
494 6.669214820429179
495 5.7249353197563835
496 5.980106146433068
497 7.189802272322427
498 5.514933101201277
499 10.061289363162173
