#Frame    total[bond] total[angle]   total[dih] total[vdw14] total[elec14]   total[vdw]  total[elec] total[total]
       1     484.7321    1450.0126    1859.4437     524.0291     8254.7168   -1208.0081  -11908.9501    -544.0239
       2     476.4142    1379.0061    1842.6745     543.8847     8295.2510   -1190.5975  -11851.0193    -504.3863
       3     485.4782    1382.6929    1847.3848     546.6714     8303.1142   -1212.0962  -11988.4306    -635.1853
       4     458.8352    1346.3927    1869.8978     543.3930     8322.4548   -1182.9687  -11818.4067    -460.4019
       5     452.4399    1374.8176    1856.7797     545.1857     8320.0157   -1184.7766  -11902.0888    -537.6268
       6     451.5939    1384.3063    1860.2510     543.7867     8351.0085   -1211.1337  -11893.3849    -513.5721
       7     474.9458    1369.0558    1873.1919     551.1452     8342.5015   -1210.3297  -11886.9182    -486.4076
       8     474.2597    1432.3171    1871.6892     533.4762     8297.8539   -1208.3723  -11860.5239    -459.3002
       9     446.8045    1397.3279    1845.8391     565.6479     8317.1419   -1222.3508  -11919.2511    -568.8406
      10     458.1811    1375.2227    1846.5552     543.0392     8301.8334   -1202.9918  -11785.4808    -463.6410
      11     455.1114    1437.3885    1848.9421     544.7629     8316.1556   -1213.2805  -11883.4478    -494.3677
      12     462.8177    1354.9376    1868.9132     548.6679     8328.6657   -1182.6644  -11885.4701    -504.1324
      13     464.7881    1390.2436    1858.1401     543.7033     8302.4131   -1226.7634  -11819.2982    -486.7734
      14     451.0458    1385.2046    1858.3636     539.1506     8328.3243   -1206.9780  -11878.3103    -523.1994
      15     491.6493    1413.4985    1869.2116     532.6400     8282.9443   -1202.9026  -11785.6897    -398.6487
      16     487.1657    1392.8308    1839.1948     550.5365     8319.1666   -1184.0566  -11768.6190    -363.7812
      17     471.5050    1429.7564    1841.6627     525.9523     8286.3766   -1207.2377  -11907.6612    -559.6458
      18     470.6811    1419.1541    1841.1494     551.2660     8285.3270   -1189.4080  -11779.9796    -401.8100
      19     498.5650    1419.0260    1882.4653     550.2449     8312.4731   -1204.4520  -11891.6580    -433.3357
      20     475.6394    1421.1332    1869.4335     530.1610     8302.3507   -1176.0020  -11941.4205    -518.7046
      21     504.6727    1388.0013    1845.9527     537.3630     8318.8931   -1186.7563  -11961.9566    -553.8301
      22     454.3247    1384.7822    1846.2921     544.4618     8333.1968   -1203.8953  -11854.0632    -494.9009
      23     511.9622    1401.1463    1838.7195     542.9810     8321.1270   -1180.8176  -11957.7580    -522.6397
      24     478.0509    1395.6153    1861.2478     544.2219     8314.9421   -1203.5996  -11916.4292    -525.9507
      25     446.8818    1353.1814    1858.3927     542.5753     8320.3275   -1207.5525  -11944.3929    -630.5867
      26     464.9651    1423.3786    1865.0706     545.7519     8309.7487   -1199.6395  -11947.3623    -538.0870
      27     490.5545    1436.8690    1862.4273     523.9121     8280.1401   -1189.0920  -11900.7986    -495.9876
      28     467.0143    1388.2794    1845.1587     515.6771     8298.0117   -1202.9097  -11905.1441    -593.9126
      29     439.9910    1416.7836    1858.2831     532.9564     8317.9153   -1192.4958  -11961.2751    -587.8414
      30     472.2117    1348.7942    1860.2486     565.5237     8347.3349   -1172.5542  -12046.4886    -624.9299
      31     475.0453    1439.1143    1858.5203     541.4417     8302.6247   -1201.9459  -11852.1659    -437.3656
      32     450.7031    1421.7185    1855.0113     549.3675     8304.5647   -1190.3235  -11865.3645    -474.3227
      33     468.1134    1379.9175    1855.9928     528.6594     8343.9086   -1193.6002  -11920.5499    -537.5585
      34     481.8442    1339.7509    1881.3202     522.5436     8306.3888   -1207.2303  -11817.7704    -493.1530
      35     458.6406    1405.1533    1860.5425     549.9023     8320.2400   -1215.4599  -11935.9932    -556.9744
      36     476.4173    1400.7081    1852.2240     529.8804     8336.8675   -1209.9060  -11888.1689    -501.9776
      37     462.0965    1363.6567    1860.7620     559.7118     8312.1505   -1172.9090  -11923.5428    -538.0742
      38     479.7158    1399.4532    1864.5111     537.3749     8328.7685   -1196.8666  -11927.5126    -514.5556
      39     494.2368    1355.8495    1855.8522     549.9562     8339.0556   -1208.4721  -11938.7879    -552.3096
      40     461.1045    1415.1732    1861.4889     560.4829     8329.6243   -1197.1892  -11993.0509    -562.3663
      41     507.4406    1407.1839    1859.4385     533.4519     8308.5938   -1184.7153  -11969.9751    -538.5817
      42     455.8548    1446.3018    1860.6590     538.6404     8298.9096   -1203.5473  -11979.6413    -582.8230
      43     468.5164    1405.9750    1869.6547     524.5578     8331.9052   -1190.9209  -11998.1081    -588.4200
      44     471.6383    1404.1390    1866.7342     536.9219     8321.6550   -1197.5557  -11927.9950    -524.4624
      45     456.5026    1434.8714    1863.1737     537.7920     8292.3796   -1194.7555  -11884.7377    -494.7738
      46     476.9905    1365.7749    1836.4997     534.4432     8301.6213   -1186.6754  -11946.0002    -617.3460
      47     488.3477    1454.3076    1833.6671     552.2539     8299.6262   -1209.9054  -11959.5015    -541.2045
      48     455.6709    1442.1354    1855.7556     537.5434     8340.3182   -1216.8296  -12035.7451    -621.1513
      49     480.6705    1343.4830    1851.1948     550.3893     8380.4235   -1205.9833  -12023.4859    -623.3080
      50     448.1438    1390.7983    1868.5051     541.3132     8310.6046   -1220.1202  -11942.2094    -602.9645
      51     456.5321    1397.2052    1861.2523     528.3845     8322.2325   -1199.4825  -11938.7328    -572.6087
      52     481.9818    1391.6021    1868.0869     559.6232     8327.6283   -1185.8971  -11969.8225    -526.7973
      53     476.1346    1421.8414    1870.7049     555.6483     8292.0426   -1214.7030  -11959.9998    -558.3310
      54     477.5478    1428.9731    1856.4161     527.5864     8283.6725   -1208.4099  -11957.1838    -591.3978
      55     460.7375    1333.6280    1854.9788     556.1694     8338.4244   -1199.7054  -11901.3183    -557.0855
      56     468.4529    1422.4919    1855.9531     546.7812     8277.3564   -1217.3792  -11887.3573    -533.7011
      57     453.9706    1392.7865    1849.2102     554.4431     8326.0780   -1197.0380  -12085.4515    -706.0011
      58     492.3131    1417.3437    1850.4996     556.1016     8278.7628   -1194.3390  -12029.5279    -628.8460
      59     459.3451    1430.2387    1870.3640     553.0934     8340.2363   -1201.2343  -12041.9653    -589.9220
      60     448.0298    1441.1940    1869.2042     542.8883     8330.7153   -1203.9562  -12045.7231    -617.6477
      61     459.6287    1413.1380    1876.9655     547.8692     8326.8374   -1199.0669  -12014.7586    -589.3867
      62     467.6055    1375.5401    1860.3752     538.3311     8362.9463   -1190.6945  -12052.1078    -638.0040
      63     479.1935    1384.0790    1838.6007     554.2428     8332.2403   -1201.3640  -11978.5210    -591.5288
      64     487.4746    1380.3308    1868.3230     524.5727     8323.2969   -1210.7923  -12030.5665    -657.3607
      65     475.0567    1386.9532    1845.3189     531.9263     8335.5223   -1224.7452  -11939.8244    -589.7922
      66     446.1994    1401.3269    1828.6773     549.0327     8341.0311   -1232.8607  -11957.3873    -623.9806
      67     447.1777    1403.2968    1840.4191     544.5108     8261.3724   -1207.4637  -11925.6299    -636.3169
      68     462.5739    1398.1442    1865.5590     538.8778     8289.0724   -1176.8587  -11918.6822    -541.3135
      69     461.2645    1413.6712    1857.3709     547.2865     8309.8886   -1206.2418  -11991.4758    -608.2358
      70     474.1327    1367.5233    1880.3495     542.7834     8282.0655   -1201.9349  -12012.3830    -667.4635
      71     468.8866    1406.0738    1851.2316     546.5527     8324.7746   -1200.2564  -11852.5281    -455.2652
      72     494.5507    1388.5935    1880.8425     533.1799     8294.6549   -1184.7249  -11963.7369    -556.6404
      73     459.1593    1379.7186    1837.7464     566.1630     8360.3110   -1205.4582  -11980.1872    -582.5471
      74     473.5484    1383.5134    1846.3092     535.0896     8300.9735   -1196.2410  -11910.8074    -567.6143
      75     451.9159    1388.6446    1874.1410     557.5120     8326.4607   -1198.0004  -12030.0324    -629.3586
      76     458.6311    1352.6355    1860.5718     558.2409     8367.1174   -1203.6785  -11956.7558    -563.2376
      77     465.9278    1359.0782    1880.7099     559.8080     8312.2969   -1206.8725  -12009.9487    -639.0003
      78     476.0629    1359.6163    1860.0279     540.6884     8295.7580   -1198.4341  -12112.4062    -778.6869
      79     462.2872    1399.9969    1869.5826     540.5783     8333.3414   -1189.9933  -11996.0811    -580.2881
      80     492.6296    1399.7697    1853.1608     534.8206     8298.3394   -1186.9193  -11974.6263    -582.8255
      81     454.6373    1418.9103    1836.4826     543.3912     8308.7492   -1192.0976  -11811.9253    -441.8523
      82     466.8242    1372.9154    1832.1678     546.3323     8272.2193   -1205.7007  -11952.8489    -668.0906
      83     474.2486    1393.1461    1852.9709     557.1847     8331.6058   -1210.3150  -12036.8909    -638.0499
      84     452.7136    1338.6071    1861.8626     540.2006     8308.7114   -1201.9277  -11978.6021    -678.4346
      85     475.8355    1387.8973    1851.3031     550.5692     8316.2884   -1198.7176  -12007.3676    -624.1918
      86     476.6673    1355.4512    1837.9987     544.0082     8324.0542   -1229.0156  -12019.6788    -710.5148
      87     504.3126    1398.5345    1886.7200     548.2295     8313.2138   -1204.8478  -12044.6946    -598.5319
      88     492.8046    1411.8370    1853.7008     550.5307     8291.8850   -1175.2540  -11988.0545    -562.5504
      89     452.1049    1368.3464    1869.6021     534.1038     8296.7029   -1210.6017  -11941.2218    -630.9634
      90     473.1107    1373.2358    1850.9496     525.1142     8300.2212   -1234.0305  -11936.6563    -648.0552
      91     456.3785    1398.9472    1876.2504     538.3750     8305.1226   -1194.1297  -11958.7990    -577.8550
      92     464.2756    1402.7806    1857.4289     520.6232     8320.1754   -1192.3796  -11911.3178    -538.4137
      93     453.4993    1416.3155    1850.7829     548.7445     8310.9530   -1207.5252  -11818.2824    -445.5123
      94     444.2794    1435.1316    1870.4679     537.8684     8280.7721   -1226.0395  -11783.4850    -441.0051
      95     486.8190    1402.9305    1871.7867     531.0971     8323.0126   -1179.7208  -11783.5139    -347.5888
      96     474.5509    1393.7913    1852.3923     548.6294     8323.8627   -1204.8307  -11793.2312    -404.8353
      97     459.3185    1389.9150    1850.1453     538.8060     8306.4645   -1211.1928  -11867.6285    -534.1720
      98     453.6052    1416.9775    1870.2965     544.1254     8312.1898   -1183.0509  -11819.4268    -405.2833
      99     468.7249    1411.3574    1823.3824     521.2941     8291.2702   -1201.5095  -11773.4149    -458.8955
     100     475.8957    1429.9961    1858.3478     559.6312     8341.4907   -1207.9559  -11896.4985    -439.0929
     101     484.3328    1395.0387    1863.3943     556.0533     8323.0159   -1198.4065  -11932.3067    -508.8782
     102     436.5383    1394.6469    1892.2773     555.9280     8331.5182   -1182.4438  -11923.4931    -495.0283
     103     510.3701    1406.7144    1858.6134     539.2553     8350.8940   -1198.1211  -11848.1978    -380.4718
     104     468.6213    1416.1570    1821.7758     549.8213     8309.1441   -1190.8105  -11896.4268    -521.7177
     105     465.1539    1412.2433    1853.5325     538.8935     8325.7937   -1196.8289  -11853.5207    -454.7327
     106     473.9307    1369.6554    1840.4786     542.0177     8290.5638   -1194.5908  -11830.2939    -508.2385
     107     480.6767    1415.9298    1822.8802     538.5417     8308.1598   -1216.5400  -11790.4857    -440.8375
     108     480.4846    1390.0520    1849.9114     544.4769     8274.5752   -1189.7092  -11928.7428    -578.9518
     109     472.8787    1335.8151    1859.2575     549.7855     8384.3638   -1196.5112  -12026.2204    -620.6312
     110     427.2765    1423.0067    1875.2225     537.4197     8318.1078   -1230.7080  -11843.3541    -493.0289
     111     432.9904    1378.7132    1846.9625     550.2112     8312.5335   -1189.1744  -11852.9844    -520.7481
     112     448.6448    1423.0986    1866.2610     534.9781     8315.1670   -1205.0018  -11849.9733    -466.8257
     113     478.1918    1412.8575    1859.0365     542.9453     8320.8429   -1216.0096  -11944.9583    -547.0939
     114     467.5608    1400.3011    1860.9207     563.2120     8329.3399   -1205.0193  -11958.8281    -542.5127
     115     488.3095    1354.0512    1831.0337     535.9797     8300.3892   -1221.0707  -11806.6160    -517.9234
     116     468.4942    1371.7907    1866.1022     546.3611     8317.1212   -1211.5913  -11932.6252    -574.3470
     117     458.5410    1369.3736    1850.2147     544.7758     8312.0981   -1196.9068  -11915.3480    -577.2516
     118     453.4141    1404.2956    1859.4370     551.8946     8349.6733   -1215.4871  -11932.0328    -528.8054
     119     473.4122    1367.1862    1874.9717     545.9732     8296.2409   -1211.1256  -11822.4298    -475.7711
     120     485.5249    1343.2595    1846.1665     542.1435     8333.2265   -1194.5806  -11880.2777    -524.5374
     121     448.6718    1369.1085    1831.1380     548.6374     8344.5972   -1175.1192  -11931.6944    -564.6608
     122     483.4340    1383.6987    1837.0814     549.6079     8325.2502   -1201.7568  -11907.1504    -529.8350
     123     488.1161    1405.3821    1864.9814     545.0189     8312.1513   -1214.5654  -11846.8893    -445.8050
     124     463.4282    1410.7002    1846.0342     542.0034     8287.6203   -1186.0485  -11827.4310    -463.6933
     125     443.2514    1397.9152    1851.1954     555.4729     8301.6728   -1202.8539  -11993.9395    -647.2858
     126     455.8784    1416.9209    1859.1764     544.3970     8299.6892   -1213.2902  -11967.8726    -605.1008
     127     463.2201    1396.5236    1862.6438     552.1514     8307.6684   -1226.9689  -11904.0258    -548.7876
     128     480.8173    1390.1420    1854.7683     543.0553     8312.4039   -1196.5199  -11869.5051    -484.8382
     129     437.5405    1379.6600    1861.5338     559.3917     8366.7772   -1201.5701  -11962.4626    -559.1296
     130     448.9164    1369.1487    1871.6027     545.5871     8332.1067   -1198.1532  -12020.6492    -651.4408
     131     478.3303    1379.3282    1861.2742     549.7535     8315.3640   -1217.6060  -11891.2149    -524.7708
     132     467.3161    1378.4794    1891.2459     550.0746     8334.6737   -1206.6371  -11918.8674    -503.7148
     133     501.5757    1385.0418    1849.1033     539.8495     8344.8807   -1192.5282  -11894.2521    -466.3293
     134     504.7017    1403.9351    1827.9313     539.6237     8354.1692   -1210.8458  -11830.2971    -410.7819
     135     444.2878    1391.2131    1842.9571     547.1795     8372.4478   -1194.1498  -11906.3078    -502.3724
     136     467.6928    1424.0697    1866.9318     555.2068     8325.9863   -1191.6734  -11929.0235    -480.8094
     137     492.6581    1409.6735    1839.5879     535.8468     8257.2522   -1210.3382  -11751.0154    -426.3350
     138     438.4051    1353.1424    1832.2475     542.1334     8313.5975   -1202.2312  -11902.9099    -625.6151
     139     467.4725    1388.9037    1831.6232     555.1902     8356.2451   -1196.2010  -11899.2803    -496.0466
     140     452.4727    1354.5212    1873.0470     540.6336     8334.5645   -1211.2618  -11710.5023    -366.5251
     141     476.6668    1389.7127    1847.4473     547.7349     8352.2908   -1197.3185  -11921.9152    -505.3814
     142     480.3610    1401.3256    1868.8944     518.5750     8327.9632   -1204.4956  -11903.8242    -511.2005
     143     451.5741    1404.3932    1857.5972     544.7016     8334.7320   -1184.9611  -11917.2226    -509.1855
     144     486.2642    1405.8256    1874.1933     541.8028     8335.4970   -1200.9631  -11827.6249    -385.0053
     145     465.3261    1381.5819    1865.3333     523.1382     8371.8536   -1190.4316  -11861.2477    -444.4462
     146     488.6801    1360.8214    1882.0662     546.0315     8373.4397   -1182.9115  -11901.4622    -433.3347
     147     471.2824    1425.7702    1864.4424     528.0773     8301.4774   -1194.7918  -11921.5553    -525.2974
     148     455.7599    1378.9529    1838.1244     542.0301     8333.8545   -1215.0004  -11794.8152    -461.0937
     149     502.1063    1405.2531    1869.6721     545.2229     8319.4374   -1189.1867  -11850.5970    -398.0919
     150     439.2769    1408.8169    1866.0003     541.2858     8327.0805   -1197.1863  -11799.8812    -414.6069
     151     453.5962    1398.6503    1881.6395     543.7383     8350.0506   -1193.7299  -11958.1816    -524.2365
     152     459.5692    1348.1036    1877.5041     552.0890     8334.7791   -1192.2070  -11912.0729    -532.2348
     153     464.2923    1361.3445    1840.2822     543.3462     8382.0392   -1227.1105  -12050.4730    -686.2790
     154     459.0561    1383.8313    1862.8033     546.6974     8390.9263   -1218.5322  -11986.0143    -561.2322
     155     480.2700    1410.4954    1857.1476     555.4636     8327.3701   -1148.0624  -11960.3718    -477.6876
     156     455.1378    1422.0681    1881.3698     553.9555     8367.6624   -1197.6469  -11959.0712    -476.5245
     157     499.4653    1367.2076    1871.6333     555.8550     8356.8277   -1186.5193  -11951.0503    -486.5807
     158     478.4005    1388.9588    1855.9739     536.0583     8335.4266   -1181.9004  -12014.8040    -601.8863
     159     485.0854    1426.4393    1861.4993     532.5421     8341.9294   -1202.3601  -11946.7900    -501.6544
     160     463.9288    1389.4954    1836.9780     538.9461     8345.5898   -1212.9862  -11968.0707    -606.1187
     161     484.5979    1409.4010    1868.2346     550.9582     8343.7775   -1211.5670  -12099.6023    -654.2001
     162     480.4841    1399.3228    1848.1495     550.2488     8298.5009   -1201.3074  -11839.6900    -464.2913
     163     487.2385    1375.3939    1852.6266     537.7752     8300.9929   -1204.5699  -11960.5903    -611.1331
     164     448.0796    1411.8477    1838.9320     565.9773     8330.1575   -1191.9412  -12001.8930    -598.8400
     165     468.0109    1423.2879    1839.7816     526.8241     8334.4450   -1187.6830  -11959.5876    -554.9210
     166     464.8064    1381.5546    1852.9624     531.7648     8274.5787   -1195.6600  -11928.1416    -618.1349
     167     463.3116    1396.2107    1835.7549     542.1366     8291.4548   -1219.9072  -11828.3913    -519.4299
     168     466.2082    1368.7337    1846.7634     555.8412     8269.2113   -1174.9219  -11839.5427    -507.7067
     169     472.7085    1411.6628    1848.3668     551.2459     8333.2801   -1178.4437  -12030.2642    -591.4436
     170     457.5930    1399.0212    1867.5576     539.4789     8313.1278   -1198.8347  -11955.5595    -577.6157
     171     493.0358    1344.9933    1853.6299     551.6111     8316.3516   -1205.1606  -11842.9517    -488.4905
     172     489.6629    1392.6527    1849.0604     531.9150     8319.2554   -1215.9389  -12076.4168    -709.8091
     173     479.5109    1430.2581    1807.4238     558.9509     8343.8562   -1211.6977  -12031.6647    -623.3626
     174     460.8750    1397.8797    1856.0092     553.7746     8344.7001   -1179.2652  -11981.9218    -547.9484
     175     450.9982    1379.5299    1870.7484     523.0434     8352.2704   -1191.5812  -12037.9867    -652.9776
     176     497.9429    1378.7677    1850.1840     521.2121     8274.9191   -1172.2246  -12039.4486    -688.6475
     177     463.6022    1376.0020    1890.0559     548.8412     8305.8789   -1194.9517  -12032.6941    -643.2655
     178     499.6752    1376.7873    1857.8271     532.5255     8357.9984   -1200.3496  -12081.0443    -656.5804
     179     484.2168    1371.3329    1866.1883     548.4637     8347.9345   -1159.1339  -12157.8763    -698.8740
     180     487.4013    1391.1175    1866.3787     537.9978     8318.9590   -1188.8024  -12133.4525    -720.4006
     181     454.4504    1389.4341    1874.4466     542.6173     8353.3533   -1218.1799  -12078.6780    -682.5562
     182     451.9224    1384.5359    1850.8337     539.9721     8327.9018   -1210.1378  -11953.9831    -608.9550
     183     487.5894    1407.5212    1863.1044     550.6534     8311.7131   -1216.0911  -11970.5972    -566.1069
     184     462.1311    1414.5998    1847.0563     542.1621     8325.2294   -1198.8428  -12069.6616    -677.3257
     185     475.6039    1396.6886    1838.9873     537.7021     8363.8036   -1204.4555  -12074.7892    -666.4593
     186     466.4723    1411.4216    1874.3835     533.1633     8325.4340   -1228.2272  -12000.6997    -618.0522
     187     494.2398    1377.5173    1883.7805     547.9286     8320.7506   -1192.2418  -11904.7979    -472.8230
     188     491.2183    1406.5533    1847.0323     544.3034     8301.3024   -1183.6272  -11945.5686    -538.7862
     189     434.4700    1398.1867    1867.0610     534.1505     8308.2231   -1199.9728  -11922.1221    -580.0035
     190     470.2070    1435.8472    1849.4644     549.2773     8344.3136   -1190.7121  -11949.4530    -491.0556
     191     453.4606    1405.7291    1858.1004     537.4296     8334.0477   -1199.6334  -11991.1944    -602.0604
     192     494.1293    1418.3210    1894.8352     542.7367     8330.2513   -1225.2667  -12018.5243    -563.5175
     193     460.7552    1360.8903    1872.0766     537.3599     8300.9944   -1201.1237  -12035.1041    -704.1514
     194     469.1852    1392.1995    1879.5770     531.9497     8314.2975   -1206.5231  -11939.0694    -558.3835
     195     451.6808    1416.7604    1858.4653     517.2636     8278.9097   -1219.9544  -11814.1620    -511.0367
     196     489.0225    1396.4221    1863.5998     539.1378     8342.3499   -1188.5800  -11917.0450    -475.0930
     197     457.8933    1419.6250    1866.9204     546.5377     8365.5665   -1204.2799  -11938.6323    -486.3692
     198     462.9544    1414.2662    1852.3197     546.3730     8273.5387   -1217.4471  -11825.9111    -493.9062
     199     483.7033    1403.6022    1830.0675     541.7878     8315.9422   -1192.0628  -11861.2543    -478.2140
     200     449.8143    1448.3341    1828.5906     535.4750     8283.4963   -1194.2495  -11799.9166    -448.4558
     201     474.0152    1367.5374    1873.4001     548.6084     8350.1027   -1199.5560  -11904.3855    -490.2777
     202     466.5594    1384.7457    1848.1846     548.5930     8307.8378   -1227.5199  -11822.7965    -494.3959
     203     461.8866    1405.3489    1860.1238     540.1273     8328.7723   -1195.1922  -11847.8005    -446.7338
     204     479.8776    1390.3513    1859.2512     545.6153     8342.8228   -1176.9610  -11927.0906    -486.1333
     205     471.9219    1409.1294    1866.0969     533.1879     8322.8550   -1218.6738  -11965.0293    -580.5121
     206     476.6924    1375.4963    1870.1443     537.0586     8307.3865   -1207.9157  -11894.0822    -535.2198
     207     450.3810    1412.8238    1869.3958     546.1492     8302.7665   -1182.3065  -11948.2258    -549.0161
     208     411.3093    1386.0809    1859.8554     547.1479     8353.9953   -1201.8835  -11963.7690    -607.2638
     209     493.5863    1379.0906    1846.9659     532.3672     8361.5761   -1196.3608  -11968.2364    -551.0111
     210     479.6913    1351.1549    1859.2626     548.4615     8339.4637   -1202.2965  -11832.0041    -456.2667
     211     452.4858    1397.1811    1883.9354     553.0436     8321.9381   -1194.1241  -11917.1741    -502.7141
     212     444.7124    1408.7554    1894.1865     533.8143     8328.2115   -1176.8645  -12015.4814    -582.6659
     213     474.9609    1395.9150    1851.5857     541.0110     8320.0492   -1203.3630  -11888.4827    -508.3239
     214     499.8816    1393.0154    1876.4948     532.7985     8337.2515   -1182.2963  -11975.4929    -518.3474
     215     514.7137    1358.5374    1867.3572     563.8666     8315.0676   -1214.3506  -11897.7845    -492.5926
     216     446.6849    1427.4234    1857.6443     556.7417     8279.9779   -1186.2617  -11805.6269    -423.4163
     217     508.2395    1394.5184    1836.6417     547.4316     8271.6583   -1210.3733  -11908.3378    -560.2217
     218     453.5947    1411.1881    1856.8195     565.3530     8311.6045   -1212.7944  -12026.0058    -640.2405
     219     457.3665    1388.1177    1845.9589     544.9587     8280.0982   -1233.9235  -11856.4617    -573.8852
     220     469.4520    1401.8138    1859.9544     547.6575     8299.1508   -1206.6017  -11867.0734    -495.6466
     221     459.7009    1392.3666    1844.3681     541.4586     8267.5543   -1168.3593  -11868.8162    -531.7270
     222     469.1316    1402.1726    1844.5938     542.0170     8330.0723   -1196.0642  -11865.7063    -473.7833
     223     451.9481    1346.3664    1855.9483     553.0641     8345.0257   -1223.0341  -11961.2467    -631.9282
     224     481.9167    1374.9025    1833.7727     543.6119     8290.1505   -1222.1750  -11956.3845    -654.2053
     225     471.3263    1371.0174    1872.0776     540.2747     8297.0294   -1208.4861  -12007.4735    -664.2340
     226     473.0802    1427.6937    1854.5784     539.3120     8320.0277   -1199.6526  -11998.2566    -583.2173
     227     483.2824    1421.8441    1861.9317     548.3542     8324.7840   -1192.9229  -11923.2736    -476.0002
     228     468.3695    1395.2361    1888.9795     555.3434     8374.8920   -1213.0799  -12074.3855    -604.6448
     229     475.3486    1424.9074    1849.1228     536.6275     8313.2516   -1208.1581  -11969.7183    -578.6184
     230     455.3525    1413.0455    1853.2368     548.1068     8336.7973   -1213.2683  -12053.5044    -660.2338
     231     471.1606    1414.8852    1844.8255     533.2458     8347.0719   -1207.2849  -12058.7480    -654.8440
     232     470.7691    1407.0060    1879.1348     548.2586     8310.6993   -1207.2047  -11964.9515    -556.2884
     233     445.0531    1367.3770    1871.0246     540.8275     8373.0311   -1205.4665  -12060.0565    -668.2097
     234     476.6063    1321.7482    1855.4811     542.6018     8336.0630   -1228.3073  -11968.4893    -664.2961
     235     469.8310    1452.7185    1856.6526     548.3084     8299.7752   -1201.2718  -12012.2586    -586.2446
     236     468.7708    1388.2125    1852.9113     559.5812     8342.5235   -1218.6672  -11980.2219    -586.8897
     237     500.9720    1379.6487    1873.7852     537.5141     8333.8782   -1230.5393  -11998.7086    -603.4498
     238     453.5233    1378.0541    1857.6608     534.9186     8339.0675   -1181.2778  -11987.5658    -605.6193
     239     470.2883    1395.4085    1887.2751     544.3021     8326.6875   -1200.9858  -11854.6656    -431.6901
     240     478.1449    1398.5812    1826.4772     538.0564     8305.7122   -1187.5650  -11845.7006    -486.2938
     241     475.2364    1371.8074    1872.0070     531.5091     8317.4352   -1184.3042  -11856.0306    -472.3398
     242     444.2228    1382.5014    1844.9759     560.0365     8352.6007   -1205.3613  -11885.4682    -506.4923
     243     436.3388    1415.3824    1857.1528     552.4004     8355.2722   -1208.2207  -11895.3708    -487.0450
     244     438.8162    1387.6009    1859.6817     563.9555     8334.7282   -1180.3088  -12048.0617    -643.5881
     245     478.4090    1406.3170    1833.5576     539.8048     8297.2620   -1203.4399  -11860.3739    -508.4634
     246     497.4242    1384.9831    1845.6648     553.4825     8306.9607   -1197.5412  -11926.8383    -535.8643
     247     476.6734    1411.6357    1850.0584     537.7439     8313.8519   -1203.4656  -11881.2039    -494.7063
     248     481.0855    1383.2599    1833.6286     555.3231     8312.2884   -1192.5505  -12018.1145    -645.0794
     249     449.7980    1336.5268    1850.7294     548.8745     8301.1963   -1215.2801  -11993.7472    -721.9023
     250     490.0494    1367.4853    1840.9029     553.8418     8321.1916   -1190.6493  -12026.2670    -643.4453
     251     481.3541    1369.8680    1870.9237     516.3847     8300.2732   -1208.4310  -12068.1069    -737.7343
     252     467.9319    1354.7320    1850.6848     524.6882     8295.5053   -1225.7723  -12009.6257    -741.8559
     253     469.4632    1404.2327    1857.0581     557.4505     8311.3263   -1191.1416  -11888.1936    -479.8044
     254     463.3027    1380.4804    1875.9186     538.7807     8310.5018   -1196.3002  -12005.0695    -632.3856
     255     444.1414    1361.9528    1877.9242     552.6980     8349.8021   -1233.5005  -12032.6862    -679.6681
     256     441.4021    1411.7293    1868.0720     544.3836     8302.4974   -1191.2342  -11906.6368    -529.7865
     257     455.9515    1444.6547    1865.3937     527.8753     8305.7946   -1213.5306  -11861.5291    -475.3900
     258     486.7549    1421.0459    1848.3919     537.9974     8273.5525   -1193.9152  -11905.1653    -531.3379
     259     474.3469    1423.1384    1850.8501     538.5656     8326.5792   -1226.3875  -11928.3245    -541.2318
     260     465.0237    1384.7394    1842.7522     542.7691     8310.5458   -1197.0809  -11947.7651    -599.0158
     261     469.9596    1405.4829    1885.1893     532.8675     8315.6729   -1202.9299  -11896.1842    -489.9420
     262     461.7534    1415.5126    1865.6612     544.2416     8322.2386   -1200.3030  -11955.0969    -545.9926
     263     488.3373    1433.0611    1869.9357     534.8199     8310.3029   -1184.8605  -12093.8259    -642.2294
     264     484.8505    1398.6951    1844.5812     554.2262     8308.6132   -1161.5589  -11937.9721    -508.5647
     265     474.7181    1388.0567    1890.4848     554.5851     8313.6536   -1180.4164  -11932.3550    -491.2732
     266     451.2976    1364.0639    1881.8284     546.2792     8343.2936   -1185.0780  -12099.0426    -697.3579
     267     462.8454    1381.0359    1880.7844     540.1235     8292.8078   -1203.8440  -11979.6807    -625.9276
     268     459.3812    1418.1509    1846.8169     537.8469     8293.9341   -1167.6095  -12001.4904    -612.9700
     269     454.9967    1366.4224    1878.0750     564.9735     8300.8661   -1232.0190  -11966.9257    -633.6111
     270     453.4978    1336.6790    1876.0909     556.9763     8326.5678   -1210.0755  -11912.1391    -572.4028
     271     464.2968    1410.3806    1862.7420     528.3950     8297.9145   -1202.3505  -11927.9658    -566.5875
     272     449.6888    1403.9890    1864.9922     538.7146     8332.9573   -1200.5972  -12018.1278    -628.3829
     273     467.4688    1379.1619    1860.1704     542.0511     8330.6764   -1198.2747  -12042.2989    -661.0450
     274     448.0250    1368.6136    1886.4838     531.9221     8312.4976   -1204.6398  -12032.6648    -689.7626
     275     484.5092    1387.4377    1851.2471     541.7997     8311.4109   -1168.0314  -12062.9814    -654.6082
     276     466.4442    1385.3051    1882.4887     547.1688     8317.9217   -1187.4671  -12056.6401    -644.7787
     277     427.5067    1376.9282    1855.3502     543.2986     8341.7928   -1198.1160  -12107.4726    -760.7120
     278     476.1061    1433.0801    1855.6415     562.6726     8352.3285   -1199.8332  -12106.3267    -626.3312
     279     449.1336    1343.9740    1880.0691     557.0019     8335.6907   -1216.4428  -11957.1764    -607.7499
     280     497.7290    1377.2656    1855.2835     545.2899     8341.8547   -1173.3539  -12065.6168    -621.5479
     281     443.3047    1401.4870    1860.1986     549.5566     8304.6507   -1182.9693  -12058.2607    -682.0325
     282     455.1879    1408.0631    1868.0438     541.3955     8316.9173   -1174.1807  -12066.0244    -650.5976
     283     430.6580    1394.9787    1888.3476     543.3248     8344.0150   -1172.4929  -12147.0348    -718.2036
     284     463.6367    1384.6882    1876.5907     539.7560     8297.7626   -1175.3334  -12051.5555    -664.4548
     285     474.5400    1365.7746    1869.8146     549.6142     8262.0482   -1190.1009  -11896.4766    -564.7859
     286     473.9336    1380.5322    1879.3570     538.7326     8310.6312   -1214.6848  -11952.5370    -584.0351
     287     476.5537    1425.8029    1847.7877     551.7201     8311.2767   -1182.6249  -12129.1452    -698.6291
     288     461.5549    1403.1360    1828.9029     558.5371     8294.5268   -1197.8655  -12004.6791    -655.8870
     289     470.1721    1396.3161    1861.9401     540.3862     8351.5519   -1195.3969  -11941.8907    -516.9211
     290     439.5451    1430.9160    1857.1882     552.4420     8323.2464   -1194.5898  -12116.8781    -708.1301
     291     455.4402    1401.6317    1863.7062     535.1214     8306.7541   -1197.7187  -11921.8955    -556.9607
     292     489.2373    1395.7079    1850.4622     529.2175     8301.9520   -1169.9974  -11943.8154    -547.2359
     293     490.0891    1359.9136    1862.3356     547.9875     8321.0112   -1194.7582  -12042.0353    -655.4565
     294     472.7525    1366.0597    1845.4022     541.3712     8278.0564   -1205.8639  -12064.0142    -766.2361
     295     451.8331    1420.8757    1868.0444     538.5722     8310.9503   -1196.2067  -11859.9620    -465.8929
     296     485.4689    1396.6253    1840.6603     557.3307     8318.4774   -1200.7338  -11864.5089    -466.6801
     297     486.9551    1391.1988    1855.1061     533.1386     8273.6328   -1206.9224  -11988.8120    -655.7030
     298     490.8369    1381.7969    1872.2467     534.4819     8270.4514   -1187.5331  -11805.2805    -442.9999
     299     476.6673    1414.5678    1855.3142     545.6149     8342.9354   -1193.0993  -12004.9803    -562.9798
     300     456.3308    1420.6155    1874.2391     531.6347     8315.5878   -1177.8494  -12016.3433    -595.7847
     301     481.5598    1379.2866    1855.5659     530.6335     8311.5448   -1183.1456  -11903.3424    -527.8974
     302     467.9327    1391.1518    1850.4097     556.4169     8309.7872   -1202.5890  -12017.0168    -643.9074
     303     461.4110    1397.3347    1862.8281     546.0477     8301.4494   -1197.0950  -12027.4982    -655.5224
     304     468.4496    1401.1698    1852.1776     559.5581     8291.0642   -1209.3139  -11984.8394    -621.7341
     305     467.2082    1355.8025    1866.5651     562.0938     8317.7725   -1192.4282  -12071.7233    -694.7093
     306     458.3058    1395.2863    1858.9586     554.1160     8308.3447   -1186.3323  -12060.7713    -672.0922
     307     462.1928    1368.3776    1867.7277     531.3430     8306.8955   -1203.1221  -11981.8372    -648.4227
     308     431.1804    1359.0976    1843.5884     549.4257     8316.9416   -1193.9227  -11934.2755    -627.9646
     309     456.9842    1384.4977    1860.5069     544.6050     8310.2731   -1198.0360  -12045.7727    -686.9417
     310     461.6261    1412.4462    1854.6779     545.1849     8286.3357   -1218.0061  -11850.8751    -508.6104
     311     468.6880    1344.0766    1868.6483     555.2943     8323.7861   -1197.3728  -11975.8450    -612.7244
     312     466.3804    1403.2480    1863.4755     557.7229     8323.7590   -1189.5434  -12062.3351    -637.2927
     313     492.2621    1440.9762    1876.2181     552.9342     8313.8774   -1207.3003  -12010.8411    -541.8732
     314     469.3520    1371.9647    1850.1639     552.5816     8344.7202   -1208.2543  -11995.7069    -615.1788
     315     470.0240    1403.7514    1846.9460     555.2887     8316.9580   -1193.2330  -12136.8051    -737.0699
     316     478.4646    1431.0463    1829.8874     547.4616     8340.9190   -1184.3176  -12124.1835    -680.7221
     317     490.5134    1370.3690    1841.8553     547.7522     8302.4984   -1191.9917  -12070.4167    -709.4201
     318     479.0842    1432.7603    1856.0477     544.2453     8319.6018   -1176.0082  -11817.3586    -361.6275
     319     456.2252    1420.4738    1851.3156     531.0744     8317.1872   -1202.6130  -11794.7842    -421.1209
     320     459.7162    1391.6544    1861.0049     536.1338     8314.1890   -1193.1807  -11840.7222    -471.2045
     321     477.1561    1394.8451    1886.6177     546.2604     8274.1008   -1201.9812  -11853.5759    -476.5770
     322     446.5390    1365.4881    1862.3944     555.4044     8317.7039   -1186.0242  -11906.9878    -545.4822
     323     469.5899    1403.3709    1861.7853     539.6534     8298.8989   -1201.2073  -11961.8861    -589.7949
     324     460.0166    1404.6959    1839.4228     540.1784     8263.0987   -1201.7638  -11924.8307    -619.1821
     325     504.2193    1374.4865    1860.3863     536.9547     8317.2595   -1173.8730  -11959.7473    -540.3140
     326     475.2654    1391.5326    1826.5564     549.4682     8307.4267   -1146.4784  -11861.0382    -457.2674
     327     468.8555    1379.7585    1877.5100     535.8958     8292.2585   -1187.6487  -11872.8310    -506.2013
     328     466.5963    1393.0936    1849.6470     552.0191     8303.7408   -1171.0550  -11890.1138    -496.0718
     329     499.1922    1364.8286    1857.9637     549.2392     8300.8866   -1185.0269  -11976.1493    -589.0660
     330     468.9680    1390.5452    1831.7482     550.6887     8275.0764   -1204.4250  -11876.0631    -563.4616
     331     466.1430    1404.5039    1852.0681     541.5264     8330.1847   -1174.0342  -11952.2392    -531.8472
     332     427.6106    1394.2791    1854.1686     563.3333     8317.9883   -1209.2373  -11877.3484    -529.2056
     333     487.9419    1425.4392    1848.4999     536.8788     8336.2076   -1214.9689  -11850.6612    -430.6627
     334     460.6498    1380.1856    1861.0659     546.8783     8330.2620   -1155.1842  -11924.6724    -500.8151
     335     452.8032    1368.7344    1855.9660     536.9648     8315.2819   -1187.4113  -11890.9082    -548.5692
     336     481.1641    1380.4392    1847.7476     544.6109     8304.5524   -1172.4260  -11917.7736    -531.6854
     337     479.9702    1402.9924    1834.5655     542.6626     8326.7380   -1195.9109  -11873.1591    -482.1412
     338     515.2557    1340.6462    1868.4668     523.6564     8340.6348   -1218.7279  -11953.8958    -583.9639
     339     469.4803    1402.9535    1860.9772     533.4113     8289.9345   -1208.4686  -11985.9434    -637.6552
     340     432.2765    1352.9042    1879.7977     545.6479     8355.8101   -1204.9138  -12069.3804    -707.8579
     341     453.2263    1384.2481    1886.2705     522.1686     8328.0342   -1217.9192  -11819.4676    -463.4390
     342     480.3220    1391.4411    1881.4629     526.8833     8307.6715   -1184.4461  -11786.4892    -383.1547
     343     468.3780    1418.1459    1840.3962     542.7282     8315.5538   -1175.0822  -11883.8832    -473.7634
     344     471.4174    1352.5362    1896.1183     557.6275     8321.3188   -1172.7277  -11927.7196    -501.4290
     345     454.7990    1413.1827    1851.9398     537.7588     8265.8313   -1201.4344  -12042.6924    -720.6152
     346     449.9656    1395.0090    1853.0113     547.0127     8325.0979   -1187.0208  -11923.4425    -540.3668
     347     457.5367    1393.8422    1843.2323     537.2089     8295.8494   -1185.4970  -11918.2971    -576.1246
     348     477.2366    1383.3906    1864.8122     553.1962     8318.7656   -1186.4109  -11950.2663    -539.2761
     349     469.4250    1366.0587    1857.7159     542.4994     8338.8795   -1222.0003  -11882.1741    -529.5960
     350     483.3958    1414.2259    1854.1015     557.0742     8339.6484   -1193.8281  -12025.6661    -571.0484
     351     466.2748    1406.9011    1856.4254     535.4665     8298.1774   -1177.9432  -11942.1478    -556.8457
     352     454.5114    1362.4224    1835.3375     548.6161     8342.6988   -1196.4520  -11923.5376    -576.4034
     353     480.8505    1369.7622    1855.8325     531.7502     8311.8813   -1167.4474  -11897.0769    -514.4477
     354     485.9849    1388.1939    1862.7997     557.8489     8317.6298   -1182.2024  -11918.8238    -488.5691
     355     470.8323    1377.1072    1838.3885     552.2133     8352.7582   -1212.1504  -12082.1530    -703.0039
     356     477.1267    1390.7817    1840.9623     539.6341     8320.8119   -1212.0271  -11860.3444    -503.0547
     357     482.4404    1372.2525    1859.0409     533.6590     8330.7333   -1191.3131  -12038.2284    -651.4155
     358     488.6636    1441.2874    1873.3087     534.8143     8342.2879   -1200.6036  -12044.0361    -564.2779
     359     461.9045    1449.7662    1854.2147     531.1917     8308.7124   -1182.3721  -12045.0036    -621.5862
     360     481.7819    1366.6967    1869.1767     534.9694     8310.0098   -1204.3412  -11935.5105    -577.2170
     361     449.4261    1402.5389    1870.5053     553.8771     8314.3418   -1191.9652  -11918.5170    -519.7930
     362     499.7677    1338.8919    1864.7450     527.7715     8286.6623   -1209.6546  -11916.7233    -608.5394
     363     473.9060    1413.8518    1882.8964     545.3060     8310.3006   -1189.7164  -11893.3218    -456.7773
     364     467.4132    1392.0825    1895.6918     544.0965     8352.7802   -1204.2340  -12012.5013    -564.6712
     365     451.8648    1368.6610    1878.4650     534.9731     8317.8804   -1201.0932  -11908.6342    -557.8831
     366     471.1332    1396.1763    1858.8698     543.5458     8286.5504   -1200.3230  -11882.3011    -526.3485
     367     509.7676    1377.2185    1852.9201     528.7342     8273.0259   -1199.3181  -11838.4201    -496.0720
     368     459.6550    1396.1475    1843.3550     533.0052     8268.4200   -1185.2429  -11919.2916    -603.9519
     369     475.4826    1387.4296    1865.2774     536.1739     8319.9059   -1157.6636  -11986.0157    -559.4100
     370     484.4483    1389.1012    1887.6305     544.9360     8327.8745   -1182.8665  -11996.6388    -545.5147
     371     491.1044    1406.4042    1865.7707     522.5598     8285.9973   -1200.1269  -11915.7484    -544.0388
     372     472.4172    1426.1621    1864.8693     530.8029     8292.5929   -1196.7422  -11994.5664    -604.4643
     373     483.0299    1386.2104    1864.0905     543.1639     8309.5162   -1182.0034  -11984.3687    -580.3613
     374     473.9098    1373.6825    1905.3597     526.3481     8309.6513   -1205.8332  -11978.2759    -595.1577
     375     473.1902    1390.0391    1870.7250     542.8744     8317.2581   -1195.8006  -11917.8618    -519.5755
     376     457.8290    1395.0894    1878.7763     544.2964     8324.5254   -1201.3798  -12000.8264    -601.6896
     377     477.0780    1449.9675    1867.7264     531.1779     8311.3189   -1212.2770  -12036.0862    -611.0944
     378     447.2951    1417.8190    1876.8393     540.0395     8358.8953   -1192.7157  -12172.8166    -724.6441
     379     456.1866    1386.3803    1855.0841     546.0842     8292.9131   -1198.8848  -12011.3643    -673.6007
     380     492.8834    1373.9023    1850.7914     536.3121     8250.9175   -1205.5294  -11924.7876    -625.5101
     381     439.1248    1389.7248    1870.1716     545.5022     8310.9684   -1218.4207  -11977.9500    -640.8791
     382     451.7249    1404.0846    1892.0789     569.9934     8315.8944   -1199.4895  -11923.4235    -489.1368
     383     478.9444    1355.9449    1846.6843     545.0275     8300.8208   -1200.6658  -11960.9080    -634.1519
     384     467.8658    1357.6812    1866.1743     553.0577     8350.9549   -1204.7015  -11980.2306    -589.1983
     385     466.4023    1416.1617    1873.9148     547.8851     8319.1850   -1197.9698  -11970.1703    -544.5911
     386     446.6360    1372.6998    1860.3616     542.1020     8289.4021   -1199.4444  -12026.5264    -714.7692
     387     470.5281    1342.4694    1863.6595     539.9356     8298.4722   -1178.2023  -12039.5037    -702.6412
     388     441.5332    1387.4642    1869.6364     538.6452     8323.0391   -1199.4152  -11998.3768    -637.4739
     389     468.6269    1344.5239    1862.3617     536.0426     8301.1216   -1169.8610  -12033.4880    -690.6724
     390     473.5449    1376.3346    1847.9298     540.6591     8323.9404   -1213.7903  -12023.5974    -674.9789
     391     478.6741    1397.8430    1824.4212     555.2736     8335.2501   -1187.3865  -12036.8065    -632.7309
     392     430.1769    1400.0677    1850.4812     551.6492     8295.9023   -1198.5440  -11904.2943    -574.5611
     393     466.9446    1373.1439    1879.6870     547.3499     8311.7074   -1186.6790  -12083.1392    -690.9853
     394     487.8056    1401.2007    1861.2749     532.0923     8317.8981   -1180.9133  -12005.6791    -586.3208
     395     431.2024    1423.7950    1883.3396     553.5014     8327.2261   -1214.4507  -12098.6185    -694.0047
     396     490.0381    1439.7046    1870.9149     558.8516     8301.2403   -1205.0309  -12049.2956    -593.5770
     397     472.2075    1407.4464    1855.4718     544.0373     8292.4933   -1198.6228  -11904.5149    -531.4814
     398     439.3179    1426.4895    1866.3766     542.0030     8306.9621   -1201.0045  -11874.9911    -494.8464
     399     466.1807    1399.0573    1858.4087     530.1253     8348.0270   -1206.6668  -11978.7650    -583.6327
     400     417.2143    1458.7719    1864.7576     542.0238     8274.9251   -1191.4478  -11907.8618    -541.6169
     401     456.3049    1390.9862    1874.1222     541.7039     8332.9421   -1188.3718  -11930.2590    -522.5716
     402     465.6555    1402.3612    1856.8667     555.0965     8280.9286   -1205.9828  -11901.6354    -546.7098
     403     474.3884    1386.6704    1866.1546     533.4743     8305.3497   -1195.9434  -11933.9273    -563.8333
     404     450.7997    1412.2228    1841.7463     527.5127     8270.9418   -1204.1742  -11859.5489    -560.4998
     405     500.9039    1414.4436    1890.7091     531.6628     8321.2550   -1211.8285  -11942.6158    -495.4699
     406     491.8629    1385.8901    1835.4797     540.8411     8277.0970   -1207.4042  -11814.7876    -491.0209
     407     464.0865    1406.1167    1850.9699     544.1741     8285.2066   -1211.6624  -11904.1621    -565.2706
     408     512.6750    1341.7863    1870.0893     532.9668     8352.4408   -1176.1023  -12001.1779    -567.3220
     409     504.5515    1367.3947    1845.8209     557.4901     8336.8307   -1188.3665  -11857.3299    -433.6086
     410     459.6872    1336.1564    1850.8692     568.2764     8305.3422   -1204.7173  -11835.9231    -520.3090
     411     448.8365    1388.0850    1862.6814     535.7863     8277.7509   -1223.6907  -11834.2599    -544.8105
     412     474.7570    1397.7183    1842.1922     539.4214     8301.4433   -1211.5404  -11863.8886    -519.8969
     413     454.6285    1378.4693    1879.0742     554.5901     8341.9564   -1205.3146  -11920.5564    -517.1525
     414     481.5683    1405.5068    1854.6880     555.4801     8268.2967   -1199.3670  -11868.6742    -502.5014
     415     477.7238    1389.2168    1866.9323     543.3032     8261.6677   -1205.8209  -11927.2807    -594.2578
     416     456.0272    1405.2974    1854.5702     535.3481     8303.4459   -1196.1358  -11730.5307    -371.9777
     417     437.7796    1414.6873    1831.0030     533.2046     8320.7790   -1202.4656  -11816.7526    -481.7648
     418     472.0155    1407.4480    1897.0989     533.6075     8306.9856   -1177.1138  -11817.0810    -377.0393
     419     467.9833    1356.5022    1869.6252     554.3770     8324.2595   -1212.4575  -11797.2930    -437.0034
     420     430.0060    1411.8505    1861.4272     554.6681     8330.6626   -1204.7272  -11869.8442    -485.9570
     421     460.3776    1427.6890    1841.3829     546.5265     8299.3432   -1178.3156  -11769.7931    -372.7894
     422     450.0504    1412.0974    1873.0527     546.1412     8334.6376   -1195.2474  -11764.8064    -344.0745
     423     429.5301    1434.5292    1863.7458     551.3509     8315.6167   -1202.1781  -11797.9354    -405.3408
     424     467.7471    1418.7045    1853.3911     534.8524     8276.2080   -1217.6947  -11750.5359    -417.3275
     425     475.6850    1374.5010    1857.8237     543.2552     8365.5868   -1190.8924  -11793.4867    -367.5273
     426     497.8208    1409.7012    1852.8362     551.1517     8295.2046   -1193.3593  -11788.4357    -375.0804
     427     463.6679    1375.7457    1859.1947     552.8025     8342.1163   -1198.7934  -11840.3419    -445.6081
     428     463.0920    1392.0916    1859.3921     537.9284     8305.1712   -1206.5930  -11771.8353    -420.7529
     429     456.9114    1394.6012    1840.2828     542.4015     8297.8127   -1193.8396  -11832.5005    -494.3304
     430     455.6397    1350.4646    1848.5167     536.1647     8299.0619   -1180.1457  -11837.6307    -527.9288
     431     460.6218    1385.5864    1841.5725     557.9644     8343.4540   -1199.6527  -11876.3914    -486.8450
     432     474.0154    1427.1412    1872.0007     550.8512     8323.6998   -1227.6042  -11882.9914    -462.8873
     433     456.9693    1408.3967    1826.5054     545.7041     8307.6689   -1195.2961  -11745.8469    -395.8987
     434     458.7560    1430.4701    1849.2029     544.5835     8336.4410   -1176.7217  -11829.5881    -386.8563
     435     469.3093    1384.2271    1860.6265     547.0104     8304.4594   -1199.1784  -11808.2536    -441.7994
     436     514.7736    1419.8115    1873.6946     527.5504     8335.8943   -1200.6547  -11817.5949    -346.5251
     437     480.7531    1408.8993    1851.7141     544.0392     8307.0846   -1186.6624  -11818.5201    -412.6921
     438     476.6069    1362.2878    1855.7696     542.6826     8319.8036   -1177.5514  -11782.3715    -402.7724
     439     476.5627    1472.7155    1853.2174     542.9493     8299.7137   -1212.6940  -11801.7153    -369.2507
     440     458.3029    1428.9896    1856.9730     538.7259     8289.6219   -1184.9188  -11820.9618    -433.2674
     441     481.4258    1409.3254    1848.3985     525.5261     8327.3305   -1198.9579  -11811.6081    -418.5597
     442     495.1352    1425.5012    1865.1074     522.8643     8271.8671   -1200.6756  -11911.0591    -531.2593
     443     447.7443    1396.6560    1854.4778     545.3841     8372.1047   -1190.7788  -12066.4685    -640.8804
     444     449.3816    1408.8717    1894.9173     557.8121     8337.5442   -1218.3027  -11957.7572    -527.5331
     445     443.7866    1426.2505    1850.5868     527.1433     8273.6599   -1203.0052  -12050.5320    -732.1101
     446     429.2266    1357.0756    1867.5274     544.0626     8326.4412   -1189.7295  -12114.7899    -780.1860
     447     458.1986    1379.0174    1838.8184     550.4535     8336.4457   -1194.5456  -11998.8049    -630.4167
     448     472.1530    1369.6816    1827.5682     538.5409     8371.6909   -1207.0706  -11986.7846    -614.2205
     449     453.1986    1398.3059    1855.9904     558.7208     8295.9156   -1215.4326  -11951.5321    -604.8335
     450     453.9984    1430.2438    1865.7942     548.7860     8322.0761   -1194.3589  -11890.4166    -463.8770
     451     434.2923    1409.4209    1893.2504     555.5894     8333.8578   -1214.8862  -12045.1804    -633.6558
     452     450.8815    1418.0394    1865.9788     536.6448     8328.4239   -1207.9027  -11978.1969    -586.1312
     453     511.7707    1404.0169    1836.9289     539.0771     8311.6699   -1199.3709  -11871.9215    -467.8290
     454     456.4707    1406.7850    1885.2827     544.0048     8309.7237   -1207.2647  -11968.9446    -573.9426
     455     475.7515    1375.7148    1832.5961     537.6581     8285.1664   -1212.3091  -11904.8970    -610.3192
     456     485.2653    1406.0323    1877.7054     540.0789     8309.1856   -1198.6730  -11899.0821    -479.4877
     457     454.7229    1358.4965    1857.3413     545.0657     8335.9272   -1200.7782  -11856.7272    -505.9518
     458     478.4498    1373.5448    1839.8710     546.0218     8279.8908   -1188.6990  -11955.6581    -626.5790
     459     473.4056    1364.0588    1848.6757     538.9346     8294.0925   -1192.7425  -11783.7615    -457.3368
     460     468.3233    1448.4082    1882.4375     541.5595     8306.3231   -1217.4212  -11915.6162    -485.9857
     461     480.0328    1388.0333    1871.9495     541.7006     8389.7800   -1193.3041  -11946.5047    -468.3125
     462     455.0422    1377.3881    1874.1053     539.2513     8331.8820   -1205.1722  -11952.8605    -580.3637
     463     482.5643    1406.5436    1847.7372     534.3463     8279.8830   -1211.0259  -11846.0734    -506.0249
     464     455.2044    1351.0541    1852.7899     533.8077     8316.3082   -1196.2501  -11896.2917    -583.3775
     465     490.0716    1429.1633    1859.2535     565.6276     8318.1716   -1187.6118  -11822.2973    -347.6214
     466     456.2592    1426.8746    1846.7078     546.7071     8342.9432   -1217.7706  -11856.3574    -454.6360
     467     425.9390    1392.6311    1854.6146     546.9211     8287.6224   -1197.1203  -11771.1864    -460.5786
     468     494.4496    1349.8706    1887.8043     540.1939     8301.8746   -1184.2317  -11920.9334    -530.9721
     469     466.7584    1427.9278    1862.0920     531.2693     8293.1485   -1187.9405  -11919.1257    -525.8703
     470     468.9140    1415.3515    1881.5636     521.5135     8268.1541   -1200.1670  -11842.8775    -487.5477
     471     482.7330    1405.3149    1858.8668     545.3731     8313.6939   -1206.9205  -11847.3263    -448.2652
     472     447.7792    1426.5350    1875.4512     547.7765     8299.9136   -1198.8452  -11915.2479    -516.6378
     473     486.2962    1348.6020    1850.8821     540.8209     8272.8155   -1193.1254  -11856.6798    -550.3883
     474     492.2126    1411.1070    1868.1268     534.4268     8305.9778   -1182.1056  -11971.5893    -541.8438
     475     425.2110    1413.5501    1888.2956     563.8446     8327.6902   -1224.8760  -11859.0124    -465.2970
     476     449.7845    1413.9041    1847.8284     561.2462     8315.8529   -1206.5046  -11838.2698    -456.1583
     477     510.6142    1381.8045    1851.2099     541.6253     8317.5504   -1177.0901  -11877.6204    -451.9062
     478     474.6606    1345.4264    1912.4713     555.8600     8313.3776   -1186.3732  -11978.9941    -563.5714
     479     504.6548    1394.8291    1845.8437     537.7442     8308.7692   -1190.2462  -12025.8229    -624.2282
     480     443.1079    1365.4574    1861.7774     561.8065     8319.4511   -1215.9364  -11872.6616    -536.9978
     481     480.8200    1368.0927    1879.8958     536.1721     8308.1737   -1209.5320  -11910.5240    -546.9018
     482     498.6342    1405.1105    1858.3120     515.8928     8325.3537   -1187.9338  -11932.7016    -517.3323
     483     495.3928    1432.5222    1845.4348     531.3811     8331.2750   -1187.1566  -11972.6418    -523.7927
     484     476.1817    1369.0968    1870.2061     545.1064     8296.3066   -1204.7229  -11911.7295    -559.5549
     485     457.4310    1383.0269    1841.3974     543.3315     8273.4046   -1193.4556  -11886.5830    -581.4472
     486     459.9455    1370.4509    1856.3434     534.4629     8273.1688   -1194.8863  -11866.4198    -566.9346
     487     503.9701    1420.1056    1860.3769     533.4561     8258.7206   -1224.2232  -11831.5149    -479.1089
     488     467.0265    1421.0785    1866.0538     530.4130     8262.1925   -1199.3667  -11739.5735    -392.1760
     489     451.8666    1383.3948    1850.2841     553.5553     8284.3343   -1193.2308  -11797.1772    -466.9729
     490     476.5133    1423.5752    1860.7035     542.2447     8319.1128   -1181.6825  -11756.2804    -315.8135
     491     471.9170    1388.3857    1857.5193     538.8198     8312.4978   -1168.8070  -11892.9931    -492.6604
     492     466.3244    1413.7760    1858.7836     535.3437     8265.9468   -1191.8983  -11739.5853    -391.3091
     493     446.8123    1397.5672    1885.3394     555.3488     8299.5962   -1186.6782  -11732.6419    -334.6562
     494     471.7092    1420.4477    1877.2890     525.6555     8269.4205   -1183.3454  -11819.5595    -438.3831
     495     484.5547    1383.3937    1851.0099     544.7558     8265.5199   -1175.2860  -11860.2098    -506.2616
     496     458.8624    1401.6125    1850.6206     544.8338     8271.9911   -1217.9008  -11835.6009    -525.5813
     497     465.7840    1430.9380    1854.3961     528.7815     8285.0092   -1172.2762  -11910.8102    -518.1778
     498     466.0360    1387.6863    1838.1806     556.0347     8319.6051   -1219.3746  -11904.2738    -556.1057
     499     482.8648    1401.5195    1868.7699     541.6604     8277.9287   -1204.9484  -11853.0164    -485.2215
     500     455.0583    1379.2688    1852.4453     548.4384     8304.1582   -1181.1903  -11806.8186    -448.6398
