0 3.94647936430698
1 3.6862145712696206
2 3.6453891411386867
3 4.076571633026121
4 3.8568952409503097
5 4.383696777703035
6 4.195887858593294
7 4.051566932735503
8 3.925884178579509
9 3.866768198112082
10 3.8909600151290586
11 3.979212435228512
12 3.766771682719024
13 4.646845965062809
14 3.7038725818691685
15 3.664380462759562
16 3.74558216394163
17 3.7978631176716457
18 7.773867722441237
19 8.98563358596595
20 7.072607643681012
21 6.81012924253148
22 6.5287528199330325
23 6.777559879817741
24 8.950152888308374
25 7.6957980668698625
26 7.371104230741346
27 9.115095434790984
28 8.681613397341138
29 8.955095637781126
30 6.849996926178648
31 8.167671111352266
32 9.878041261231534
33 8.341995360342107
34 7.663687703978811
35 7.880711572019443
36 9.05995697021298
37 8.211401542092943
38 6.958659358479932
39 8.478287537145498
40 7.127829656028056
41 8.015557301958083
42 8.840340770143802
43 7.149860990022952
44 8.064403597129367
45 8.198388965592581
46 8.278216778005635
47 6.325908915664716
48 7.067974268419009
49 8.734729864386816
50 8.671927853037008
51 7.198319641078054
52 9.515844920427229
53 6.965726351177287
54 8.0463173029182
55 8.524563459340289
56 9.0735636679188
57 9.774129777481384
58 9.244039866103263
59 9.6913643183159
60 6.70887649125961
61 3.889388241596568
62 5.895200783823511
63 4.106482843936482
64 4.322304147214483
65 4.0348377288660675
66 4.081320216161923
67 3.619441129511858
68 4.109909224716205
69 3.895829897205406
70 4.0193213194802455
71 4.296136018200797
72 3.362989640078746
73 3.9008255697737027
74 3.641570678269647
75 3.711728957182725
76 4.179335367528597
77 4.093913141271222
78 3.735707634762002
79 3.8699775696891847
80 3.76202221466411
81 4.190749033389588
82 3.688766537175818
83 4.244266209372832
84 5.105537383178472
85 3.961675217761061
86 4.968001262718585
87 3.685025866056169
88 3.7688237253739336
89 4.046687566713829
90 3.8971764394237267
91 3.6901845517228544
92 3.9084273143040424
93 3.8699907956177286
94 3.7918655808915167
95 4.23396855697516
96 4.717240613829703
97 3.8348142175517994
98 4.131215366577091
99 4.488668357774959
100 4.361566690708045
101 3.890551696545904
102 4.028362339433027
103 4.603560277099019
104 3.6996147362255387
105 4.024374424577291
106 3.8164133216604035
107 4.000679719286107
108 4.003951147433829
109 3.9227206470019196
110 4.232032004637392
111 3.855602211613621
112 4.042950783613632
113 3.8247581765795364
114 3.8717850790737915
115 4.191475607586907
116 3.467781925414711
117 4.566929507111233
118 3.9458596469450407
119 4.483329594574021
120 3.7283951576658483
121 4.038172229215549
122 3.921626298790647
123 3.7681333985132324
124 3.7844740262456797
125 5.348506585718042
126 6.904965748670341
127 6.430021744477165
128 8.351693941173897
129 6.622391040223331
130 7.563087620291807
131 7.587643310080293
132 7.983611827594468
133 6.1615080082732145
134 7.682415973329975
135 5.767350290836211
136 6.2079243647202444
137 8.88972946407459
138 8.89963800277745
139 8.232528304705271
140 8.446613272213451
141 10.303483852915845
142 7.144919024862274
143 8.833793431052058
144 10.442857321259206
145 7.236997744024086
146 6.951977061172231
147 9.719407577796515
148 8.50577074049465
149 10.420516758106737
150 8.477955683741708
151 6.517949161779622
152 8.367940072850105
153 7.941559129524072
154 9.49530212268456
155 8.050263558183307
156 9.358950391161459
157 8.22262215162009
158 3.6692898039423274
159 5.193323031037493
160 6.019559703241338
161 5.817059059280781
162 7.24464624911463
163 6.842820443803284
164 3.9561469130904343
165 6.46477887397846
166 8.40586329736732
167 7.398979999259489
168 7.3621193324243
169 7.246210009633706
170 8.448595372433303
171 6.939923338397348
172 7.076313785998784
173 6.814908781772987
174 8.417015482095756
175 7.482939963216422
176 6.86542319787671
177 7.8577212667142415
178 8.499715162379738
179 6.025942811733836
180 7.783211071692855
181 9.242621766065074
182 8.898786151256674
183 8.107166284755047
184 4.667040744285704
185 4.985973519423598
186 3.945886130709667
187 4.757635241883618
188 4.520133220170559
189 4.67244803594726
190 5.342461948856812
191 4.1949261333766446
192 3.9192259078125957
193 3.8673423866860692
194 7.05081478127769
195 7.388211326324939
196 6.249095381147398
197 5.917182577990815
198 9.50094875112548
199 6.032745400120178
200 8.230466999723491
201 7.93301833766135
202 9.495553795503799
203 6.327258861884179
204 8.849873409670007
205 7.610601911100197
206 5.529026418690248
207 7.400720645596992
208 6.149581941374624
209 7.946248276723993
210 8.404616603430096
211 7.954807353920727
212 6.469397196957757
213 7.2407242928836215
214 6.235304266283342
215 7.393255440340739
216 5.898155164195583
217 7.660002738174531
218 7.232991959266952
219 7.093825605517906
220 7.2175893228722465
221 5.996403433057606
222 5.129365186194362
223 3.3250051656807114
224 4.271545201118182
225 3.9978593785461847
226 4.077106760305811
227 3.9300110931742296
228 3.707852379613168
229 3.8221266503343654
230 3.895284466156601
231 3.938564956953212
232 4.092452465209653
233 3.7347672529707805
234 3.9644366583405204
235 3.7205987282461144
236 3.7111177561376896
237 4.078335583173686
238 4.630638525406942
239 5.49975313468781
240 5.533175858402275
241 5.450046028002344
242 3.871362577435028
243 6.975376689153802
244 8.345612685206905
245 6.7777499839181585
246 6.335017285394474
247 7.634765152012235
248 4.772935184127438
249 5.972665019893854
250 3.6915163306165173
251 4.665625856750218
252 3.7530380539722192
253 3.5866584546044926
254 3.9732049838638153
255 3.810095288725401
256 5.068053041773267
257 4.86408701027181
258 3.776527081921491
259 3.55580412425583
260 3.8445367727978073
261 4.824461140524667
262 3.979206540497549
263 4.308482837396259
264 3.9105249100902104
265 4.239682224577954
266 5.785113776591123
267 4.095303265909784
268 3.560318692135267
269 3.9440738086248017
270 4.632039133930894
271 3.91703808734244
272 3.573489011748543
273 3.681500117222629
274 3.6936563286171666
275 4.138329104353228
276 3.5487419941837985
277 3.764904992950012
278 7.371519670895041
279 8.891198947905266
280 7.153381935259608
281 8.526568231282022
282 9.616678483573242
283 6.977927250881228
284 6.447676968273519
285 9.096322988620077
286 6.093687225894271
287 10.104756656555594
288 8.490424567660575
289 9.165208363663211
290 7.878751636487327
291 8.805535335687663
292 7.4764319938170285
293 8.6359978656043
294 8.236328476654844
295 10.453891644355469
296 9.159262644475854
297 8.90381896017693
298 8.851576718330044
299 8.721417362165367
300 7.030545163707661
301 7.949769221756699
302 9.200712009354508
303 8.507666698010246
304 7.255236963399388
305 6.346641297289233
306 7.914283776242492
307 9.193138984542504
308 8.225962490933298
309 6.270356612755122
310 9.525350637431778
311 6.401705288522367
312 8.412754912251513
313 7.011910512188903
314 7.511977327756311
315 8.96445925931629
316 7.521553780246752
317 7.648184137564438
318 7.18070367330044
319 9.155106686824148
320 7.626010504694379
321 9.133909648296767
322 8.467936096804223
323 4.404895339761035
324 7.0622396955009625
325 7.284706114634543
326 8.320515328547764
327 7.362846675185593
328 7.783122835307153
329 6.135303772000735
330 8.265794000780211
331 7.699410255308767
332 6.278450595655131
333 7.402900881670487
334 3.857278108001175
335 4.997692480288803
336 3.905873971598946
337 5.686359948827539
338 3.962748733051987
339 5.390866069176498
340 3.964998196833474
341 4.812595006043019
342 4.44252040383288
343 4.625470423053459
344 6.278449169895389
345 4.252384667237692
346 4.224549656899446
347 3.851229634191277
348 3.6429213256693616
349 3.92608430710621
350 3.772923416455317
351 3.857137697465425
352 3.9715777026829686
353 5.7534120068088255
354 3.914961850240971
355 4.121252828332901
356 3.938853951246936
357 3.82750051568603
358 5.744428256116886
359 5.188407094312429
360 6.130251024136847
361 6.008615478958533
362 5.583674769830581
363 4.4144716880425126
364 5.629022955647939
365 5.668819932727664
366 3.354454370916726
367 4.359660727758039
368 3.9578304625895817
369 4.141504841969893
370 3.865423656874361
371 5.894896294452822
372 3.9285786028761036
373 3.8850747480784436
374 3.911174329987905
375 3.3302671910634696
376 3.9382042687760834
377 3.8450695418572045
378 3.9415594549867343
379 4.07683424778428
380 6.505850079511238
381 5.10785367961212
382 6.96934176608251
383 4.1571911207837156
384 5.7714122273019655
385 4.974066067122456
386 3.7506353347009957
387 4.0872806018655865
388 6.671399323728906
389 4.5287316852752255
390 5.799803349016192
391 5.450574200617582
392 4.861994668342822
393 7.05979065823231
394 7.732220534530678
395 6.3389855181522385
396 7.626898471517212
397 6.27617245117583
398 6.743688327590461
399 8.34848132354347
400 7.270139412710726
401 5.867833735934549
402 5.925507650457615
403 6.627395361602913
404 7.832194081387346
405 8.297656847730071
406 7.809114202124247
407 8.261179246364158
408 8.490609071431223
409 8.883610048533278
410 8.635025249500105
411 9.383032539100665
412 9.329163635936926
413 6.958684111367536
414 4.617173778732911
415 6.0285451154823475
416 10.007088747418287
417 10.194961851909786
418 9.610845017459804
419 7.585027867029781
420 9.687624545894693
421 9.623121412204453
422 8.649065870714608
423 9.766954939914012
424 9.87539077668891
425 9.368361741841115
426 8.728958169098009
427 6.600689972491033
428 9.651496394281395
429 8.50239227852796
430 7.395852786650594
431 7.106252559868478
432 9.330879740344491
433 7.086830774057417
434 9.27350723035602
435 10.21466217142592
436 8.204012512534323
437 5.915321054204731
438 4.7342789857613665
439 8.822647617923236
440 6.941999003936882
441 8.399832214983297
442 3.386781766980309
443 3.9363933201212564
444 4.152095225448994
445 4.1056089941215035
446 3.936234747613352
447 4.2151029783468905
448 4.018018656282903
449 3.9043814196800883
450 3.8801823563291395
451 4.169984874920722
452 4.092954644973555
453 3.574749494863847
454 3.8224505692728927
455 3.832951269741471
456 5.384606192256407
457 4.384611485114595
458 7.033852368455118
459 7.750903669986292
460 5.4582179227923975
461 5.423646253161091
462 3.884199203592104
463 7.5893682631859765
464 6.240646828678569
465 5.81627542728818
466 5.765961108826751
467 4.109648300428639
468 4.138275070486796
469 4.889810655349476
470 4.072550967163024
471 3.7875190337730986
472 4.939868939044603
473 4.108779714279366
474 4.098731332189158
475 3.782396981184377
476 4.768148462715056
477 3.6247107279825466
478 5.689781538916473
479 6.533133104691992
480 7.362064658214059
481 6.63794585212554
482 5.062230145739704
483 3.7886319667720936
484 3.835701322432995
485 6.149498567448485
486 8.035989549731752
487 4.347919165240014
488 6.597039879721903
489 4.998807618662424
490 6.446643414683695
491 5.614623652198485
492 6.8284412755551305
493 6.4526934152636475
494 5.357428987351496
495 3.9301986356849916
496 5.360831018624273
497 3.3650690445616
498 3.5180198481246845
499 4.712173039571432
500 3.9471145128074574
