0 3.5536212368581017
1 3.0304995318647268
2 3.5665545033606656
3 3.447827900605028
4 2.767403699628732
5 3.5705371594229973
6 3.00370607733425
7 2.955501488140873
8 2.6870741411181966
9 3.0948994105550844
10 3.685676423960599
11 3.7432313242371817
12 5.85301923336319
13 3.4480586168707648
14 3.4214270809865455
15 2.9517422887357183
16 4.119800503102685
17 3.0749914634103295
18 3.506959009615002
19 4.302835839341165
20 4.622809134523673
21 3.555694868241962
22 5.53844699992126
23 3.378607932414631
24 3.6925354028369393
25 2.85366662533224
26 3.2104721060638934
27 3.0723772018464253
28 3.5009943796728256
29 3.6435756394009746
30 3.7910110915479884
31 3.6548815548255194
32 5.387003147212934
33 3.6109612026280713
34 4.177746167874941
35 2.784541858319597
36 3.277062474800951
37 3.0724713915090787
38 3.241577089393016
39 3.177150021669377
40 3.1985472826236134
41 4.117925518924406
42 3.3824963395443786
43 3.5759895104986557
44 3.104452920862678
45 2.829669391663334
46 2.7796138810124407
47 3.142533678293007
48 3.0590146272467154
49 3.9400155991464323
50 3.7257081928831743
51 3.107096615765442
52 3.5954814417445276
53 3.661075422688198
54 5.096716273359498
55 6.62101336556371
56 5.092333371448901
57 2.869866817597367
58 3.856770328149234
59 3.24632756022812
60 3.9307469953016656
61 2.79461188085072
62 3.4765164413244136
63 5.038532454978068
64 3.741124932307178
65 4.164190409816432
66 4.193288232561196
67 3.416058059855951
68 3.541156637988406
69 3.303204820542893
70 4.158009236201469
71 3.957357259517635
72 3.9132488356665154
73 7.29103126943968
74 3.459059285449458
75 3.260663241675766
76 3.3342677880488805
77 3.878231670611231
78 3.5612191404967906
79 3.313010710273429
80 3.3087495771776787
81 3.6817502130347144
82 2.937041945207905
83 3.261383514874062
84 3.6342210713709284
85 3.507144648934136
86 3.7882965020492643
87 3.2785064648300812
88 3.345900899127823
89 3.1664903016997186
90 2.6957688817130174
91 4.756634253975741
92 3.472697394119518
93 5.864735730960305
94 3.1241282314163463
95 5.541253116490739
96 6.823890105393231
97 3.8656422638894083
98 3.4663993711958425
99 3.1435599951634847
100 3.7891743259575916
101 2.706003413743427
102 3.620528399013508
103 2.8379716825456853
104 3.246428748153644
105 3.292730476527288
106 2.7463841882531974
107 4.09267809511232
108 3.398161255823488
109 3.726079400787765
110 3.600096921635613
111 2.9893058437394666
112 3.4072552780976517
113 3.160960888182469
114 3.0301656229969716
115 5.260688142192693
116 3.9685009080026337
117 2.652812253102847
118 3.2134879624625357
119 4.047480631937371
120 3.1190148187990787
121 3.826975332242811
122 3.022290701544873
123 3.7849250688884024
124 3.8179055838984497
125 2.962632308817939
126 6.527197487648017
127 3.0952187138624327
128 8.292926084714312
129 5.272524343105565
130 3.1270720732825232
131 6.9309590347836245
132 6.303824630128681
133 5.359143654317713
134 6.357516723336226
135 6.40073282209927
136 6.553645942023161
137 4.054281801808909
138 2.9684288674364474
139 2.829094079582294
140 3.5645479592118963
141 2.9202517486116464
142 2.834356854078772
143 2.7443865067086786
144 2.8442864783175197
145 3.305453775228801
146 3.609643893483985
147 3.6209827621799815
148 6.444899071348951
149 5.319396782746587
150 5.5233223619394165
151 6.051044865578655
152 6.826098580376661
153 3.3334301441782985
154 3.4341379950430295
155 5.126714573558537
156 3.6942578103938803
157 3.878980712479842
158 3.2317488817208626
159 3.6945600531064153
160 2.9763407933298063
161 2.645775480000008
162 3.1967440155087243
163 3.3608293288464934
164 3.434388854727237
165 3.362881193647284
166 3.0134101502751607
167 3.002593973226385
168 2.9082347893343434
169 3.4013340749853063
170 2.7444116793876745
171 3.518957138700426
172 3.37868892708738
173 3.8720950101869045
174 3.3829921730162376
175 2.867009561628829
176 3.303243679832189
177 2.779528688998669
178 5.085428685554849
179 3.3393228629082237
180 3.3804909217805634
181 3.503772984394062
182 3.562271500590606
183 3.451634557753624
184 3.1159722009019886
185 3.546625936972955
186 5.335802686697101
187 3.1838370599991332
188 3.536848208642367
189 2.9616403169153553
190 3.2736633453274746
191 2.8361082311566674
192 2.9980338114015517
193 3.218901236689685
194 3.4296896820182226
195 5.930705874831186
196 3.3501707820941595
197 6.761850133685705
198 3.526893020357333
199 5.249703444165187
200 3.137490118942406
201 3.5080036109800665
202 8.030486566197045
203 6.314455682714895
204 6.830172849664755
205 7.1529168405434
206 8.515590883359762
207 6.253803658124309
208 2.8096897516840644
209 3.4672554187784956
210 3.275676765933381
211 3.329839665044272
212 3.638947407995944
213 2.7999914833703587
214 2.77533482795089
215 3.355500329659295
216 3.1835320709636212
217 3.8545796916156445
218 2.9994202372967997
219 2.938811680338776
220 3.8384634536052804
221 2.6653766709110047
222 3.893570506260001
223 3.1210811511599257
224 5.02053648477033
225 3.3210123747012195
226 2.578056876491609
227 3.702952429437053
228 3.901230854598499
229 3.243854530637579
230 3.11236006727354
231 3.9247786277013534
232 2.5611312891160143
233 2.745467858122177
234 3.8152978915821896
235 3.6012805476230367
236 3.9468679119922037
237 3.840557034502621
238 3.1319672407117225
239 2.9193895290177334
240 3.0317150779784896
241 3.6520853283109957
242 3.832565851123938
243 3.4435189077240613
244 2.6688417036209273
245 3.9801734785432155
246 3.428893613874616
247 3.3179591853498676
248 3.15540849649542
249 4.034125633311013
250 3.752610790691932
251 3.6016529312553773
252 3.6115130025775337
253 3.535264026398496
254 2.8330693014148225
255 2.748865568546751
256 2.6599701493105132
257 3.5427191287123008
258 3.720826417150442
259 3.703897459697736
260 3.546393168250675
261 2.9869123421860038
262 3.641598207617921
263 3.091230598402702
264 3.7014943714691526
265 3.6208671619404473
266 3.608889255498037
267 3.803639008021507
268 3.6832751192741724
269 3.5773460465765825
270 3.825189060163381
271 7.208397050255188
272 3.5695634934096216
273 3.674720535232714
274 3.2351683127708295
275 3.3451038759625322
276 3.733532157107658
277 3.7971902871364263
278 5.0584689697768965
279 3.837567779318441
280 3.1473663756453707
281 4.098072798791433
282 3.5127714208139915
283 3.550891814940767
284 3.891020312273834
285 3.777962060571539
286 3.438327203595996
287 3.1745113789401156
288 2.8724872580561818
289 3.155632928110402
290 3.970033367792478
291 3.71097278718235
292 4.815570221565361
293 3.168464372044723
294 2.7475964712826975
295 3.8794562858996353
296 3.177726704969483
297 2.9710626867716132
298 6.330071008027519
299 3.720026954638091
300 4.340494820946741
301 3.656570384254572
302 3.05142521026557
303 3.416555073824397
304 3.611444147127324
305 2.834057927840995
306 3.5784031269131313
307 4.072121627184942
308 3.77037009935148
309 3.77770134225339
310 3.4325279308726064
311 3.6124753829280882
312 2.8972741872538683
313 3.4778934655623255
314 3.509380522452413
315 3.589843531396721
316 2.920523125825278
317 2.705751317521506
318 5.298438774948167
319 7.133194549521168
320 6.2750967994953335
321 3.0370943430518524
322 3.058208601504537
323 3.2097609891452565
324 3.668295996869223
325 3.1679881056265518
326 3.4786723985974746
327 3.338412660113632
328 4.127292545896006
329 3.5659684334856845
330 4.691184235330826
331 4.016396715970236
332 3.7455160578033366
333 3.7045546104187395
334 3.1150120462596127
335 3.6011070880389946
336 3.5851558670276353
337 3.406073974383999
338 3.1737005476144016
339 3.23397166285306
340 3.705811234229528
341 5.795345195004694
342 3.289710802392714
343 3.2417543259057786
344 3.605623376204538
345 5.0686013724305505
346 5.041143466361827
347 3.8531072775748876
348 3.343316241958898
349 3.134410249324304
350 2.577315998827644
351 3.7384856494952716
352 3.779776911489252
353 3.9115018499078054
354 3.2422116951497064
355 3.511202731809046
356 4.7515222519355484
357 3.8150412940320613
358 3.5689932044113637
359 3.8970499674964514
360 2.851207405746643
361 4.699491805410351
362 4.019336036797404
363 3.4945247362277585
364 3.5098186789323544
365 3.93279502606406
366 4.666475441993472
367 3.1488255742802913
368 3.1649874671749143
369 3.43287701767355
370 4.492487146436324
371 5.021999264766153
372 3.486693040380337
373 3.800995148611928
374 3.488473027551708
375 3.694348905449723
376 3.3249004667168083
377 3.745149309929964
378 3.8845445189737418
379 3.6509203606151166
380 3.8060703295008
381 3.495737330327872
382 3.6079668979040616
383 3.45663205601075
384 3.2399748773284505
385 3.7064304116773976
386 3.271636120749665
387 3.957141087846962
388 2.860510655016309
389 4.917335727235339
390 4.45906288377603
391 4.341439033619577
392 5.0994093962120965
393 3.8471431117145074
394 3.3232905527114602
395 3.3578955731065747
396 2.8579209555300022
397 3.668858370824994
398 3.582904590428035
399 2.8463912916352525
400 4.392732806948991
401 3.5156435124714736
402 3.260033417918125
403 3.6589692294217553
404 3.628337785678804
405 3.8253404747242756
406 3.857425904732238
407 3.5800343558277636
408 3.6812877686169827
409 3.821086416448104
410 3.917626114853088
411 3.844517637623725
412 2.9245384524161833
413 4.003362947008823
414 3.6956615392514034
415 3.413634541371754
416 3.5699536749967975
417 3.767955171143519
418 5.0821304920448505
419 3.6783363063020595
420 3.839664911575007
421 3.050671310581931
422 3.6477432934491985
423 3.1768216803083575
424 2.9031241782079866
425 3.462597839350708
426 3.547872383867738
427 3.747365604182398
428 4.928062163859924
429 3.6758086713211613
430 3.198534988958859
431 3.3962742501258805
432 2.8539820037701795
433 3.7943161275028054
434 3.3038525308759072
435 3.8150102105032064
436 4.574023311939326
437 6.567048996934433
438 3.5801631943284695
439 3.067958830447899
440 3.49635325042749
441 3.419435427379099
442 5.456890914793019
443 3.7608794534016257
444 2.7804640593954177
445 3.4825279704393597
446 3.6542560948305467
447 3.8855872384954813
448 2.8929778204337455
449 3.8293752665964313
450 3.0245726058011964
451 2.8730791265173643
452 3.675370325384663
453 3.952818001216693
454 2.863768655981319
455 4.038477214058193
456 3.23134176810747
457 3.9892213792011804
458 3.947679700506782
459 5.099582270264081
460 3.1908074750595947
461 3.506182636966019
462 2.935357851800212
463 3.832886972996095
464 3.3935833628310705
465 3.6921103649446843
466 3.3446353524382015
467 3.693340995896849
468 3.5532314658856423
469 3.2875106343747222
470 3.1771437223183465
471 3.678191620068973
472 3.8439399691468874
473 2.5890708014269155
474 3.1384900829226727
475 3.384494107856416
476 3.723553858946917
477 3.542608691322547
478 3.962693533912311
479 3.5624770056026973
480 3.863876571230088
481 3.6996439020742624
482 3.6587556385952147
483 3.282483281213873
484 3.7640499985138756
485 4.227344215159495
486 3.8595823510140046
487 3.6592317252022464
488 3.5553036461392034
489 2.7260618585163736
490 3.881299905002094
491 3.459863916960842
492 3.3274028238335727
493 3.008393797214894
494 4.966389912205258
495 3.1062651508982597
496 5.623213232842325
497 6.503572568023397
498 5.787602454891151
499 3.036906905590681
500 3.5536676238794938
