0 3.4191613042089437
1 8.628318649957553
2 9.755451931158857
3 8.864361082365303
4 9.469827530348416
5 9.378722329708399
6 8.57039639879806
7 9.095509530893088
8 9.010233934887072
9 9.877412466776601
10 10.277899139804568
11 8.602338812556798
12 8.651281057441706
13 9.295107416015952
14 8.348695803680542
15 9.200743578231698
16 8.138242217926688
17 9.869773203438935
18 7.857017303446125
19 8.630822486392082
20 7.981142549046808
21 7.156534717213466
22 10.283628738548996
23 6.30445280551208
24 8.046542201763385
25 6.445460319662125
26 8.071762003700565
27 10.496896458183041
28 5.679202165604658
29 7.76824496495716
30 8.66324776611974
31 6.717490084261449
32 5.438302970042992
33 7.605036015134835
34 8.40473336137044
35 9.578512354977532
36 6.827622226551649
37 7.6157268430713145
38 7.690900013684451
39 9.319600250105626
40 7.684888605952061
41 7.570228158901188
42 7.152215506074635
43 6.421676054684737
44 7.690159230727949
45 7.032556635105492
46 7.057048993236354
47 7.873749658656621
48 7.885645039193118
49 7.300988045377033
50 7.880396716706237
51 6.8295030464420785
52 8.776945299869874
53 5.6641871519339135
54 7.843686087556337
55 6.499391715784024
56 6.502182606463323
57 6.552915625742204
58 7.151167360725795
59 7.9164572951605825
60 7.68302799298269
61 9.96590184855475
62 11.010452233449532
63 9.107157384696468
64 5.008370555034765
65 7.043631483218303
66 6.233253205836045
67 6.459736229342309
68 9.3499746451248
69 6.368711982758333
70 6.128489494156256
71 8.594550719639996
72 7.339809415738368
73 7.446181477788163
74 8.332103501622498
75 7.312110586697028
76 8.729698868376833
77 5.706155110880734
78 8.364612482850315
79 6.058908907089918
80 7.873793627414162
81 6.9556078174681675
82 6.9689348377374465
83 6.906093446276707
84 7.881656169497057
85 7.457615764677273
86 7.19505235774474
87 5.6929261389645225
88 9.369019807840846
89 7.350808841994267
90 7.623311311422284
91 8.967628180509434
92 8.086526538849741
93 7.889840270937217
94 7.238478990178835
95 6.665308455178524
96 6.8157332204236605
97 7.008073401317123
98 8.235707538462524
99 6.65609091162444
100 7.336299771178666
101 8.204793115429068
102 7.182332817055202
103 6.258430129195575
104 7.55944680285677
105 7.3169103439237935
106 9.107812618633785
107 8.930163228604558
108 7.946533747432482
109 7.063085771018554
110 7.056917527494622
111 6.787934628740914
112 7.430390676128705
113 7.612340891179101
114 6.990523979349698
115 6.13238547068297
116 7.857781811921822
117 6.25009144395358
118 6.927487744579128
119 6.394297805307591
120 7.266764222163397
121 5.945748492005138
122 6.779478097468564
123 9.727764530817547
124 7.876964474819842
125 7.567668749179256
126 6.382212228780647
127 9.026690077852782
128 7.2599417335417655
129 7.009114240762278
130 6.13343703521312
131 7.8714607455171315
132 8.17340452487708
133 6.942374092719552
134 7.053923598109648
135 8.497307583311025
136 8.05365388675028
137 8.79151349992014
138 7.286532510110394
139 6.812160444943955
140 8.058647835297855
141 7.7727157787122
142 8.21186789757287
143 6.834451268721987
144 6.922180309325415
145 7.26526378432631
146 8.77847576011341
147 6.85047616182981
148 8.838629853860958
149 6.774197592989672
150 4.046572556047334
151 5.481816560811849
152 6.464256423576028
153 8.210578361683233
154 5.665897973081606
155 7.014270631622763
156 6.488868435056975
157 6.76507337772514
158 8.43047455219247
159 8.26942164334545
160 6.83331090004451
161 7.458251028824328
162 7.725560330845869
163 7.312121131094557
164 6.637856866714624
165 7.459713143296057
166 8.113097217892356
167 7.58353934597386
168 7.249801117739841
169 7.048694687915844
170 7.496777493023452
171 7.011007884460757
172 7.634077080939914
173 6.265959909400837
174 7.142280703900757
175 7.663789357052631
176 7.949825366918386
177 7.661155811386546
178 10.092644290235643
179 9.17404917048308
180 8.967284950533202
181 9.148011602744448
182 8.862135722824569
183 8.544470355193779
184 8.436665388480222
185 9.294884525723537
186 8.126256713874755
187 8.842728884106661
188 8.847056165615442
189 9.63019939510475
190 8.449756496033292
191 9.492355932526163
192 8.576641270326581
193 7.0145940246448175
194 6.285653515605238
195 6.926529430419152
196 8.1247229677807
197 4.726033427033948
198 10.179576165065557
199 6.8274663357447745
200 7.87064788913338
201 8.453915350969067
202 8.293392012243306
203 7.385961069132052
204 7.4843704155332835
205 4.584379086074661
206 9.44444246090178
207 6.684406920551256
208 6.923252723500359
209 7.688967347021316
210 7.228969800284739
211 8.626157507990927
212 8.624717026581058
213 8.498710410631855
214 7.630772076804508
215 6.7930501562851795
216 5.66012354130643
217 8.57045424554337
218 10.057686938317918
219 9.361464667459789
220 8.666696569337054
221 6.638688282330915
222 7.886410961897237
223 3.7440516401637494
224 5.445357264161666
225 3.583953868540616
226 3.3411605943459937
227 3.190690098656071
228 3.8604710656585612
229 3.618280168297834
230 3.165818302379975
231 3.5996704098424455
232 4.207680954880128
233 8.05114542196328
234 8.23830738250535
235 6.743136669362499
236 6.486193228722797
237 3.50861735856982
238 5.719532099555319
239 9.736884537364958
240 10.66607641117752
241 9.386560916547895
242 7.1880355991744675
243 4.980687861800985
244 3.0426207686380216
245 3.409789738175912
246 3.4527054063027136
247 3.9777292068275174
248 3.477257677584912
249 3.370525910391785
250 5.116998750401624
251 3.9896233540241033
252 3.630300843598149
253 3.6155058507259645
254 3.8151812951114676
255 3.6340276551472837
256 3.642658770444191
257 3.653783627567898
258 3.740292861325753
259 3.6753224345858464
260 3.4500608792404477
261 4.052769360198969
262 6.376393929638999
263 3.676079464666863
264 3.16172646041619
265 7.005807980980516
266 8.513005698971241
267 6.3411004498166905
268 7.601185599084625
269 5.371672639787869
270 6.798506235878581
271 7.862719049840609
272 7.399662953960972
273 8.392653774210206
274 6.489345540574615
275 3.969012703464145
276 6.398319797344997
277 9.913394251741211
278 9.175484886458865
279 7.175687741280752
280 7.156308828297943
281 7.2471124334566115
282 6.476428596628091
283 6.82270064703568
284 7.0648073360234385
285 8.519909604851199
286 6.516684811135317
287 7.457367498887654
288 7.040822138190336
289 7.696117579932462
290 7.255415378981914
291 6.887393402833421
292 8.612758249372082
293 7.933636461916769
294 7.440476488637188
295 7.123494718711405
296 7.508665690279552
297 7.770884702385175
298 8.370908927211417
299 7.422831998610349
300 7.079051717117448
301 9.470613503602284
302 8.584236101694277
303 7.233088561205831
304 6.3738137847282585
305 7.194271218241031
306 6.808037396609501
307 9.093688906723322
308 8.260963138301443
309 6.083955720394946
310 7.451440953789454
311 5.5694264732295204
312 7.590285182358841
313 4.265628318492616
314 7.663958973891912
315 3.6614446479524845
316 3.408574694668592
317 3.8603768043342845
318 3.981283997050155
319 5.360871201131259
320 3.6795070898260556
321 3.6536186208497456
322 7.981063931947534
323 7.533139589520246
324 7.057238354060391
325 7.899307210910728
326 6.224922013795487
327 7.634493972387247
328 8.23956884296408
329 7.799506979294036
330 6.746789729359601
331 5.099455731299764
332 8.056137162759851
333 6.983643490043203
334 5.36418085513937
335 6.179439061702604
336 6.349171166855442
337 7.855465248846869
338 8.06994978093714
339 10.114765841665124
340 8.664270266445952
341 8.275881600531921
342 8.366788219503382
343 9.416801036337384
344 7.724989464249609
345 8.56416948626049
346 7.628522141826964
347 7.390936808865306
348 6.095111138589353
349 6.614852784532615
350 8.028538469076578
351 8.291511599413825
352 8.67766185163927
353 7.004492738675757
354 9.164371951166038
355 9.020357190886747
356 7.3034674633506365
357 8.594617700098535
358 9.389297208072092
359 8.221856073065865
360 8.74937518298558
361 9.823107972699189
362 7.861263366027093
363 8.909905791429459
364 8.419509096777974
365 9.176397604013658
366 8.121357035960058
367 8.827106773797079
368 10.04279688015772
369 7.766609446650831
370 9.622771989530523
371 7.1266679885296496
372 7.209557677953983
373 7.105307794091638
374 6.925596346737416
375 5.212257853391703
376 3.743145255023998
377 8.547631224357847
378 3.214772876574167
379 3.8138580834282028
380 3.927117979091962
381 4.106312477290227
382 4.069983112436765
383 3.7386284297393377
384 3.307111616237232
385 4.097291304487648
386 3.2544152376814997
387 3.987297048228367
388 3.4992522723534876
389 3.7921088701178016
390 3.954335083769282
391 3.6664504673327643
392 7.0952676931140655
393 3.50633106508751
394 5.595467390357024
395 3.3435942195936015
396 7.187600755057664
397 7.085015698973855
398 7.662668666127567
399 6.516652212967485
400 5.898992665493408
401 8.246795793627484
402 6.697609378644441
403 7.765306238061947
404 8.451893122536982
405 8.248111627664938
406 7.116100264502839
407 8.062846432712831
408 7.460847165672298
409 6.38134548166139
410 4.687794430236828
411 6.9618158050815255
412 7.699204832132303
413 6.621074215214863
414 7.731595841479651
415 8.483465846543492
416 8.175041888091908
417 7.442612683475489
418 8.911870120949143
419 8.672419551802804
420 7.89215990389035
421 8.188781300355641
422 9.13502160788901
423 7.469279426703194
424 6.967009291778076
425 8.087586468264035
426 7.390855812750492
427 8.387064583114158
428 7.950389044769842
429 6.64579895648293
430 5.584335735390952
431 7.712265424286354
432 7.925943097163225
433 7.23736515727595
434 9.378904424069974
435 7.263647608464852
436 7.696030357024986
437 5.80962805203609
438 8.553594876314106
439 6.5863859173538835
440 7.981476929104907
441 9.001890081363733
442 5.873090094407234
443 6.70346432710017
444 7.55588400569447
445 7.893825865366261
446 7.936795145039881
447 7.155330478903258
448 7.613514614593662
449 6.814473150095888
450 7.245511830468899
451 7.647467451478561
452 8.634238520690351
453 6.141072850028059
454 7.9897810192568155
455 7.784219500914182
456 6.813824072973768
457 7.84427443707735
458 8.29709678451824
459 5.885693170607986
460 7.052309252291561
461 7.20996890612201
462 8.444856998256899
463 7.190514049033577
464 8.160209565516082
465 8.148146098470889
466 7.252768428148878
467 7.7622482237049075
468 7.608098731599341
469 6.652974270774382
470 9.800820734035577
471 8.375922973680934
472 7.315958110114322
473 7.40684352050961
474 5.390323209490618
475 6.168899255919692
476 9.152033264122679
477 5.549193745612983
478 9.099144442211744
479 7.442921161525261
480 6.41278707850711
481 8.928924833241386
482 6.913040751021747
483 5.543898836000115
484 7.852540367616848
485 3.714702987224034
486 4.14790967900894
487 3.229609554849132
488 3.4906955638506663
489 3.2300135712212072
490 3.767734907719022
491 3.741112974867061
492 4.533252926920735
493 3.36967839811393
494 5.619476531256073
495 7.788207527279757
496 5.2071277970063825
497 3.473012563050091
498 3.5781503857737227
499 3.4529320715669143
500 3.4200728291063665
