0 5.536076203736673
1 4.340916640891511
2 4.658070043787295
3 4.093275940379073
4 7.860860030875805
5 7.923002165318508
6 4.30642878646832
7 6.0045496537081355
8 4.772899775260965
9 4.610715852026754
10 4.7274668717808215
11 4.765844192767807
12 4.594657480579264
13 6.904483034239241
14 6.812144423402332
15 6.5680686501791
16 8.526655882715428
17 6.8489725384305915
18 6.864323756964447
19 6.188910640450499
20 5.522940621865306
21 6.153366959085691
22 3.964087105531974
23 4.186384804434196
24 4.7143623155445455
25 4.148069901605519
26 5.088176513257586
27 7.357597134275674
28 6.705068060839693
29 4.131178950892428
30 3.800061584738424
31 5.987749063059352
32 7.2994049125949845
33 4.8794541418001875
34 4.1666572708488046
35 4.38328082399347
36 6.030740743725882
37 4.979641616326226
38 4.592588402880016
39 5.499583267838226
40 4.662096701703464
41 4.483513384591676
42 5.4805296454900425
43 4.494854978967213
44 7.8007354949643455
45 7.547611224029113
46 4.358411710375467
47 4.28074549748149
48 4.630202852843928
49 6.065343378270868
50 4.39102526263471
51 4.393368636199812
52 4.270487596157077
53 5.210984176619362
54 5.045270317904375
55 6.867198408107045
56 4.785757991795126
57 4.504758835354738
58 5.920361611745982
59 4.435836793457158
60 4.526833769258115
61 4.042926440369029
62 4.420157364622198
63 4.718597494513566
64 4.273589647638022
65 5.503608568653794
66 4.669183627315279
67 4.981101965516692
68 5.703614092110806
69 7.466744255011922
70 4.845200020380513
71 6.827471989065156
72 6.0923002161910205
73 6.152685385495899
74 7.552606139450115
75 4.284435041813646
76 6.261556979426752
77 5.162186256985758
78 4.239104422234563
79 5.262380167298707
80 3.881689265681631
81 4.528813089846377
82 6.08679479560723
83 4.517546482910893
84 4.458346106564912
85 4.533235210958581
86 4.297370070638488
87 4.092969108324184
88 4.0702259890190735
89 7.38639950839679
90 8.413260222676984
91 4.370485335235494
92 6.548453278487079
93 7.404034345408059
94 4.661335717463624
95 9.107893582795308
96 5.88833918521699
97 4.243391228715693
98 7.441411822356457
99 7.171284502408836
100 4.436675025749151
101 6.009986007949346
102 6.962125821640738
103 6.460363353120829
104 4.255980355916264
105 4.317690323308966
106 4.019476309864233
107 4.407561764734608
108 4.453085118426015
109 3.9721678791849175
110 4.613577925451949
111 7.248225541609516
112 8.40452187965342
113 4.645492812451453
114 4.531491493574519
115 4.419137100408918
116 4.4551581028605565
117 4.355098069905077
118 6.302573848786553
119 4.573065447509389
120 7.729776148654883
121 4.176241958132538
122 4.517640836213216
123 7.926947891598015
124 7.70385553975304
125 8.37636961819459
126 8.643755513242608
127 9.306598392415841
128 8.04976506810439
129 9.140187242808599
130 8.212646824487638
131 8.985919246658696
132 8.739481647716987
133 10.673655397843968
134 8.546479332935485
135 9.766065316226413
136 10.661869885838076
137 7.641063519449696
138 7.2368208445710875
139 9.724274044314162
140 8.270497374054433
141 9.462196769602306
142 9.65086135474819
143 9.674991121183364
144 10.563116277824927
145 8.107495316911931
146 11.172943403085249
147 7.417322705474572
148 9.518733139880258
149 8.824592386121505
150 7.972994747359865
151 6.8886944963582515
152 7.525867053333475
153 8.245117893056713
154 10.576902500235043
155 7.326597016522086
156 7.640414979265663
157 8.365018279133166
158 7.918789522644895
159 6.962190225282919
160 8.312810590682687
161 7.657404110886655
162 8.756397349194923
163 5.87496641218926
164 4.391301144166646
165 6.04436317073408
166 7.773810034444265
167 9.344936698025307
168 11.735217331300325
169 11.152374527347705
170 12.324638586425683
171 10.995311817229037
172 12.130402964400878
173 12.027650958784376
174 12.267928560432386
175 12.127801457327408
176 10.344359030830658
177 12.853188045083341
178 12.338188393399525
179 10.453641373212024
180 12.076948909535696
181 10.197827803013544
182 11.448229054203527
183 10.522699655866047
184 11.185314171334122
185 11.226749122803943
186 10.819622486543262
187 11.056813138269849
188 11.399891370302193
189 12.819966632276607
190 12.895125706288226
191 11.33292439176982
192 11.141865319287042
193 10.858359287842537
194 12.947796840293057
195 10.185159483353884
196 11.352421641283597
197 11.499466628071026
198 10.965115485871465
199 10.550835568841649
200 11.15801779889886
201 12.350136526392218
202 11.431989673325969
203 10.338496226614835
204 10.734496271035354
205 11.186265993264929
206 12.08387291695553
207 11.932319452899272
208 11.459641492264385
209 11.984780177058484
210 10.410473803431202
211 11.219009566193394
212 10.966483269070403
213 11.258556756625667
214 10.594047235288855
215 9.84718036866018
216 10.963087137422098
217 11.665323957970363
218 12.380013920729871
219 11.718949790178556
220 10.787200242466046
221 10.248760852793323
222 12.529120473588025
223 12.056160994850707
224 11.965966551892567
225 10.671844127319993
226 11.339719181625181
227 11.724398618969081
228 10.937689570422014
229 9.98730203772367
230 10.275295280223641
231 10.047807305991546
232 11.329858139746166
233 12.500307687337903
234 10.99742528454095
235 10.531297869436436
236 11.538310265496312
237 9.892510510289052
238 10.751513566185865
239 11.561836340814732
240 11.385079371274484
241 11.601345586281177
242 12.261866152466895
243 9.472629730078602
244 11.788339992003182
245 10.721066235092447
246 10.499540391241418
247 9.543229524453174
248 11.745175040877424
249 11.68152353198276
250 11.49063262839781
251 11.990407965063776
252 11.897183530224378
253 11.042462523598628
254 11.775844214366728
255 11.648538786444036
256 9.743563224350018
257 11.489425909102149
258 11.027735783656993
259 11.67176699223972
260 12.400225401836964
261 12.207980443493767
262 12.225733051929812
263 10.610241315660456
264 11.65021030656737
265 11.426508772947958
266 10.495834411999029
267 14.337306941241405
268 12.710777156068994
269 11.925343790996692
270 10.314686458557784
271 11.239597424618106
272 11.456158203374692
273 11.882071064057756
274 11.169697808038544
275 11.296129459911738
276 12.204879441229282
277 12.875267193417665
278 11.094808553388214
279 11.175518333883916
280 9.021006535432939
281 8.997444720888696
282 10.13241048163936
283 10.95087481944199
284 10.434016608892778
285 11.189388098933112
286 9.252928104831513
287 10.120337275067948
288 10.467540043370597
289 10.862062282383146
290 11.601848568982549
291 8.92158700396502
292 10.779208487739027
293 11.22071556389837
294 10.129793006386517
295 9.511953549470288
296 10.49916490305709
297 11.189063888642405
298 10.996959032150015
299 12.121547559659433
300 11.858564345299568
301 11.198875776497289
302 10.17692036939076
303 11.1165703345554
304 10.782133746935742
305 11.875492507251778
306 11.21060369874014
307 11.499797100792597
308 11.04863189360104
309 12.087321170489439
310 9.82735820161907
311 10.823976201931881
312 11.324146229049783
313 12.970665949927117
314 10.69359001988512
315 12.544667509733497
316 8.799979171554895
317 9.5310559267461
318 9.59752604425431
319 9.54799819082326
320 10.960448014779256
321 8.835437942704194
322 8.171856740169796
323 9.178204601614077
324 8.986924528637031
325 9.956825715708215
326 8.518067345818572
327 8.827368911874597
328 8.287686344081814
329 9.312554023650497
330 8.602979380212359
331 8.07913406958666
332 9.160020074854348
333 6.3816965385814886
334 10.032796131266302
335 8.169661143051055
336 10.226260431991133
337 7.084370577857277
338 7.610753490722032
339 6.716858761350725
340 8.02493097082943
341 7.716267842593247
342 6.143185740044872
343 8.379616852496426
344 8.50866380954202
345 4.819698556930329
346 7.327072692354428
347 8.556439135997438
348 8.522607409578319
349 6.556500175461718
350 9.469748295546793
351 9.17059006823396
352 7.997154287673449
353 9.307757336847398
354 7.879763006946607
355 8.679483459157856
356 8.003941640243584
357 5.260548523475625
358 8.244106566362
359 8.941056693809086
360 8.747858045851343
361 7.692282500562168
362 9.093956262093547
363 6.068350474264984
364 8.512484270510116
365 6.009349113136745
366 9.201280058618869
367 9.632646805787088
368 8.812247430014907
369 8.004725405402567
370 6.77726061435516
371 6.705446181753875
372 4.871906881862606
373 8.3190291259371
374 7.2660832906358115
375 10.138428655966631
376 8.897779403089777
377 8.270236576054332
378 8.067197336204682
379 8.747174669404986
380 8.834519908280901
381 9.94319506796812
382 9.589172516569704
383 9.597340019950543
384 6.711027583641168
385 8.939252632677725
386 7.009891035918864
387 9.03771937491063
388 9.413708289279976
389 9.075587412198379
390 11.000212915369792
391 10.344571101758433
392 7.678414818022671
393 7.3810330259497166
394 9.91099353964104
395 8.520983490703918
396 10.080018377605905
397 8.369603631048063
398 9.124241518539389
399 9.319694341543256
400 8.211693090632034
401 7.376559838346011
402 9.909986117472226
403 9.614251245515787
404 9.525262519335584
405 9.563972083460202
406 9.74432524840397
407 8.715035747091758
408 9.74133529615563
409 8.48391899336503
410 8.586334656957415
411 8.643348221586162
412 9.402534700049157
413 8.29809352829314
414 9.806765117955527
415 8.491903063763793
416 10.464728012967036
417 8.936056733134881
418 10.536712136811092
419 9.639933061805802
420 8.951857353154661
421 8.831597338030964
422 8.816458213951051
423 7.512777010840395
424 7.213390127176671
425 7.8981651715014545
426 8.391254433009342
427 9.257525914123999
428 8.638702807071095
429 8.282278248983118
430 8.33595848288366
431 8.539707400823955
432 7.258702422080842
433 11.032642829567543
434 8.761944435871177
435 9.437580691364774
436 8.967181863171486
437 9.173860447745843
438 7.919617975321204
439 9.899648705201779
440 8.902143163279211
441 9.259753707430814
442 4.798323747265946
443 5.7011853971279605
444 4.695387239285801
445 4.464542263848758
446 4.7218989331116665
447 4.577784592758548
448 4.308689502523744
449 4.159060103771568
450 4.3817002528421165
451 4.221916942427782
452 6.315309018086861
453 5.025019485179897
454 9.080261103412226
455 5.286876103312274
456 4.3806667505415025
457 8.501982359941042
458 4.940159373379003
459 9.189233258560085
460 8.147807253901355
461 6.8376022439909505
462 7.3038878149785065
463 4.091849784524719
464 6.316142312135606
465 5.400204769233488
466 4.645210847834698
467 8.20322128278346
468 4.930980759107272
469 3.417132674570004
470 4.278465828480772
471 6.402018244853335
472 8.036756053124492
473 6.583002562316517
474 6.170561556830532
475 4.078536520836067
476 6.449262778316567
477 5.059681831248358
478 4.374177571475429
479 4.980510242887667
480 4.584095676017141
481 4.880789609064606
482 3.4897879450397236
483 6.556582509579738
484 5.789114129828122
485 3.6506326289815534
486 6.20569826175651
487 4.979416250180009
488 8.977660846947511
489 4.981212094961758
490 6.231025971305971
491 8.668743901249462
492 7.1643547548404465
493 7.729472047158123
494 9.529318326162718
495 7.85083114205704
496 6.431733285225908
497 6.947937914704533
498 4.647365574767168
499 4.698888851405325
500 5.535874917728781
