0 10.061500798055315
1 9.060176353481058
2 9.914230364595612
3 9.290467098739157
4 6.785396124249145
5 6.09247858287814
6 9.068804020857854
7 12.753216166888652
8 9.84968862201263
9 10.898508314521727
10 9.256341386157294
11 11.193385393703764
12 13.785295785280475
13 11.89120946147662
14 14.934119965725802
15 8.746692718403063
16 6.01178585591643
17 7.5686326563957795
18 9.105916861810211
19 14.73156209615109
20 8.779432240827905
21 9.204685888560679
22 10.137352571235777
23 10.351828683672997
24 12.012044330390559
25 8.839873653013724
26 12.300420910488347
27 10.292600319966471
28 11.609245011666868
29 8.567497631822668
30 11.865030488603301
31 11.693714681536271
32 12.754239252031773
33 9.844594420602913
34 9.763991938719288
35 7.32528804927412
36 6.523996141914017
37 6.18969219023824
38 7.025130388566038
39 7.19877147690538
40 8.141386348973182
41 8.018635692584569
42 8.835245144903858
43 8.969584108540161
44 8.920731622195788
45 9.251527002250155
46 12.940682030107096
47 11.723485716796244
48 13.692365969702479
49 10.797062273212848
50 11.105579138320312
51 8.984959576194273
52 12.3131907528124
53 12.723070494933237
54 11.603757965199756
55 8.632643286371207
56 10.722438416789824
57 7.36041692628241
58 11.867447493449083
59 9.087656000473517
60 11.830445515428313
61 13.229105134818584
62 12.133800426237201
63 7.68631759743596
64 10.669750253013172
65 8.485861926943143
66 8.822130737602901
67 8.319642310968872
68 8.791590913376824
69 9.451389770607609
70 8.395099399102525
71 8.439296733471423
72 8.442737233564639
73 7.655258078444195
74 7.318121568333115
75 9.81914175714829
76 11.951499430664146
77 11.755896560373637
78 15.493437690260901
79 9.954201005299845
80 9.494543891880765
81 12.895715386880704
82 13.535406667164239
83 9.887063684196505
84 14.14336135501492
85 9.260983458948644
86 12.501606369291718
87 7.172866522631153
88 9.819082606940658
89 11.697515957452232
90 10.565466125677236
91 14.188969482164666
92 10.929702128972508
93 12.986965801384475
94 11.41271532070959
95 10.824942195680118
96 13.821955450605365
97 12.04933563275297
98 14.026573402691959
99 15.495416240544237
100 13.522866543590482
101 14.221629158964276
102 14.892729199964728
103 12.855686711087781
104 12.817882941270566
105 7.9673454644892105
106 10.793333170803049
107 7.813446020074462
108 12.468902190828782
109 13.480169845691549
110 10.879500736304394
111 9.346196374413399
112 7.177523028247225
113 8.44629773159302
114 8.644062491761613
115 10.04478126604296
116 11.497203961961187
117 9.223521986976317
118 8.441960444343247
119 8.819361129789215
120 12.566395245933801
121 10.124328540712074
122 10.12446918209039
123 10.0735973126331
124 6.5676683303092975
125 6.483657524269553
126 8.179244368028968
127 9.6355330771619
128 8.885105620089435
129 8.885997474710623
130 7.546053253085134
131 6.411664419301062
132 7.43734184594509
133 6.727424034539505
134 7.003784242749515
135 7.437038220794151
136 8.574089592152506
137 8.118153942886545
138 6.840806599736484
139 9.416169560049946
140 9.01162440639996
141 7.609512434579284
142 10.175014328795747
143 8.224229187157823
144 13.16241212271025
145 12.266930083308306
146 11.745922938774415
147 13.756451057237527
148 12.934407192005553
149 13.741184225165977
150 14.575254325801458
151 15.809935030367924
152 13.359400223174193
153 13.963530225482252
154 13.900161755013054
155 11.85358347100825
156 9.377444161314175
157 12.245206432711377
158 9.763266544647418
159 11.924194463533128
160 8.83567534095775
161 9.166877435108145
162 9.493771948902852
163 9.352117903118222
164 8.331547614496879
165 12.036619979371343
166 8.60347159352977
167 9.315227590953185
168 10.484520937621758
169 7.175096278908385
170 9.006881294944234
171 8.366066399540014
172 8.268652006453948
173 8.515693427933288
174 8.861318589622735
175 8.07727898334185
176 7.406635211131275
177 7.275779850372445
178 6.549733575229282
179 5.9578315241320166
180 6.9000374045113935
181 6.368055749227648
182 6.839621644539001
183 9.57518195329926
184 9.55805625925954
185 8.59524543218439
186 6.406508866783833
187 6.3558385696462345
188 9.624010174029666
189 6.47811183403083
190 9.959403084218309
191 7.63844970978391
192 12.39453336881817
193 9.423280540465209
194 10.081055502683089
195 12.700008436259242
196 12.932352194071377
197 10.455723551903885
198 11.717703797147092
199 12.062424001195334
200 12.095409859526331
201 7.524633811103007
202 9.650475466528041
203 8.440431752407333
204 11.419469221415003
205 8.992835817219937
206 7.8666209808627405
207 9.601813162770858
208 9.757183901423865
209 10.538670097096697
210 9.889603002103408
211 10.386021801186176
212 11.780100789079729
213 10.071051696854122
214 11.665674568435842
215 16.091670183238534
216 11.59497765464825
217 13.53284128044315
218 10.699463839035865
219 13.802218420270044
220 11.000241014963812
221 14.877688738765727
222 13.336646477542727
223 15.558521381668388
224 15.108964993649217
225 15.82700700713196
226 14.420794140017028
227 15.007210011206903
228 12.569972043483455
229 17.09869605277765
230 13.96256318270776
231 10.836072318420559
232 15.996412384555901
233 16.56059791975649
234 17.77085833590332
235 17.17309407446199
236 16.606771134850693
237 16.40166747877949
238 17.560445671194135
239 17.346816270672708
240 13.998354391424867
241 13.193359682642585
242 14.234569000532849
243 15.548009614532043
244 12.416287492184836
245 13.25421138107676
246 17.131414426102644
247 16.27217822597252
248 15.425361804127306
249 15.154869872078233
250 16.115374661275343
251 15.190667944988531
252 13.768521935743673
253 17.388727928248535
254 16.929705615058932
255 15.453563193672538
256 17.489903880669278
257 15.532998992734889
258 15.549121070151987
259 15.562785464058887
260 9.606967366615669
261 14.348966612782606
262 14.79231968979268
263 15.15391251480905
264 15.63102523356115
265 16.43894909144831
266 15.245762687407012
267 14.353009281685827
268 14.94319539519656
269 12.927909596173542
270 16.89469325678779
271 16.288336818235106
272 17.535721508310708
273 17.59406880473164
274 17.321132072871976
275 16.397608661044774
276 16.213952281680417
277 14.450718781358395
278 13.534720848805314
279 15.218967593305809
280 10.809643933351383
281 12.560212133216822
282 14.03381309783038
283 12.557936003151415
284 17.44204304536008
285 13.96556915638347
286 15.514542119041575
287 12.24392644560891
288 16.94250761157253
289 13.038099042087882
290 17.1090701111746
291 16.813517758848494
292 18.069008485514733
293 18.457590578455008
294 15.585113460522987
295 12.636885504848376
296 8.842300570256414
297 7.115435697553141
298 6.862281291875309
299 10.270512101624995
300 6.4272986836684245
301 7.681910381672917
302 9.427889615207377
303 10.994797205970373
304 10.199307208696998
305 11.070253031728864
306 12.536631056203918
307 13.057269794256158
308 9.844147079096173
309 14.86714999793608
310 10.710366339826928
311 3.3023671993630455
312 9.230263440181517
313 11.676466175929692
314 9.624504477584004
315 10.688364995687714
316 10.180964424645648
317 11.369066383170875
318 5.82387385834858
319 11.957070252405503
320 13.108306388669792
321 11.066334718686216
322 6.932964929280944
323 11.419185298426207
324 9.255155869171007
325 11.837369977524723
326 9.347038052139538
327 9.649882191912418
328 7.029015177483278
329 10.747332597888228
330 12.609075661910024
331 12.666909631599472
332 9.954099426143804
333 9.03394495247078
334 8.835276421588757
335 9.634402121680989
336 8.499854993950676
337 8.625306977831125
338 8.496779058207157
339 10.289370266619816
340 9.605645627401717
341 9.606585621846667
342 10.641421838160953
343 13.40014429700632
344 6.473121721158558
345 6.619986703140702
346 6.4810122923084075
347 6.409655102240728
348 11.05314597969591
349 8.686564435232524
350 13.459126208801802
351 11.48894963796284
352 11.110987563484457
353 10.894324332825523
354 13.759036271809006
355 14.673762285383344
356 11.76859438455067
357 8.232923937815274
358 11.477761639105358
359 12.599961851144078
360 11.450100260374827
361 13.238718199197681
362 11.483788088427037
363 10.939531747572238
364 14.210838676509809
365 13.612852408492001
366 13.346750360681634
367 14.088451284444842
368 14.979504391056555
369 14.068676363205457
370 13.215865214885861
371 8.03968097884874
372 7.397617856615785
373 8.989609571338539
374 9.898559376679097
375 7.348234929650857
376 12.88183640632948
377 10.098623841626658
378 11.17318135001478
379 10.928876953541337
380 10.362400518312098
381 11.444186373638287
382 12.793509060214529
383 13.339960950051408
384 13.562930707418973
385 13.959492809532062
386 13.8112764284016
387 14.286557181751942
388 13.68621690715971
389 12.128979629631651
390 9.854610172037813
391 11.338663204768917
392 11.817541360951978
393 11.775204546965329
394 12.361390310400934
395 13.507761420123813
396 13.121467798218788
397 12.767129697296195
398 13.043625041945118
399 11.841354432355157
400 11.403951452651533
401 12.113825269087334
402 10.723944563035042
403 11.195299844850851
404 12.024406996021565
405 13.213343755400109
406 13.606093446731812
407 10.868929086103067
408 11.024676813549801
409 11.084106200974775
410 13.641112914023482
411 12.812344780753037
412 12.863124573668959
413 13.533868992244365
414 11.903644250915312
415 10.913880105005981
416 8.432335183642172
417 9.724663185162434
418 8.73579083295677
419 10.825564475657691
420 12.339736145952934
421 11.5327387332538
422 13.15894815952922
423 10.75894002770469
424 14.392842875185332
425 14.163516816879941
426 13.031979387888944
427 13.29291303807179
428 11.671556674763634
429 9.710389720463786
430 10.537354610709635
431 11.102857431995934
432 11.798295079776087
433 12.37920065321863
434 13.521230629296769
435 14.079612090315162
436 9.330441890964885
437 8.979625475988575
438 8.04830492088835
439 10.66087550425925
440 9.445286664597775
441 10.401674862388127
442 8.925065478346982
443 10.205421897006119
444 11.86842860280128
445 10.671519481052892
446 10.928472346201481
447 10.134237877856922
448 12.227516163681859
449 8.201337217474034
450 9.684313432251368
451 11.189264751232702
452 11.527217153569556
453 10.699171329009875
454 11.757593722104469
455 9.697158653785197
456 11.646450115567413
457 11.927181581524254
458 11.032039608206995
459 13.082054569217089
460 11.190620008948187
461 9.036858470395847
462 11.062673070396503
463 10.825310143947256
464 10.297192103284015
465 9.084099813727427
466 8.481652341112087
467 9.18325933849518
468 7.916657048872251
469 10.248484233035445
470 10.075678123390624
471 9.572077797769277
472 9.982422858597522
473 10.358503272728177
474 10.824066488567837
475 9.940622051757536
476 10.949322992698756
477 8.098702299974184
478 10.220338698712709
479 9.72655706429982
480 9.26774418122636
481 10.959186810686685
482 10.938391988916639
483 8.888709066658626
484 10.505976606537164
485 10.144237559330271
486 10.339439846795791
487 10.348662621143687
488 9.969112289402588
489 10.847163109606
490 7.750218714573055
491 5.884684691456625
492 8.358818301006798
493 11.0432924119041
494 9.254807776517472
495 10.010755708626805
496 8.226749424069212
497 6.788615519676537
498 10.558704220587993
499 8.895618747793668
