0 13.402724833787744
1 12.281095688391716
2 13.415226668819276
3 11.778623993545994
4 8.396926278852058
5 4.83304140281262
6 8.090449767073295
7 11.20206264635037
8 8.44021419561291
9 10.886682383522535
10 9.252856823134561
11 13.12865264626278
12 10.990146187886747
13 12.165863200119492
14 14.570243088611935
15 8.467900380518143
16 7.445977763331171
17 7.763950515223415
18 8.225929896527296
19 5.783607301589592
20 7.504554180330632
21 8.395160664514492
22 7.605375714435003
23 5.0077423498064855
24 8.372167363012839
25 8.384324201097778
26 9.45232346178617
27 7.863614465144857
28 7.725439870367582
29 8.310983474423939
30 10.863762482003603
31 9.247558774385812
32 8.589472907151608
33 8.203796960758995
34 9.55886594282154
35 9.978160911598373
36 8.559982645475431
37 7.704435794668519
38 8.167734632460048
39 9.95858410302535
40 8.564873378773807
41 6.388884230169408
42 8.567041871829598
43 7.536718946939149
44 7.392381620033544
45 7.480300173367855
46 6.473780930058706
47 7.6932328823437715
48 7.25840695088614
49 5.471805360956386
50 11.479618615045869
51 11.082932352988047
52 12.291108078404063
53 11.631222572506456
54 11.128468829864811
55 12.981494730404027
56 14.207289629042437
57 15.450905328677365
58 12.714208109756914
59 9.239114811036822
60 12.12336618521834
61 11.088064614271099
62 8.667350992959957
63 13.301726510226151
64 7.187973456416095
65 7.223677484101167
66 13.25808755024462
67 14.264336316629697
68 12.85016264712352
69 13.170088571370867
70 13.089586133553626
71 10.162648761566533
72 13.522951567447203
73 7.526777178112744
74 4.952612682115265
75 5.2074163460654574
76 4.248125720663054
77 3.824323363865657
78 3.8203028891666304
79 3.7269984758047103
80 6.921803338406567
81 5.554396671215732
82 4.572683349562754
83 3.778767013877816
84 3.5733974355140887
85 4.671932971235987
86 4.43944502663609
87 4.041755869254277
88 3.7399591393091383
89 4.118556585257702
90 4.321066023167759
91 3.961638122576757
92 3.373952124951477
93 3.590972583567096
94 4.7942268236074455
95 4.712206240881762
96 4.9548225801254535
97 4.56852213841156
98 5.991368880252593
99 3.485829203378042
100 4.025936018328861
101 3.7073808751381807
102 3.362636216865532
103 3.6407183404347343
104 3.6775580529349283
105 3.653015147851238
106 4.426033426054803
107 3.8009416731161116
108 4.450599642126128
109 4.041813068773181
110 4.031228014051453
111 4.408857599017915
112 3.291840036307431
113 4.345123036510952
114 3.883607777225965
115 3.4070305401600454
116 3.5504877445725094
117 3.4088076265024694
118 4.7285316535340485
119 3.5454779646361656
120 3.554565886747673
121 3.8119712432025814
122 3.7753225221962645
123 3.7819552638240803
124 4.105331598305922
125 3.674164568499187
126 4.333097714363769
127 4.537609643136899
128 5.937025545765204
129 4.735714098207454
130 4.455186213988333
131 5.11914315785708
132 3.4740088125008026
133 3.964977028757449
134 3.997750701269136
135 3.97450629475491
136 4.502500160040802
137 4.195564761685934
138 3.6895424290438363
139 3.6460330098510436
140 4.52579414384221
141 3.746789390986655
142 3.9917550434980416
143 4.03642017157345
144 4.693931561110207
145 4.001091963102746
146 3.9558068127700055
147 4.482930974639061
148 6.639689793967189
149 5.531678259658784
150 3.5201116642675587
151 4.13635178014983
152 3.4357605313272774
153 3.967864450916
154 3.7619380296501435
155 7.630496683132028
156 6.978095964996239
157 4.3034922990628965
158 4.158746278342583
159 3.906867516617265
160 4.032677938527185
161 4.437720877078081
162 3.6381068145929176
163 3.649416387283891
164 4.077042772628934
165 4.104651810708259
166 4.273524009357496
167 3.7420587871489808
168 3.7025050701360738
169 8.513050612759695
170 3.490641829051326
171 3.600924575472726
172 3.6016763862612393
173 3.879269444432358
174 3.6078852940932786
175 4.69997742332234
176 4.8823954709497634
177 3.4790246031548384
178 3.4924307565793855
179 3.936731510649666
180 4.259530756556305
181 3.9310817050547833
182 4.546888124470418
183 7.860042246310798
184 8.875158363477034
185 6.788783856454003
186 4.518717209344499
187 8.490202303389113
188 5.079251748900201
189 5.2460884630073705
190 5.740983378893092
191 8.448809253254113
192 8.581941834552708
193 6.853165558404673
194 8.52161838531607
195 6.732775363636905
196 3.6411866317610313
197 3.6895903281489377
198 4.099548602801971
199 3.5811399484679773
200 3.4895973996235243
201 3.3624121465476313
202 3.452314314047518
203 4.074688225424345
204 4.188023510002953
205 4.3452975640363976
206 4.454826464289149
207 3.6003714277966017
208 4.082345905071699
209 3.6820916276411064
210 4.911561687044802
211 4.609533515877621
212 4.354804849614523
213 3.7423030922680285
214 4.599393758862344
215 3.877456036725137
216 3.939400448236917
217 3.7386454538093705
218 3.4727138733582867
219 3.702622358503888
220 4.356442481418016
221 3.8478242427297493
222 3.6015767844543913
223 4.1858650188062585
224 3.359192062532044
225 4.266642243871179
226 4.419883010142278
227 3.6541446615759012
228 3.492663646349142
229 3.8492678551087613
230 4.085249573482464
231 5.450913880491816
232 5.618094992226994
233 5.78409105780306
234 7.193919651484773
235 8.796783753449011
236 4.453165289858813
237 4.426448504998857
238 5.866311841746606
239 9.392754610302994
240 9.259846139870186
241 7.6189224565022915
242 9.47839189900176
243 7.009833613163465
244 10.721871883727275
245 11.600726431508436
246 11.941990851196506
247 11.126843057655709
248 5.830502835134556
249 11.525656375793364
250 6.245441281295677
251 9.25828803815111
252 12.309122807271136
253 7.89666914447584
254 7.082638310161078
255 5.376917814978085
256 9.042778844962395
257 9.500291584790526
258 8.610839569722415
259 10.301832748695952
260 10.903151893014355
261 9.784151685432555
262 8.876415352840246
263 7.660842124605692
264 8.103894990344305
265 11.178751539193723
266 13.761149129254408
267 13.385922636242723
268 12.316037222953506
269 12.001553729387542
270 6.5868880132995375
271 10.249214874419971
272 11.310301090876264
273 10.850233797622405
274 5.6650957766752255
275 6.964822689284495
276 7.791471563621111
277 9.754233030266903
278 6.6784466160738925
279 7.169280194107055
280 9.401435816908679
281 6.823760806837908
282 10.512320038618308
283 7.525351440383394
284 6.812824737036892
285 7.848332188624403
286 9.136493193227812
287 8.035327677869951
288 6.429643005860254
289 9.924604264004588
290 9.965086618141616
291 5.790925230103489
292 8.854503292743447
293 11.414179095055482
294 11.272364885850724
295 13.840647319181132
296 10.46290592301621
297 14.867805408670831
298 13.598757404562228
299 11.099096182056707
300 12.57250663012943
301 13.568331807532605
302 10.598389456925988
303 11.996614129048963
304 13.361672063158183
305 10.301787525804153
306 6.518896025546067
307 12.95749435150747
308 10.15199608369879
309 11.32624261475794
310 10.56585364640746
311 9.16395028727468
312 10.077356325304654
313 8.769640082168285
314 6.982170773481314
315 8.842079405671925
316 8.548193894353714
317 8.190227172717329
318 10.921488510120541
319 10.703917941315433
320 14.38805194075895
321 7.900214949167558
322 9.867148275583231
323 11.978828782695171
324 12.898106420493873
325 12.089663351942624
326 13.162054311395591
327 7.924927993055799
328 12.364320898208662
329 14.803433955149945
330 13.84108733293454
331 14.684145135662542
332 13.069294437736374
333 10.492194618811375
334 10.920309540494344
335 6.195152725103317
336 10.176241135713374
337 8.469893400445297
338 13.308105912292342
339 10.660717522428502
340 11.145085712305736
341 8.813509442529082
342 13.28483628108522
343 11.726277911415274
344 14.194615271968525
345 10.889561375138623
346 11.430393174651831
347 14.208031089895558
348 14.478619085474046
349 11.519597207083116
350 10.977797175102332
351 11.77101164891722
352 11.486199981658936
353 10.182457420922432
354 12.420957451759184
355 9.148495850188333
356 8.000068562261017
357 9.55347765428386
358 9.296941592277696
359 9.806368000264856
360 10.1782243031186
361 11.964907599648248
362 10.512477300525505
363 10.29790652602336
364 13.576972770535109
365 12.683411890876917
366 11.075202109809267
367 13.722737560902731
368 14.480994320955444
369 13.19672244496876
370 12.596092987600361
371 7.960476520771953
372 8.364749938126982
373 5.952322567496833
374 12.300121735641884
375 7.02121158738106
376 9.02650183643865
377 8.017789701758394
378 8.932871260254116
379 11.219200231487696
380 14.158283787403015
381 13.475031729321914
382 13.774977680145032
383 13.074323530794414
384 13.2446535187606
385 14.134851236697255
386 15.687923367137723
387 13.474862813047276
388 14.936874875708547
389 15.147808073859988
390 13.89178520801009
391 8.842379093372472
392 7.66289478907504
393 13.668464349429055
394 12.518718438316084
395 12.480310041928085
396 11.69670773383252
397 8.94453274607471
398 10.276259611676236
399 9.513071447796506
400 8.809232979374233
401 7.801186289650482
402 6.7391401656438745
403 9.193898290295529
404 8.070923781042463
405 3.718150827286597
406 7.7730357163907335
407 4.341306386985783
408 5.656370497341113
409 10.902580173615345
410 9.405814928059513
411 9.004902192566641
412 10.210640844489506
413 10.240647701264203
414 3.4525462800369144
415 7.859788659609505
416 9.610324556867765
417 5.125034254839223
418 6.512993186256287
419 6.700203977020171
420 4.365664123591569
421 7.430994097155592
422 7.67520219795248
423 8.712467442578376
424 7.061771613841588
425 4.4015854060274195
426 3.4912440897431303
427 7.736680251314156
428 5.143160827988275
429 6.519673278848052
430 9.082283887406108
431 4.869256174495238
432 5.495431966439948
433 7.214550828823629
434 4.794956838080081
435 5.137905353989016
436 5.544830830613492
437 5.271261056009515
438 8.448436159810623
439 4.336988227658345
440 7.338470906676983
441 8.348014854359665
442 7.375607931081659
443 6.54660679018943
444 6.587783716562496
445 8.286876342871532
446 8.22428062974079
447 6.987464982309051
448 8.100493385911205
449 7.9641552525424535
450 8.098699946769564
451 3.231124010964384
452 4.569062152320472
453 5.770988001638497
454 8.64524697777315
455 10.90858720776026
456 4.630328111585914
457 3.506854979536921
458 6.406358700579061
459 8.109219886590592
460 10.202729559642686
461 7.3220372500740005
462 9.019517629338628
463 9.614753633657608
464 10.471643144429521
465 14.577972930802856
466 7.248493051202434
467 7.330733385630115
468 9.563237177028375
469 4.208975809844563
470 7.706572508648461
471 6.041289659837361
472 5.61291618532767
473 11.776579831974011
474 8.590723244446881
475 9.264411295132009
476 9.103318197384182
477 8.676395558626359
478 11.743369602568364
479 10.77743116670491
480 10.653836767426155
481 12.132388949900758
482 9.594240949182424
483 9.048405210288376
484 8.393424685607709
485 7.33532489925701
486 7.34116271718742
487 8.205689539095237
488 7.539849603254946
489 11.934136505889171
490 6.7617586358018595
491 6.275492647668889
492 6.277732387468766
493 7.597124516178927
494 10.110489710847695
495 8.400112526170698
496 12.631195636040072
497 13.549241226326505
498 7.171965136943214
499 11.007152979158603
