0 6.2858803130596845
1 6.483880059747951
2 6.393731865824479
3 4.79577232635904
4 5.998796898294192
5 6.322952960215264
6 7.343279219336987
7 6.6514518346842895
8 7.734394180284539
9 7.426908369071266
10 7.389471172335184
11 7.8931960305207385
12 7.714746131938849
13 8.673599137275753
14 8.526505769520666
15 8.516460652834816
16 8.439250294362123
17 7.0799438636357594
18 8.032712254781577
19 7.198459773451229
20 4.466739036250515
21 7.253799797450271
22 7.52887016777716
23 8.975601057802207
24 7.356107569736154
25 7.897999715177706
26 8.06628143761252
27 7.672460844489034
28 7.521653527766856
29 5.698323255252086
30 6.071946911485832
31 4.6628725962263085
32 4.63717734169392
33 6.8941420579129575
34 4.654818057186424
35 5.672081832182316
36 3.6549931133207467
37 3.6266489604732652
38 9.121294864891707
39 5.807731866546284
40 7.8922824389570705
41 8.613045480656144
42 8.247022958002763
43 7.987558844377353
44 8.627359591969762
45 7.030213290631651
46 9.139631562232282
47 8.296843011482927
48 8.027875126204508
49 7.037420503704038
50 7.193766662066254
51 7.796526745173436
52 3.8344938570391833
53 3.70034241990187
54 3.912076994719905
55 3.8821936952206877
56 3.644644783752433
57 3.679250372853669
58 3.9948653297239076
59 3.853832355082099
60 3.382140931830505
61 3.6362126129135297
62 3.7565413388095297
63 3.811747289721325
64 3.8825893474666597
65 4.135704269383774
66 3.7455160366861766
67 3.7232490567930396
68 3.6456977893217557
69 3.846099538869002
70 3.6016056179748386
71 3.811304506006593
72 7.308190399167083
73 10.884866617749609
74 4.186492665050889
75 3.8560579556392813
76 6.164733961479362
77 7.898644075125371
78 7.884772179680679
79 5.976178469031851
80 8.860670717043671
81 8.367657276088245
82 6.988878321001493
83 5.583525289589897
84 7.002660138010744
85 6.552539144174355
86 3.637806295601644
87 3.78738316986249
88 6.928245130685721
89 3.791304289145729
90 4.193619711633469
91 3.8534173376795606
92 4.027546898627169
93 7.4828030630747895
94 3.9148701591399253
95 8.570437966033717
96 8.666703041100567
97 10.238429056596862
98 6.603150869292076
99 3.5093894941056467
100 3.903575309514614
101 3.794771173949523
102 7.014476168672681
103 7.015633320247007
104 6.104343060787274
105 5.854519561920522
106 5.899096243847279
107 8.005119517396437
108 5.986317218277242
109 3.5350737437693738
110 3.802891497483001
111 3.6356330395547887
112 4.113485799513298
113 4.08347514319682
114 3.9894528622884606
115 3.94243461544607
116 3.648823924641423
117 3.7320712226642416
118 3.787901508453822
119 3.7598071173118064
120 3.7384578471344296
121 3.6291561101502854
122 3.783583682383882
123 3.4222072046354075
124 3.7794005501781744
125 3.9978975299424535
126 5.701511290452589
127 3.839951006680496
128 4.2245742982952015
129 6.163356495476464
130 4.009745988710863
131 4.0706365272989995
132 6.33312837427432
133 6.923839061939529
134 3.794257524185359
135 3.981980867807657
136 3.623044027701267
137 3.932594704830517
138 4.20690752864658
139 3.6949164687279485
140 3.9340774344716567
141 5.068536549099454
142 3.714671048545694
143 4.032823079631036
144 3.8630700448975266
145 3.5743303541096685
146 3.487860916701665
147 3.583511893168396
148 4.105576629359307
149 3.7902410843600634
150 3.4819622772345733
151 4.3013725281219495
152 4.0802186394515685
153 3.825069058634513
154 3.587674106967426
155 3.8910169494096682
156 3.7495157905900216
157 4.529334339015798
158 4.215769530912936
159 3.9928914995404248
160 8.358521996159066
161 8.595079568031892
162 8.105353685521994
163 6.944406441926574
164 6.76810133693387
165 7.773076524278115
166 7.6197883933878465
167 7.665294022375867
168 7.445486300293408
169 6.4531696735951405
170 8.115629662631994
171 8.166496587662584
172 9.388292169472564
173 8.43924373605665
174 8.513822956201283
175 9.606582891490143
176 7.423471450266409
177 8.966351403913627
178 6.751935319964541
179 8.087111932408527
180 7.348086677322398
181 7.1915752631806855
182 7.997846559843994
183 8.688707041860868
184 8.062306838807727
185 7.531698142846891
186 8.988386876380492
187 8.849798345115003
188 6.701255686942073
189 10.160317637178412
190 10.821223913590883
191 8.825254821497438
192 8.519086031310255
193 9.307108651464606
194 8.98306716174761
195 9.811721969784074
196 3.2333690498655736
197 3.83453749505876
198 4.112357838465359
199 5.354758218937071
200 5.2620959725007435
201 3.650875963233107
202 4.506338856632342
203 3.7284359377273484
204 3.4498538400050394
205 3.7085385959223656
206 4.802725777017088
207 3.7735576986904227
208 3.9708907021600903
209 3.6472754213295624
210 4.155962910654897
211 3.5487106883776693
212 3.672050953582838
213 3.762646203255062
214 3.95019076189319
215 4.054064402550336
216 3.985292716862995
217 3.723531483344857
218 3.425518524368753
219 3.9741867937599338
220 3.951482456249903
221 4.009658045602233
222 3.839777521599863
223 3.528198575473301
224 5.190603180721505
225 4.023978854944974
226 4.0240148116442445
227 3.0914283747802243
228 3.837443990045585
229 4.118568410702563
230 3.819692489008983
231 4.035948707260448
232 3.832967412078793
233 5.890994192009547
234 4.033181621925861
235 3.2306238287008013
236 5.953312490178617
237 3.863643375203814
238 7.348285770676225
239 6.577842352304682
240 5.863672062546674
241 3.86789326654124
242 4.694768630295405
243 7.166404288701858
244 7.287904138188015
245 6.190771299586695
246 7.713417883559465
247 3.526537250255519
248 3.8582663708560636
249 4.060642165242087
250 4.9268326694837885
251 6.815417410681068
252 7.419618754775724
253 7.466750968279252
254 7.748286521280408
255 7.333719881085249
256 7.165091156877859
257 7.389905593605679
258 7.652683008427861
259 7.629945445994524
260 7.578644483145937
261 7.951912148355051
262 6.399410367194365
263 7.174492018008951
264 6.694704824628512
265 8.204151546788733
266 6.5136761852187215
267 7.259969767243897
268 4.769577163441241
269 6.974574812080235
270 4.063341796889667
271 3.8268288977406435
272 3.881402011348633
273 3.9977010832415054
274 5.64713316690326
275 4.125279523733357
276 3.765831357634264
277 3.947285153473775
278 3.6877801376126746
279 3.3096548504393914
280 5.709009599518299
281 4.066984881805761
282 8.040776040085806
283 7.216986399985743
284 6.942929756933317
285 7.602760840792576
286 6.578461384494848
287 9.108210566308406
288 6.368027912563417
289 8.209783768315022
290 6.132602409502804
291 4.161482711296126
292 3.823921881913315
293 3.868656681798075
294 4.385331243868299
295 5.433213425315908
296 3.7021465682066372
297 3.8442327870726767
298 3.7740125985274027
299 6.849541532002373
300 4.427147350116196
301 4.066731989156483
302 4.057854537516449
303 3.82105573847857
304 3.7435458879328007
305 3.8987850531144708
306 3.9417419009028962
307 3.9532379068037007
308 4.28217543228891
309 3.6643367793902293
310 3.8375261412269475
311 3.796514916222815
312 3.854452731038874
313 3.69374662652404
314 3.819397322957466
315 4.180977015118825
316 3.6999702034563913
317 3.7687353497793894
318 4.061002891494196
319 4.102882392629825
320 3.9121498817901483
321 3.6881424365565625
322 3.6348862376427826
323 3.8181266399954708
324 5.436599475273211
325 4.10718278082656
326 4.090068589664109
327 3.845269441465945
328 3.7189017199321532
329 3.9211783416134676
330 5.700283205898711
331 7.743960930765894
332 6.758522387849713
333 8.455450521023744
334 8.649826739535204
335 7.948088993158773
336 7.339306966572302
337 8.96690266818717
338 10.429239133038829
339 7.703958267131587
340 9.056925839682927
341 10.104211365585916
342 9.884065206079201
343 7.776994535164272
344 6.952464514020451
345 4.11190104286502
346 4.196046657384478
347 3.6976000230917947
348 3.5834709536770344
349 3.826445606227546
350 4.0290268152522115
351 3.9353283187143138
352 3.91189369899769
353 3.6272190543735507
354 3.8514312004940052
355 3.9210484069479867
356 4.423798437843355
357 3.5208609269390823
358 3.8783919719245543
359 3.90253044231546
360 3.865393906289745
361 3.7435473445098464
362 3.591011179428924
363 3.7735276017248633
364 3.9321810661902656
365 4.36210391001693
366 3.7412520855624547
367 3.7639054303813753
368 3.9162884000978475
369 3.867946230839501
370 3.7464545456795637
371 3.8802029036022616
372 4.114586785348956
373 3.728967181632074
374 3.721503648758185
375 4.120512036562496
376 3.854613112149597
377 3.600035339864989
378 8.216538815504062
379 3.6984025188679652
380 3.6120813983526165
381 4.3213018164202195
382 3.9374956449157623
383 3.7586718416788654
384 3.8906385002258275
385 8.991030248393823
386 6.437162992540589
387 8.52608821972362
388 8.630787597291983
389 8.659094697742502
390 7.941455886659177
391 8.21784593994447
392 8.292838144515786
393 9.202848234911965
394 8.33650530240512
395 8.585861273643545
396 8.356065814755114
397 8.794133521944941
398 8.967480786700348
399 7.959208104298259
400 8.204067340790333
401 9.148383480998334
402 8.389651077557065
403 6.8432223968529575
404 7.079841548265178
405 10.282460727878787
406 9.165063068210863
407 9.139622354487155
408 9.639882096807106
409 9.787067397314457
410 8.417937990610382
411 8.637769765615387
412 8.277238276467155
413 10.239692504640768
414 8.625273213689566
415 7.3995455772945435
416 9.057520961187874
417 10.27077892719046
418 10.251556256506666
419 8.2020299362926
420 8.344000105420365
421 8.393664308780863
422 9.126862708909671
423 8.914039221295402
424 9.394361596115886
425 9.60693857717718
426 9.328160690783083
427 8.445404748559382
428 9.326799487794656
429 8.50261953754802
430 7.340933381692942
431 8.780257594658105
432 8.24213045303869
433 9.2009477883222
434 6.835978864736834
435 8.059447309859562
436 9.618005877318122
437 9.332643355042732
438 10.883833921248945
439 9.58965098123289
440 8.447882420961019
441 8.751615005685593
442 6.865414907252882
443 9.009812483971169
444 7.1469948002854675
445 8.838149002740934
446 7.215321828879717
447 8.24962031030575
448 8.027980002234672
449 8.314118458636356
450 3.8835648176184905
451 8.742159347913415
452 8.807004356183544
453 9.486657547013557
454 7.404864003188065
455 8.253459188771156
456 9.16521936717087
457 8.570544014455187
458 6.734053577115433
459 8.646686678930722
460 8.69799605269323
461 7.280946331126766
462 9.795051645677514
463 8.865962776333799
464 7.040154737444071
465 8.76063548465205
466 10.19759163914662
467 8.825806453690507
468 8.23521664348972
469 8.180807285211765
470 9.252730837716795
471 7.31584249680456
472 8.526504837881443
473 6.993495285961703
474 7.0507978903550566
475 7.944225271138391
476 7.831324122724272
477 9.047672089434213
478 9.83233083286353
479 8.620366554285477
480 8.478304588399162
481 8.881354836811683
482 9.354682646708742
483 7.396567621234914
484 8.876228759612053
485 9.86299003273209
486 9.160466951573412
487 7.938841178037247
488 8.232504422467333
489 8.98082781596853
490 7.501685980937832
491 9.508044392071712
492 4.193165616342883
493 6.301035594494618
494 3.858681885700259
495 3.869517813001421
496 3.532798875112971
497 3.8333447164810472
498 3.984435715683248
499 3.9992183234284444
