0 6.57720132530757
1 7.726176138646533
2 3.697970100108871
3 2.9230996938487643
4 5.777310785436134
5 7.23926281776173
6 3.8830565672167543
7 3.3714189216510446
8 3.5514350522924247
9 3.109575457801047
10 2.798490668050812
11 2.799164959832636
12 3.292767630436195
13 2.875600180189123
14 3.2244108647643266
15 6.649757479324255
16 4.323006170159191
17 3.2703679203601643
18 3.6271087315213757
19 3.0480980414821097
20 2.8263065354314936
21 3.4891685111030184
22 2.8953147068989527
23 3.1072595309255555
24 2.788493547240339
25 3.017208617777587
26 3.464844809375067
27 2.939319232773437
28 3.8182748411135297
29 3.203482602828383
30 2.83456553819915
31 2.853732265903703
32 7.10890424680392
33 3.503829528065761
34 5.412507362980305
35 3.5796541842114005
36 4.078440317081916
37 3.5433760895382216
38 5.359331198074978
39 3.1331076540094793
40 5.128080987241712
41 3.2742835975026114
42 6.406178781852462
43 3.1537349284075606
44 2.9960747149136693
45 3.769217373312707
46 3.4682456147384144
47 3.535936186068987
48 2.981849615357026
49 3.579819102722165
50 5.149937036290372
51 3.793700021945149
52 2.709430084738059
53 3.2571082478838713
54 2.6074060772558885
55 3.860947151423401
56 2.9131762879666256
57 3.0287204095851608
58 2.7104021444730657
59 3.8879507373478055
60 3.151813634513825
61 4.997185219025982
62 4.385499745343666
63 3.209804387906144
64 6.444322192227984
65 6.817818826934449
66 3.00766652105037
67 2.9580852514343876
68 5.233550105303339
69 2.7163450333035204
70 2.9133818868583505
71 3.6646649963588858
72 2.956703157720793
73 3.991992379676711
74 5.885582323315457
75 3.3306998913758137
76 3.230949877509752
77 2.694946736001454
78 3.9202239196592648
79 3.6532368275400766
80 2.534212423036608
81 2.8984435552083005
82 8.095378584846145
83 7.129431391160701
84 6.135610562510915
85 6.090080820249893
86 2.992711328934418
87 3.942441000413534
88 3.4973644884036448
89 3.228206580969536
90 3.3201469265726247
91 2.8497226317857516
92 7.472823532104691
93 8.259370368639223
94 3.857522202751952
95 6.6789810855668845
96 5.941717924581732
97 6.7125562120392255
98 8.375384037779414
99 6.4410821234219195
100 3.3016463974729615
101 2.779339818951532
102 3.342466798163345
103 4.354024509417444
104 3.5150215569790464
105 6.523552685357567
106 8.13616345064281
107 3.7923567371128284
108 2.799801866944471
109 3.154811650294956
110 3.8550706263703227
111 8.536983628469992
112 7.276239408842321
113 6.052819316325304
114 10.471441909121191
115 6.361671375735418
116 6.912758185491575
117 3.4680555581021073
118 6.165783561418594
119 4.480426677065624
120 6.588118813839532
121 9.038423982419694
122 7.000742993088546
123 4.062501516804496
124 3.9331453173371114
125 7.143536414880863
126 4.605016292342024
127 3.2009496800130477
128 2.9466977223534134
129 5.320202553360047
130 2.8179648547943192
131 3.343613247409107
132 3.411402027305198
133 4.495866071272614
134 3.9643661689260226
135 3.5174299068450634
136 3.9801958046910584
137 3.308060502001497
138 3.333508285770704
139 3.1997711311562367
140 3.1769638136694303
141 3.212719704610903
142 2.803360046780478
143 3.2044942333845032
144 3.2718918436476985
145 3.445529284875889
146 3.9300113858280854
147 3.7385379874521485
148 3.7537239394489115
149 3.0091678329146347
150 3.260779951184465
151 2.7653819323596944
152 3.208128923304809
153 3.1569037605793886
154 3.707273599403917
155 2.887318051336677
156 3.0528476673540648
157 8.20512144813829
158 3.2720715308102135
159 3.6674349339409633
160 2.910650260490863
161 3.2817364781070135
162 3.451942323819753
163 8.532538515608113
164 2.95347085045032
165 3.296572434939451
166 3.3618747215889706
167 3.0582873082773085
168 2.9208434358234463
169 3.157947488076533
170 3.261799972441698
171 7.112084208524336
172 5.8605865566755595
173 6.438714052331542
174 5.981828054553006
175 6.705366004586063
176 5.787037103005721
177 3.5489652365162203
178 2.703395064711443
179 2.7708597635718313
180 3.6888887684272844
181 2.7728287333754578
182 2.624316148591288
183 4.041339402599403
184 3.246509238893515
185 3.8463461389051345
186 2.7262659074322153
187 3.3733141199640095
188 6.5658807469747895
189 6.646080559447032
190 8.332220110051257
191 8.133288994812604
192 6.084928784311698
193 3.763860149886722
194 5.685385569940911
195 4.149907784183354
196 3.379110967289342
197 6.695884742153668
198 3.4357500013417503
199 2.5950967577942436
200 4.898142089336878
201 3.0317759507824857
202 5.972774835548445
203 3.2370322058594536
204 2.971245216756442
205 3.4678973439331067
206 3.3426656082774002
207 3.5207654767924783
208 3.449367922658645
209 2.966215162709228
210 2.803084479636016
211 3.205630251804137
212 2.707210416453527
213 3.1637421436549076
214 3.1104536779041796
215 3.05261104933398
216 3.3230700890219707
217 2.903699608636542
218 2.6793793026462116
219 3.117605202096462
220 3.8126160145183383
221 6.185811806463961
222 3.4036411844033094
223 3.061424778011155
224 4.562354898632349
225 3.50585221194898
226 3.485254045918248
227 3.6483225220634536
228 3.667827580317541
229 3.145704343136061
230 3.1713977545750867
231 2.8795644180246254
232 3.4631973558548537
233 3.28930043441491
234 3.4431085802130657
235 3.0005158299011194
236 8.320638379903844
237 6.723638167967963
238 3.521945850545596
239 3.702548572469372
240 3.0252563459448254
241 2.980152098898086
242 2.7448650549297984
243 3.696379935317393
244 2.898239073533238
245 3.4083210428210298
246 3.002879662175797
247 3.7071669491763215
248 5.902141301090264
249 3.3180608085666674
250 3.3680904735261246
251 2.944669778214413
252 3.3423641529533605
253 3.0615441281855413
254 3.3921862031554597
255 3.188940681778668
256 3.3593467410201656
257 3.2727228762814273
258 4.092731977660506
259 3.3655791611860923
260 3.3412094461895254
261 3.4909733661820916
262 5.454161380465315
263 7.521352462329022
264 3.6775579558599256
265 3.5081084185943356
266 3.2525348032891324
267 2.677329495680998
268 3.152492371419174
269 3.380695767656685
270 3.1578303733785447
271 3.12228474182993
272 3.886589805353939
273 4.022036345621092
274 3.2608742714019914
275 3.608423645973006
276 3.0249050216119584
277 3.7949747916329697
278 3.5480195015104528
279 3.2155903659724294
280 7.7282659381448084
281 2.7054719568633434
282 2.9688198390767786
283 4.093675691473653
284 2.813077346915958
285 3.836695408701961
286 3.145290790118559
287 7.098375451397188
288 8.841627035709898
289 6.081734517006872
290 4.659832714228188
291 3.118521538104079
292 3.6707971312400685
293 6.164964198057211
294 6.42381060078494
295 6.6299171158666095
296 6.782227501438838
297 9.77915574460575
298 5.953283158027198
299 6.739208940065881
300 3.888446184971213
301 3.0825397625070385
302 2.791723595197105
303 3.0784661852824255
304 3.285440393179863
305 3.4085162372481346
306 3.238014663816741
307 3.2062576528926923
308 3.5063775472480985
309 3.7768884094982154
310 3.3930638713468837
311 3.2887462991639818
312 3.7484886323839453
313 3.4967295181902514
314 3.2716603442255683
315 4.088963489661763
316 2.8241979269545356
317 3.110609904003876
318 2.918169157762193
319 3.4252412893599575
320 3.1838223383385738
321 2.7565526485615504
322 2.7661744662812646
323 3.4953314358974312
324 3.681057174079122
325 3.862279310765611
326 3.231985265526178
327 2.7538564402583807
328 2.952248707145261
329 3.354375695205125
330 2.7445376778952597
331 3.2820580985576315
332 6.35933962251695
333 4.082864156452882
334 3.349080681379557
335 6.464826432131164
336 5.909876993008421
337 7.4929933057784925
338 7.415269769974075
339 6.436993738561175
340 7.6870548434994355
341 5.143768834861008
342 6.8890822825511115
343 7.162038526434096
344 8.810618143729547
345 8.207581634458625
346 7.114794832532674
347 6.975783709987831
348 6.579518671514763
349 3.8491781306824437
350 4.525332095253149
351 9.216211281858142
352 2.751456828884339
353 8.529102506454983
354 7.013376975225921
355 9.017547454469879
356 7.597950982135357
357 5.303914022871513
358 5.231758009038986
359 6.901009247829616
360 7.804356552172568
361 5.887571035196928
362 3.994854463423631
363 2.7690489899588697
364 5.3877284574004785
365 4.942063496560799
366 2.89359850427413
367 5.935324952693845
368 4.251861662724042
369 8.878129494512239
370 7.579806129830005
371 7.305946300168445
372 7.646388764783211
373 6.34537159624596
374 3.548022831206446
375 3.2645612889983493
376 3.5336733256954242
377 3.2392414635376543
378 3.3527771928247323
379 3.2797262421759554
380 3.3606305862960055
381 3.2921672740856596
382 3.163791090008885
383 3.9250798415412396
384 4.004200092633178
385 8.81178535686505
386 8.430645637710846
387 6.008921356227968
388 3.9191344802728274
389 4.3584647291069185
390 2.7022282726824556
391 7.319184253025775
392 3.793889752079138
393 3.3154070797608175
394 6.6309377296388545
395 3.6956072424621618
396 2.871628070226635
397 6.741257374302728
398 2.9585628575209064
399 2.9053020652327057
400 7.271059019061057
401 7.408536918760529
402 7.420944853247599
403 8.199348013443426
404 8.736155109779581
405 5.965578413224873
406 6.360331232142705
407 5.116744118098339
408 2.8695739262359377
409 6.27084116393097
410 5.436855272919144
411 6.463240208003956
412 4.9772862742654365
413 3.115744964356216
414 3.8461210645802977
415 3.6284399109633525
416 5.716951001988995
417 3.851853045426643
418 5.537287630478078
419 7.25015084955546
420 4.1947191020752586
421 3.54371743385179
422 3.4848080993683026
423 3.816568875629702
424 3.8869682974473507
425 3.412376606287432
426 3.971773910847942
427 4.002925692149153
428 3.3900550705573207
429 3.120924361561879
430 5.963667343656875
431 3.843667240685759
432 4.9030533410677855
433 3.4965429940340735
434 4.117019612112137
435 3.5962396036170725
436 3.3019662135993126
437 3.678378095431028
438 6.138992075575577
439 4.17637286906411
440 6.3318083262950475
441 4.3208992208035335
442 3.6268114595298573
443 3.0609890496385073
444 3.1568265837061524
445 3.1429906735413176
446 3.5252651029377775
447 3.804220971854676
448 2.987134817054307
449 2.981922078947566
450 3.205009337544353
451 2.8217405101372175
452 3.1850797057379565
453 3.66578577838314
454 3.921563135992286
455 3.488812223364626
456 2.6932768840535393
457 4.286414530294427
458 3.8285875995723395
459 4.838196709982276
460 4.946316087114746
461 3.2838141449172618
462 2.768491212611384
463 3.092926905508959
464 3.213972624044495
465 2.9235270175337544
466 4.219170543883822
467 3.2940485785464495
468 3.184054290215377
469 3.350680034827598
470 3.931955652629498
471 5.191114548941262
472 6.467975770829588
473 2.728865027168603
474 7.051241493532417
475 3.3917751183282463
476 3.8436030715020335
477 6.446726819530749
478 3.1279772776343013
479 2.966180840590089
480 6.609894449369697
481 5.4469601576590385
482 6.467562844145802
483 7.32223919687073
484 3.3964767183747995
485 7.701552537817463
486 7.708110016246825
487 6.797197460604557
488 11.250780494762237
489 9.504131296995375
490 5.661880457165174
491 7.660102526384118
492 9.08274827600848
493 7.622053347246826
494 7.2012850474743955
495 8.860087792977481
496 5.528151247898296
497 6.717247526030584
498 4.885635226027276
499 4.7193933819924005
