0 5.799521170884242
1 4.781976606428466
2 5.455616183920107
3 5.861112043545059
4 4.285688173432652
5 4.057660480703905
6 4.103741137415963
7 7.482890453379776
8 4.246824869545436
9 3.9928588170416583
10 4.431224838213505
11 6.949105087065938
12 4.444192044879214
13 4.355941913902302
14 4.49314307342145
15 4.206899673708777
16 4.354804600500899
17 4.719814211118026
18 4.161262126513026
19 4.695813623400856
20 4.1955897923868495
21 4.0851536067678635
22 4.34130334239896
23 6.595319755745114
24 6.794982326851033
25 4.324523101994998
26 4.45261006299461
27 4.820633488900646
28 4.088473149300158
29 4.107922491311492
30 4.724605686062182
31 4.1129814377630325
32 4.041895096137869
33 5.094930006124813
34 4.435422870949119
35 4.580109914153235
36 3.845278494485955
37 4.4170255324814685
38 4.254380251085655
39 4.625700234553309
40 6.3553544422140416
41 7.528288357981768
42 7.151848495007231
43 6.964537900233661
44 6.563162267027435
45 8.86027500779695
46 8.533190381804097
47 4.424446638159307
48 4.22467944315615
49 4.162228556102445
50 4.25327153841671
51 4.36598259022455
52 4.684705026495748
53 4.041048328777524
54 5.048288685407689
55 4.2359828140660065
56 4.473721778253802
57 4.448729214493113
58 4.843349960092985
59 4.123100681388452
60 4.236169412579234
61 4.411616989310342
62 4.357995706591789
63 4.5854928642037835
64 4.600059146917184
65 4.6948632259497245
66 4.240845511790806
67 4.12586379031655
68 4.114209948124955
69 7.041146785052937
70 5.804879372757269
71 4.1763999686244
72 4.1928432805554605
73 4.334680358386998
74 4.356903669615717
75 4.260032322691853
76 4.468234444909182
77 4.254093878124837
78 7.822565993681798
79 3.6244756402013474
80 6.762252730614567
81 8.786472987374788
82 8.840136229142042
83 3.7250057359183497
84 4.732444011177536
85 4.149785402998421
86 4.052064753158425
87 4.331742895263359
88 4.405234851170905
89 4.522102671490638
90 4.2049169455237685
91 8.703196157505724
92 8.372413312464193
93 8.776224581194965
94 8.4768031075783
95 3.8901384167143394
96 4.549574249599165
97 4.368607117250153
98 4.698753362579376
99 4.215878596039
100 4.5537397077910375
101 4.214671243899267
102 4.251869164072933
103 5.533206926090037
104 5.632007678913993
105 8.899641270894042
106 8.179571942231826
107 7.503292829582215
108 5.779915597235982
109 8.88719346411205
110 9.278701040675713
111 8.736316080133387
112 8.987031602196332
113 9.49816642468736
114 8.877751413742388
115 9.544424533268902
116 10.422255456164203
117 7.010372751563306
118 8.623731663647831
119 5.903649720692345
120 7.307084610047975
121 6.665815194525014
122 4.162894007218986
123 4.35408912190375
124 4.415578861146994
125 4.053449510451965
126 4.317008818952241
127 4.53675921391315
128 4.213517678750001
129 4.213662608033727
130 6.237627098957603
131 7.4457868447378415
132 8.165647174299636
133 4.4083586205985466
134 4.091616588264846
135 5.57285866632997
136 9.346211015140847
137 8.263789755743554
138 4.222825179488217
139 3.995471045047561
140 4.4546953940255785
141 4.288994114422214
142 4.571029488083755
143 4.494699088034866
144 4.545389534090324
145 3.512978489746442
146 4.259752158158903
147 4.71085492964025
148 5.44220793572817
149 4.91835088343655
150 6.243017813105718
151 4.200187132147876
152 6.219363076479523
153 6.082642719938744
154 4.972725844125452
155 4.434061985098432
156 4.365072429509841
157 4.045095113147338
158 4.171484943691746
159 4.270061429027135
160 6.030229625225419
161 6.937814519878116
162 5.7732219270279765
163 5.0833325173762995
164 4.647356118877686
165 4.509970164811848
166 4.1694479764275405
167 4.310859895298633
168 4.501122375027579
169 6.576410466245978
170 4.670123931876865
171 6.518859622974437
172 4.167152837335317
173 4.737315010817344
174 6.406840451758064
175 4.981349010121913
176 5.307805843142995
177 4.765039367915603
178 4.715436459765902
179 6.714583459893939
180 4.893026779676728
181 5.269365957752048
182 4.728119168250343
183 4.366054352964193
184 4.705353724853202
185 4.950330462358631
186 4.908490273874442
187 4.1924877254229
188 4.896461947219635
189 4.455443027378645
190 4.69694761152495
191 4.6848149153432495
192 4.854836625371403
193 4.516411889567182
194 4.455816672150226
195 4.488722015598302
196 4.4135486917143805
197 5.310213219387836
198 6.0167471250275675
199 7.586060573196669
200 8.575180667559751
201 7.661179259405908
202 8.84663523817242
203 7.44550414555537
204 9.092176557315065
205 8.105219831692095
206 6.240674336517217
207 9.64539815849744
208 7.813279312305162
209 9.1305038396393
210 8.253307135600286
211 8.45631636478576
212 4.0827053551107
213 7.520490721990562
214 7.843838868758748
215 4.6395223050006615
216 4.327036914939441
217 4.579335366242977
218 3.9669642622999355
219 4.433973929134283
220 3.6044299328605702
221 4.224757097798678
222 8.503432279035383
223 6.568323010233002
224 7.588343243344205
225 8.549354209489186
226 6.9032820329562865
227 4.301821903554227
228 4.286408337519
229 4.566615625083917
230 4.765080931587782
231 4.795709531806172
232 4.746328413746821
233 3.381423864735718
234 4.2001938845732925
235 4.0730907898425075
236 6.522549099427207
237 3.9064415460502544
238 4.327140267575138
239 4.532258085777613
240 4.682656510630789
241 3.937942409244629
242 5.104447752475188
243 4.982980514386117
244 4.501826984387761
245 4.390431857606635
246 4.3773955188951135
247 4.650432514075233
248 4.243945894986143
249 4.527545009053867
250 4.398299388731714
251 4.452735633833945
252 4.60810861412129
253 4.72107616391789
254 4.075057382790588
255 4.869657682836929
256 4.188648022585002
257 4.348478412531754
258 4.642863164699775
259 4.932853311213468
260 4.3766526737856575
261 4.951288660058729
262 4.343441115071729
263 4.116123483288436
264 4.348925356135444
265 4.409927659985906
266 4.431030857081635
267 4.202195365483546
268 4.38251750512154
269 4.364794441127488
270 4.190059985741441
271 4.144899190771822
272 4.342508586399877
273 4.400566343698767
274 4.488507896859878
275 6.17215868464714
276 5.050486725126139
277 7.249280815867314
278 8.793289318522437
279 9.225284808377625
280 6.81897315778261
281 8.956016500427243
282 10.196372057394388
283 4.10249833247259
284 4.507842386460494
285 4.361266537073301
286 6.66269845502443
287 3.9691999077497617
288 3.9072231247249958
289 5.428326313910053
290 4.367599184477223
291 7.282927890311414
292 4.396080039645668
293 4.370477103915778
294 4.469528020457288
295 4.355782648231063
296 4.185596009328041
297 4.290179350272071
298 4.199540677484144
299 4.44913024685367
300 4.202577984378721
301 4.028611102983274
302 5.370352960226767
303 6.709258472671871
304 8.432816270239638
305 8.594661064810213
306 8.526334209331164
307 9.440346265397457
308 4.3458342715194815
309 4.165585641047161
310 3.818313866687803
311 4.316898718412008
312 3.9179858584856677
313 6.874561291423098
314 3.8314385568839517
315 4.959095830087396
316 4.868099263986021
317 8.351685674987351
318 8.040548245289953
319 6.017749246973969
320 4.471789113158902
321 5.076755935960359
322 4.589476922659341
323 4.559850283727568
324 4.06610613665948
325 4.079946963337396
326 4.475865166662087
327 4.243354314163809
328 7.10098556037186
329 9.390868838901419
330 8.922379922527437
331 8.178317759200675
332 8.024771042771388
333 8.687297376927344
334 7.66898448466401
335 5.603973439455888
336 6.8200624873753375
337 7.945404807435757
338 9.833075556113906
339 7.520673159541567
340 5.822535071223173
341 8.423588606799402
342 10.115212153754596
343 7.774143032987063
344 7.699730243932126
345 5.1380703020199014
346 6.492944402327795
347 4.420488599616966
348 8.69138205342148
349 7.674526509631116
350 8.842708234199202
351 7.523283217599639
352 4.475537253841039
353 4.272785151612446
354 4.790541029834257
355 5.38094995864262
356 5.45284112343818
357 4.675856286784828
358 5.04076279779245
359 3.963929909089676
360 4.449416371577973
361 4.573231808857393
362 6.213520215049895
363 6.307760059713362
364 5.2006622632362225
365 5.471436596534825
366 6.193097983858812
367 4.387642995870347
368 4.973476718091823
369 4.188994872072056
370 4.083970271568624
371 7.7921004849395334
372 4.1677691383933855
373 4.744398620709508
374 8.384368961989898
375 4.2373085041986736
376 4.210230986726761
377 5.048891015194118
378 7.310180128432111
379 4.865008094945005
380 5.413878676947836
381 7.649938755228586
382 5.2894765493086
383 5.581975989150218
384 4.860280274164953
385 5.88036897677878
386 5.249405068935031
387 5.090481944707598
388 5.918865366973377
389 4.660729673771626
390 4.4708518365255
391 5.807469771113953
392 5.921374529004243
393 5.319190721433528
394 6.485649276214749
395 6.090704601271743
396 4.121113101498614
397 3.877831161619731
398 6.647397229611487
399 5.3353051054510585
400 4.841882224539448
401 4.310497096234539
402 4.6338155875084945
403 5.17983249566543
404 4.0447663997223735
405 4.821466807479255
406 4.683510792726953
407 4.505729763119982
408 4.413213590420527
409 4.35958716145264
410 4.548152832156044
411 4.30827789395629
412 4.2448094864392285
413 4.390357345083386
414 3.8829556306364035
415 4.888497162475505
416 4.494757892795919
417 3.8657366164813887
418 4.551077912861501
419 4.464546871938448
420 5.409515721041864
421 4.183842957564977
422 5.031606110151893
423 6.393377334021771
424 5.919847976004575
425 6.341888879366799
426 4.247716021186532
427 4.194916372158455
428 3.9248993971405772
429 4.170840133414421
430 6.104705322759181
431 4.303764720376202
432 4.370224005449198
433 4.730342645155721
434 4.417791339428541
435 4.32677507755677
436 4.0379980236438335
437 4.313722903536129
438 4.256719114128897
439 4.518518137649163
440 4.49443561766741
441 4.710376819253431
442 4.588709200064307
443 4.121464621182443
444 4.00018560924695
445 4.364975885572596
446 4.5118519075345525
447 4.27072414778458
448 4.462360797916289
449 4.2075702510221324
450 4.602616519437727
451 4.87312380051328
452 4.528520198547097
453 4.394262531725669
454 6.350186262097333
455 4.175397615061113
456 4.497121299444646
457 4.263825638853348
458 3.9818948293644705
459 3.9996766083516717
460 4.363187382309123
461 4.694178982081734
462 4.857097044459922
463 4.187231595521879
464 4.124106787536527
465 4.3988188056183475
466 4.141306471971302
467 4.179575557623563
468 4.558267839720367
469 6.337487893536974
470 6.5780821352704875
471 6.85992656598822
472 6.434590377456689
473 6.114973036588237
474 9.10736789275939
475 5.827615566990939
476 4.5671113630764815
477 4.307485248877023
478 4.455645768826018
479 4.076170037061594
480 6.646610133816509
481 4.262047984662388
482 4.559276048189745
483 4.276316527958999
484 4.256795611480892
485 4.220960864958478
486 4.363311322174008
487 4.546535584213991
488 4.472325557146684
489 4.744450474401838
490 4.822473732502477
491 4.372638432945346
492 4.515292025051945
493 4.518174796898183
494 4.545732238498022
495 3.9374910924221447
496 4.471895951786602
497 4.599755566613576
498 3.9236758692354297
499 4.375177886522421
