0 5.139089474136048
1 6.130683119807743
2 6.210276957594953
3 5.933095786081665
4 3.4377494570374116
5 4.455472622660884
6 4.442552581389605
7 4.3947501209862985
8 4.498325502105
9 4.26521291824991
10 4.717247641865321
11 4.316130843254498
12 4.347413146377537
13 4.297207439524707
14 4.533716922979983
15 4.288584189800456
16 4.600090080997419
17 4.214490146659539
18 7.402066707296643
19 5.807800390196888
20 5.6025217867759665
21 4.795975572372339
22 4.513625888648266
23 4.4467536021317535
24 4.61675012178674
25 4.368136740584582
26 4.681325075699555
27 4.895019074168936
28 4.1244969706001156
29 5.284188812276423
30 7.213607672871883
31 4.374513081307044
32 5.759488456756296
33 4.5886641421535055
34 4.6840890641473845
35 4.223213113380557
36 4.618281304411524
37 4.401191332168736
38 4.558430504388909
39 4.489779893651212
40 7.127604447973412
41 7.151811949362262
42 4.641820829184035
43 4.439671593982687
44 6.395899725649619
45 6.312970010198013
46 4.2870073250401
47 7.270626900413063
48 7.85821685620477
49 6.555979118264877
50 4.272020564257807
51 4.775153345773504
52 4.151888333205421
53 4.513756939474763
54 4.692912275077163
55 4.2723025397898295
56 4.57889477348666
57 4.2263497936208925
58 4.688915860375502
59 4.455037130681509
60 4.503213722975793
61 8.012381849002693
62 8.323171352754711
63 8.456855168654887
64 7.3487336265403504
65 4.870313020681613
66 9.07462932968524
67 7.582966357887095
68 6.8366986093119175
69 9.756234275918585
70 7.889414235786244
71 8.191249733715303
72 6.39193848945978
73 7.322799325196477
74 8.505220022837753
75 7.290050713310897
76 7.04551369236968
77 8.127336316136605
78 7.898751451955983
79 6.995238703295557
80 6.704197136653548
81 8.042189109551755
82 6.840652076672407
83 6.541128769125986
84 6.159177555468209
85 7.193837673341021
86 7.792480449605103
87 6.870525756668935
88 7.453283956332202
89 4.494988592874259
90 6.508756548855277
91 4.422496784475884
92 6.363316783618031
93 4.99697244925215
94 7.668982930073475
95 7.25889813809321
96 6.610186683326743
97 4.174420028916861
98 4.2795391389972215
99 4.385650752146654
100 4.149593381264749
101 4.496672904530127
102 6.652720442735334
103 4.461826968351859
104 5.313536818854895
105 4.246297970078297
106 4.700372408979893
107 4.396277308953187
108 4.482300070992536
109 4.2827458707586565
110 4.187277900106188
111 4.633736660633436
112 4.415803763967687
113 4.491568178117413
114 4.379660121033936
115 4.464250485996737
116 6.899023951673519
117 5.944838534325825
118 5.654388744349641
119 6.774701603820834
120 6.539722075256707
121 8.565947911998178
122 6.547126347737163
123 8.516833376623094
124 4.465787048938081
125 4.258237609436669
126 4.357915670379471
127 4.428867056286231
128 7.727724808391132
129 3.999979243411677
130 5.489593723187045
131 6.459988114799528
132 6.863916489208157
133 6.938764326491956
134 5.813432521336125
135 6.1106125797086195
136 4.411711241473584
137 4.8161399436782695
138 4.41266431750872
139 4.677712655633366
140 4.6612854351514486
141 4.293839856558654
142 4.551184898481207
143 3.87411267697088
144 4.68135800266396
145 7.73167932050802
146 4.028823983819491
147 5.6288921483787
148 4.190001457874362
149 4.130874690674387
150 4.664293088013634
151 6.0685388030510286
152 4.294149510980704
153 4.575178865477572
154 4.273360629785538
155 4.408691462716472
156 9.776297798535014
157 6.792710039089395
158 8.007800772113587
159 8.856161163224796
160 6.687767472623184
161 10.055383557948643
162 9.03876942891901
163 8.786724396613872
164 10.168321537238937
165 8.358540021155564
166 9.134702340984118
167 9.303056671933156
168 7.373227102209168
169 9.728437215272852
170 10.329809422744828
171 8.239270128021026
172 8.254842190806029
173 8.350311387949448
174 8.90377021281156
175 8.930461368776959
176 9.082958891222022
177 6.975168284273859
178 8.20893138965731
179 5.759468217011047
180 4.908614593477755
181 6.238032833796507
182 9.286619622011655
183 6.922329049344838
184 6.574852922366624
185 6.491364519701071
186 8.717942281643731
187 7.9977932562458385
188 7.878646007654012
189 7.707104128026181
190 9.59680803975349
191 9.357221586019575
192 10.200839768357397
193 9.844208562295922
194 9.115736533078296
195 9.735430750871165
196 9.851692050781944
197 9.514859573645154
198 6.571928437613135
199 7.3517902201045064
200 7.3022518127678415
201 7.937710908612989
202 9.152933047194011
203 8.389253500488199
204 9.606014772960952
205 7.591413681678012
206 6.619588015358989
207 7.10691649375729
208 7.974778024891396
209 7.228007202539426
210 7.405828874937522
211 6.339391536790421
212 7.572654981783691
213 7.985802302056405
214 7.259324972737463
215 8.763534794698298
216 6.364610582656791
217 8.105101398389213
218 8.539217009744792
219 6.751921976239094
220 8.660814667643502
221 9.245674543496357
222 6.833029199010469
223 6.606044950928461
224 7.055117791067732
225 6.566456221576647
226 7.505226584388714
227 5.741202344215262
228 7.645301922020373
229 4.575657609502488
230 5.545129770479841
231 7.4819729482030155
232 7.075540401249965
233 9.36180261175338
234 10.18797269801953
235 7.953040346200247
236 7.577042029453408
237 7.402024440273182
238 8.419622235624564
239 8.682656718112703
240 8.519163194205067
241 8.331866332234604
242 5.768781108177217
243 6.043948981155624
244 5.181558105882039
245 6.586578932392951
246 7.384058885389868
247 6.8565540964336895
248 6.968153853494311
249 8.160664838118727
250 7.9839457208669655
251 8.571917865642892
252 7.93828198583202
253 8.637836011850728
254 7.030383116305582
255 7.6954680588971796
256 7.151517760013647
257 6.763926250450644
258 8.47999912005958
259 8.334377589286785
260 8.845423153155544
261 8.1465700294583
262 7.118885484470506
263 7.540925597708416
264 7.3491182867930975
265 7.92762160145584
266 7.404417308051379
267 7.578434865448192
268 6.36771104419536
269 9.169122627104711
270 7.37297730675662
271 8.363200002497699
272 7.151941086317649
273 7.310905295716697
274 7.648932236701706
275 6.961412055305725
276 7.699801988020296
277 7.393703949067549
278 8.548593045227609
279 8.707707054526148
280 8.791147847914512
281 8.497530686794262
282 8.744683573062224
283 8.880128779236502
284 7.622091612168333
285 8.176070779866281
286 8.463838723162084
287 8.815553966784483
288 7.428196935797261
289 7.854278043031678
290 8.314046714937867
291 8.996006561351699
292 8.74187909729022
293 8.353713990085085
294 7.688581781183807
295 7.974374098972976
296 8.177669212884298
297 8.658073442094633
298 7.485803133250062
299 8.568757781482343
300 8.362882578984198
301 6.828518509293993
302 7.54497587894941
303 9.672655094844052
304 7.630465373077844
305 9.09505287394321
306 8.014636686420825
307 7.654198642861363
308 8.384270662994695
309 8.345528032715027
310 8.127723982318114
311 8.118218290115673
312 8.001889833197978
313 7.709351398325796
314 9.523467228216552
315 4.717858614449277
316 4.157264607263948
317 4.418887610942949
318 4.49023374673396
319 4.314292426622676
320 4.397761137890466
321 4.636336766513766
322 4.646934262159036
323 4.531504026576903
324 5.657872027952994
325 4.42895520570156
326 4.413669169758472
327 4.2643902179395745
328 4.439280779239561
329 4.455425218223124
330 4.388045447049019
331 4.20015610483709
332 5.04599349254451
333 4.434497346405297
334 6.786950809851013
335 4.275822894506959
336 4.6235962696347395
337 6.108005567640511
338 4.395470638554442
339 6.148989010991845
340 4.589565293940924
341 6.4632640648363795
342 4.540197204468164
343 4.87473367634042
344 6.0719148479458305
345 5.505235460509364
346 7.491404395595753
347 7.450381272877949
348 4.261782297360468
349 5.755137417796809
350 4.378255628340083
351 4.452700354149846
352 4.591550005402847
353 5.052954314268748
354 6.610819389337712
355 4.220593998147259
356 5.253725260247467
357 4.33666381610627
358 5.698524258823502
359 4.375794000618792
360 4.822788995477659
361 4.885984589864738
362 4.4166356232155435
363 4.470300614050869
364 4.11948521230665
365 6.887299290443701
366 4.603257299342311
367 4.314101166752347
368 4.163865863469445
369 4.745457525877324
370 4.188277050771349
371 4.481778653244649
372 7.142444111293357
373 7.01150705299311
374 6.671906187296561
375 5.992148457786539
376 9.044863874061232
377 7.113008653179943
378 9.557225665771119
379 8.81632426561071
380 8.891152479300487
381 6.7718642257392005
382 4.326166143352847
383 5.820949518112317
384 5.9553801082507825
385 5.615059944180864
386 4.313889205818568
387 4.570508399613354
388 5.293156925696257
389 4.420138323786547
390 4.514930358405507
391 4.468408520369674
392 4.312796872010976
393 4.465056820618913
394 4.185732027426589
395 4.436527334959647
396 4.333001679978101
397 4.821867602951031
398 4.522145146813806
399 4.256090457506201
400 6.178832235022812
401 4.359422919464693
402 4.500393514386885
403 5.763441086716255
404 3.6735107875936404
405 5.605546899895716
406 5.348411807651337
407 7.17620748061861
408 5.846078445933943
409 7.665263637134108
410 8.139514549918953
411 5.055136005379538
412 8.256195135624095
413 8.676931580210175
414 7.079997651270979
415 7.650522997920813
416 8.113275849281012
417 7.157417241475758
418 7.862311387642975
419 6.269448148692967
420 6.774217708857242
421 5.9592146955697896
422 4.734372482285933
423 7.01934268256197
424 3.4760791003944
425 6.613051894362524
426 4.6059259785791005
427 4.678041747758014
428 4.282392390825527
429 4.81669726114412
430 5.254666770371829
431 6.80107738265288
432 4.925326442015997
433 6.406111925604304
434 4.7629339504470005
435 4.068941984108472
436 5.759845490002944
437 8.806875351778235
438 7.554907461883726
439 6.971136198079014
440 5.245496296796168
441 7.900597668091453
442 7.760836688323792
443 6.498347039930732
444 7.939449432196765
445 6.39480175938769
446 6.429914989415804
447 4.626461874138702
448 7.979573883445965
449 9.111983692063571
450 4.602872848768404
451 4.9308466875359
452 7.713816812901796
453 6.816119746443771
454 6.45303560273314
455 7.515881956267122
456 6.196984887837289
457 7.386953252899337
458 8.590193473735358
459 6.2665758783872505
460 4.6299717467563895
461 4.432604666501754
462 3.987395915197701
463 4.6635638623600935
464 4.509258497558566
465 6.509896543862116
466 6.501294141512968
467 5.69980348025471
468 7.753855292546742
469 4.4855687596521685
470 5.829822532324648
471 6.181010906596542
472 5.242217366151577
473 7.995605266185432
474 9.237856016926465
475 7.280300318059625
476 8.590953115822531
477 10.123888574407795
478 12.594572658489344
479 7.575608462599105
480 7.822955990007199
481 7.694006950094241
482 7.860283092484289
483 7.557248039747384
484 7.560013872870243
485 7.351758422625607
486 7.916037193786996
487 8.430512059069995
488 6.672348987398863
489 7.668817318157813
490 6.813290317322865
491 7.924746423071873
492 8.165183821896427
493 7.003961894313669
494 6.836900898813022
495 7.245897684266184
496 7.88731631408559
497 8.30804429109285
498 7.015549365821426
499 7.512627523790451
