0 5.804079745786458
1 4.526805436981487
2 5.657545587529515
3 4.900051062869451
4 5.860683247318623
5 5.210525081038882
6 4.726823588191153
7 4.998875689075046
8 5.410096090017712
9 4.493526808941487
10 5.248166909812723
11 4.375931873410158
12 4.612955539801157
13 4.533168948358676
14 4.433719641009959
15 4.641071027907876
16 4.81404279162176
17 4.553959266494537
18 3.982845470465833
19 4.260965457913754
20 4.876355816649623
21 5.391145306179941
22 5.208913259434512
23 5.458485248148523
24 5.391873529048865
25 3.964971039451669
26 5.067300685924961
27 4.176256410174295
28 5.693005204761539
29 5.875244799996547
30 5.003407370400576
31 5.894137676694683
32 5.985464817608718
33 5.140429853967455
34 5.768744155450955
35 5.974512310235089
36 4.777630959150697
37 6.2246019479029595
38 4.892499450757998
39 5.13768755870645
40 5.8740485644798515
41 5.521117146611242
42 4.41065765150795
43 3.9674476201478015
44 4.388645682975655
45 4.6862747920904315
46 4.507246818294698
47 4.762394273504803
48 4.289371973033793
49 4.389859006668811
50 4.67501409666845
51 4.580055638359414
52 4.179763442551519
53 4.750827604712244
54 4.279195143060117
55 5.169414310633944
56 4.547206390569065
57 4.569335708894239
58 4.194863138451709
59 3.864302335581013
60 4.440280828161638
61 4.585764828572637
62 5.124627177801577
63 4.061021568713532
64 4.0340965718172885
65 4.460588372222912
66 4.076109553434421
67 4.748992669763148
68 3.999230766812879
69 4.704620801643736
70 5.675280462357526
71 4.715216262464503
72 5.940251931234443
73 7.602328974790884
74 5.163620706625161
75 5.496253419826389
76 5.92107212102881
77 4.771665688120934
78 5.85149756840407
79 4.778639395052474
80 4.539789480782748
81 3.816598448078278
82 5.353326865725739
83 5.1731483503590905
84 8.18328482782985
85 4.512007391093529
86 5.7196365920472045
87 4.878132872899159
88 6.364004603468408
89 4.2885788866095815
90 4.2760443923889975
91 4.350913377305086
92 4.492262695165171
93 4.883080593405443
94 4.915731972963615
95 5.297326914052538
96 5.568548738736036
97 6.181782055829711
98 4.695443891876297
99 5.3903776826161005
100 4.387963059037526
101 3.9254605352827037
102 5.004576381620472
103 5.727249956759523
104 5.481215113778943
105 5.702206716128573
106 5.303075419715404
107 5.890035820578107
108 6.324655632256714
109 5.282505013637016
110 5.235011646850279
111 4.020118510402985
112 4.223318482850243
113 3.9300813343695875
114 3.8860941120561123
115 5.4396834559999725
116 6.9719126702367875
117 5.091032407549012
118 4.679848267461521
119 5.325445364821578
120 5.175732665017107
121 5.632362445473444
122 4.387757206255648
123 4.0274803240718
124 3.79417069256222
125 4.43483511420502
126 4.135081279270508
127 5.079755055264146
128 5.711173912406075
129 7.312680596165558
130 5.2719843031090035
131 7.234621228101735
132 6.364130588627103
133 5.639145565697338
134 4.577174716642866
135 5.6160690195924445
136 4.3912532139370155
137 5.924665934065255
138 4.32748021963407
139 5.655761089774113
140 4.185430204893168
141 4.848243589057622
142 4.629317692779829
143 5.749196749834141
144 5.157200129911824
145 4.474912330485122
146 5.672865114174469
147 5.35143058012484
148 4.0457164668592185
149 5.582553511716592
150 4.792102740903853
151 4.64148709521249
152 5.490021752117761
153 6.6192583828287574
154 5.6717271788693004
155 5.797200713016564
156 4.862747945550476
157 6.093267757407132
158 4.680698464084868
159 4.465226087787237
160 4.219565752134107
161 5.610500889722359
162 7.301289515754406
163 6.206691254235957
164 5.026575493482416
165 4.486737012249203
166 4.221428394843291
167 4.500434392232302
168 4.0556418043883395
169 4.709607124480691
170 5.662973477354838
171 4.5012413777209765
172 4.62701461639301
173 4.327478180122803
174 5.192950698761041
175 5.642001827013634
176 4.805546175618835
177 4.526977059963221
178 4.755301544037739
179 5.0857031797694825
180 5.060729790080825
181 5.075364215542566
182 4.772648398214489
183 4.682216379180012
184 4.584069684032576
185 5.487603480002203
186 4.612607455167556
187 4.030959545064988
188 5.537136261431988
189 4.188122479275663
190 6.47192121524782
191 5.227317184875424
192 5.19394561305211
193 4.399977778614711
194 5.834364486509223
195 6.093522577599985
196 4.756454422256391
197 5.198528581854493
198 5.305864577411235
199 3.9942320168493524
200 6.229767071745174
201 4.503094067628139
202 5.060609495524316
203 4.757806113819807
204 4.996749153013969
205 5.908076411314405
206 3.9379370556014694
207 3.923328305928628
208 4.523867448160657
209 5.346224769695763
210 5.070990828041319
211 5.029940287447366
212 5.423931313911407
213 4.749210925051784
214 5.300375971199284
215 5.488687569262635
216 4.383194531097923
217 4.354697331351735
218 4.445196532804565
219 4.232688600966918
220 4.926334387419053
221 4.252805969267341
222 5.260216678144
223 5.017959765073497
224 4.845724213278563
225 5.052507838827817
226 5.790444301043045
227 5.122821423652747
228 5.665813677904999
229 5.64925265221092
230 4.164125604914249
231 4.824873371875462
232 5.350832857822544
233 3.849986604940412
234 4.976826658927128
235 4.6702242330676444
236 4.92676224444643
237 4.315892978897183
238 4.654882304429808
239 4.943409378025104
240 4.901233191857675
241 4.56690691047216
242 4.612767611720469
243 5.756245738266197
244 4.697199151612557
245 5.087998215451731
246 4.382769604728263
247 4.552606472973391
248 5.0907520546570755
249 4.207836418352518
250 6.579296071414571
251 4.636426164628878
252 4.923830704439701
253 4.531875694871165
254 6.104829187064904
255 5.261671552686472
256 4.948766951736887
257 6.1570411879334195
258 4.949877590249242
259 5.918249177213503
260 4.825733117813535
261 4.9804895632780415
262 4.876598496397312
263 5.459916527413886
264 4.372625537118241
265 4.408079652884606
266 4.174895899218853
267 4.118097538262677
268 5.159684459484667
269 5.261556073667171
270 5.128573624628155
271 4.947575905486545
272 5.19932417874799
273 4.95414680092567
274 4.883187327665022
275 5.386114151066578
276 4.902027630629742
277 4.698334930037477
278 4.964543909734391
279 5.059167012253061
280 4.914869588110979
281 4.248934634443649
282 6.611398022516505
283 6.37482240770427
284 4.991082913478878
285 4.711289265044767
286 4.702496378554591
287 4.652101641815524
288 5.398461103754749
289 4.706009669089435
290 4.257853593669087
291 5.9209426478121
292 4.41660622602153
293 7.082714574938672
294 4.081521473991209
295 5.486762440402378
296 5.515791223701049
297 6.271376481837818
298 6.821344723374172
299 6.546387738092378
300 5.406564379832818
301 6.470318464851033
302 6.274120082496288
303 5.890830477580558
304 6.062511209176018
305 5.763228183924446
306 4.056920418936524
307 5.161761369557032
308 4.101706160028427
309 5.294582917270709
310 4.318756735825096
311 5.043730051648239
312 4.721110077588858
313 6.557118856987794
314 5.707703197732503
315 7.285786350923353
316 4.760114983853359
317 4.848022798972009
318 4.7778143470964265
319 4.34553069891499
320 4.951925617826429
321 4.605075743656545
322 5.140954961872499
323 4.865352323368215
324 6.874411571621243
325 4.74969173980625
326 6.204341753632698
327 5.858919220465698
328 4.920255982667228
329 5.367266207178059
330 5.640711114407318
331 5.798388196739894
332 5.126226995824398
333 5.191554640775155
334 5.989991300802455
335 4.041506370625773
336 5.221156742352688
337 5.726961715086856
338 5.640071600967026
339 4.612263587659258
340 6.149224043388559
341 6.642824649861569
342 6.180330148189663
343 5.428650186855517
344 6.360065539601218
345 5.195689442244312
346 4.919234868919451
347 4.986541410839
348 5.606628186776643
349 5.732298745422338
350 6.681687253145222
351 5.093818438771034
352 4.847427758720339
353 4.551952788179338
354 5.5106362261237125
355 4.697235560976957
356 6.106515716788903
357 5.907065203533484
358 4.104675004818469
359 3.8530471773281465
360 4.119594367994955
361 4.460429953706362
362 6.047427936709813
363 7.514590337790539
364 5.259328450947782
365 5.556481910286126
366 5.61687360275463
367 5.579578473619809
368 5.363170027341337
369 6.101851981968934
370 4.609256181644772
371 6.699555058318365
372 4.48679744356092
373 4.571859989374854
374 5.102421788981294
375 5.908116005537795
376 5.804185522593979
377 5.283979381817664
378 5.918470499764427
379 6.312882120954611
380 4.483643019808297
381 4.739631935839742
382 4.980773129893925
383 6.277255312993751
384 4.5272479440344355
385 6.02538202800137
386 5.040342396492266
387 5.123875238888528
388 5.572693817808246
389 4.679210257268263
390 5.649687387035639
391 4.515190823965622
392 4.486292916887496
393 4.94410987701551
394 6.99271190592232
395 6.6123879447431415
396 6.314100308969864
397 6.332662678703619
398 6.523290025154722
399 6.766969280975996
400 4.928402184281322
401 4.5305689865074115
402 4.279843937793998
403 3.7821218166693304
404 6.372293533054461
405 5.341344973345431
406 5.26269694942265
407 6.557809057823119
408 5.929511102422009
409 3.8878259723008477
410 4.225375747139024
411 3.7423128722473806
412 4.00029085056711
413 4.169234023612401
414 5.819551563595789
415 5.40578325475097
416 4.504089743592845
417 4.317927919352068
418 4.526347152370334
419 5.0187122682253795
420 5.053885616783823
421 5.2498618687997345
422 5.9211424023804
423 4.902296503908082
424 5.029862105209066
425 5.163499460546195
426 4.475711359200156
427 4.880562959390424
428 5.438869112080054
429 5.547305437068121
430 4.029842938512142
431 4.620839412246205
432 4.418036962584302
433 5.2238694375852
434 4.669421290591532
435 5.238216275389731
436 4.49356037797843
437 5.457360362702663
438 4.942592457584244
439 4.7451525232105976
440 5.048499693128372
441 4.516066902270983
442 4.119701896933359
443 4.100806881845726
444 5.58764194272106
445 5.024647507765982
446 5.654679792665437
447 4.898834952558376
448 4.323425844096897
449 5.519173367243871
450 5.44556942458416
451 5.889566757199187
452 4.408476253411343
453 6.249015997190013
454 5.272925254081831
455 5.514452922209797
456 5.001166699895226
457 5.812208163083894
458 5.242856396342577
459 5.312198823092075
460 4.611969930087469
461 4.312712750709113
462 5.623611665028142
463 4.397787612502383
464 4.8747188590622335
465 5.100614240216446
466 4.077551254845492
467 4.893135442728293
468 4.408770091380777
469 4.973948557337283
470 5.397153061944961
471 5.08418087209162
472 6.250260996234598
473 5.969639867771566
474 4.967007123744112
475 4.189125183211774
476 3.9921710624890503
477 4.269146296811795
478 5.336064768794451
479 6.050153283923378
480 6.616961964155978
481 5.122266998837063
482 5.242830035201153
483 4.277607182249794
484 5.873189240694597
485 5.0445569792999345
486 5.115702027237284
487 5.476697431546337
488 5.309047136926637
489 5.217923769164378
490 5.743733363491573
491 5.999862843419583
492 5.653576321685379
493 5.506785171086252
494 6.412637924478427
495 5.79097442509844
496 5.667482546823232
497 5.188395624662192
498 6.234930173412756
499 4.406024351266045
