0 7.125416992631601
1 5.8248925866867935
2 6.423096042632053
3 6.4591269076136095
4 6.637101124700215
5 6.609267422899651
6 6.502083905195824
7 5.908999619554597
8 6.895228763650455
9 5.9271743916212625
10 5.815696627851867
11 7.141113203691111
12 5.463383328197427
13 5.5857654206785305
14 6.24659520744229
15 6.783545806367078
16 6.71883008130994
17 6.9983927464727005
18 6.6766194991487415
19 6.140409094333481
20 5.403462562622796
21 6.431417768599163
22 4.93962450445857
23 4.96309068360496
24 5.192684771564833
25 5.949128094080013
26 6.027032377352789
27 5.51164135304778
28 4.342722781998837
29 4.074461473086727
30 4.392816562418623
31 4.360992911465893
32 4.718633997439521
33 5.232981220804654
34 3.991763976633857
35 5.041779165870517
36 4.336623082403093
37 4.234310038558755
38 5.590920906157502
39 4.814694886812439
40 5.499815981195118
41 5.010996066215316
42 4.696101166844564
43 4.696542064399238
44 4.646481594589841
45 5.071997712718117
46 4.412962096355341
47 4.546626515119932
48 4.208486075483312
49 4.124139170082889
50 4.3345992333307315
51 4.710806146757286
52 4.933277610151289
53 5.22951065576796
54 5.23598201559726
55 4.5332104885419
56 5.217771093498081
57 5.088247567789666
58 4.282934396096076
59 3.908073919620551
60 4.366578058964131
61 5.39552806778435
62 5.55243927186583
63 4.6236996683674745
64 4.999363820052189
65 4.631031125023713
66 5.354508940116155
67 4.288695199130619
68 4.345491858314014
69 5.061293305104742
70 4.348143214869424
71 4.8236624818115565
72 4.149694112887594
73 4.056146645445629
74 5.202292002172659
75 4.481189869732244
76 4.84657469406229
77 5.13848852239771
78 4.602794729742846
79 3.9620064121699783
80 4.788546150827525
81 6.050404334298137
82 4.729015820688441
83 4.986400534754445
84 5.973152332036594
85 4.498664078387606
86 5.00159000793182
87 4.90477386023114
88 5.564348090305507
89 3.9944308158376094
90 5.559558821108109
91 4.947805090297876
92 4.48784655944904
93 3.9610333919225846
94 5.048667230692417
95 4.683897155010888
96 4.3707719865357495
97 4.663972402806853
98 4.069379138283542
99 4.299884138896974
100 4.043377805329674
101 5.067402763879302
102 4.250949922141166
103 5.374118605687991
104 4.600222557127451
105 4.148727745429681
106 5.374439021233275
107 5.0037678157905
108 5.174678743279596
109 4.258634682151802
110 5.497241795288643
111 5.565040058250134
112 7.185928264051831
113 4.921282407292975
114 4.941030660572276
115 4.796880903983108
116 4.828243425565759
117 5.704908168434076
118 3.716124244121088
119 4.87950456004353
120 4.081702903387668
121 4.454782549331984
122 5.267891001221425
123 5.27011658335535
124 4.96588644550899
125 3.707035402624698
126 4.249928703668475
127 4.474203106881128
128 5.735071411687867
129 4.1130555517119785
130 4.871091578514507
131 4.478026091218755
132 4.636920715810365
133 5.5208858474937745
134 4.302942820711242
135 4.715779679524858
136 5.117787879554255
137 4.578975783273431
138 4.294455048879632
139 4.766947095670457
140 5.38789405939659
141 5.170134875389659
142 5.098407225040644
143 4.546804872070287
144 5.061045580871676
145 4.436184162410726
146 5.061466951418407
147 4.072137187168742
148 4.603058564403095
149 4.075279738292836
150 5.121701827134513
151 5.37248877390792
152 4.942969101286987
153 4.510742835034688
154 4.5151783612222625
155 4.699737808960063
156 5.059874231869523
157 4.8311782739912
158 4.9750050096040415
159 5.745270581765006
160 3.768610242936969
161 5.253779384257315
162 6.0426923165106485
163 4.475239993735077
164 5.296098153253398
165 5.274846427280401
166 4.0245402098651315
167 4.48799120658983
168 4.5172292747791
169 4.498050101506254
170 4.861656133130042
171 5.269194272242379
172 5.437840269098991
173 5.041511315493373
174 4.185615016754031
175 4.676594851845529
176 5.136287876314993
177 4.372887696405389
178 4.791919729140314
179 4.0423986611308855
180 4.543574022935583
181 3.8836782030251666
182 4.330518432251515
183 4.737534115863958
184 4.3894876239033485
185 4.530670943175236
186 5.470115301380342
187 4.663310501237743
188 4.14528247064025
189 5.217462711313119
190 5.620045329863622
191 5.187487228455554
192 5.544678620076435
193 5.888203089453769
194 4.317100953828323
195 4.896845547074283
196 4.7492359642859485
197 5.13494403584648
198 4.902513448353113
199 5.648722362592367
200 4.19018717838557
201 4.262664285392789
202 4.823795598046677
203 4.426391128136545
204 5.700443745541386
205 4.324746897687081
206 5.009719128724362
207 4.291456028145529
208 4.671197494560576
209 4.282432246972358
210 5.147313354028707
211 4.104740598652619
212 5.886285058029143
213 4.949003679065679
214 5.435614763157094
215 5.277271001153107
216 5.948946056179553
217 5.653603572224958
218 6.415968969827949
219 4.235613553635783
220 5.5220839861688065
221 4.9519161491862445
222 4.284654224944624
223 4.944637382980247
224 5.179884200194625
225 5.620964619100163
226 5.231516112664414
227 4.195208758871364
228 4.4219932515255875
229 4.998097496948506
230 4.212667360010704
231 5.287571934912146
232 4.242375564349424
233 4.076678059358852
234 4.901647891006522
235 5.0166834365021
236 5.525171247415651
237 4.400251138075625
238 4.232060128721227
239 4.699540488995862
240 4.051060861577545
241 4.660534051649585
242 4.245829227892921
243 4.738705929376052
244 4.241188989578901
245 5.198176140491913
246 4.523888139554782
247 4.19035915794685
248 4.282781146885772
249 4.326395304551464
250 4.958485796174474
251 4.19944110435916
252 4.228527987359075
253 6.00746216750457
254 4.250876197665077
255 4.522924211146925
256 5.0734407572556455
257 4.452419605237548
258 4.481548626515284
259 4.322628562254117
260 5.378814772659398
261 5.791119223601534
262 4.315671437714486
263 5.247455449703856
264 5.768028733118274
265 6.86961471111449
266 6.209133259364947
267 4.587775869196343
268 4.2906327513159015
269 4.47816945308624
270 3.8450493395686363
271 5.382919367658501
272 4.570058987811856
273 6.091391194390374
274 5.555026892948406
275 4.594852934384717
276 6.096905115755019
277 5.343593847885297
278 5.414582412335159
279 5.271755759622684
280 5.384451238154164
281 5.3772718404834885
282 4.852786875579145
283 5.667184390418297
284 5.075990629567437
285 5.24522845505668
286 5.791121968045394
287 4.9233318660537595
288 4.997782578292606
289 5.472137802938359
290 5.465771320208314
291 5.45189349290152
292 5.441651722920953
293 5.526557158400623
294 5.997550946192722
295 4.3435381946094305
296 5.71947165573138
297 5.557815491597928
298 5.1984338340891245
299 5.798761996219743
300 5.668462866942327
301 4.815648115493449
302 5.962669871040556
303 5.603500405318152
304 5.361574525392981
305 5.5326217339057475
306 4.990511773712617
307 5.61465386929841
308 4.9002705210260435
309 4.9875305497654665
310 5.873860530810144
311 5.405169259620762
312 5.417344110862363
313 5.40624765926488
314 5.233874849882064
315 4.827161164140921
316 5.483052817272626
317 5.736847699371744
318 5.749489778536103
319 5.766048490613777
320 5.598651727055769
321 5.273878357144521
322 5.379147419795708
323 5.708058784048957
324 5.637084638288742
325 6.136942245518424
326 5.500058911430897
327 4.719811943226199
328 4.736738806703057
329 5.172955486853565
330 5.4176226996537835
331 5.531660610032971
332 5.631483180790432
333 5.036502844421137
334 5.514831531242754
335 5.68415124417792
336 5.952149663247512
337 5.711929746959807
338 5.332310762811937
339 5.871289883559897
340 4.814190515356077
341 5.354841195151237
342 5.291348236635019
343 5.2368259698537605
344 5.57528568513889
345 5.329657516121736
346 5.546181807014313
347 5.609017433268125
348 5.070535490579114
349 6.108223748894617
350 4.592206363127032
351 6.013172951468593
352 6.157292378807346
353 5.515512035140016
354 5.773107914157309
355 6.007253059587055
356 5.60668035255152
357 5.704137710078494
358 5.3905012508815675
359 5.41505108961862
360 5.540340398599369
361 6.42947420634813
362 5.2761675215343935
363 5.752613221066324
364 4.635878297836626
365 5.025848788995151
366 5.454044929932645
367 5.2884244937320375
368 5.277478066038301
369 6.118063691567571
370 4.887141373485649
371 5.11263023046943
372 5.510070015294551
373 5.5474024122065915
374 4.71952663698523
375 4.741824040329322
376 6.018100968335949
377 5.1958140534306265
378 6.3146514958339015
379 5.397727534896548
380 5.728949315633818
381 5.7761224559443205
382 5.047177285846773
383 5.375521564499174
384 4.908545040872748
385 5.287403025733222
386 5.143422158653212
387 5.309878475323228
388 5.250626562737408
389 5.548161334938327
390 5.3303274354364625
391 5.915169305360812
392 5.481533375383121
393 6.229971348362884
394 5.255348458170426
395 4.197171709143813
396 5.534697370156674
397 5.159549859198964
398 5.645685123364453
399 5.3441623402599525
400 7.019699508673106
401 5.4637486982757055
402 5.450146897946668
403 5.823593381477543
404 5.859172786451303
405 6.113017005825271
406 7.3397277045414455
407 7.079901990955608
408 7.156940405900028
409 6.763004726502132
410 5.9820685469300185
411 5.0153709781197024
412 5.58631711113261
413 5.677419431108069
414 7.798248921523311
415 6.44519132983622
416 7.791352111820618
417 7.378587721935459
418 6.364456073407807
419 6.136365824583317
420 6.407178867560814
421 7.289285067769474
422 6.145860793271007
423 8.30623676791305
424 6.051451716837582
425 8.667199300018403
426 5.683374173710112
427 5.5894722006562265
428 5.834471218515668
429 6.528758722229593
430 6.277504224690461
431 5.672720874788548
432 6.3286882339818025
433 7.050175160510688
434 6.26459015507088
435 5.546872033204576
436 6.791456464351915
437 8.484539134166514
438 6.681529049541904
439 7.936863300886088
440 7.2638478561360875
441 6.471879574787766
442 7.20759535390551
443 6.789066344552353
444 5.656273635968871
445 6.310687365454735
446 6.518064812352439
447 6.349262193117929
448 9.915707181235312
449 8.554714104659592
450 6.159518223100897
451 7.878159090228771
452 8.946364060073142
453 8.300641152605172
454 7.523314179821644
455 6.21571623706112
456 8.446381085230266
457 6.594544560382394
458 9.002432110038354
459 8.06220118243549
460 6.168297780234862
461 5.9128425260828035
462 5.882143240224369
463 5.463187625882135
464 5.565537178165298
465 6.032701362194283
466 6.631835698842791
467 3.946081087692257
468 4.7609879050425485
469 4.878787763168074
470 5.722136015791791
471 5.331742377159988
472 5.594784444831702
473 5.914486699088676
474 4.879062446532847
475 5.051820853631668
476 6.046425709829005
477 6.874144009502206
478 9.120324876516683
479 5.4911139314303385
480 4.9592846359990554
481 4.337799346356574
482 5.520858227263155
483 5.216139698991284
484 4.384019918227996
485 4.45203663767159
486 4.303216529973829
487 4.09273678659351
488 5.46030501389246
489 5.532329445453762
490 4.610844673174679
491 4.8658557741899715
492 4.472427149610507
493 4.690188370831906
494 5.143264458954265
495 4.312134382230758
496 5.2049521874480424
497 4.628477474434919
498 4.931415492820692
499 4.042435298598171
