#Frame    total[bond] total[angle]   total[dih] total[vdw14] total[elec14]   total[vdw]  total[elec] total[total]
       1     680.1572    1708.5027    2641.4698     727.9806     8943.6443   -1627.8539  -13653.1019    -579.2013
       2     651.3963    1734.9933    2636.6473     729.0268     8911.2208   -1628.7767  -13641.3348    -606.8270
       3     637.9474    1770.5934    2652.1595     736.9056     8915.7227   -1599.3148  -13643.3929    -529.3791
       4     661.1223    1682.3654    2627.6464     717.7876     8917.7260   -1622.1456  -13664.4483    -679.9463
       5     685.8763    1780.5401    2656.3689     738.7584     8955.7060   -1614.2598  -13572.3175    -369.3276
       6     669.6082    1750.5519    2658.6968     753.0565     8933.1396   -1601.7506  -13750.0568    -586.7545
       7     649.9069    1737.1464    2642.4511     753.5203     8970.5120   -1640.4446  -13776.7183    -663.6262
       8     675.8270    1768.3016    2663.2732     727.9721     8956.0553   -1650.0678  -13635.4628    -494.1014
       9     658.8228    1734.2748    2640.1991     738.7609     8956.9785   -1625.5766  -13547.7250    -444.2654
      10     651.3344    1777.0907    2589.1610     732.0450     8976.3248   -1623.9449  -13737.0224    -635.0114
      11     638.6171    1763.4188    2639.4535     741.3742     8930.4938   -1628.8852  -13662.6737    -578.2014
      12     634.3734    1761.1073    2625.0715     752.0814     8962.4745   -1616.2539  -13743.3214    -624.4671
      13     690.4448    1761.8011    2631.1160     745.2788     8998.4342   -1621.9865  -13701.1140    -496.0256
      14     651.7574    1749.9930    2616.3050     725.4895     9012.6795   -1630.9703  -13779.8072    -654.5530
      15     669.7162    1713.2825    2627.9837     722.9068     8945.7362   -1623.3338  -13785.1983    -728.9067
      16     638.0074    1740.2729    2618.8929     738.9219     8985.4167   -1607.6714  -13792.4531    -678.6127
      17     615.4398    1729.3214    2644.1622     755.1690     9011.3439   -1650.2937  -13841.6487    -736.5061
      18     703.6027    1698.9725    2613.9847     747.1623     8987.2124   -1622.8669  -13801.2707    -673.2029
      19     674.9643    1750.1543    2625.1413     736.7810     8972.8308   -1620.5326  -13826.9815    -687.6425
      20     674.7901    1763.8793    2606.9818     743.0534     8959.2467   -1642.4363  -13860.4655    -754.9505
      21     690.1250    1737.3565    2631.4358     725.8317     8944.6681   -1600.5206  -13690.1079    -561.2113
      22     666.7203    1751.5729    2641.2435     735.7219     9009.0476   -1622.3475  -13859.1547    -677.1959
      23     699.8793    1759.9896    2625.1299     735.9229     8923.9844   -1623.7893  -13849.0594    -727.9426
      24     681.8838    1744.5376    2661.2585     748.3265     8934.4063   -1622.6872  -13758.8560    -611.1305
      25     657.5887    1710.6481    2620.7815     756.4278     8951.0224   -1613.2138  -13888.2770    -805.0224
      26     668.0195    1727.4561    2644.7041     741.2204     8958.4555   -1643.5633  -13676.5868    -580.2945
      27     641.8789    1723.2511    2610.3549     743.1184     9025.3064   -1621.2034  -13825.0541    -702.3476
      28     624.4195    1753.5728    2626.3443     741.0075     8997.1682   -1613.6005  -13801.6229    -672.7109
      29     630.2888    1775.3432    2635.0894     736.4722     8988.1358   -1627.1814  -13774.6506    -636.5026
      30     658.5076    1683.7719    2646.7203     749.1343     8921.4995   -1646.1094  -13650.4548    -636.9307
      31     653.6923    1745.7106    2653.2765     752.3250     9005.1973   -1644.1030  -13659.6932    -493.5944
      32     696.0661    1753.5361    2627.5372     734.4260     8906.2679   -1631.9259  -13592.5606    -506.6533
      33     670.2372    1722.4436    2614.6633     725.5426     8947.3277   -1653.2602  -13678.5984    -651.6442
      34     624.8476    1693.2624    2625.7769     757.2281     8973.2323   -1647.4003  -13659.9245    -632.9774
      35     656.1304    1735.4444    2631.4111     709.9438     8936.8794   -1640.4067  -13574.9309    -545.5285
      36     633.4873    1691.5364    2608.2762     741.9744     8929.8012   -1630.1677  -13551.0711    -576.1633
      37     698.4441    1721.1613    2639.2212     739.4187     8929.0283   -1633.4927  -13646.0065    -552.2256
      38     654.0221    1707.7831    2625.8787     739.5443     8956.4637   -1645.0639  -13642.0895    -603.4615
      39     684.2219    1733.5682    2615.7844     750.0300     8978.6585   -1633.5256  -13525.9399    -397.2025
      40     657.5145    1811.4925    2629.4472     757.4398     8974.1445   -1619.3473  -13847.8166    -637.1253
      41     689.6618    1722.6031    2664.4010     720.4629     8975.7323   -1620.7464  -13739.8353    -587.7207
      42     669.4953    1724.9060    2634.2468     733.0440     8894.3007   -1643.7011  -13681.0247    -668.7331
      43     658.1120    1726.3081    2623.3576     752.4605     9005.1104   -1606.7690  -13902.8125    -744.2329
      44     693.8438    1733.1559    2660.2859     732.1915     8923.9778   -1607.2340  -13729.0863    -592.8653
      45     686.3848    1715.5748    2675.7663     746.3983     8964.2068   -1626.7454  -13775.8652    -614.2797
      46     715.3339    1767.6764    2640.0003     740.4837     8987.2854   -1613.5059  -13767.3363    -530.0624
      47     672.0578    1752.2876    2633.3505     742.1783     8934.4399   -1613.0400  -13600.9886    -479.7145
      48     674.8366    1728.0909    2603.0558     738.9267     8975.6033   -1647.1775  -13690.2487    -616.9129
      49     663.5286    1751.0106    2647.5289     746.4141     8969.0999   -1652.5327  -13803.5885    -678.5390
      50     631.7620    1745.9170    2640.1428     756.1028     8995.6693   -1641.5847  -13738.8602    -610.8509
      51     671.1907    1739.3122    2617.5976     726.1588     8945.4769   -1633.0169  -13567.2750    -500.5556
      52     682.2772    1682.9567    2630.3669     737.9117     8962.5077   -1650.2064  -13774.5187    -728.7049
      53     654.1772    1696.1337    2668.3150     735.6154     8996.7316   -1625.3809  -13717.7392    -592.1473
      54     623.1503    1717.6541    2606.3127     761.7624     8898.1849   -1625.0653  -13544.8222    -562.8232
      55     682.7662    1753.7555    2622.7650     741.2644     8923.8191   -1646.9191  -13733.9420    -656.4909
      56     656.3625    1748.8417    2619.4815     734.6582     8918.2797   -1620.9558  -13636.2814    -579.6137
      57     694.4195    1745.7599    2638.6861     731.7090     8895.8007   -1632.4943  -13668.4976    -594.6168
      58     661.9692    1747.6959    2647.5252     732.8557     8952.1531   -1626.9218  -13701.0256    -585.7482
      59     651.3461    1809.0289    2655.9558     759.7041     9041.6496   -1633.1638  -13827.7349    -543.2142
      60     673.1914    1766.5763    2633.6952     730.7213     9001.1976   -1653.9492  -13687.9586    -536.5259
      61     649.0285    1741.6574    2642.7596     727.6962     8957.9390   -1618.1574  -13706.9300    -606.0068
      62     680.3707    1749.5843    2614.8569     733.6979     8932.8273   -1616.5356  -13821.0368    -726.2353
      63     618.6170    1721.8561    2660.1043     754.1067     8973.1837   -1638.3772  -13685.1976    -595.7070
      64     660.7238    1735.5549    2644.3298     728.3253     8936.2020   -1609.3053  -13753.9450    -658.1146
      65     677.5404    1837.6462    2630.2071     752.7554     8970.8410   -1592.8613  -13952.9794    -676.8505
      66     671.9086    1761.8284    2596.9022     752.3339     9027.3561   -1639.0820  -13765.4433    -594.1962
      67     638.3696    1737.7181    2628.6334     745.4446     8982.6335   -1623.4006  -13812.9951    -703.5965
      68     685.3318    1716.7587    2642.2919     728.1522     8869.1492   -1627.3183  -13639.2317    -624.8662
      69     689.5217    1781.5336    2651.2222     737.0919     8973.0827   -1636.5484  -13811.8350    -615.9312
      70     626.0714    1748.0744    2650.1296     754.7195     9007.8953   -1617.1689  -13791.1301    -621.4089
      71     680.5862    1747.1570    2636.6335     754.1161     9001.2729   -1635.4739  -13912.6318    -728.3400
      72     672.0729    1735.7570    2628.0738     745.2112     8958.5459   -1632.9368  -13861.9550    -755.2310
      73     684.2794    1721.7742    2609.4301     743.9854     8980.3270   -1638.8001  -13835.1153    -734.1194
      74     657.3805    1786.0281    2615.6419     749.9981     8938.6047   -1609.2753  -13772.8415    -634.4635
      75     654.0691    1755.9717    2593.1294     755.0988     8937.6339   -1633.4773  -13725.5232    -663.0976
      76     691.7988    1767.5381    2626.5971     724.0349     9023.3134   -1611.0382  -13856.1681    -633.9239
      77     663.4468    1774.2372    2614.7996     726.2768     8978.8415   -1615.3935  -13767.9133    -625.7050
      78     650.7743    1748.5571    2627.5503     732.4179     8948.1139   -1634.3666  -13895.7105    -822.6636
      79     663.4071    1785.4959    2667.1086     721.5022     8989.9051   -1653.3160  -13870.4499    -696.3471
      80     618.4465    1781.9403    2619.6474     736.7743     8972.6460   -1596.3360  -13856.3175    -723.1991
      81     675.6078    1732.1229    2628.8373     752.6243     8992.1865   -1619.8841  -13862.3551    -700.8605
      82     642.8446    1748.3261    2644.2804     746.9784     8978.3961   -1598.1842  -13864.2112    -701.5699
      83     649.2273    1734.4757    2623.4668     725.2429     8920.0005   -1621.9347  -13730.4672    -699.9888
      84     636.4746    1814.8362    2628.8595     729.7162     8942.8659   -1626.4733  -13810.8520    -684.5730
      85     679.3523    1751.3760    2633.2362     724.8393     8989.3336   -1631.8248  -13747.1315    -600.8189
      86     649.7166    1767.1955    2631.5735     758.7046     8914.1272   -1615.9132  -13728.9404    -623.5363
      87     646.4007    1717.5041    2636.4102     749.5894     8961.6461   -1606.8772  -13837.7256    -733.0523
      88     632.6036    1748.2130    2608.6939     751.7278     8984.6761   -1623.0886  -13700.2856    -597.4599
      89     675.7226    1732.6687    2623.5732     741.2344     8908.5266   -1630.0539  -13804.0771    -752.4055
      90     646.3474    1682.8163    2629.0042     724.6829     8966.5609   -1640.6122  -13783.2419    -774.4424
      91     627.9810    1770.3292    2624.7411     740.6620     8993.9253   -1620.9651  -13801.2425    -664.5689
      92     647.9475    1690.0770    2614.7529     755.0177     8952.7384   -1632.2211  -13672.2303    -643.9179
      93     665.2663    1706.1869    2634.1473     775.2329     8971.9749   -1602.2739  -13709.4232    -558.8889
      94     659.5910    1691.8875    2634.3930     749.9805     8951.8850   -1597.2126  -13666.7169    -576.1923
      95     663.4844    1744.0931    2640.7467     749.8239     8971.1014   -1606.4058  -13689.4125    -526.5687
      96     692.3380    1708.5473    2639.5112     729.0171     8916.5528   -1596.0767  -13701.2669    -611.3772
      97     674.7585    1773.4493    2616.0001     716.9849     8927.9668   -1646.6893  -13684.3499    -621.8797
      98     643.1217    1749.9786    2623.0916     725.3093     8980.4064   -1640.1280  -13837.9897    -756.2102
      99     684.1329    1742.0663    2609.8983     737.2402     8904.7454   -1647.4862  -13841.7448    -811.1478
     100     646.8040    1739.9483    2645.4199     756.6957     9012.7265   -1625.4873  -13949.1764    -773.0693
     101     732.2977    1733.4076    2628.5690     730.2310     8902.0674   -1651.0057  -13707.3097    -631.7427
     102     638.5774    1775.9747    2676.3836     736.6074     8985.5894   -1660.2307  -13883.1524    -730.2504
     103     655.3312    1761.3708    2607.2529     751.7170     8999.2120   -1596.1388  -13930.9843    -752.2393
     104     653.9014    1748.0525    2622.3967     751.3921     8930.3423   -1610.9753  -13866.2538    -771.1442
     105     625.7252    1769.6823    2634.1078     742.0980     8984.5088   -1618.3584  -13867.5837    -729.8200
     106     694.0389    1772.8084    2652.9803     735.0680     8933.4574   -1617.5814  -13951.1622    -780.3905
     107     658.1296    1731.3523    2630.1635     733.5563     8915.7888   -1622.3196  -13905.0513    -858.3805
     108     654.9800    1748.7355    2664.5803     739.1847     8953.0609   -1616.2450  -13845.9656    -701.6692
     109     658.7918    1777.9514    2650.4758     729.3513     8999.5449   -1615.8966  -13984.9236    -784.7052
     110     665.1981    1733.9386    2670.7667     748.0038     8933.5136   -1641.4446  -13898.8640    -788.8877
     111     658.2545    1766.9333    2641.4620     751.7901     8941.2219   -1598.0493  -13876.7967    -715.1841
     112     697.4300    1713.9086    2627.9136     739.5288     8951.1612   -1619.9357  -13807.1525    -697.1460
     113     657.4650    1721.4255    2621.2632     752.4947     8961.2059   -1641.7590  -13721.3677    -649.2724
     114     637.2672    1745.7960    2596.1548     754.4683     8926.0639   -1662.6800  -13706.3635    -709.2933
     115     684.4608    1712.6744    2578.4975     741.3218     8960.0490   -1613.4191  -13796.6850    -733.1006
     116     658.2058    1661.4415    2618.3433     740.5443     8904.1070   -1620.6202  -13713.1612    -751.1395
     117     674.0964    1736.3588    2591.3579     723.9992     8952.6046   -1613.1005  -13753.0106    -687.6942
     118     683.5180    1707.6931    2588.1108     730.3406     8937.3860   -1603.9320  -13638.6576    -595.5411
     119     628.0517    1766.2459    2643.7202     758.4222     8943.0696   -1621.9863  -13796.3512    -678.8280
     120     654.8795    1757.8918    2622.5676     719.1616     8925.3837   -1622.8933  -13870.3051    -813.3140
     121     642.0151    1760.4534    2625.9865     736.8271     8966.4921   -1645.4668  -13717.9406    -631.6333
     122     645.3990    1762.1275    2634.2779     728.5434     8972.1951   -1607.5012  -13784.0883    -649.0467
     123     660.4541    1712.9775    2626.7449     734.1032     8934.1492   -1625.6281  -13587.7102    -544.9094
     124     637.3962    1755.2991    2643.8757     729.1238     8920.2304   -1598.4536  -13757.5457    -670.0742
     125     677.8319    1697.4412    2653.4026     753.5336     8954.9295   -1642.4125  -13724.3719    -629.6456
     126     633.7367    1777.3436    2608.7162     735.7014     8867.1051   -1643.8400  -13731.0121    -752.2490
     127     670.7157    1719.0277    2622.5460     739.9652     8904.5652   -1604.9221  -13799.9735    -748.0758
     128     661.9353    1782.2465    2588.9129     729.9356     8959.1077   -1632.4635  -13864.7372    -775.0626
     129     672.6652    1694.7583    2596.8140     732.8622     8939.7864   -1616.3958  -13810.8315    -790.3411
     130     694.0817    1783.4712    2626.4981     715.0366     8902.6729   -1643.0334  -13718.7970    -640.0697
     131     657.8310    1732.1383    2632.2928     742.2597     8987.2116   -1600.9542  -13913.6863    -762.9071
     132     620.0568    1735.2420    2631.6681     731.8714     8944.8069   -1643.0721  -13768.7953    -748.2221
     133     649.4406    1746.9365    2594.9917     749.1100     8928.5610   -1610.4861  -13916.5315    -857.9777
     134     633.6276    1769.8340    2596.4640     744.0549     8960.2238   -1628.3657  -13849.0353    -773.1968
     135     652.0232    1734.0272    2636.3876     736.4360     8937.1731   -1640.7150  -13771.4845    -716.1525
     136     638.7295    1794.9180    2612.1425     737.4553     8925.2823   -1598.8894  -13743.9132    -634.2749
     137     643.6672    1725.6913    2644.5260     745.8369     8956.3820   -1644.7706  -13772.8094    -701.4765
     138     662.6322    1729.1421    2610.6036     736.1652     8965.9873   -1638.6291  -13853.8338    -787.9324
     139     640.2367    1776.0999    2636.5979     739.2770     8958.3622   -1662.0831  -13800.1384    -711.6479
     140     673.4247    1689.9528    2630.0130     745.0027     8989.2636   -1621.3595  -13832.2407    -725.9433
     141     690.5084    1748.8596    2652.0627     743.6168     8967.5509   -1645.1667  -13698.5895    -541.1579
     142     650.0525    1708.2108    2589.7440     738.9708     8960.4907   -1649.1260  -13728.9443    -730.6016
     143     654.4393    1772.7819    2603.8365     735.9087     8910.9336   -1597.9499  -13752.8000    -672.8499
     144     664.9128    1760.2956    2625.0661     740.4040     8941.2840   -1614.9092  -13750.2097    -633.1565
     145     661.6666    1832.5351    2591.1198     748.2650     8941.4536   -1605.0199  -13696.6709    -526.6508
     146     662.5567    1784.5985    2641.9592     737.9890     8904.1498   -1642.8890  -13610.7390    -522.3748
     147     592.8867    1725.4653    2660.3375     743.1956     8984.2385   -1634.5671  -13684.4507    -612.8942
     148     642.5413    1759.2949    2614.1506     728.8844     8989.4257   -1646.9514  -13560.4878    -473.1423
     149     624.6473    1717.8726    2647.2699     748.6240     9007.8759   -1645.5679  -13794.9371    -694.2153
     150     658.3496    1777.2165    2648.2987     728.4128     8963.3512   -1657.4436  -13718.0622    -599.8770
     151     656.9740    1807.4831    2625.0380     727.4233     8948.7990   -1619.2265  -13585.9127    -439.4218
     152     716.1543    1758.4145    2590.9364     737.5334     8989.8053   -1610.2263  -13665.1264    -482.5088
     153     613.5464    1703.4729    2644.5487     736.6116     9012.0321   -1641.2456  -13556.3050    -487.3389
     154     707.2622    1698.1382    2611.4434     732.7990     8971.4004   -1617.9293  -13520.2291    -417.1153
     155     652.8750    1753.3642    2609.4807     723.5630     8947.7645   -1624.8823  -13498.4788    -436.3138
     156     674.8535    1788.2766    2615.0622     732.9612     8946.4344   -1592.3123  -13679.6297    -514.3541
     157     656.7470    1695.5558    2602.2062     733.6104     8950.6824   -1624.1338  -13586.2143    -571.5463
     158     643.2112    1766.2435    2624.0058     722.8496     8942.1048   -1633.6084  -13633.9917    -569.1853
     159     648.8879    1749.4785    2614.7080     751.3988     8992.9277   -1609.6823  -13578.9855    -431.2669
     160     662.8056    1762.8168    2589.1268     760.0870     8933.0276   -1642.9969  -13603.2527    -538.3857
     161     683.1341    1734.8993    2604.6288     735.2989     8932.4883   -1628.2619  -13476.6963    -414.5089
     162     684.7128    1746.4898    2612.0487     731.9445     8900.3193   -1629.7438  -13491.0439    -445.2725
     163     678.8146    1773.2312    2642.3205     726.5741     8895.5241   -1626.4653  -13597.9257    -507.9265
     164     655.1311    1738.3905    2615.7789     751.7660     8940.5871   -1645.8951  -13553.7452    -497.9867
     165     670.0872    1781.1770    2592.1977     724.5068     8921.1084   -1660.9341  -13564.6678    -536.5249
     166     707.4176    1781.0032    2675.7087     751.5218     8903.5511   -1605.5747  -13565.9965    -352.3687
     167     659.6674    1686.5873    2632.0827     735.6346     8910.2436   -1614.7432  -13626.6616    -617.1892
     168     655.9023    1702.9165    2624.8245     740.2240     8961.5853   -1637.2948  -13773.3706    -725.2127
     169     702.2540    1694.8698    2640.9652     739.3761     8944.4547   -1612.5744  -13747.0373    -637.6919
     170     660.3130    1704.2329    2640.5881     743.8616     9003.7685   -1626.1780  -13722.5494    -595.9633
     171     705.8061    1735.1918    2626.2006     715.4019     8887.5525   -1593.4895  -13724.8592    -648.1956
     172     659.8591    1726.6746    2624.2043     758.6218     8930.3092   -1612.1949  -13528.3381    -440.8640
     173     690.2845    1711.4249    2606.1158     726.3004     8913.7015   -1634.9714  -13546.5029    -533.6473
     174     621.0421    1737.2244    2611.4233     736.4807     8882.0307   -1612.4163  -13590.1923    -614.4073
     175     659.3468    1767.9829    2630.3795     724.0678     8871.7805   -1616.0159  -13575.3591    -537.8175
     176     656.6094    1732.9919    2632.0479     753.1526     8925.5250   -1614.0640  -13524.3737    -438.1108
     177     636.0018    1735.8218    2637.4701     743.5094     8939.8199   -1616.8124  -13608.9397    -533.1291
     178     669.7089    1790.6416    2628.5933     712.3335     8873.0703   -1608.1755  -13674.9121    -608.7400
     179     629.0240    1726.8047    2623.8075     750.1971     8987.2340   -1616.8162  -13709.6088    -609.3577
     180     717.8012    1711.3297    2617.6911     740.0814     9004.3960   -1634.7480  -13713.2235    -556.6721
     181     667.9126    1756.0020    2634.2780     736.8584     8964.0597   -1607.4783  -13751.6108    -599.9784
     182     652.0867    1733.9864    2633.9150     731.2982     8974.0959   -1648.6166  -13564.3759    -487.6104
     183     693.9434    1754.6897    2619.2648     717.3386     8927.6910   -1660.6833  -13676.5105    -624.2662
     184     648.3429    1754.4587    2624.9760     745.0830     8931.5191   -1607.3144  -13605.5196    -508.4543
     185     678.2147    1749.6276    2618.4845     732.6919     8976.5425   -1627.8337  -13578.6662    -450.9387
     186     594.2818    1705.4143    2628.1406     757.6338     8989.8855   -1592.3962  -13621.0273    -538.0675
     187     665.0285    1765.5420    2623.6952     732.6112     8926.7497   -1627.9679  -13654.9926    -569.3338
     188     669.0175    1725.7355    2629.2478     745.0306     8934.2133   -1599.7807  -13515.5728    -412.1089
     189     632.6379    1725.0598    2619.8624     733.4379     8963.4035   -1588.2145  -13770.2296    -684.0427
     190     657.9827    1765.9052    2641.8079     738.3569     8986.2680   -1623.5130  -13650.2104    -483.4026
     191     657.0953    1713.7413    2624.4534     748.1739     8955.1219   -1634.4710  -13705.4163    -641.3015
     192     663.7414    1688.9686    2649.7589     740.3339     8929.9512   -1608.0136  -13644.6947    -579.9543
     193     678.3142    1702.9043    2629.0280     738.3094     8923.8620   -1628.9487  -13601.1705    -557.7014
     194     642.5285    1740.9322    2634.7865     728.6927     8949.4051   -1650.2195  -13575.0557    -528.9302
     195     654.7249    1768.0414    2614.3675     729.6642     8983.1021   -1656.0159  -13694.4820    -600.5978
     196     661.6432    1738.1725    2629.5535     731.3180     8911.4158   -1622.8072  -13676.1783    -626.8825
     197     641.2240    1745.1091    2621.3262     743.8627     8962.9730   -1633.0269  -13728.1006    -646.6326
     198     646.5709    1751.0805    2641.2697     739.7283     8956.5787   -1645.0338  -13726.0627    -635.8683
     199     644.0794    1734.7915    2635.3709     740.5792     8937.9601   -1641.1178  -13860.1430    -808.4796
     200     706.4123    1753.5942    2607.5223     740.5170     8908.2898   -1620.3167  -13784.6794    -688.6605
     201     684.7854    1718.4096    2597.4351     736.4097     8997.5202   -1625.4219  -13695.0049    -585.8667
     202     697.0252    1732.3900    2648.9056     715.1300     8872.3228   -1632.2768  -13699.9283    -666.4315
     203     639.3195    1790.1177    2604.5618     713.2950     8948.5933   -1625.4834  -13627.1270    -556.7230
     204     647.9596    1752.3759    2618.2975     758.4039     8997.6683   -1627.2882  -13643.6159    -496.1989
     205     657.2134    1722.0713    2622.3440     739.3940     8956.3194   -1638.6770  -13717.1351    -658.4699
     206     677.0646    1730.1088    2610.3814     764.7898     8988.5307   -1648.0397  -13832.0799    -709.2443
     207     634.1080    1720.8398    2636.6550     727.8531     8901.8998   -1621.5898  -13576.7546    -576.9887
     208     671.3352    1695.5892    2640.0627     735.3434     8938.1879   -1591.4732  -13703.1565    -614.1114
     209     668.8915    1798.7735    2622.3553     729.4863     8931.4706   -1638.8418  -13553.8126    -441.6772
     210     699.4346    1800.0378    2629.6119     717.8672     8931.4550   -1610.0766  -13571.0903    -402.7604
     211     691.3592    1780.2308    2642.8456     736.6487     8925.6975   -1652.2384  -13727.2881    -602.7448
     212     655.4917    1752.4234    2642.4893     723.7261     8906.2015   -1632.5586  -13685.4243    -637.6509
     213     667.1725    1724.9512    2656.3538     740.7675     9009.2116   -1611.1432  -13769.2191    -581.9058
     214     680.9586    1705.2288    2618.5778     747.0171     8918.9966   -1628.3100  -13781.9784    -739.5095
     215     689.4852    1684.7145    2653.4010     726.5680     8937.9741   -1614.9135  -13668.1907    -590.9613
     216     633.4640    1733.5968    2647.3805     740.5984     8932.4132   -1646.3896  -13695.9257    -654.8625
     217     646.5069    1726.9192    2630.1350     754.5894     8947.2337   -1621.6622  -13851.4284    -767.7063
     218     690.0625    1736.1223    2637.2181     740.8833     8992.9983   -1631.7590  -13906.0534    -740.5278
     219     665.4900    1737.6400    2633.0046     729.2151     8957.3791   -1682.3688  -13695.6015    -655.2416
     220     650.9879    1811.0984    2640.6740     737.3682     8986.5514   -1637.9746  -13707.9801    -519.2747
     221     646.5274    1765.3101    2632.9427     738.9587     8935.1592   -1638.2837  -13860.8628    -780.2485
     222     659.5341    1730.5301    2657.2202     737.4259     8946.5771   -1605.9737  -13681.6816    -556.3679
     223     688.7843    1753.5872    2619.1150     723.8772     8929.9935   -1641.4577  -13765.2132    -691.3137
     224     665.2659    1707.4965    2659.8776     730.5219     8967.2495   -1660.6366  -13822.6203    -752.8455
     225     672.6709    1714.8813    2645.8582     752.4258     8985.4857   -1662.8054  -13843.8532    -735.3366
     226     683.5149    1729.3109    2615.2195     740.6811     8920.5498   -1632.0426  -13903.6802    -846.4465
     227     686.6542    1757.3857    2593.6394     726.8543     8915.2323   -1655.8050  -13748.1610    -724.2001
     228     654.1157    1735.8439    2632.3453     739.6402     8987.3581   -1632.6082  -13700.8095    -584.1145
     229     659.2756    1831.3525    2621.6333     744.3563     8936.9747   -1631.9362  -13712.2316    -550.5754
     230     639.1575    1754.0224    2631.1264     747.5740     8936.7556   -1641.3179  -13772.6869    -705.3689
     231     666.0319    1749.2846    2605.3221     747.6970     8908.0279   -1644.3091  -13817.0224    -784.9681
     232     681.7921    1698.3819    2613.1105     731.8937     8996.7610   -1657.4526  -13842.4413    -777.9548
     233     655.6416    1740.2241    2633.7664     739.8059     8927.0456   -1629.0765  -13717.4741    -650.0670
     234     675.3288    1719.3449    2627.3287     739.2512     8983.6531   -1653.4030  -13709.1763    -617.6726
     235     637.4096    1762.3660    2615.5513     747.7668     8991.8146   -1643.2086  -13746.8527    -635.1530
     236     657.7420    1696.9246    2626.1153     764.3357     8996.3716   -1640.8840  -13705.2803    -604.6750
     237     652.6545    1733.5350    2592.7505     738.3524     8942.2212   -1607.2935  -13729.6251    -677.4050
     238     714.2278    1755.8377    2638.9053     711.8641     8859.7437   -1589.1977  -13613.1381    -521.7573
     239     641.1131    1737.1878    2620.9931     722.0489     8919.9639   -1630.5928  -13504.5184    -493.8044
     240     649.4266    1714.2075    2601.8447     749.5176     8926.1186   -1618.1747  -13694.1331    -671.1928
     241     666.7931    1724.7856    2625.0171     732.4393     8952.7908   -1632.4454  -13709.5953    -640.2148
     242     634.1071    1751.7691    2616.4396     762.3269     8956.3577   -1652.6720  -13863.3980    -795.0696
     243     671.7016    1790.8637    2569.4188     734.2145     8895.9318   -1645.3876  -13737.8714    -721.1287
     244     695.2484    1704.3057    2598.1269     735.1275     8968.2735   -1636.1949  -13844.5465    -779.6592
     245     664.0545    1788.4722    2620.3395     742.7908     8952.1818   -1632.3630  -13786.7509    -651.2752
     246     638.0402    1703.1242    2635.6428     746.8816     8942.7152   -1632.9504  -13720.2611    -686.8074
     247     652.3780    1758.2448    2605.3686     737.0020     8966.2612   -1623.5406  -13809.0311    -713.3170
     248     656.8009    1696.8276    2627.6613     745.2446     8958.7645   -1622.8901  -13710.9818    -648.5732
     249     666.3684    1734.3116    2617.4044     726.4249     8928.5528   -1642.4523  -13774.4230    -743.8131
     250     710.8295    1689.5728    2631.5905     746.5835     8928.6001   -1612.2827  -13768.7176    -673.8241
     251     670.8295    1732.6358    2594.9021     731.1053     8892.0723   -1641.4033  -13697.7370    -717.5953
     252     650.0645    1736.1662    2623.9448     738.6160     8927.0527   -1642.4217  -13595.3483    -561.9258
     253     653.8923    1743.5095    2630.5763     762.3260     8951.9287   -1641.8013  -13729.6247    -629.1931
     254     619.5070    1699.1457    2612.6866     752.2180     8913.5480   -1626.6279  -13704.8042    -734.3267
     255     671.0079    1727.1844    2644.2225     742.1974     8937.1998   -1634.6606  -13713.6238    -626.4725
     256     665.4372    1702.5506    2583.3474     743.5071     8974.5739   -1632.2092  -13729.7965    -692.5894
     257     669.4392    1768.4465    2645.8510     730.1359     8981.9673   -1657.7586  -13700.0708    -561.9895
     258     644.4329    1788.7630    2624.7551     744.5909     8948.8229   -1650.7538  -13744.7966    -644.1856
     259     646.4291    1716.8274    2625.0875     769.0930     9009.1754   -1616.7346  -13808.0189    -658.1410
     260     663.4187    1701.1482    2608.6490     739.8129     8969.9788   -1645.7506  -13663.9075    -626.6506
     261     667.8759    1681.9140    2645.8873     741.0494     8992.0797   -1624.0100  -13641.7367    -536.9404
     262     675.0607    1745.4889    2631.8999     717.6819     8955.4398   -1596.0790  -13602.1680    -472.6758
     263     668.9209    1751.0126    2625.0677     752.2663     8962.6653   -1618.3812  -13724.0639    -582.5121
     264     642.6512    1776.6217    2634.8163     733.2771     8955.1184   -1620.5653  -13675.3221    -553.4027
     265     688.2581    1792.3449    2613.7470     729.4789     8920.4306   -1620.8501  -13706.3498    -582.9404
     266     628.1651    1652.0919    2630.4310     742.0282     8957.6742   -1632.3738  -13641.9491    -663.9325
     267     687.0383    1749.9865    2634.9750     732.6122     8920.0515   -1628.8240  -13723.6754    -627.8358
     268     707.0167    1764.9981    2606.6990     726.5593     8910.3433   -1636.0382  -13646.7593    -567.1811
     269     684.6316    1703.4363    2635.3533     742.5573     8995.1228   -1636.0599  -13837.5737    -712.5324
     270     692.2382    1741.8757    2605.3690     729.2645     8914.3963   -1642.6939  -13678.5977    -638.1479
     271     663.5630    1719.3526    2611.3781     745.5704     8904.4794   -1631.3582  -13680.2898    -667.3044
     272     675.1484    1785.1793    2630.0581     733.5386     8908.6354   -1616.2321  -13629.2912    -512.9634
     273     688.6684    1828.5735    2628.4399     725.9643     8921.1547   -1630.4812  -13703.1244    -540.8048
     274     665.2350    1767.5531    2586.9508     742.9272     8967.0708   -1598.4664  -13779.1167    -647.8462
     275     648.4798    1727.7951    2600.8310     740.3638     8939.1115   -1652.6626  -13693.4095    -689.4909
     276     658.4973    1741.5002    2624.3657     751.2805     8944.4550   -1634.2680  -13731.5976    -645.7670
     277     651.3146    1779.2485    2608.0702     746.4942     8909.9414   -1629.3901  -13594.4890    -528.8102
     278     622.5062    1755.9866    2619.9110     735.1754     8999.8335   -1588.3447  -13780.7801    -635.7122
     279     661.2508    1740.9976    2607.5633     735.7290     8930.4141   -1622.9294  -13644.7982    -591.7728
     280     659.2287    1765.3005    2624.7261     728.6381     8880.4849   -1651.4642  -13669.9948    -663.0808
     281     661.2298    1765.5619    2595.3166     732.9709     8956.3149   -1591.5423  -13757.3678    -637.5160
     282     707.4692    1745.0546    2616.1333     732.2408     8938.2000   -1598.1786  -13656.4408    -515.5215
     283     665.0290    1797.9861    2634.1737     741.6684     8887.2904   -1626.8059  -13649.4459    -550.1042
     284     704.3455    1710.9242    2643.6169     723.2567     8907.7331   -1627.9565  -13602.5976    -540.6776
     285     665.0619    1768.0362    2610.5648     752.9167     8901.4212   -1612.6817  -13585.5154    -500.1962
     286     614.4167    1764.0036    2616.6121     749.7530     8882.5976   -1610.8560  -13705.7452    -689.2181
     287     646.8777    1743.8171    2652.1231     752.7127     8929.0926   -1619.8296  -13697.3321    -592.5385
     288     722.1174    1737.4928    2613.1709     757.4412     8949.2603   -1644.2560  -13726.4345    -591.2080
     289     667.8502    1730.5404    2597.1196     743.5850     8925.1843   -1609.4558  -13670.3092    -615.4855
     290     679.1011    1720.2142    2643.2233     731.7318     8934.6614   -1629.7103  -13685.4959    -606.2744
     291     653.5408    1745.3704    2619.3855     717.1409     8889.8768   -1666.7844  -13656.0953    -697.5651
     292     658.8564    1729.0002    2648.9031     741.8748     8936.1623   -1617.6025  -13701.6518    -604.4575
     293     679.6453    1778.3547    2612.5179     733.7220     8905.9252   -1620.7455  -13724.0334    -634.6136
     294     695.8339    1704.8299    2608.7184     726.0217     8920.2678   -1659.3194  -13636.0205    -639.6683
     295     674.2198    1739.0616    2594.6363     734.5131     8877.3018   -1592.4495  -13677.8539    -650.5708
     296     691.1331    1737.0361    2596.9980     738.2161     8930.7430   -1618.8970  -13618.7619    -543.5325
     297     638.6979    1789.8548    2604.0853     738.3315     8931.5699   -1615.7165  -13606.5510    -519.7282
     298     663.6257    1714.6701    2629.4229     749.0126     8945.5578   -1619.8073  -13657.5856    -575.1038
     299     645.2696    1715.2977    2635.8702     715.6134     8900.5390   -1612.9166  -13724.4182    -724.7447
     300     680.1469    1739.2856    2614.1676     729.0345     8969.8802   -1581.2922  -13726.1952    -574.9726
     301     713.5900    1763.2690    2636.2614     730.0067     8927.8847   -1666.3353  -13625.5670    -520.8906
     302     648.1731    1759.2635    2621.0846     733.3290     8978.5756   -1612.4526  -13658.1130    -530.1398
     303     704.5458    1693.3142    2648.3572     721.6360     8959.8327   -1593.4944  -13609.1133    -474.9217
     304     659.6568    1792.6953    2648.5103     719.6024     8913.5432   -1645.1001  -13639.0936    -550.1858
     305     626.6834    1766.0591    2611.6520     746.1336     8975.0260   -1610.5948  -13669.5512    -554.5920
     306     666.5680    1729.0586    2658.2887     741.4110     8945.5861   -1614.9291  -13816.8938    -690.9105
     307     664.6080    1713.6757    2671.4449     746.8716     8950.3193   -1609.4651  -13813.0426    -675.5883
     308     667.3881    1779.2701    2627.7095     737.3626     8999.1219   -1626.0981  -13831.2192    -646.4651
     309     666.8526    1758.5815    2635.8837     745.9430     8927.7094   -1599.1671  -13779.4213    -643.6181
     310     661.3911    1713.9100    2640.9141     743.4208     9013.4372   -1635.9092  -13716.4015    -579.2376
     311     647.9943    1734.5939    2618.7666     741.0692     8914.5269   -1625.3693  -13784.1456    -752.5640
     312     653.5913    1753.4648    2615.8771     756.9559     8893.7384   -1597.7995  -13782.6222    -706.7940
     313     636.2715    1757.6344    2646.5721     745.3177     8963.2896   -1623.9717  -13827.8850    -702.7714
     314     688.6882    1712.1729    2646.7857     738.4284     8906.5213   -1611.2993  -13769.8634    -688.5662
     315     680.7818    1717.1631    2606.6926     729.3566     8994.9620   -1607.0445  -13756.6169    -634.7054
     316     669.0871    1781.4910    2625.8712     740.3336     8964.5932   -1617.6440  -13836.5389    -672.8068
     317     683.0506    1740.1341    2619.3422     748.0927     8986.0209   -1632.8221  -13827.2728    -683.4543
     318     673.6275    1741.8819    2627.6219     743.4172     8925.0953   -1626.2334  -13879.0573    -793.6469
     319     676.3750    1802.8861    2596.7307     734.4662     8951.1130   -1627.9026  -13757.9416    -624.2733
     320     664.8568    1772.9093    2634.2677     740.7261     8927.2561   -1634.3408  -13644.9861    -539.3108
     321     664.5831    1711.9941    2634.6451     738.2298     8972.4656   -1635.1925  -13874.6801    -787.9549
     322     680.7428    1705.3694    2593.9253     749.5468     8933.3104   -1649.4994  -13740.7406    -727.3453
     323     643.3411    1737.5867    2658.2388     749.5519     8964.9871   -1597.2246  -13850.5913    -694.1103
     324     699.7395    1760.7566    2614.3588     739.2020     8916.8689   -1638.6419  -13720.8499    -628.5660
     325     659.5134    1773.5560    2646.7872     753.5087     8980.4432   -1630.7796  -13583.9201    -400.8911
     326     684.4269    1700.3909    2606.7703     762.9369     8912.0617   -1593.6885  -13782.1117    -709.2136
     327     628.3091    1805.3140    2650.8711     736.1334     8999.2238   -1634.8951  -13907.1958    -722.2396
     328     667.7243    1706.9675    2636.9976     732.9830     8948.3379   -1617.9924  -13747.9603    -672.9423
     329     656.3144    1785.4349    2639.4874     741.8596     8934.9251   -1629.0600  -13827.9156    -698.9542
     330     623.9608    1725.2035    2636.6991     733.0190     8973.2760   -1632.2443  -13771.4543    -711.5403
     331     670.3392    1744.1966    2633.9709     714.9606     8945.3956   -1615.0898  -13796.6516    -702.8786
     332     667.7181    1790.8789    2655.4238     732.8857     8999.5739   -1625.8709  -13786.6216    -566.0120
     333     662.7261    1772.6203    2627.1399     747.0633     8919.4005   -1650.9377  -13733.5011    -655.4887
     334     665.1170    1713.9370    2613.8614     750.5713     9003.5364   -1625.8063  -13759.4754    -638.2586
     335     646.9401    1741.3585    2638.9348     730.6676     8928.5415   -1641.1547  -13690.8374    -645.5496
     336     682.7076    1756.6570    2641.3556     738.8583     8962.6408   -1646.7537  -13688.3043    -552.8388
     337     659.6741    1733.3258    2607.4122     746.9094     8927.8580   -1647.1884  -13695.4469    -667.4559
     338     632.5951    1772.9975    2626.7703     758.8149     8935.5653   -1644.4211  -13656.6074    -574.2855
     339     664.6435    1786.4843    2622.0290     739.1864     8963.2680   -1639.7701  -13714.4010    -578.5599
     340     634.7119    1759.4136    2628.2292     735.9600     8956.6809   -1601.7139  -13797.0511    -683.7695
     341     652.4502    1707.7712    2604.3612     760.9166     9001.4533   -1634.5992  -13866.1757    -773.8225
     342     635.7528    1811.6274    2608.8035     763.0424     9008.0493   -1634.9921  -13800.7143    -608.4311
     343     677.6084    1773.1098    2659.1047     736.1063     8894.9001   -1576.3330  -13778.9828    -614.4865
     344     623.9365    1766.0414    2635.0088     743.2064     8973.2262   -1613.9918  -13857.0029    -729.5754
     345     663.5363    1724.6439    2632.4140     729.4887     8961.2701   -1621.5627  -13708.6034    -618.8131
     346     636.0254    1735.8878    2626.1211     745.9962     8931.2440   -1640.6706  -13820.3782    -785.7743
     347     678.0610    1751.3044    2609.7097     740.3250     8939.7707   -1645.9448  -13867.9461    -794.7201
     348     673.4957    1754.2362    2642.8488     743.5342     8965.9102   -1667.8881  -13824.1227    -711.9857
     349     680.6175    1711.2094    2637.5170     730.1737     8893.1710   -1618.4301  -13746.0023    -711.7439
     350     633.8246    1781.7729    2601.2578     729.8556     8933.1272   -1625.2209  -13689.9744    -635.3571
     351     677.0310    1712.8284    2629.5924     759.3929     8971.7751   -1666.1953  -13652.2148    -567.7904
     352     637.9077    1712.8481    2645.8465     754.2358     8963.3651   -1658.9835  -13798.1330    -742.9131
     353     664.9189    1700.2441    2654.0734     741.1741     8942.2806   -1640.9286  -13792.6781    -730.9155
     354     641.4942    1727.1113    2630.4620     742.4223     8945.6178   -1637.8358  -13670.0612    -620.7894
     355     655.1983    1719.9905    2661.0385     753.2992     8938.6880   -1629.0419  -13745.4693    -646.2968
     356     675.3103    1683.0217    2674.1755     757.4273     9014.1976   -1649.5738  -13774.3946    -619.8360
     357     644.7075    1755.9729    2622.3611     750.5957     8982.3661   -1624.5710  -13784.4994    -653.0672
     358     656.5918    1763.6658    2626.3894     746.2431     8945.2434   -1661.4963  -13772.1809    -695.5437
     359     687.5905    1755.7648    2622.7584     739.3198     8951.3936   -1621.6362  -13807.2241    -672.0332
     360     632.5638    1718.3383    2623.3735     742.4787     8954.0243   -1603.7888  -13687.0835    -620.0937
     361     659.1802    1724.5534    2634.0231     764.0576     8982.5677   -1644.0438  -13610.8279    -490.4897
     362     629.4848    1776.9832    2632.1366     734.4097     8931.8158   -1648.7086  -13693.5634    -637.4420
     363     696.3311    1741.8815    2593.6141     741.1828     8922.7733   -1626.4781  -13707.0105    -637.7057
     364     631.6578    1744.7455    2647.6113     730.0357     8971.3468   -1618.3473  -13742.4861    -635.4362
     365     666.1965    1742.0154    2586.7117     736.6445     8983.3593   -1632.8798  -13683.6444    -601.5969
     366     642.0605    1721.7212    2636.2768     755.3284     8969.4377   -1619.3751  -13697.2029    -591.7534
     367     662.9287    1750.3174    2642.2385     726.3079     8918.6691   -1627.1454  -13755.4792    -682.1629
     368     656.1371    1750.2703    2613.3243     739.2745     8956.7247   -1620.1405  -13750.6907    -655.1003
     369     640.4623    1735.4374    2652.8801     744.3243     8938.3059   -1653.2040  -13610.3056    -552.0997
     370     706.3128    1806.8036    2616.2589     718.5502     8897.5758   -1632.1643  -13617.4817    -504.1446
     371     666.9784    1738.8537    2584.4419     757.5012     8962.4875   -1623.9347  -13589.0300    -502.7020
     372     670.3901    1705.6021    2610.3487     742.4090     9014.8093   -1644.0712  -13679.2673    -579.7793
     373     650.8636    1781.5199    2604.9213     749.3656     8918.6553   -1654.7786  -13712.0051    -661.4580
     374     697.3321    1741.0447    2643.0101     740.4514     8943.1017   -1644.0071  -13765.2270    -644.2941
     375     676.1186    1788.6583    2650.8409     732.1027     8905.4061   -1639.7696  -13625.5961    -512.2393
     376     661.8325    1746.9460    2585.9622     730.4558     8912.5189   -1652.9626  -13704.2709    -719.5180
     377     654.5064    1748.2714    2594.6024     754.6595     8947.6308   -1608.2519  -13639.2624    -547.8438
     378     652.4256    1689.5622    2586.6615     730.9626     8970.9388   -1640.8195  -13773.9423    -784.2113
     379     669.3249    1743.0306    2610.2973     739.3671     8988.1087   -1662.2517  -13649.6819    -561.8050
     380     694.6066    1728.6977    2630.0454     740.5327     8907.4873   -1622.3094  -13756.0829    -677.0226
     381     651.7977    1726.1992    2569.5311     741.9759     8955.6922   -1620.8381  -13596.5713    -572.2133
     382     669.5706    1806.9537    2623.5643     730.5642     8923.2111   -1634.9151  -13626.3677    -507.4188
     383     631.1764    1768.4854    2619.7705     747.9854     8991.4147   -1651.2282  -13615.4448    -507.8407
     384     638.5227    1748.9382    2617.3832     730.4928     8970.1250   -1617.7314  -13701.8637    -614.1333
     385     701.3661    1782.0495    2606.6714     751.0838     8942.0366   -1646.6627  -13807.3012    -670.7564
     386     660.2443    1788.4200    2587.9089     741.4955     8991.2732   -1626.3349  -13820.5284    -677.5215
     387     634.6510    1794.1008    2638.2315     746.6572     8959.7392   -1612.4432  -13752.8745    -591.9380
     388     659.0302    1735.5887    2618.3011     735.1551     8945.3573   -1641.8258  -13743.9953    -692.3887
     389     659.4444    1787.4967    2651.2921     760.0938     8974.3217   -1681.3946  -13818.7010    -667.4470
     390     642.3054    1783.2166    2631.9306     756.4818     8969.9428   -1630.0228  -13711.3810    -557.5267
     391     715.6235    1720.3238    2622.8454     750.9308     8986.3430   -1584.2584  -13854.2505    -642.4425
     392     650.3853    1731.3064    2630.2905     736.6859     8994.8236   -1638.2408  -13668.0888    -562.8378
     393     632.5246    1679.2418    2621.3348     746.0331     8927.7130   -1607.5243  -13749.3705    -750.0476
     394     674.4473    1773.3975    2613.8088     732.4475     8937.8431   -1640.0035  -13664.3597    -572.4190
     395     681.5858    1752.2262    2591.0615     739.1839     9004.0955   -1624.5255  -13645.3549    -501.7274
     396     643.7145    1676.2131    2608.2084     747.6333     8945.2031   -1620.7364  -13625.1722    -624.9363
     397     626.3155    1722.6084    2599.1063     759.4441     8975.4031   -1625.3514  -13787.1497    -729.6238
     398     658.0679    1761.6590    2629.0863     727.1776     9000.9912   -1643.7160  -13696.6652    -563.3991
     399     666.9951    1751.3511    2604.7762     740.9016     8983.4584   -1631.1408  -13575.8649    -459.5232
     400     693.6159    1732.9056    2598.2404     744.8554     8969.7073   -1592.9791  -13635.5177    -489.1723
     401     652.9614    1750.2867    2589.8280     748.0757     8913.7531   -1633.5571  -13846.5076    -825.1599
     402     689.3608    1761.2526    2634.0629     729.1073     9008.7729   -1636.4956  -13719.4997    -533.4387
     403     656.8681    1732.6990    2595.7724     700.5294     8991.0041   -1643.5862  -13687.8720    -654.5853
     404     649.5136    1805.6849    2663.3886     746.1980     8981.2215   -1617.6443  -13629.6487    -401.2863
     405     643.7393    1764.1546    2617.0429     756.9409     8985.1230   -1654.8184  -13723.5132    -611.3309
     406     649.7034    1716.4075    2659.1348     727.6386     9027.0736   -1646.8538  -13660.7948    -527.6907
     407     639.6996    1723.5398    2638.2997     732.7482     9013.7675   -1642.0751  -13811.5647    -705.5850
     408     667.5139    1744.2057    2625.6947     738.1308     8913.1338   -1640.6433  -13845.9172    -797.8816
     409     675.3480    1801.8350    2640.6413     726.7691     8980.1219   -1645.1108  -13912.2252    -732.6207
     410     651.9907    1705.6149    2619.2397     744.3389     8944.0973   -1612.8380  -13844.2961    -791.8527
     411     646.7112    1731.5580    2657.3553     735.1637     9038.3219   -1638.4142  -13783.1014    -612.4055
     412     665.0444    1712.7784    2641.8294     737.9967     8998.1620   -1664.5955  -13800.9582    -709.7427
     413     663.8472    1685.2679    2600.2134     761.5416     8963.7082   -1608.3711  -13748.9652    -682.7581
     414     652.4018    1708.2086    2625.3149     750.3042     9024.2414   -1650.5982  -13723.4576    -613.5848
     415     667.7312    1724.7269    2609.9245     743.7117     8929.5556   -1622.3042  -13700.2884    -646.9427
     416     673.7363    1771.6327    2631.7237     741.0214     8953.8896   -1625.8153  -13759.2407    -613.0523
     417     651.6476    1768.2414    2574.3450     714.2981     8866.6342   -1648.4851  -13629.7716    -703.0903
     418     643.1618    1714.1812    2627.7567     738.9851     8958.5016   -1599.0150  -13669.6229    -586.0514
     419     685.5395    1754.0899    2617.9315     735.4012     8897.9328   -1626.9897  -13548.6094    -484.7043
     420     661.6580    1784.1136    2653.3103     737.3272     8932.6194   -1640.8548  -13673.3191    -545.1453
     421     661.3474    1782.0114    2617.0815     742.4359     8936.5718   -1613.4563  -13671.5478    -545.5562
     422     644.9267    1755.6156    2609.2427     756.0174     8917.5114   -1670.6746  -13669.5518    -656.9126
     423     703.7725    1736.3923    2633.7458     735.9944     8923.1290   -1648.6174  -13608.9720    -524.5554
     424     648.2695    1702.0125    2595.3050     745.5110     8972.4621   -1631.0798  -13596.2930    -563.8127
     425     645.0941    1739.7868    2626.1144     731.8326     8954.5557   -1636.9497  -13625.6752    -565.2414
     426     627.2736    1715.7343    2577.6459     746.4008     8949.0795   -1644.1743  -13616.5535    -644.5937
     427     651.5986    1704.4651    2602.8317     738.0869     8915.8814   -1607.9835  -13683.6126    -678.7323
     428     655.3788    1720.2635    2606.6015     732.1205     8889.3525   -1634.2550  -13671.0479    -701.5859
     429     687.0004    1747.2895    2601.8281     718.0444     8887.8501   -1610.4128  -13683.7041    -652.1043
     430     677.0771    1733.4004    2644.9138     743.7948     8886.4824   -1630.9081  -13607.9705    -553.2100
     431     623.9659    1746.3786    2617.2764     745.8650     8919.4046   -1635.5357  -13614.0760    -596.7212
     432     639.0858    1719.5847    2633.6906     753.9946     8950.5321   -1625.0992  -13652.2991    -580.5105
     433     677.3424    1727.8041    2587.5616     738.8171     8966.1694   -1648.7865  -13601.9095    -553.0014
     434     676.1136    1740.9836    2656.9435     742.8726     8952.3733   -1641.7829  -13669.6199    -542.1162
     435     664.3782    1740.2151    2604.5341     730.7358     8970.4984   -1615.7060  -13797.9552    -703.2997
     436     678.8093    1732.6366    2597.2937     738.1818     8941.1303   -1618.1427  -13683.8718    -613.9627
     437     695.9341    1704.8756    2616.9804     752.5458     8979.3260   -1630.6341  -13616.7888    -497.7610
     438     644.5964    1695.3835    2606.9559     752.5439     8981.8947   -1643.8163  -13691.0602    -653.5021
     439     661.3727    1747.0595    2636.8606     744.9258     8976.2658   -1607.5114  -13728.3355    -569.3626
     440     683.2555    1759.1799    2622.6993     739.4866     8933.1799   -1635.6506  -13482.6746    -380.5238
     441     684.6270    1760.9397    2613.3516     737.3723     8954.2439   -1612.3305  -13421.0168    -282.8129
     442     663.7578    1791.4273    2614.2738     747.0731     8879.3361   -1610.1682  -13454.3355    -368.6355
     443     599.4210    1718.3643    2656.1077     737.3503     8915.3513   -1635.7335  -13490.8606    -499.9995
     444     647.1665    1777.5338    2630.2525     729.8962     8944.3279   -1636.2174  -13525.4198    -432.4602
     445     673.9395    1717.9689    2615.7895     730.3213     8976.7028   -1630.5135  -13559.1536    -474.9452
     446     657.9288    1688.3928    2614.4604     749.3544     8986.0026   -1598.0946  -13670.2063    -572.1620
     447     667.6035    1707.1397    2641.5249     717.7920     8971.6261   -1622.4512  -13708.8946    -625.6595
     448     674.5844    1708.5482    2619.0584     732.8231     8930.0077   -1641.5532  -13529.3404    -505.8717
     449     690.3204    1738.7187    2609.2109     725.7642     8936.6070   -1628.7322  -13656.8091    -584.9201
     450     617.9911    1749.1203    2592.2239     749.3481     8943.8897   -1616.1106  -13810.2453    -773.7827
     451     645.9292    1697.6436    2637.0760     740.1905     8923.6646   -1644.0764  -13613.5739    -613.1464
     452     664.2031    1731.5414    2630.2272     729.1471     8953.4473   -1620.6453  -13700.3765    -612.4557
     453     682.5687    1777.7671    2627.6760     730.0877     8898.3917   -1634.4243  -13625.8733    -543.8063
     454     657.9989    1737.2710    2625.9708     747.2774     8987.2310   -1616.6197  -13804.8536    -665.7244
     455     628.1797    1649.9540    2602.5547     762.0803     9046.6205   -1608.2088  -13844.8418    -763.6614
     456     648.9345    1718.3534    2619.7444     749.2328     8982.6797   -1596.9586  -13605.5074    -483.5212
     457     672.8720    1770.6553    2662.7453     742.2833     8949.4715   -1648.6630  -13745.6806    -596.3163
     458     611.9365    1701.4688    2633.7420     761.8032     8976.4059   -1642.3585  -13734.8888    -691.8909
     459     646.8362    1673.3098    2647.6660     757.0124     8954.6225   -1614.4038  -13751.3264    -686.2833
     460     675.3011    1724.4466    2612.8736     733.7859     8951.7087   -1657.7810  -13797.2590    -756.9242
     461     684.4574    1737.1619    2653.1646     758.3442     8985.1506   -1628.5005  -13862.1709    -672.3927
     462     649.4653    1727.1129    2629.1849     753.0990     8975.2597   -1643.2716  -13746.5019    -655.6517
     463     641.8584    1793.0625    2626.5080     752.1635     8957.2183   -1660.5200  -13744.7761    -634.4856
     464     676.2600    1766.7069    2580.8011     748.3939     8944.9720   -1633.6070  -13755.2062    -671.6793
     465     698.1139    1791.1428    2626.6533     711.1989     8959.9650   -1624.6612  -13807.8663    -645.4536
     466     636.1390    1731.9073    2595.0178     733.8258     8950.3583   -1660.6069  -13683.4546    -696.8133
     467     653.0981    1728.5512    2634.1560     752.4520     8934.4284   -1624.7121  -13791.0145    -713.0409
     468     666.1285    1748.8281    2583.7506     728.2820     8939.4029   -1622.4925  -13689.1264    -645.2268
     469     684.1422    1748.5169    2625.5147     748.5946     8966.8733   -1654.2169  -13716.0737    -596.6488
     470     656.4701    1767.5581    2624.3077     746.9495     8932.2709   -1667.6275  -13609.8133    -549.8844
     471     698.4152    1771.0674    2646.2608     729.8393     8893.3854   -1617.7556  -13760.0693    -638.8568
     472     703.8515    1709.3075    2606.5810     736.9314     8916.4090   -1625.1531  -13727.9488    -680.0215
     473     685.0893    1750.2127    2617.3960     745.9879     8909.9992   -1613.4164  -13766.5887    -671.3200
     474     658.0430    1743.9377    2640.6272     751.9770     8912.8434   -1664.7065  -13669.8398    -627.1179
     475     646.8547    1771.3236    2643.3933     748.6541     8943.6764   -1621.0219  -13691.9930    -559.1128
     476     658.3773    1725.4310    2681.0444     744.2120     8999.3608   -1619.0769  -13658.5947    -469.2462
     477     660.2446    1730.2580    2652.8956     752.3256     8923.1910   -1615.9155  -13521.7805    -418.7813
     478     677.1056    1732.3905    2641.4483     739.8801     8962.3870   -1636.9387  -13651.0880    -534.8154
     479     701.9847    1733.6926    2636.0252     730.9958     8954.9500   -1624.1416  -13738.9965    -605.4898
     480     693.9515    1718.9291    2621.4409     707.4873     8877.4712   -1632.5591  -13600.1481    -613.4272
     481     663.1195    1727.3885    2642.9381     754.6532     8980.6031   -1614.9730  -13683.6766    -529.9473
     482     652.6286    1734.3907    2629.4317     728.0246     8938.8163   -1670.4774  -13612.5761    -599.7616
     483     666.0256    1753.2861    2651.6295     722.7725     8897.5634   -1663.9442  -13587.7527    -560.4199
     484     642.7435    1727.9930    2564.0228     735.1478     8923.4290   -1629.3164  -13515.9318    -551.9121
     485     665.3762    1721.5256    2626.2352     757.1958     8935.4625   -1641.9120  -13561.1636    -497.2804
     486     678.9065    1790.5910    2602.1911     729.1417     8897.3193   -1618.9212  -13503.5103    -424.2819
     487     666.0852    1717.9664    2626.2726     746.7096     8943.7876   -1649.1727  -13700.9816    -649.3327
     488     660.9820    1773.2635    2621.9094     727.0420     8897.2051   -1623.2068  -13646.8418    -589.6465
     489     669.6045    1749.5370    2622.5516     740.5244     8940.3208   -1639.5860  -13622.8128    -539.8605
     490     653.1467    1725.9193    2610.8532     746.3705     9001.8334   -1663.4905  -13587.5921    -512.9595
     491     692.4748    1737.6660    2656.7443     715.2426     8948.8675   -1622.0937  -13608.6590    -479.7575
     492     707.6409    1726.6717    2621.3030     738.1657     8911.1579   -1630.5232  -13686.9846    -612.5687
     493     655.9279    1741.4130    2624.5227     748.5325     8995.9618   -1624.7477  -13689.7874    -548.1772
     494     688.3709    1687.1285    2581.9397     727.0860     8954.9936   -1654.4022  -13672.6233    -687.5068
     495     674.5092    1750.4164    2607.7485     727.7269     8970.2552   -1617.2581  -13703.4749    -590.0766
     496     650.5738    1697.0734    2599.4967     739.1151     8965.5082   -1643.3872  -13789.7778    -781.3979
     497     688.7080    1746.0437    2620.0339     728.4260     8958.7530   -1618.2457  -13681.8288    -558.1100
     498     660.6434    1696.7958    2636.8465     728.8361     8886.6075   -1610.5280  -13784.9492    -785.7479
     499     662.2885    1750.0657    2625.1078     736.3451     8966.5623   -1642.6403  -13826.2482    -728.5192
     500     674.2964    1689.1873    2609.1748     752.0603     8939.2595   -1620.1159  -13815.5056    -771.6432
