0 7.06081907732718
1 4.5259207247329885
2 5.220741221555565
3 4.472144638369437
4 4.075038223198552
5 4.408983063325668
6 6.180386531176637
7 3.7317791419410753
8 5.183956664547798
9 4.289044422327862
10 6.268894178148134
11 5.373433991594992
12 8.890884361392834
13 7.0845011928839945
14 9.163429180822849
15 7.535924048740276
16 6.547774391561625
17 8.157394406086864
18 7.001500096018981
19 6.970651635608532
20 4.2773153656106135
21 4.231111448948548
22 5.025630324829886
23 4.196436826248288
24 4.338306650811673
