0 5.7204508075894935
1 4.9449076348291054
2 3.130063972383693
3 4.353310395811393
4 4.61973419203306
5 4.010198668807362
6 3.8670233684309223
7 5.273725268833068
8 5.695981705721953
9 5.8110466922145845
10 5.6120063484459255
11 5.93452491011825
12 5.221751595317657
13 6.675982794052689
14 5.689253287834305
15 6.441286627751548
16 5.1170473909619805
17 7.12524049887264
18 7.360295195292316
19 5.870730020556485
20 6.015433265321273
21 5.302343432660533
22 5.123359692253033
23 6.020679509058284
24 7.83709513331781
