0 14.554054647148662
1 14.046320264649513
2 12.251630985894762
3 13.280169401946939
4 11.440756732983667
5 5.531313646996273
6 7.624531369417778
7 6.824868012450135
8 5.106335028584265
9 7.4085886606357025
10 4.349197512173226
11 4.666092812719997
12 3.6470677837106997
13 4.227082975365635
14 4.246558982212327
15 3.626282331662361
16 3.6779308704555227
17 3.861721575862016
18 4.1929145225495965
19 3.8416893597322024
20 3.8989238925518617
21 3.6979950544745335
22 3.873897574563819
23 3.5554341882590066
24 3.442194968276021
