0 11.446747518608916
1 10.714738985152824
2 10.080784700816752
3 11.082467427195796
4 11.050208687580222
5 10.164494747778875
6 10.977604567297485
7 9.599799808451404
8 10.767105938226672
9 10.57383605282661
10 10.109488487838993
11 9.502477304934207
12 10.042996663978172
13 10.696921103108895
14 9.091972984971925
15 10.234064656802053
16 9.099093285187873
17 9.19586404264431
18 11.31416748657621
19 10.659646240531165
20 10.001147727752342
21 9.68746909155901
22 9.629440047115205
23 10.548125523990384
24 10.6071140212093
25 10.061132121276234
26 9.42614251263453
27 9.810344548286057
28 9.954746746852468
29 10.439853382065813
30 10.529710362438633
31 11.090038932858612
32 10.562982322953614
33 11.879277843519134
34 10.244082619455819
35 9.704617900076832
36 10.340459950239612
37 9.879408174957494
38 10.055648562953419
39 11.111502552646604
40 10.795045910995935
41 11.226533974315467
42 9.358992063470856
43 10.932361236681926
44 11.492038550450259
45 9.331397908943188
46 9.80780936172107
47 10.504388014925963
48 11.095362113553438
49 9.093044316291842
50 9.155990263324965
51 9.32318556079434
52 9.191980679550491
53 8.386462436902521
54 8.966821957897896
55 7.881200049048961
56 9.816211515814526
57 11.519793824048048
58 10.429052698995173
59 9.88088461747683
60 9.964343248911899
61 10.23519383737164
62 9.051589419113258
63 10.605574862806805
64 11.625044177705599
65 10.709378504141167
66 11.529971476752586
67 9.71063416247203
68 10.969097697609365
69 10.019052962608841
70 10.21730286851343
71 10.055760001952539
72 9.998046120238982
73 10.933763057681013
74 9.488688995448367
75 10.550585602319837
76 10.955019891313999
77 11.180306846746545
78 10.268250759943248
79 8.471214104590098
80 10.706812631393786
81 9.830619825518575
82 8.948792315802155
83 9.558152649337936
84 12.658260519142027
85 10.096545692312498
86 10.318923970498373
87 9.3868191973879
88 11.133370611217787
89 10.334069144028756
90 10.726903828565769
91 9.699585208314888
92 12.648255555622077
93 11.261816434802713
94 10.802226992541254
95 9.60929142761528
96 10.591954629297982
97 10.077551835906394
98 9.695180268903192
99 10.54537382158771
100 11.361209116528844
101 9.853168753587676
102 9.087429416241976
103 10.876621976584776
104 10.216720126092458
105 10.175176143068722
106 11.145361588077389
107 10.570799196055145
108 10.819051933017414
109 9.249430913164698
110 8.970717975215717
111 10.495457486331093
112 10.6498789288665
113 10.024137809745524
114 10.641882464333172
115 10.78468523307568
116 10.579828675951132
117 12.407256885191968
118 9.775262566926862
119 11.043072544265554
120 10.406988879063821
121 10.964453079467182
122 10.592011064351864
123 10.760646515109785
124 10.833736601631468
125 10.245744369108047
126 9.860657676620212
127 8.111285838815512
128 10.204298826030737
129 9.945579236833268
130 9.567037435081001
131 6.136350278324805
132 4.315940726055595
133 4.762377022166325
134 5.493087431185053
135 9.416232545392184
136 9.513809647828577
137 9.80815144768138
138 9.191136192414394
139 9.983023573962205
140 10.502675270496784
141 10.158105395656888
142 7.628804190066648
143 10.843976740677725
144 7.6179525831656
145 9.601622509118044
146 9.561174081942905
147 10.971095358061172
148 9.649590076867355
149 9.595527439092482
150 8.484839856197164
151 8.00335320829963
152 9.763668347392574
153 9.432871905194649
154 9.692353799333654
155 10.141198983680807
156 10.342403124798498
157 8.71033294223509
158 8.86414637916044
159 9.955110834327659
160 10.64829869651574
161 9.54925019344195
162 11.6310592166997
163 10.894367591012536
164 9.59711192436329
165 9.206882293223673
166 8.6665822003131
167 11.268540792708906
168 11.048793905545379
169 10.148210699554177
170 10.10306364316498
171 8.636139031288327
172 8.676430725675022
173 8.559727729800965
174 7.777293837227495
175 8.589025785867998
176 8.416771290007388
177 7.733205989580996
178 9.40761666594762
179 10.703832126441174
180 11.84818810845804
181 10.336975908990443
182 8.827055248701896
183 9.93535528885178
184 8.093703868175037
185 9.983451768037712
186 9.456613702602636
187 8.5518571896622
188 11.801749054132419
189 8.941364617548045
190 9.134635826536924
191 11.89625302378582
192 9.815656309474242
193 8.582326134010923
194 10.497372752399661
195 9.213884975217885
196 10.260158525879978
197 8.861310079203292
198 8.794243989382368
199 9.475205134025579
200 9.859289803095317
201 8.971888940036465
202 8.889242457921783
203 9.704494648568664
204 9.115305733107549
205 9.689688159401122
206 9.08499309377814
207 9.249699514744053
208 8.257890207769009
209 8.962997835387148
210 9.393509920624348
211 10.062244357948286
212 9.848214493881601
213 10.695175481479112
214 9.150386898515418
215 10.486261228352179
216 10.435206475424389
217 10.431981913421565
218 8.9141909180233
219 10.515401407216547
220 10.198158762631133
221 10.135704808647809
222 9.26331438278191
223 9.977913984254677
224 9.178551678315026
225 10.169643616695119
226 10.376147306598343
227 9.68495869761562
228 9.738628576598918
229 9.181115538546084
230 11.534012774970677
231 9.81778851614994
232 10.87779560158135
233 9.595004121853732
234 10.051252978113155
235 10.78774497331375
236 9.296835125735248
237 8.833545071971068
238 9.652197163872142
239 8.58972501845013
240 8.261522116756218
241 7.926019935819785
242 8.931193266833317
243 9.71384534864419
244 9.413338962071991
245 8.364953795534769
246 9.301273485014022
247 10.110592953243836
248 9.074352316051648
249 10.252555737620781
250 10.106275427436557
251 9.354142168091435
252 8.144371982070542
253 10.090918391576652
254 9.790404775531396
255 8.071098610726027
256 9.162893850362634
257 9.061404216862748
258 7.973340455417221
259 8.664232735351199
260 9.007217301294343
261 9.48104789231914
262 9.609979577900917
263 10.754553254751247
264 9.875608862661187
265 9.699769156490158
266 11.104403934222919
267 8.399279205467026
268 9.185169293384238
269 9.750097976102433
270 8.439434781812071
271 9.370053870842998
272 9.702148598975679
273 8.215299096944838
274 8.815130620218344
275 8.768343177808976
276 8.12739052542657
277 10.363558724932174
278 9.719723220687023
279 9.687416799339097
280 12.970054541144643
281 11.124127355893133
282 11.372962257392338
283 10.64500076595685
284 10.252802218199506
285 11.948831996005797
286 13.272589430384787
287 11.58129249321705
288 10.48941569938071
289 10.841071799801359
290 10.431472420526955
291 10.886533285974883
292 9.943820736915928
293 10.647326043358982
294 11.169875762408347
295 10.582097627158062
296 11.161082578221322
297 8.265691665450671
298 10.18944596263614
299 11.05544200668681
300 11.234170116352914
301 10.061750375160985
302 7.132024287776925
303 6.90686337110132
304 5.558701118231888
305 7.825040658205882
306 6.957807805196517
307 7.842802396535943
308 7.991499905367621
309 4.992806714379931
310 11.003713530413894
311 10.448756700826141
312 10.436641771201655
313 10.732972470823167
314 11.197608943522715
315 11.572132283780158
316 13.506963255221276
317 11.71575410991807
318 10.369818215129088
319 9.72413419157174
320 10.567544679258559
321 11.619730720271155
322 11.648787731012437
323 11.850649256307852
324 11.043030116684989
325 12.512287399825459
326 11.499230078587638
327 10.851271230390159
328 10.620778253677422
329 10.33475038881265
330 11.653686275346049
331 11.538586756755421
332 11.174363579374832
333 11.277009893520054
334 10.364792469452606
335 11.299673501276482
336 10.663758341495813
337 10.054853234198882
338 10.130612230645381
339 11.002462632610102
340 10.955229007104554
341 9.966793822374164
342 9.344555588246928
343 11.019472182398864
344 11.742827123859996
345 11.941286706738971
346 10.758038142243677
347 10.267974529822581
348 9.08667547540424
349 9.60836058222206
350 9.103400170571279
351 8.37336466600212
352 7.800457309819606
353 9.049047730255133
354 9.343032988885488
355 9.721114135148028
356 8.21593931383935
357 7.660325499525755
358 9.518972349490607
359 10.29741640170443
360 8.168874954523385
361 7.061701544768051
362 9.098019849773086
363 8.842727058635655
364 7.1241292689443165
365 8.217886218083464
366 9.359187661015952
367 9.170083158151769
368 8.998478618485251
369 8.599255467532023
370 9.151499611252461
371 8.567762032566172
372 8.680308235153511
373 9.078807925131521
374 9.893856845815918
375 8.578903819871792
376 8.349191801556545
377 8.797616975326592
378 8.686453656279841
379 9.139962089850165
380 7.599456192295596
381 8.929744506564157
382 9.44950674551514
383 8.780694301976467
384 8.731081601068858
385 8.878428423735725
386 9.760224299975288
387 8.813694544852856
388 8.391967833983939
389 9.457516660317062
390 9.42407712584664
391 9.923701919469144
392 9.925605889491907
393 9.967807881816933
394 9.216077247259673
395 8.79680480131393
396 9.611756397553663
397 7.988513335568073
398 8.522279255204774
399 7.9798127471659255
400 7.391104759413052
401 9.147651727325776
402 8.73374991198453
403 7.6490282575872195
404 8.041577531969756
405 9.28172779326472
406 9.272909668706815
407 11.462737348459742
408 10.66633484615887
409 10.870213512442284
410 10.101734069020026
411 9.997157725225536
412 10.521935707805651
413 11.451816806415174
414 9.547655146599196
415 11.26184235288076
416 11.506098874905785
417 9.910650113042847
418 10.818117630372228
419 10.61610599930824
420 11.171844057110434
421 11.144714235038771
422 11.422770457946726
423 11.553281325704084
424 11.94772061372299
425 10.899603218042618
426 10.398565788647685
427 9.786019971393088
428 11.894502900259914
429 11.152567463628975
430 11.352257989497609
431 10.996406932964549
432 10.073826462722353
433 10.011066715065473
434 11.39778431242711
435 10.472643745706359
436 10.217612780840877
437 10.704489435426359
438 10.08910772798308
439 11.161878077716871
440 11.543068540439616
441 10.019801468071922
442 9.301601046834902
443 8.00528885520864
444 10.655031238642124
445 10.88191546912649
446 9.474763878257793
447 8.654091062283703
448 9.931354003230053
449 9.271247353543387
450 9.395578485801781
451 8.460593448593098
452 9.174677990184955
453 9.125603404568823
454 9.934245112797884
455 8.923623513247918
456 9.143686417596296
457 10.201877385423694
458 8.11689580678833
459 11.053242290425848
460 10.496921056949558
461 11.86861151380245
462 13.640079089279624
463 9.797978807880916
464 11.542910589623041
465 10.925959047445446
466 12.34343125282888
467 10.440965958338575
468 10.88834526991205
469 11.267219196399255
470 9.124951229686328
471 8.531412732443243
472 8.565375074763796
473 9.213966343516422
474 8.581778202534581
475 9.879925919476902
476 8.03996568324207
477 10.822303926261386
478 8.761806524030934
479 11.449404707579896
480 9.464193668078059
481 9.717825023475475
482 10.292715259762655
483 9.454695899352958
484 9.111996350914325
485 9.592910580036323
486 8.653180416661316
487 4.38297335725837
488 4.1917093542066715
489 10.171961299324314
490 10.849074939982094
491 10.543025485741158
492 9.483284867763398
493 8.875911665802327
494 8.792374837942903
495 11.247499345982714
496 10.86297552806274
497 11.115608406559131
498 9.452070315652886
499 10.41529590457002
