0 6.594939793634846
1 6.29513517391062
2 6.902860566084731
3 8.890618558005054
4 9.034475601432682
5 7.483505957068604
6 7.535168383002391
7 7.869160785464949
8 3.82231341137111
9 7.616610057857474
10 6.199230117135633
11 6.974381638636413
12 6.095255202109644
13 5.425635502606847
14 8.981884928252109
15 8.898100354738833
16 6.645791452997652
17 6.333735132243414
18 7.031221697211934
19 5.817069232325011
20 8.001705217236555
21 8.501582588923656
22 5.966640922410077
23 6.9104256411987945
24 7.129610738852307
25 8.16062457097608
26 6.984049488422234
27 6.822685803975279
28 8.051341053687937
29 5.060563343714301
30 7.765380306053217
31 9.643597590935826
32 7.908319719825695
33 6.499120573160033
34 6.922080270310183
35 6.11476792113187
36 4.468411860945728
37 4.295083780740839
38 3.727538729008952
39 6.37575001790824
40 4.47267085834596
41 3.559895011923158
42 7.256887780238942
43 4.840144909760545
44 8.277278771627538
45 3.5577195064354927
46 5.488248812769138
47 9.430603253642719
48 6.874090205157141
49 7.50658939279726
50 8.04877927631226
51 7.588662721380817
52 7.043617663193295
53 6.711198357764447
54 6.575736810400215
55 4.497140183628921
56 5.119812976013162
57 4.736775672651698
58 4.791430615082563
59 9.762264092300793
60 8.179961175152894
61 11.771174296961668
62 8.989043546147576
63 5.577250361940456
64 7.718527152160381
65 6.981209991896843
66 6.1780150162711935
67 8.862944343065482
68 8.453981702276531
69 8.318559393101593
70 5.413569578246695
71 8.756704121442938
72 5.971927735913859
73 8.441131768120645
74 8.711271295316271
75 8.82539187214466
76 10.137820956405257
77 9.41787452534738
78 7.76722515319754
79 9.881697674184585
80 8.387314450839584
81 9.04792748306421
82 8.220130432915338
83 8.523525448954343
84 8.914649742547715
85 5.956197732372028
86 7.0201604399788975
87 8.553840804038266
88 7.2398811023458896
89 6.44519213805725
90 8.715054120716077
91 6.942513653269461
92 4.934790504442025
93 6.50656083805046
94 8.56636630072909
95 8.64960484041174
96 8.511866485299924
97 9.82798815685222
98 7.46568819126287
99 4.917370145050562
100 8.542570112922323
101 3.4441111229906602
102 4.908191575877919
103 4.289799051027709
104 7.464831799372732
105 5.0287847767148515
106 7.223957683114854
107 7.213152802497485
108 7.268381503787198
109 5.457909702847291
110 8.39394288279107
111 9.136010164414726
112 7.734008380848136
113 8.824971508907957
114 9.574988426250234
115 7.784362461763934
116 7.818893778079882
117 6.201561740467723
118 10.152736230794247
119 8.23336919129616
120 6.670340869763519
121 8.480902516245733
122 9.227996065401566
123 7.5768917025251605
124 8.083145815624508
125 7.538157219874838
126 9.55681758456941
127 3.8714594928702213
128 3.8397113581684708
129 9.541542121693405
130 9.567452506972339
131 7.394566960822465
132 8.205815913528793
133 5.903751650502696
134 6.53658238862085
135 8.022078923972376
136 8.972784410752588
137 5.533822000733654
138 6.990951460600934
139 7.836212678693495
140 5.917403069805303
141 9.540398917385737
142 8.100891068637736
143 7.096244417308606
144 7.573800914750215
145 7.298447339552942
146 7.387539534275154
147 8.863787851642153
148 6.177932596144038
149 3.660579394594231
150 3.867867281464137
151 3.4228200126923314
152 5.403369680879751
153 6.218000890968752
154 4.392903900864726
155 3.636291990757272
156 4.245801614748411
157 3.672984328533495
158 4.6313172561803775
159 3.746525308000171
160 3.4179989588967277
161 3.513294875838087
162 3.6211744502113112
163 3.7619046754570076
164 3.6976895380929813
165 3.7581620729787475
166 3.788808650200548
167 4.722952305871319
168 3.7894343830679245
169 4.127415731556476
170 4.201750740581504
171 3.294232923984249
172 4.9604944251828975
173 4.855941243807974
174 4.03466364512108
175 7.577849132838847
176 5.06331375469824
177 7.145865711366963
178 6.29050336719224
179 4.9484747457757825
180 6.928816765121963
181 4.959929558035146
182 5.49637638194026
183 5.895131121830732
184 5.280666457626983
185 4.723014405705612
186 6.117736716604184
187 5.579470925806248
188 5.921409673265899
189 6.458927174346849
190 3.2644748826868337
191 5.015869068778394
192 3.782341166314179
193 5.169510719698752
194 5.410609478075829
195 5.015766609554023
196 4.36595994497001
197 5.114654068391677
198 4.082386905849264
199 4.232607413846348
200 7.375101376110698
201 4.5739705447313685
202 5.388704289887989
203 6.1871618789664025
204 4.134423099625314
205 7.500588260382918
206 3.7041672401324686
207 3.6170114294704727
208 4.070268119133256
209 2.9825480987904496
210 4.098258284418683
211 5.29859059009184
212 5.315548600075701
213 3.9183867540971096
214 5.264240158260198
215 3.7399824078224957
216 4.082998319406126
217 4.397143825417677
218 5.472827072719713
219 3.7786657201732665
220 3.5283579730919037
221 6.398654389346819
222 5.446832289645411
223 4.830781570050834
224 4.680699297616506
225 3.0252538384663117
226 5.495794381677537
227 6.195645978401689
228 3.578970752641916
229 4.662817368652249
230 4.379774636072804
231 4.695891651470024
232 5.946626810236245
233 4.503488896979595
234 3.7332785549914123
235 3.859788163469772
236 4.1074872181312845
237 3.9166833913331836
238 4.568088009991081
239 3.712207364399689
240 4.108706082266805
241 4.213606185550134
242 6.401416558203808
243 5.246947174704896
244 4.857082791572384
245 4.784737734354921
246 4.913714999588559
247 3.606767307885289
248 4.786970600493659
249 3.598410671481758
250 3.568197222759444
251 3.5161463341905126
252 4.925439995469765
253 4.055745852680402
254 4.795381922596595
255 4.959298326288347
256 4.687072150379449
257 4.091162379366803
258 4.143455730068547
259 4.794260098282761
260 5.096300735057223
261 4.985381211925486
262 3.792863283516074
263 3.5160808320576926
264 5.2236500926472225
265 4.0126849548576695
266 3.671135533623051
267 3.5919544382050943
268 3.5537977988647063
269 5.141343721757751
270 4.559022834923303
271 3.8823930479866298
272 4.759855178516364
273 5.030869213957327
274 3.3124810496353554
275 4.992125360890139
276 3.4329499350034243
277 3.8251063567148407
278 3.6107523848029426
279 3.9071408278769186
280 4.9352432627117695
281 6.800489301310219
282 5.362761024832375
283 5.0079702308600025
284 3.9521412070274553
285 6.028958262423352
286 7.177392856648817
287 5.390968685198968
288 6.350809224040355
289 5.6042491035198125
290 5.2481258260938395
291 4.67920431722392
292 4.006259152580376
293 3.80942379146022
294 5.7166809467733515
295 6.151740088861989
296 8.00690446128962
297 5.023497686712863
298 4.293747302074262
299 6.242598974824755
300 5.166123243063328
301 3.3567718177489665
302 3.4829850996396803
303 3.5699676742396327
304 3.880996391750345
305 3.8836804332860306
306 3.4253643032372585
307 4.325241335984961
308 6.106237281302567
309 6.956569854688996
310 6.562026604656385
311 5.875126952736029
312 5.664861746879077
313 3.951507775771322
314 6.466409671691314
315 8.406373010388204
316 6.289308417816166
317 5.6517723847821975
318 5.513992752503761
319 5.944760404126462
320 6.389267525448908
321 6.256767728255874
322 6.343513169967803
323 3.323050720019833
324 4.073185177551749
325 5.035406922862427
326 4.3060672384784455
327 4.7706036441090065
328 4.570909675445341
329 4.662219062473181
330 3.9087304223941253
331 6.193592115813894
332 4.7400254041927035
333 5.230675264757088
334 6.350877268478869
335 4.411613446002341
336 3.784590776567732
337 3.9846631024754595
338 4.00656864383319
339 5.491460055005934
340 4.474234048236284
341 4.640090153661784
342 5.2693051842482035
343 3.6827817502374773
344 5.740556300528039
345 3.5991117760226947
346 3.609561468430903
347 3.7264448091896996
348 3.159762882145752
349 6.233660439680308
350 5.443516376058769
351 4.972864730090435
352 6.997143838444618
353 8.910998784074996
354 6.942731395268979
355 5.760635348397099
356 6.3954777993652385
357 4.759564481920326
358 6.8823236989704535
359 5.83668482535347
360 6.248111525944954
361 5.292329713591707
362 4.993244714331329
363 5.061038233802586
364 6.563578960203911
365 6.714476342753589
366 5.601953798230392
367 5.9612640595308894
368 6.96421979460115
369 5.616807653701772
370 6.181566437228238
371 6.488575251720546
372 6.559735960085788
373 7.202270504187826
374 6.376280462081675
375 5.49512791186987
376 5.487127945063962
377 6.1574211377414905
378 6.074345679946365
379 3.6255635141336007
380 2.962597970197524
381 6.4108725600061005
382 6.936113504749635
383 5.625947733070049
384 5.093245946829143
385 5.352301585733792
386 7.142792535658387
387 5.280875874198029
388 5.083727780201055
389 5.683547427061688
390 6.5449367959524745
391 4.97481892045486
392 6.473680563175628
393 6.418617733864847
394 6.0660973543721735
395 6.749882488970849
396 5.672544339745958
397 3.9067677161279324
398 3.493033942481121
399 3.503833103538518
400 3.7211788781680237
401 3.706066898140319
402 3.556786799154493
403 4.647378658388364
404 6.245489278139533
405 4.5169098637565845
406 3.708355808357383
407 6.578688608457754
408 3.5319195842501774
409 3.8385027753483905
410 6.653314524049381
411 3.778050465291968
412 5.141872413432417
413 4.373246514430066
414 3.319189583151519
415 4.103507629355868
416 3.8178725980900907
417 3.8138040268426807
418 3.695360903955533
419 3.623233450241682
420 6.439803599648981
421 5.771009064461554
422 6.742414710421384
423 6.188551310678074
424 7.331483467409652
425 6.048142271707244
426 5.121184202539882
427 6.243364416275417
428 5.867097628566721
429 5.642635490535005
430 5.2396360632819095
431 4.284729569122609
432 7.436501450108139
433 4.633382333015713
434 5.77246523767019
435 5.441022781127926
436 4.4368834144669345
437 6.505471698385454
438 6.872513823596972
439 6.541572213504378
440 5.3058363888633275
441 7.672317517236558
442 5.3075008968080875
443 5.375717146736609
444 7.16033364749731
445 5.9577437253712215
446 4.321383888964559
447 4.175257467778496
448 4.157610945557809
449 4.336269376061688
450 4.431921247314121
451 4.872244374638146
452 4.624798262082823
453 4.246426334861753
454 3.711454630069178
455 5.211168512344299
456 4.98267725397625
457 6.697783004955869
458 7.750847698044007
459 4.193156702587252
460 5.267639438592623
461 4.227618222920118
462 3.824650931991088
463 4.588010871578495
464 4.7878463497745285
465 4.952021489151522
466 3.6294094628385047
467 4.98369836457684
468 4.967439699457361
469 3.706741570591608
470 4.4058855633792575
471 5.34987503284415
472 5.15655302693439
473 4.595066774353703
474 8.237408176878953
475 3.247321431366805
476 3.8207414832429416
477 7.881225196964342
478 5.751397735210022
479 3.733800253820023
480 5.14498090720126
481 5.815648357897333
482 4.5170337539464125
483 3.4438271790495363
484 5.61590664796632
485 5.928352434934124
486 4.9523588439599635
487 3.920260792173275
488 5.803176445646915
489 3.7957142875525993
490 4.516250866768014
491 5.8413908793045675
492 3.846483504984485
493 5.235364044479099
494 7.550463647530211
495 6.3209166421691085
496 5.406711512025632
497 3.663474434924701
498 3.9115910888002983
499 5.937419910466637
