0 8.988305862657429
1 7.077905900479257
2 9.629803235515473
3 8.260807475338789
4 6.930113099634116
5 8.056627015229052
6 7.986897770779694
7 7.991418306453863
8 9.509245503176814
9 9.166814773630163
10 7.502253905858103
11 6.636772906411857
12 9.225848657771293
13 6.682161657185911
14 8.923737491008277
15 8.973206952370328
16 8.457305839662984
17 6.2379848237123765
18 6.675747570243429
19 7.881418545679643
20 6.84343031275248
21 6.208127589003104
22 6.09414690626049
23 6.429895331215628
24 8.470661481508687
25 7.887061257184697
26 9.149224952463227
27 9.823076236751383
28 10.288494774571618
29 6.9711683545270064
30 5.73308058535686
31 8.697201240379474
32 10.057155127947999
33 6.264488019004244
34 6.652685064946979
35 6.828290546572758
36 8.09642579411678
37 7.818394258216275
38 7.318984817776368
39 8.36644941214731
40 8.040476664597467
41 6.891877352223002
42 9.206052957571323
43 7.44164647828566
44 9.410276106488158
45 6.8347693325937
46 7.6926040643735565
47 9.73388254885685
48 9.638658309274629
49 10.773170915766151
50 10.32851888330428
51 10.145348441895717
52 9.161592420054495
53 9.969785847685841
54 8.834489543331525
55 11.053691414830565
56 9.338374523069062
57 9.570425298601863
58 9.912868248175615
59 8.307134289860409
60 8.89824472630774
61 7.960359780014872
62 7.706511243752231
63 7.3953783442299805
64 9.999110483544086
65 9.001037306741283
66 8.489292467674455
67 8.546009976588556
68 7.697581333215868
69 7.168962479048331
70 7.719547299842125
71 7.617447228314661
72 5.880248824759388
73 6.082989020897739
74 9.512703735755982
75 7.902326002139152
76 8.208287379053019
77 6.945238793731107
78 5.025475217612954
79 7.977731021866069
80 6.4005763615399625
81 6.171433754161891
82 6.511885359045399
83 7.041484674907719
84 7.998713304135719
85 6.095586201396308
86 6.306841021876732
87 6.282633301116489
88 6.252071942656897
89 7.822383903323891
90 5.67464339481863
91 6.702470764649396
92 5.147442990545955
93 8.566366871550304
94 6.881439294882296
95 5.731052126868233
96 10.550137395125478
97 5.711203575008775
98 9.542446519436181
99 7.45640064316288
100 7.358507209313411
101 7.267177679263564
102 7.936739212681393
103 8.773994510697179
104 8.99583751068471
105 6.956722339515583
106 8.005340861031101
107 6.716083455036721
108 8.105575973503491
109 5.279263459185884
110 8.341286220075522
111 10.377055085649417
112 10.711143999196832
113 10.256798722001315
114 9.294363675053003
115 9.653454314520669
116 8.62284879568248
117 7.307698125204332
118 5.923306634816953
119 6.679335526745653
120 6.891344399613453
121 6.169944636147567
122 6.812440859100101
123 5.051844960829025
124 7.797880484563617
125 5.705325690702455
126 7.78523005198941
127 6.950112988392916
128 5.577030117829826
129 5.920975715817102
130 8.205117195291818
131 7.28877975929417
132 8.899257638380128
133 8.92068546013334
134 7.560142406751738
135 7.255936358329358
136 5.049188046626068
137 4.894699936463708
138 5.772296500605336
139 6.41815857312583
140 7.20109440546514
141 7.867158641618193
142 8.319360319340793
143 7.985578350820007
144 8.328580706755499
145 6.0108460097629335
146 7.990572018912025
147 8.386233301802887
148 9.469711117295779
149 7.1697812051767595
150 9.627541987733848
151 7.3203698488119295
152 5.932374460008741
153 3.775748504500044
154 8.036690018386146
155 7.976443533408025
156 6.519115972211499
157 7.621460441889616
158 8.321485425444381
159 8.544624136651885
160 8.036759242647312
161 8.774796690936395
162 6.0353172700740645
163 6.951620523510462
164 3.7990170963065544
165 3.9372194846615343
166 4.689659392306027
167 4.106243639924759
168 7.905615992759593
169 7.444878932139506
170 7.465073765012876
171 9.260869402562612
172 8.222642173533387
173 8.524663671108637
174 7.001954244867072
175 7.619723450949927
176 6.442650611222516
177 9.410520158326474
178 8.539901887372476
179 6.315946545439904
180 8.123057137548905
181 8.456000359541642
182 7.777189231453377
183 8.473925679702656
184 6.976485679093973
185 8.507447356792486
186 7.220893075668311
187 7.1707814185123935
188 9.377108728900655
189 9.131443501674353
190 8.423506392113607
191 7.899807309406796
192 7.676860424156176
193 6.813212302973226
194 7.162808215753113
195 7.630422459993755
196 9.524765627205142
197 10.973071617091625
198 9.694691554730923
199 10.195234359269007
200 11.80307891196161
201 11.26242298432806
202 8.169681552176444
203 7.164207012276167
204 8.391623516742445
205 7.573355211989964
206 6.393000768307612
207 8.718372738391425
208 8.933707324414895
209 6.973014214936799
210 5.124190415382088
211 7.820505561316832
212 8.94331902814429
213 7.715498715709614
214 7.223658780266297
215 6.959231554758195
216 8.53982820276344
217 6.577235701815105
218 6.694140519567825
219 8.584194889395754
220 7.8851423844105675
221 6.6646544138928325
222 6.3754812827922684
223 4.188647583985674
224 8.184686915404587
225 6.963599447072192
226 7.459891064843771
227 7.812047544752595
228 7.09495628664816
229 6.353664635829568
230 7.77547973636484
231 7.1600223816692266
232 7.722493695120673
233 3.863589029169324
234 6.80738370427063
235 4.291555673193782
236 8.397586049334864
237 7.16256997815693
238 8.07813924003148
239 7.972943989452197
240 8.391367532836869
241 6.335987938175033
242 7.0260298831751555
243 6.3520077019126635
244 5.500645790378956
245 6.610121699852909
246 7.213998892323008
247 6.982892203880472
248 7.873348745334246
249 7.407889850588803
250 7.921303514713082
251 5.818682468534237
252 6.621442630360067
253 6.4640627875021455
254 6.364191422068744
255 5.409602252430419
256 6.445978055021542
257 7.801903494561273
258 6.098219402144077
259 7.767797600959983
260 8.220735002465744
261 6.84637386686971
262 7.675349070475776
263 9.732676621295363
264 8.331424408157602
265 8.673753932524678
266 8.975770547334003
267 8.0512881547667
268 7.365260015156453
269 8.335700960342779
270 7.1330739872655
271 8.00384392945019
272 8.627053060086803
273 9.128322873777579
274 9.059742885004646
275 10.700064030077801
276 9.402731267110354
277 7.753528835492276
278 9.021563547886515
279 8.22749926087999
280 9.391566899265154
281 10.354490914303188
282 9.443599845066089
283 10.042356170696676
284 9.677129190630671
285 9.337813289915971
286 8.5304206973166
287 6.763238129672091
288 7.971508299059248
289 8.338501064063724
290 8.2096845528204
291 7.883844649953061
292 7.955888158431669
293 7.563046298598719
294 10.47877056714561
295 10.018079566980914
296 8.774323130434198
297 9.335564390207441
298 9.716705425725683
299 9.07217949440963
300 8.545771491598861
301 6.947371502042617
302 8.129123466479326
303 7.903898261283162
304 7.391799326673337
305 7.09119569795313
306 8.06397583177808
307 7.77254743937244
308 8.522705857577884
309 7.0313047137694475
310 7.491207465777403
311 7.775936027785198
312 6.085587009636041
313 7.696164762822796
314 7.315954482665665
315 9.133324971465857
316 7.1573715057991585
317 5.815370692098166
318 8.114571977859734
319 7.4141775099865725
320 6.929363915600251
321 8.427844599824331
322 6.643316695999565
323 6.060996057236266
324 7.58792054374672
325 5.937035218616771
326 4.872890436151451
327 5.914062600451471
328 6.473247209943152
329 7.784908676532676
330 9.482082074835755
331 7.780371855813175
332 3.9327036548679057
333 6.8551944842068115
334 7.2065048471769995
335 8.929817547537185
336 6.06791197656136
337 7.214584502729171
338 8.600705996107388
339 10.220286561535843
340 9.051930861997398
341 7.166787453659176
342 9.273720872547228
343 8.331765599490899
344 8.993337179353544
345 10.011743641553124
346 8.44764887759003
347 9.644345589741716
348 8.345203958810526
349 8.242696224734674
350 9.69898245995779
351 9.078432846459464
352 7.59741303325311
353 5.509432813570755
354 6.5298228322799465
355 8.434998565110705
356 7.121478165285669
357 7.383850540354707
358 6.828215086112932
359 6.741275533743073
360 8.281220506607061
361 5.735410154596034
362 9.385819233233306
363 8.922655897408008
364 10.378485586982764
365 10.60678516667013
366 11.790136286327762
367 7.962485949458117
368 11.083711332986185
369 9.511876724837602
370 10.991436622871806
371 9.57181893647928
372 8.76309275226334
373 6.615865153717845
374 10.96770518176237
375 9.362689204117636
376 9.8527890550821
377 9.538653378738974
378 10.01385608537555
379 9.992002379995354
380 7.110712070836024
381 10.833540071421204
382 8.853511185106926
383 8.53671649581697
384 8.743085222915157
385 5.385655638417023
386 4.08801498336099
387 4.950098952434296
388 3.717673152237103
389 6.289708436905726
390 4.70357645524399
391 9.291500887499836
392 9.564734656313961
393 8.622906676766684
394 7.409071467481366
395 8.498094538334103
396 8.690455968031404
397 8.664980647336243
398 9.018842214134501
399 4.673948063396842
400 5.960334644513107
401 9.40990612589998
402 8.784052156648409
403 8.859035711772679
404 7.479355883269918
405 6.582778979293371
406 7.503849517735212
407 10.988740956039125
408 6.1262817675688686
409 8.656161651856781
410 6.555365534173432
411 6.76025772182471
412 9.367925122154459
413 6.406246158385685
414 6.7090964120762955
415 7.221315830153012
416 4.8466149885066665
417 6.480626542481424
418 6.305834313298468
419 6.544485054318824
420 11.039193431983444
421 8.373023175378751
422 8.231965779441762
423 7.046210574317723
424 3.832326384280497
425 4.5442229392100195
426 3.8459811424938257
427 4.047086230935142
428 4.1689147068504155
429 4.149336929151464
430 3.939734407106328
431 7.713856569970524
432 4.588580898969703
433 3.9160589791651605
434 8.950358550772684
435 8.645378183584437
436 6.787392578057331
437 7.554046950773422
438 8.260660961450169
439 8.079084281883823
440 7.746352002553719
441 7.398131344268815
442 7.938602953760883
443 6.176921355888718
444 5.670890743846394
445 9.12922776363238
446 7.17716842194079
447 6.0704197395495445
448 6.560929788277178
449 3.957252310300899
450 3.946356349596392
451 3.95754092668276
452 3.929229658466373
453 5.295064838053565
454 6.7690272082755545
455 6.080449860595341
456 8.282700824583648
457 8.248133439095014
458 6.998867538377624
459 9.166563993959608
460 7.218115550227377
461 6.658089050806714
462 10.24423434026989
463 8.099269086368556
464 8.851819919159105
465 3.8923408409422366
466 7.9141608832942385
467 8.234585996935413
468 8.656413164180938
469 8.974774847873256
470 8.460243888455052
471 8.831932918223693
472 3.681107741286995
473 3.9069768042589907
474 8.779055633029751
475 8.530811229290105
476 8.289886043589606
477 9.029355425851257
478 8.891958388316473
479 8.51490917356566
480 8.373584430835669
481 6.6182299883169
482 8.465380107852292
483 7.747965345384213
484 9.472951805450197
485 7.569657174692954
486 8.434566569029077
487 7.518584284488436
488 8.460453183447433
489 8.60482929576218
490 8.228783664929997
491 9.49404616380028
492 8.703379305912824
493 9.020915130116151
494 7.894056629980529
495 8.700327755035016
496 6.284134975802332
497 8.704533553038234
498 9.593847229925007
499 10.746567033740115
