0 11.251451015481576
1 8.495692297568311
2 11.239889961975392
3 10.204291844427116
4 10.640522994453347
5 10.600806940294422
6 12.36445491980702
7 11.877650809854385
8 11.84533066652413
9 7.503539901432968
10 9.30590232395775
11 9.817255309220005
12 8.70925663290356
13 7.288916088468313
14 9.033693888830264
15 11.133815584287818
16 10.131600523551258
17 13.282496599567681
18 11.528039667469262
19 11.484007705606341
20 10.579420290875444
21 10.611085089301282
22 12.545560753805571
23 11.190311589092767
24 8.091157951389516
25 8.114974715802823
26 10.268494543692482
27 8.747607533108646
28 9.288623320023838
29 9.217728632452282
30 9.711880622792403
31 7.708215399204023
32 9.821102654225808
33 9.894478452727212
34 8.056141880937119
35 6.62255631437033
36 6.119153974944089
37 8.608946512541165
38 8.914982292580259
39 7.9893317937948725
40 6.891155286105363
41 10.691263056606449
42 7.824248976663119
43 6.840227114707675
44 6.894214851188906
45 8.564485853760884
46 7.62090663607592
47 7.4620785338099
48 7.275591984289876
49 8.337570992980874
50 10.129368781303919
51 7.536604691215494
52 6.582102420163056
53 6.563449936016538
54 7.104417880850439
55 9.06426322220314
56 6.484545159694017
57 6.340607908645696
58 7.506498636128096
59 6.508176537310187
60 7.2556572767910215
61 7.209261050749917
62 9.932473674222633
63 6.8460789727421325
64 8.487414098734295
65 8.409500950516014
66 4.575908316302398
67 6.010817933052483
68 6.90004738590071
69 6.980431822754379
70 7.845887447589261
71 3.6865433077799667
72 5.049121720201733
73 5.286695126463176
74 6.6457047922690275
75 7.752001267697831
76 3.9787637079948897
77 4.502194387104857
78 5.795741696324681
79 6.907193429178664
80 9.078127329699328
81 9.130172791617335
82 8.281445224839954
83 8.377777639732022
84 9.099026925266601
85 8.096034327793415
86 9.000543545049226
87 7.920210396507961
88 9.972391653103266
89 9.606027052938733
90 12.500264331149268
91 7.676679018790487
92 6.968689828065191
93 8.645564861077085
94 8.504642268706883
95 10.578739307924772
96 8.66156147750261
97 8.708908876397365
98 8.183844696754106
99 8.23212383757282
100 6.93941659767171
101 7.172484516294887
102 4.2921621373620535
103 5.739830906099975
104 3.3412496379969254
105 3.5833529252586005
106 4.242296643589495
107 3.6303326477393814
108 3.8096023005753756
109 3.634778029359039
110 4.680616182704286
111 4.445740688084106
112 5.311926732650296
113 7.325430832433299
114 6.594043378289322
115 6.58460074763421
116 7.6936722459698546
117 10.266657367161084
118 10.63665503776693
119 10.098266122177284
120 6.733790342782814
121 9.487059920154108
122 8.059732983151807
123 6.90158343132916
124 6.918932932326188
125 7.011334809693928
126 6.463486810705296
127 5.5565911134941395
128 10.398790677270636
129 7.084445551228845
130 8.0177866764977
131 9.213870737010796
132 10.36131066520275
133 9.125092426089275
134 9.495268695989624
135 9.321843014867012
136 7.956401782641514
137 10.74492373365958
138 8.911185836082655
139 6.114308727367774
140 5.954284229570859
141 8.762161210796174
142 10.762662866126869
143 10.652162730482818
144 9.92331676796242
145 12.489603605497003
146 9.845535541418572
147 10.342634355275163
148 9.72376051832936
149 8.73173728530457
150 9.802882805806453
151 10.450259217260221
152 8.05177038897321
153 9.352896420898135
154 10.509554313970881
155 10.146856791310434
156 10.043316631269136
157 10.30502187041476
158 10.133813367148214
159 9.61133605370312
160 9.30311905339315
161 8.13212802388732
162 10.550401206839709
163 10.454174614478484
164 9.48615330966854
165 9.387574373387578
166 9.472914105604941
167 10.613632347049142
168 10.313923298093234
169 11.574545020898977
170 12.223853287202765
171 9.227651332173492
172 10.884194904641095
173 11.780221736057337
174 9.513484938586522
175 10.178377949572843
176 9.849431373856934
177 10.104638688585029
178 12.147343181739627
179 11.275360389301575
180 11.68638162840724
181 11.132002751630786
182 10.819891613357163
183 10.336970198188036
184 11.147435216192251
185 10.38876775856432
186 11.140156773190407
187 11.545347346577017
188 10.174661336855578
189 9.84876504842603
190 10.344133165366038
191 10.106416224637586
192 10.985401762707626
193 8.51658545097911
194 6.81357965538231
195 6.714764184471374
196 3.476115489742415
197 3.460715409800285
198 3.670796450607017
199 3.8084408932408107
200 4.24819140499197
201 3.8912550851301186
202 3.392117286588188
203 3.6973771424460486
204 4.338185089679207
205 3.552314773965164
206 3.9818588473205696
207 3.3387388416000063
208 3.2505742267732725
209 3.5364022029931235
210 3.7166044676188243
211 3.798313560814266
212 3.810260164502531
213 5.951546261980427
214 4.192109044895405
215 4.021399277484002
216 5.20626223310084
217 5.157877935494189
218 3.865483553972731
219 3.4265012272992235
220 4.145899760694845
221 3.3700518903230545
222 3.615249414084019
223 5.864580664109336
224 4.148496328592595
225 4.576557519466861
226 3.7856085749604778
227 3.7985373445498873
228 4.08180783971385
229 4.146881849330409
230 4.207965387293606
231 4.075677358037498
232 5.0859564440659675
233 3.268620893335617
234 5.146021716979777
235 4.765528709162376
236 6.522380272315691
237 5.914923699037283
238 6.706584979331256
239 9.286018761349192
240 6.729564252231916
241 9.624888090705705
242 8.317565674987913
243 8.498473895692294
244 4.655893906239165
245 6.960082823133438
246 8.710129570288212
247 4.516510764966207
248 3.93359488102833
249 4.431146381705319
250 4.006274290282727
251 3.5505772236090865
252 4.692412380489028
253 3.61070227888526
254 5.4562387557103
255 3.555066150510299
256 4.026322259025195
257 3.6617850474799916
258 6.131522375067801
259 4.30034880945142
260 5.209264715485925
261 5.176179470216172
262 4.082212803915792
263 4.3083739955293545
264 7.592575539494558
265 6.487961170245567
266 8.496884660278154
267 7.625376052098403
268 6.740527294920631
269 6.849505248777773
270 4.778964075847558
271 10.477871212415439
272 8.430482587940139
273 6.724514364250614
274 8.211444871709888
275 6.366018946926936
276 8.633757858043742
277 5.202912119535894
278 6.406676759567277
279 9.349888967990237
280 5.984402123032049
281 7.395080998010271
282 6.5793465731454175
283 9.779021429078472
284 8.79665208907709
285 8.530909403691037
286 7.082820581220835
287 9.424807866736078
288 8.87902445879042
289 9.755820869137843
290 8.115257902607672
291 8.998735547313176
292 7.301358895871259
293 7.19750992780877
294 7.5133843130117475
295 6.575241608573861
296 8.624768493112397
297 7.854003398205514
298 6.181326594149751
299 8.560106089746158
300 8.920472808035493
301 5.945990500799645
302 3.655885685189493
303 6.285832962738355
304 8.24494179760661
305 8.661087793554266
306 7.926098040461725
307 8.303231799923136
308 6.333367040530103
309 8.101211411433795
310 8.582495913107284
311 9.292883576395264
312 8.046879789180583
313 6.483230378195011
314 7.770288375786762
315 9.027485825081053
316 7.30395904851342
317 7.669024621305555
318 9.542294782594917
319 9.810362377825616
320 9.565735009276427
321 10.308730960193706
322 10.246121511916838
323 10.13941844571373
324 10.386622766824724
325 10.063109062968444
326 10.146020512215028
327 10.218416858370515
328 8.393849521111301
329 9.976750704271478
330 8.419029730893731
331 10.167589323265934
332 9.48972812386349
333 9.189258806486272
334 9.9216354099017
335 8.995546248289067
336 8.903943728543195
337 9.164866930321578
338 9.38465976183281
339 10.245712379302649
340 9.659461742539628
341 11.917284084067838
342 8.048657607144428
343 7.916062619959688
344 8.784423307094796
345 7.328126854279348
346 8.38836368322451
347 6.668659517885151
348 7.399584504375046
349 7.883198376372121
350 8.135380054197501
351 7.831400559197891
352 7.762146334451513
353 9.87990818582809
354 10.465132884047033
355 9.609541379616697
356 11.07179317463336
357 11.326685185886104
358 8.270860968564039
359 11.037052937205914
360 10.709236248187578
361 11.40317060249546
362 11.469114403993228
363 10.610424017528857
364 12.02039643009378
365 12.577698192082954
366 12.87108017498942
367 12.558483158622076
368 11.626842329763848
369 11.666970062039114
370 11.35544764009618
371 12.09621872094628
372 12.023888838234358
373 12.883859047062453
374 11.199598883526935
375 12.871802467688134
376 12.830695166757199
377 11.541854383256025
378 12.95584390757279
379 13.101437182494504
380 12.184233723136304
381 10.877051851425202
382 12.918263272387566
383 12.264971708603886
384 11.295540752188154
385 12.914172473872464
386 12.190442222827114
387 12.826247327651487
388 12.744077462810637
389 12.607459856538831
390 12.663918970945582
391 11.12264114070238
392 12.70435271413863
393 9.495586713798609
394 9.768101715791401
395 9.473048848860358
396 8.24430375813507
397 8.259935866752619
398 9.244932935237173
399 9.525813072519794
400 8.595313930130045
401 9.885818935379593
402 10.659102862618447
403 10.65312019254597
404 10.161689846130336
405 11.699254008541127
406 10.126752394028777
407 10.277492725111994
408 10.413213959070124
409 10.851568546638553
410 8.972243636767518
411 10.526455632768732
412 9.706061000604171
413 10.710106789263252
414 10.795474952189197
415 9.912462652969348
416 10.588856446489425
417 10.166282831250339
418 10.014589143995948
419 10.70256926930613
420 10.15883302182821
421 9.899469704515084
422 10.081805136095438
423 10.027502167925482
424 10.774169803625652
425 9.126880818329832
426 9.403223158693544
427 9.340108471524179
428 8.758147862905414
429 9.627214221202934
430 10.719312894218175
431 11.153647022496653
432 10.97259979640987
433 11.148206595059024
434 8.476769959455842
435 7.136581534771543
436 5.928461905334805
437 7.585625460154661
438 6.81949135729532
439 6.912858686022227
440 7.404598380856742
441 8.925625599719758
442 7.632168190875286
443 6.661221984897308
444 8.490611188839758
445 7.593386373469826
446 8.236331544119501
447 8.987614738204432
448 8.536752596298108
449 7.755709982365418
450 6.902131853299581
451 6.600189727903079
452 6.561220264350442
453 6.576810616454303
454 5.873078034285471
455 8.475612898983503
456 6.22237392971081
457 3.754249242775101
458 4.191032969877132
459 3.6944177706148276
460 3.311693260970087
461 7.8739588821811415
462 4.2428554447562155
463 3.335040947754869
464 4.9395948171458794
465 7.59940407362847
466 6.330298885864359
467 6.580644644191126
468 7.352915884694046
469 7.042087644352443
470 6.883009309664038
471 5.7517684190606
472 6.657543793284827
473 8.576207618398572
474 8.07539560033623
475 7.165223996777593
476 7.019658027023184
477 7.845980242374472
478 6.737377066240604
479 8.380941756301567
480 5.150635539238763
481 6.562244508436897
482 5.430436646253502
483 8.621395675830186
484 6.712974002297414
485 6.490381298492881
486 6.801817032751576
487 5.566378771091421
488 7.042474566307745
489 5.855931481552703
490 9.479652778564972
491 8.382796109354434
492 7.945011478473647
493 8.12342371165943
494 6.1232728892853565
495 3.5737958643086762
496 4.027004410013373
497 4.47167879776003
498 3.821166796959577
499 3.8167052152464924
