0 3.9269540111383288
1 3.988929498625347
2 4.398312541443942
3 3.890766785111207
4 4.108269169323351
5 3.919416209824595
6 3.6519269374642476
7 3.5167581094251243
8 3.867437685374005
9 4.222846423373651
10 3.700858025317083
11 4.20202367108173
12 3.688169368762364
13 3.9937213319445624
14 3.713438322635092
15 3.7443398845258162
16 3.719724607426618
17 3.8562793535427446
18 4.333966608885566
19 3.6835338655082515
20 3.7275845218978505
21 3.7361270954540236
22 4.05754696276383
23 4.146023467237406
24 3.9017342000161213
25 3.8521619642350147
26 5.1596510287853805
27 3.9335137215497964
28 3.4423522969774494
29 3.5210617566486397
30 3.910062262883719
31 3.8824795358429425
32 3.9057178941088564
33 3.7351274675518438
34 3.8771186271854066
35 3.847951128763448
36 3.670811849759075
37 3.764764805789035
38 3.731076664539567
39 4.107141963157587
40 3.723769739174889
41 4.016749065589359
42 3.891579998622211
43 3.843289657813022
44 3.78037387484995
45 3.8886761479986447
46 4.368555699986395
47 3.7884329899338973
48 3.803291465523399
49 4.512627184998612
50 3.99944354271246
51 3.8249612328495886
52 3.7955115681842635
53 3.9256939265893513
54 3.7835296793356514
55 6.777153977430091
56 3.6386120516420912
57 4.473290306079408
58 3.984666401002978
59 3.626826099871932
60 7.114787562632915
61 7.84263911296658
62 7.523205429684412
63 9.113070880703408
64 8.613903632464503
65 9.290426976821246
66 9.248997469134245
67 7.2014791594404395
68 7.341967760690214
69 7.473418948900813
70 6.708887209964097
71 7.961026377018611
72 6.165641282015469
73 4.004587110631977
74 5.6179369388465465
75 4.032892659577295
76 6.6737430785619685
77 5.542416750087746
78 6.88180587952574
79 3.7439965454207083
80 3.6957303889294435
81 4.207807522982244
82 3.790516612827554
83 4.070994169937146
84 3.9730336048818415
85 4.317860282604745
86 3.8288398276051345
87 4.010606539966309
88 4.856613497232802
89 3.7411126939914765
90 3.9855130612297383
91 3.980691882940826
92 4.217104311901059
93 4.617684568492085
94 3.683792573419956
95 3.722429259988491
96 3.707202029302742
97 3.865561286999516
98 3.848118648131379
99 3.7206695596998633
100 5.667669977475896
101 7.5845397373325145
102 8.252361101149587
103 7.666159800387517
104 7.071654944361684
105 6.825455199602855
106 7.30107294814638
107 7.946691592875242
108 7.910852261862458
109 8.878709366437029
110 8.390152315327617
111 8.253285408059167
112 7.932108160778129
113 6.994009293861767
114 8.042379710374762
115 7.824163287611951
116 6.948112869389516
117 6.477832626380574
118 7.831047576800938
119 7.9895611129517565
120 6.395772795869052
121 3.9720755641376475
122 3.7048134001851936
123 4.083480863418585
124 3.87700139903334
125 3.9242572346804407
126 5.084884925914146
127 3.853106400197884
128 3.850122059539947
129 5.587991341690984
130 4.006134637208745
131 3.8135159988675436
132 4.1061476235780745
133 3.7734514943552897
134 3.6899971127250955
135 3.8703437550669695
136 3.8446855231967683
137 4.0050705841028895
138 6.171849281398386
139 4.111920240301045
140 4.090329648256351
141 4.016307875355932
142 5.587057986206603
143 4.452358648550168
144 4.1603318400296665
145 3.66788486787313
146 3.803705408151483
147 3.8373420588787326
148 3.8341546006888905
149 7.076750135560088
150 3.7215819336911418
151 3.681336413409468
152 3.876696271700193
153 6.716723192478812
154 7.2337963012059925
155 3.952811736526435
156 4.389273355221204
157 4.18343985203711
158 3.9272589624432577
159 3.9712085754383866
160 3.6170447030341126
161 3.976279432527081
162 3.885623185261879
163 3.8686517391438806
164 3.9654634867649277
165 3.9109594107679664
166 3.838815977901297
167 3.8124339575916544
168 3.627740111827901
169 3.730032599887618
170 6.401309035861545
171 7.17023663617586
172 3.7792495580907746
173 3.7825821010181624
174 5.721314828053751
175 4.182037359454168
176 3.593938917911749
177 9.071591899695337
178 7.736494679158932
179 6.457206572818495
180 7.259144992873854
181 7.239422725049003
182 7.3591949923108215
183 7.8867721451543895
184 7.245535694472082
185 6.494568294621288
186 7.475367196655949
187 5.931249363516203
188 6.045845758088901
189 6.8098439437380005
190 6.232938804148345
191 7.200977654438218
192 6.812729152113264
193 6.246965236100247
194 3.7386083613503827
195 3.823638084772848
196 6.026996866927197
197 5.631130102166591
198 4.906582889666962
199 3.434901408777525
200 3.8784072815797943
201 3.8545663992364374
202 3.740889226450915
203 3.7816191630330653
204 5.056231870814514
205 3.995939883258435
206 4.289433327293407
207 3.774765450733071
208 3.9465672486861187
209 3.8638024659836683
210 3.9707321143064465
211 3.964622718041857
212 3.729045408689299
213 3.911788544392687
214 3.9321732120630593
215 3.8410040027075723
216 3.777335202510916
217 3.8068874623955633
218 3.6463854019223882
219 3.5572894403320405
220 3.7497441129525946
221 3.377080462970389
222 3.8318155287242175
223 4.124623180609256
224 3.9171101393164394
225 3.8626969665366735
226 3.9134742500354394
227 3.9884175066465106
228 4.0784798028616125
229 3.8483648451593973
230 3.829097018797822
231 6.308946904602583
232 5.189506025099841
233 8.473047998699844
234 8.24729229613964
235 6.7665792506813
236 6.064297836936259
237 5.5118103580741
238 5.110026359619601
239 7.436834369742272
240 3.818829944197613
241 3.8073685247022544
242 3.8853781266324074
243 5.596410450200883
244 6.861972136690262
245 8.266130068892775
246 7.721297205604599
247 6.1150314740508716
248 6.971315977979709
249 3.6964248889640836
250 3.843948292686537
251 3.183574622162269
252 4.118215744012031
253 4.141066232206896
254 3.7088926047258233
255 3.7635110897880963
256 3.906457600862131
257 3.83323403972995
258 3.898246022494135
259 3.355519884959515
260 3.7687238208604263
261 3.799974423228343
262 3.7829642856272527
263 4.001122580070532
264 3.8219554955086403
265 6.0458082911423645
266 7.852549814329187
267 7.210662107720851
268 3.6411020772405824
269 4.863322750009011
270 4.104738452071056
271 3.8869954686056376
272 4.058838512889526
273 3.6568904139763965
274 3.5830477829491922
275 3.6984084745465813
276 3.7277044191273685
277 6.260095187905512
278 3.389820116350074
279 3.7114900974385474
280 3.911527248342279
281 3.7111472693482086
282 3.758344454680888
283 3.641002777971302
284 4.28786967658873
285 3.7357356643647095
286 3.776428019398656
287 7.3163101077307795
288 5.82306027197829
289 6.066328884511304
290 6.840665872938754
291 7.671752393379256
292 8.821290192829151
293 9.77442177909611
294 9.167126709507087
295 9.676961848755079
296 8.089295401876788
297 6.475355474313945
298 8.423876461592407
299 6.541017860707243
300 6.637154619685971
301 6.911205810824957
302 7.773734137261999
303 7.0167329808608905
304 7.300239587914357
305 7.967181885673165
306 7.338691626323387
307 7.874478514785602
308 9.204421283543663
309 7.569724130215331
310 11.119373341731022
311 7.131720565650781
312 8.601172564536121
313 7.974592405675633
314 7.073318269915817
315 5.4288033724570575
316 7.329442957356297
317 6.5444435764920135
318 7.588215777532808
319 9.243489760178552
320 7.128038284703614
321 7.907312776560898
322 7.160210200959576
323 5.949101473839149
324 7.725852726421677
325 8.358099803681487
326 6.202547589475523
327 7.360849749695359
328 7.134792418713379
329 7.380935956863577
330 8.797033176637642
331 7.520935075561959
332 9.768771550815998
333 8.075871084424026
334 7.793241924223836
335 7.359095879016872
336 7.987903922106343
337 6.959061850870029
338 7.150241685305435
339 7.17737513355162
340 8.136648456615005
341 9.364167922464027
342 8.123418632424023
343 7.559069768822774
344 8.377854043959106
345 7.611153800025195
346 8.247899459340807
347 6.328677663470252
348 7.5782904975061385
349 4.09878142395632
350 3.3340869796240193
351 3.68572118722148
352 6.352167341356213
353 4.051079242747463
354 7.3672876261556475
355 7.527864221681004
356 5.900985073926311
357 3.7349124312019404
358 4.6235976377216135
359 3.74763738312255
360 6.0444832203638885
361 6.169895084389338
362 5.457664799034171
363 5.982954801120077
364 6.150663708466871
365 3.5963125321908813
366 5.827851700283603
367 3.748950182867392
368 4.057633122793314
369 3.953206235226271
370 3.8154425154442766
371 3.8986376075909064
372 3.8235221727189206
373 3.5583048577339977
374 3.8899570161869415
375 4.303140278496534
376 6.992285058497191
377 3.6517915312867677
378 4.061396498353762
379 3.8280636128580983
380 3.832149570578091
381 3.913438355580943
382 3.896401353048215
383 3.97149544533939
384 3.7610055533076547
385 3.6476224225281353
386 3.824703103332786
387 7.767082073699179
388 8.349884331732484
389 6.295282982837338
390 7.250714048098299
391 6.626657756026423
392 8.09577777059542
393 7.2564640029911995
394 6.2006292101931635
395 7.594916955741506
396 6.819113858961192
397 8.714216140311292
398 8.876798417193026
399 7.243607343845573
400 7.254860206174256
401 7.0561569092835725
402 6.8648346126642865
403 6.4559494402273145
404 7.246061472435641
405 5.336662357082837
406 3.738629816613116
407 3.6133365932781336
408 4.00499774387802
409 3.831441480238746
410 3.7518308002320144
411 3.915665020713799
412 3.9771886337848574
413 3.7207576421700184
414 5.280485108382293
415 7.258940389092172
416 3.6896405108721453
417 3.8165677966477434
418 8.572314729678737
419 7.18561466847049
420 4.9268801917759815
421 6.620460175805781
422 6.134894836718611
423 6.817114140524842
424 6.0971287718406195
425 4.431983468725752
426 3.6778466731887396
427 3.6025320386681203
428 3.878553261615136
429 3.671498433413108
430 3.852880483929935
431 3.660024362861868
432 3.696257718177587
433 4.836819816127206
434 6.98855166447743
435 6.731631927893421
436 6.174703372613098
437 6.728487053334148
438 6.193838358210334
439 5.510909191929552
440 7.783784826323979
441 6.9453879237913965
442 7.3720744936199285
443 3.8562415955227816
444 9.177994869064541
445 9.052589907476621
446 7.924708518358436
447 8.472513543348612
448 8.069161836276718
449 7.906185789385884
450 7.845391630145838
451 8.501200045218694
452 7.0132773526509355
453 7.065407725028227
454 6.283463683748763
455 6.6487333897944945
456 4.199280469408705
457 3.8271403338123546
458 5.271068565938157
459 3.769485018757207
460 4.3166722230359476
461 6.168677295376882
462 6.716483774841321
463 5.72814096909732
464 6.809527325600924
465 4.494275640068737
466 7.158479531823692
467 6.814159289140206
468 6.561732989863954
469 7.760912885094773
470 6.803468551077499
471 7.083828634655696
472 6.459336232448931
473 6.247742015571141
474 5.607557973906915
475 3.879546832729363
476 3.87563059254985
477 5.497941014594429
478 3.8590032502552796
479 4.058784472947844
480 3.8077116647353093
481 3.7756024296033424
482 3.7295589417013675
483 3.721316914836016
484 6.662479494176964
485 7.091935416555152
486 5.724790138503317
487 6.737153766806436
488 6.683885874384301
489 6.353643388788316
490 6.326854571558742
491 5.210208812609036
492 5.983477793411506
493 7.613372825321382
494 6.379414509299772
495 8.818387628079746
496 6.594197418879092
497 7.579651652966091
498 5.835477459485592
499 8.471744899025637
