0 10.091252597146537
1 8.673276140820805
2 8.206972569391795
3 6.119457770036966
4 6.560077895029417
5 7.553143721702989
6 5.832510520007214
7 7.530133222280476
8 8.1169101455756
9 6.644968687652009
10 8.68102210980517
11 7.858726700121299
12 7.747169045201711
13 8.437335677262997
14 8.00823043502844
15 3.699293946928297
16 6.361770254645258
17 5.104846541949919
18 4.0933290720271875
19 6.77219523551446
20 3.986112914932489
21 5.210839078959069
22 3.747460084957598
23 3.902673881842688
24 3.8099824391919603
