0 4.123969354229136
1 4.1576971350773055
2 2.7591278680619995
3 3.8126523930647105
4 5.269219303257572
5 3.980798086242405
6 3.7544342816909517
7 3.5480737249960104
8 3.717562071450295
9 4.320930448708686
10 3.156691540592126
11 5.669351280363795
12 7.225856708088593
13 4.211567463389866
14 4.665732859218872
15 4.124105368329603
16 3.855970500109291
17 3.2912311241138923
18 6.017756497401689
19 9.10577980170623
20 4.725716217392612
21 6.646514060072512
22 7.112653003280252
23 6.904900714430767
24 6.434922640434196
