0 3.617712940146715
1 3.8202374157938848
2 4.2067091641204035
3 3.619801409180341
4 3.543036724798439
5 3.9846997233736534
6 3.998238657399255
7 4.0547643299491725
8 4.126790093446081
9 3.4951388692603444
10 4.49139999817997
11 4.098868437059501
12 4.257785343398557
13 3.590715404108876
14 3.568918379408627
15 4.12898544951885
16 3.667373464860439
17 3.4851391561273894
18 3.599804953275734
19 6.498058055269015
20 3.7335943097607887
21 4.248133531758084
22 3.4339174858852575
23 3.952442540929247
24 4.4771557521577
