0 4.101272574850354
1 4.9684497115619015
2 5.443945285886392
3 4.487426470889039
4 4.209852796643141
5 4.35576925896658
6 4.238531060300825
7 4.43767636092184
8 4.293847882380411
9 4.362941743604889
10 4.347144701999665
11 3.782649421333269
12 4.660593701929521
13 4.515714379622138
14 4.393066588312044
15 4.191837079339519
16 4.651595427688207
17 4.379184541307506
18 4.6987077264841215
19 4.23713415048501
20 4.556980153760565
21 4.938935882306315
22 4.540402964966671
23 4.610049316452625
24 4.02287977319367
25 4.401956704942985
26 4.283700563177971
27 4.146886411899003
28 4.201994130203073
29 4.188181805791861
30 4.319260782928292
31 4.965857369472324
32 4.686972726932662
33 4.515531634969249
34 4.440136898248469
35 4.3860687948615285
36 4.471570337644957
37 4.1662503921874805
38 4.526292135131794
39 4.478207847669942
40 4.351838631396292
41 4.237727403987108
42 4.384909820118956
43 4.2790931583967895
44 4.366347104134642
45 4.548544247776418
46 4.393424668079002
47 4.296438853567077
48 4.453045290132931
49 4.427926667817862
50 4.174958085571219
51 4.7367341612159475
52 4.248972363302178
53 4.723440053291285
54 4.188297592315767
55 4.14133054703683
56 4.31168099518674
57 4.504499824275976
58 4.334444915444255
59 4.297745730615045
60 4.268403924042821
61 4.29503104947124
62 4.000027769471003
63 4.197740117551856
64 4.457388561795999
65 4.1988666631543925
66 4.689709047971025
67 4.012779492420135
68 3.9217243321220305
69 4.619451953091768
70 4.1297838845989165
71 4.5569900584510865
72 5.065978595296541
73 4.614253990471618
74 4.621487906322957
75 4.251817155087953
76 4.800882749099155
77 4.255518604591264
78 4.499951208570023
79 4.280953455032655
80 4.637696745663056
81 4.667631147685667
82 4.57957784640362
83 5.076835119536579
84 4.810250897684344
85 4.238060884356661
86 4.231036573622922
87 5.120385223433041
88 4.131637323224726
89 4.693127536835812
90 4.4686145352431526
91 4.195538914346692
92 4.354544938734693
93 4.779624615593392
94 4.504749672357087
95 4.213172042029694
96 4.589744138860378
97 5.020412516518438
98 4.283906236160262
99 4.519950368095804
100 6.173130950399664
101 4.0338698049570585
102 4.382535664097744
103 4.787646699221351
104 4.67902621500633
105 4.36963419528142
106 4.823032136304528
107 4.580341038115033
108 4.339670253918912
109 4.1580117358074755
110 5.672411980109399
111 4.670455782756219
112 4.207996913761847
113 4.429327211953995
114 4.421809203890772
115 4.540463288457546
116 4.204924910702876
117 4.151782996672733
118 4.32346913997732
119 4.315862041683835
120 4.388308546755687
121 4.367644438855086
122 4.279474936714537
123 3.9939457363666353
124 4.6182548319127035
125 4.224730693952634
126 4.596427854503875
127 4.305926268941361
128 3.634131477337857
129 4.315932696421969
130 4.65927053173963
131 4.4985078403764955
132 4.2765560260651085
133 4.831207457400458
134 4.608520131664207
135 3.4420777313030158
136 4.77373169479357
137 4.387908603816605
138 5.570912687340432
139 4.5472421247099115
140 3.92212868042434
141 4.3366281865610645
142 4.555796595573206
143 4.43494341268091
144 4.311307640843558
145 4.510464922734931
146 4.458210323530312
147 4.1480788755231695
148 3.4140512168262815
149 4.214348118837067
150 3.685375620809552
151 4.3921574190134915
152 4.43679271217924
153 4.344862277875872
154 4.3915974847038965
155 4.4621806060883005
156 5.289452585493372
157 4.437775472610176
158 4.43697024654453
159 4.477580524814533
160 4.1100682619184585
161 4.263805115682902
162 5.5825321958434655
163 4.5379597070563875
164 4.357794965382193
165 4.344980103759836
166 4.4467466098030375
167 4.252940763410379
168 4.067698159093532
169 4.3800014886471885
170 4.510629023316097
171 4.3577575330571
172 4.260964393263967
173 4.559228360578933
174 4.48102041095233
175 4.44859087110928
176 4.323667886133637
177 4.687305952090244
178 4.614056217183035
179 4.13996774428085
180 4.484093227670711
181 4.136503484732002
182 4.38945615513676
183 4.232131338402648
184 4.883971894795826
185 4.28170688663852
186 7.236204035568646
187 5.398020327410978
188 4.662726262807159
189 4.737120462764718
190 4.933289409492857
191 4.28192339507844
192 5.076863234013204
193 5.378124620270574
194 4.328919308043159
195 4.663604131624769
196 4.095802241478361
197 4.730935859476061
198 4.739203069680916
199 4.775329704544833
200 4.579457093160065
201 4.5096479325435235
202 4.440649803741685
203 4.479617638832728
204 4.606558149295277
205 4.365760803520664
206 4.5506040237232765
207 4.757398086637488
208 4.235064941749538
209 4.042167384523497
210 4.137350645223635
211 4.4962841162848965
212 4.310693340160068
213 5.064639805194964
214 3.9144128253703023
215 7.11350591905114
216 4.3815128027183405
217 4.170071216603295
218 4.361622663560463
219 4.345606509970762
220 4.178326876483395
221 4.446365867057188
222 4.203177261113286
223 4.394227132899097
224 4.4240201808658774
225 4.630645441083156
226 4.236350289852431
227 4.255788942906858
228 4.1823367032421475
229 4.257818984699956
230 3.5652726651980475
231 4.255947684108279
232 4.392511726981677
233 4.3945722814643435
234 4.595497194226152
235 4.275907567963042
236 4.2687571419060175
237 3.9051095145785406
238 4.8929782179331065
239 4.689204922087994
240 3.9313259942730787
241 4.3944249304714464
242 4.272936850346873
243 3.6370337313611394
244 4.180359610612686
245 4.639838709091762
246 4.621518913592071
247 4.3571324473678334
248 4.38668521043711
249 4.2357277163439475
250 4.3179929697840995
251 4.756398938497072
252 4.166461733688396
253 4.490160366903643
254 4.536431701264796
255 4.1580854017458195
256 4.407716995244279
257 4.427936531108358
258 4.337481303314808
259 4.055265820286924
260 4.103467848471042
261 4.473597285322622
262 4.734230533967483
263 4.255872650996812
264 4.417793987232488
265 4.477751391022546
266 4.306463842203221
267 4.235615902188758
268 4.303491679036395
269 4.623869368491624
270 4.188036140608525
271 4.075939932512018
272 4.173067072857149
273 4.941867826922047
274 5.57093596344058
275 4.296921892095716
276 4.361973983538246
277 4.384309481500477
278 4.1537765671942
279 4.094779641229123
280 3.702157776548543
281 4.266094516622285
282 4.586996517240686
283 4.168276904103502
284 4.530860549326945
285 4.100147733438204
286 4.333864250105774
287 4.4000901633954435
288 3.8208037004713495
289 4.3050066651561165
290 4.4457899495106465
291 4.771060393223773
292 4.24347723005099
293 4.554978479095809
294 4.151831147573797
295 4.5462620364461985
296 4.63994765736961
297 4.22952281793122
298 4.325396697215626
299 4.435565661069787
300 4.5344256154925775
301 7.067887022181647
302 7.812585927764695
303 6.856968262379919
304 5.43437257713762
305 6.082328346498757
306 5.639997470020134
307 6.201881400999566
308 7.525059770163076
309 7.016914559238028
310 6.176129588384285
311 6.774746094119465
312 5.915216133300997
313 5.331686471590397
314 7.856937993170124
315 7.174893888859443
316 7.543438527456411
317 9.198150741835121
318 7.528119175397948
319 7.305683878361401
320 5.996449121326556
321 9.356080143114538
322 7.712665035466138
323 7.407764917076831
324 7.341122241487833
325 6.043825425173442
326 6.887182611116055
327 6.831483556914762
328 8.520583864274823
329 7.119001758799092
330 8.66719121036499
331 7.676641162103805
332 8.393894147670993
333 7.878828283661749
334 8.50584839998219
335 9.018943236660258
336 8.731182175114556
337 9.441547263603084
338 6.293651281296851
339 8.876895995094765
340 6.770447114713777
341 6.855296451555394
342 6.314422680339269
343 5.618345423338901
344 7.398582029887116
345 6.097027643902939
346 7.283971646908457
347 5.4180609620655
348 7.222917905864512
349 10.829752661284783
350 9.612137846782549
351 9.32859757815808
352 9.253707086628092
353 8.640720847679626
354 7.549422240731263
355 6.911812119240249
356 6.298386659151653
357 7.375771366737402
358 6.803586857283341
359 6.978650083106641
360 6.879383748347103
361 4.513244024411471
362 7.108334235748555
363 7.216299920026982
364 6.686774804347038
365 6.406947017173174
366 4.805976264853873
367 7.892596781602149
368 6.814360155273394
369 4.351216545003044
370 4.101321029112022
371 4.053038595921052
372 4.145292979839213
373 4.627051015373836
374 4.2233673430599685
375 4.362312770663284
376 4.4232958080096845
377 4.1388821340856525
378 4.511632499094201
379 4.463196465038046
380 4.1222739970354745
381 4.390056315581302
382 4.167743182390124
383 4.175364112876815
384 4.222607242540003
385 4.535335322004004
386 4.243367109733131
387 4.406156749034818
388 6.3613507758712
389 4.478093183106523
390 4.153410075840582
391 4.387649272147594
392 5.7133803447676
393 4.519793793224062
394 4.0817189399167795
395 4.635665984551054
396 4.35766011908892
397 4.520068850213474
398 5.76587370326028
399 4.332181008173657
400 4.3398500568273315
401 4.171892685259794
402 4.629980565513993
403 4.52285868121267
404 3.7158174762948475
405 4.432560787403302
406 4.339258952881165
407 4.170827029025306
408 4.5667526938737755
409 4.939187147567382
410 4.381240163165448
411 4.3641985668098116
412 4.8550867108203235
413 4.108742255845229
414 4.315351485660113
415 4.468855008080467
416 6.156091902804428
417 4.313701672224959
418 4.428656545092071
419 6.734897399466925
420 4.6015729579503395
421 4.264506813411557
422 4.400055374918811
423 4.45566319169236
424 4.381313578064927
425 4.274634502280547
426 4.860329833907131
427 4.553013865805775
428 4.568982797718754
429 4.477838409607119
430 4.224625523983209
431 4.669461893271887
432 4.811359861888034
433 4.674119318296422
434 4.28759723442799
435 3.8278357314218
436 4.313836660446528
437 4.710162071995938
438 4.666913379101078
439 4.418938000065578
440 4.309233141418188
441 4.30905770331054
442 3.8700388423450924
443 4.83557005115911
444 4.737417103008716
445 6.517909570899131
446 7.111943110855643
447 7.885914861414184
448 4.062227023612508
449 4.294969733131349
450 5.068661125591882
451 4.333299926886803
452 4.668437314651543
453 4.211062311873977
454 4.479945891245593
455 4.534956814629736
456 4.061442737912173
457 4.016400792748108
458 4.565969366729684
459 4.912646491923883
460 4.251299260723414
461 4.0689858504087635
462 4.199517765597014
463 4.739546471962605
464 3.9257013848531446
465 4.457303906578658
466 4.691630236372344
467 4.284783201059038
468 4.192627991342437
469 4.292087383909675
470 4.2284347344044315
471 3.5615555742767095
472 4.317111077790742
473 4.3004916239335484
474 4.410992777273032
475 4.857641244379467
476 4.333218104280535
477 4.4183689058761875
478 4.345147758290258
479 4.412496432967995
480 4.359318082748123
481 4.519688373433794
482 4.198791167489259
483 4.240676258033024
484 4.3619199147544006
485 4.895671246267791
486 4.195708322486911
487 4.404512009406701
488 4.693161119835469
489 3.8485209670637603
490 4.962531551326599
491 4.649314280937986
492 4.496005470773226
493 4.38457226820084
494 5.588343186833577
495 4.49465871952398
496 4.736389427825188
497 4.580978886624228
498 4.5431990198044545
499 4.5645958580777215
