0 4.473468360624184
1 6.311265626916219
2 4.256819120132043
3 8.117120488868483
4 3.8147325494069677
5 3.982612113357456
6 3.8219816493068284
7 3.561092801058881
8 3.353063008762836
9 4.018484766463887
10 3.309872509760002
11 3.103356199328056
12 11.1410930692463
13 8.219150096034667
14 10.779555204554558
15 8.618390123469815
16 11.704675445015537
17 10.003231757161219
18 6.99939256361177
19 11.699153732425325
20 5.540927307875672
21 3.4857130229662854
22 3.3852505466802234
23 5.617272473438491
24 3.6202197067461506
25 3.168957606539926
26 3.865409064074948
27 4.311896693936747
28 6.716388390073201
29 4.1023235982388035
30 8.146164373079475
31 9.43294569675828
32 10.915401397599119
33 13.091320348490635
34 13.767705875117336
35 12.229741983219755
36 11.945378419596345
37 11.139383597141062
38 8.667276113980765
39 11.54493692956967
40 11.329147868561398
41 8.678445266499462
42 10.806874512653696
43 11.563397758610314
44 12.38838299013766
45 7.199051945666376
46 12.676515078711073
47 7.56655018861996
48 10.300749152750464
49 13.043116290038633
50 9.875009927629717
51 3.8244394857544286
52 3.855907171890661
53 3.6513488621646766
54 3.7649326694927683
55 3.823283363777838
56 3.586134400411738
57 4.166754424014805
58 3.2448756674146773
59 4.131477461248823
60 3.7368444527292386
61 3.5349242254953235
62 3.1294824570051136
63 3.58143649080166
64 3.944818667129662
65 4.760019560894226
66 3.127190183722941
67 3.5144507442610373
68 3.500467102703642
69 3.107961909644619
70 3.705379577626466
71 3.9393770459010686
72 3.6593358676420347
73 4.602434709266907
74 3.5589875985589483
75 3.4386228231949394
76 3.6677055151722238
77 4.0960171392358475
78 3.482537931201254
79 3.6568022284322477
80 3.5291538757635235
81 3.7136093651726867
82 4.067749143064687
83 6.385535217776079
84 3.9188896277305805
85 6.344473825323656
86 5.605759599226069
87 3.4617201731695237
88 4.495568106180825
89 7.513900996636293
90 3.944806094149625
91 3.3939163203936022
92 3.535765445375414
93 3.8722897883391365
94 4.551223416022798
95 3.8605701768102434
96 3.6581736976686114
97 3.7072602368947547
98 3.8015810223704336
99 4.340396917608826
100 6.353308623675829
101 3.2788149207838124
102 3.808727542456797
103 3.4208926713743995
104 3.2067286920501314
105 3.710158565170752
106 3.738011033161653
107 3.5456337836827645
108 3.6222397783848947
109 3.3028709879428617
110 3.6962063170728063
111 3.5264211207954936
112 3.1841407460114364
113 3.468607687742689
114 3.7199137058263214
115 3.6011024495280575
116 3.4467608873576374
117 3.4258686407551067
118 3.7835807851243586
119 4.285033053176224
120 3.807076565002456
121 3.651060387853717
122 3.542994757364197
123 3.6013843795278975
124 3.4896240547185338
125 3.8945853639105787
126 3.809195347785673
127 3.9488030242275363
128 4.034415759147243
129 3.846563320268659
130 2.9052065165239
131 3.6194205207456034
132 3.572023656837194
133 3.54727182994995
134 3.8254676119816606
135 4.4585348844137975
136 3.725508517764716
137 4.31498272795905
138 3.7311760689409
139 4.208638405231711
140 4.69508639746042
141 3.738892043458628
142 3.742607678505938
143 3.255007948390335
144 3.8950399167978778
145 3.681933265737918
146 3.695419151381614
147 6.609739287531991
148 3.565030125800505
149 3.807085962889473
150 6.036186426771036
151 5.6822888836505925
152 6.55307742408199
153 7.531561076926541
154 6.7536950641950275
155 8.041830975521096
156 6.09073681473334
157 3.2822875043904416
158 7.914996753567127
159 6.056177896859243
160 7.35116410900086
161 6.548552672285415
162 6.735092384641703
163 6.909344645718055
164 7.247739374822705
165 5.592976310490091
166 4.0875316633831975
167 3.3643216608888036
168 4.843551341876998
169 3.602291502414394
170 3.8571928252256997
171 5.759754624283031
172 3.601349239101437
173 5.902848391956968
174 6.470386780212552
175 5.1115088405053095
176 3.6466969222314303
177 6.992435048507988
178 4.369600347386325
179 3.3846049267218956
180 3.431239411287281
181 3.610151886477921
182 3.655648843849584
183 3.7402853152006297
184 3.893716761445101
185 3.4273059155749785
186 4.011399899526394
187 4.119616016111263
188 3.785757905108005
189 5.409758009531302
190 5.535737304281227
191 4.008145542563565
192 3.4352295595910936
193 3.335795035772314
194 3.6919366802858975
195 3.128041436057093
196 3.6398936424087553
197 3.396687419815695
198 3.937707094185692
199 4.163692879272403
200 3.7932805378986765
201 3.6813219117518905
202 3.6558759067518647
203 3.7052378049903343
204 3.3224279304571387
205 3.8163587076156054
206 3.751523135241825
207 3.5071035544494276
208 3.4791472075608456
209 3.4327938129312368
210 4.236234060270456
211 4.342156601207945
212 4.672468739086611
213 4.064513979329257
214 5.545239903742547
215 5.4039894823598775
216 3.9808468590036292
217 3.762596462593363
218 3.7042527702145227
219 3.3891371105282344
220 3.5158316197878605
221 3.6446811275022575
222 4.114296338857141
223 3.305532615227389
224 3.7062479201803096
225 5.520904735722642
226 9.158760054052438
227 6.444122938381733
228 6.854042000910222
229 6.082927562830465
230 3.6509366825324294
231 3.85738200608427
232 3.4284697923819283
233 3.34804278099137
234 3.825430845534184
235 3.0637327695730594
236 3.237522519719992
237 3.420057165923002
238 3.687691290067911
239 3.3242295418241463
240 3.676195896275539
241 3.9795528148709223
242 3.94720793278358
243 5.50744539062653
244 4.603125752637057
245 4.091942982913344
246 4.064332519650429
247 4.227605900844927
248 5.6140946788105355
249 4.0256232684209
250 3.6731201861262313
251 3.7097141869951686
252 3.7477545198088644
253 3.8355889548227813
254 3.6502982574373513
255 4.338520868331022
256 4.019482479384073
257 3.4722627878679484
258 3.6689095843645707
259 5.071877287114102
260 3.7890790580998828
261 5.324811795459691
262 3.870423828189862
263 3.7214517492689714
264 5.3062777267688785
265 4.251178251126619
266 3.474350634192622
267 3.8127160811622107
268 3.4802811799622777
269 3.609231251257286
270 3.7763476624651786
271 4.154346006687298
272 3.1445988955114843
273 3.8617391614023466
274 3.724399990712951
275 3.5497957111166203
276 3.7666167544438953
277 3.8866014063039014
278 7.589203913926404
279 4.322298554497079
280 3.5154556617035047
281 3.8094801444490543
282 3.8878242185593255
283 3.7201090564290737
284 6.138944161147121
285 3.382618734457108
286 3.0307700068857764
287 4.0465656971024835
288 3.9690247614263363
289 3.85969615206432
290 3.9404943267735035
291 3.8966999461026726
292 4.180075708661634
293 3.750658184129335
294 3.723048059500764
295 4.02048455908676
296 3.6979572917864187
297 3.95829926895507
298 3.976779310044858
299 4.336102619020207
300 3.873122988012575
301 3.7309559066381652
302 3.565738603936466
303 3.967908302485765
304 3.562199806153681
305 3.644020524519241
306 3.8338532943950674
307 5.009527390295046
308 3.604225365281806
309 3.625096082581215
310 3.692856797952733
311 3.4170595213597363
312 3.201032065070036
313 6.108777412139776
314 5.841443931410371
315 5.038936872651386
316 5.555851564824879
317 3.173044988046085
318 4.526224168692104
319 5.314438612619146
320 3.841917538347107
321 3.7261841355321126
322 3.6234366971808276
323 3.444382223883983
324 3.6125517636827533
325 3.242206706320051
326 3.6628701376141724
327 3.6535491801618587
328 3.588559372929672
329 3.916262240173646
330 4.085329671661068
331 3.194518131128161
332 4.484442095286465
333 4.865536481633635
334 8.655836419886041
335 4.609518602196108
336 3.4947629831704523
337 3.9574392917007932
338 3.9891518656859675
339 3.545155721260095
340 3.819968025828913
341 3.773543716600107
342 4.997694751244763
343 3.622305140657545
344 3.9372418800328357
345 3.6778576971373655
346 3.636538821850632
347 3.5755765080227766
348 3.7451559480009053
349 4.120194283221493
350 3.6569283110858417
351 3.890671419669706
352 3.7525915253572752
353 3.390271030036619
354 11.232264182883386
355 8.244521314242009
356 11.770949928386635
357 11.084211895174839
358 10.937586775867901
359 12.861960013050336
360 13.817211233831486
361 14.635628170195712
362 14.091040807615869
363 15.019169667667796
364 13.347468168829716
365 14.554404180134636
366 14.798867404313484
367 14.918580440089151
368 15.8422565384386
369 13.417377393612433
370 14.22036393781488
371 14.20810140657523
372 16.115149277118086
373 16.128194584609886
374 15.827690247694461
375 12.487245881969592
376 13.036773047039558
377 10.641964115371017
378 10.411550020526333
379 14.556280996382089
380 15.64672960531202
381 12.034357263308719
382 11.762712354861785
383 12.585222876559254
384 11.721215230139283
385 14.081789035851669
386 14.934235291334996
387 9.419960850650563
388 10.90911670216287
389 13.020289493997472
390 8.134078540537853
391 9.174195271323164
392 7.726559763464692
393 11.660672081782662
394 8.839837959141622
395 11.536381085055133
396 10.71495856690883
397 12.764785810130906
398 12.267952431463124
399 8.683316789832006
400 8.519543366081143
401 9.34475199498166
402 10.44635066645622
403 13.143037922341902
404 11.4687946689518
405 13.025014091177225
406 10.152802203010257
407 3.270415523276037
408 3.346494507628238
409 3.810209271001329
410 4.338100329438367
411 4.744386882195016
412 6.453391243936154
413 9.813924710550408
414 15.15415072481949
415 16.074511072921823
416 13.537281422916955
417 14.96742550827782
418 11.95580338074839
419 17.536154070936128
420 13.012794551012894
421 9.050669037525003
422 13.18061475761799
423 13.970482832720293
424 12.689178663532196
425 12.28302675491767
426 10.9238087743326
427 7.554916968013492
428 9.610826427936427
429 11.982972202991784
430 14.5868297750824
431 14.344231986280864
432 12.669989392688667
433 13.218684741588497
434 11.246407976387838
435 12.381107205785183
436 9.390999866194683
437 12.301930747037096
438 10.604175758596119
439 12.247485342807881
440 10.229935941251826
441 12.987673247517376
442 11.906339305262778
443 13.110428582299448
444 11.52835635111982
445 12.192306154804728
446 11.557666092063014
447 10.674478020545413
448 9.894417027018868
449 8.03606898485836
450 12.408539813822683
451 9.55780573916246
452 12.608443434612147
453 10.092508997663813
454 8.973224482998459
455 13.41525024234466
456 10.830855608500512
457 12.557675742076112
458 17.168965131014463
459 9.808200103447295
460 13.280119508147504
461 13.182487005002912
462 11.640076485859383
463 11.645548297178076
464 11.95942545350002
465 10.8399742573123
466 8.25962516058794
467 8.50051917386383
468 9.528600863998648
469 12.62423690612743
470 9.828074118994715
471 13.678355075017276
472 17.451766293194567
473 11.416097200327739
474 12.365225777473036
475 9.87583909560718
476 13.404899579070621
477 8.103584495019208
478 12.88670615821108
479 10.447647653383884
480 11.121579605443078
481 9.311240163527009
482 12.188668578284009
483 12.62408248664637
484 11.288682954275378
485 11.961005973263047
486 11.597346459377446
487 7.069444946541343
488 7.825010041361484
489 12.009714595926207
490 10.494058014205084
491 11.343072276459898
492 5.056008248495234
493 3.4680151926296325
494 3.757451191049245
495 4.002287432681682
496 4.970251191354945
497 3.422128487069134
498 5.2350191747007315
499 3.2978370440636575
