0 14.635315040726546
1 12.25648757553714
2 10.216745390977891
3 13.419050134072243
4 12.68105176109262
5 10.667822074303734
6 12.249523226501182
7 15.156699621377735
8 14.089663757506612
9 12.854440076901707
10 14.313580264729339
11 12.596703494719156
12 12.90128575268704
13 13.117357917255983
14 13.218179076688495
15 12.644629461724524
16 13.262143554096893
17 13.099029709630003
18 12.224174043528587
19 13.15638843928964
20 13.12838507884179
21 12.303879785940504
22 13.377850674539047
23 12.894800297608592
24 11.226932853449869
25 11.490859756032313
26 10.615287490010278
27 12.00678247492167
28 12.613603737058822
29 14.096189062424473
30 12.48562966357081
31 11.9209555605736
32 13.482370748761799
33 11.140181786945574
34 12.7673820731396
35 13.027703485078034
36 10.656017483149173
37 12.99097312926824
38 11.842650264958095
39 9.97193226878849
40 13.297602611463345
41 12.798933345956504
42 12.602454563312255
43 11.833124003482622
44 13.35530659725718
45 14.223281084528425
46 13.295090771772482
47 13.252926969659446
48 10.757648816704954
49 11.452679253464748
50 11.65034456812406
51 11.912354370522921
52 11.733350503213785
53 10.521992792995002
54 12.087415203644062
55 12.80654341772472
56 13.57103633620619
57 12.151535390770222
58 14.962254971255526
59 12.471185521448962
60 11.980979551394384
61 10.82302870194804
62 12.003946426212952
63 11.856081883414975
64 12.413886991046999
65 10.715922122376485
66 13.436779885961812
67 11.0828460352332
68 12.894018137246269
69 12.14495641167006
70 11.207639993283358
71 11.527901425769048
72 13.948081512921869
73 13.465865781558037
74 12.587722946362225
75 15.076395873011966
76 13.34953095177062
77 12.3294756725539
78 10.98129968115153
79 13.478858926372176
80 13.133040680405717
81 14.160669495403637
82 13.734999026402395
83 14.609215185566454
84 11.076392126175879
85 12.496087616914085
86 13.559533996138313
87 12.943619873578218
88 12.419482970084443
89 11.943771958696761
90 11.939975523269036
91 11.7381693538406
92 14.023749605464667
93 13.612884214236763
94 13.805360599272287
95 11.441404583171819
96 15.835897365548332
97 13.628104394501262
98 11.66101560861256
99 11.966126560627552
100 12.54699959734249
101 12.879277825214908
102 13.323745353090079
103 13.109995147698239
104 10.425190257966715
105 12.725721716100692
106 11.306391190471718
107 9.731324252318238
108 9.348462471264341
109 10.917440837232794
110 10.31728203038379
111 8.323356405552522
112 10.225482301345373
113 10.237989382533424
114 8.063663331415889
115 11.435631458589143
116 10.443812003430669
117 4.837826680567499
118 3.91018838803505
119 3.607327659866148
120 3.561981372282707
121 3.7505218819880155
122 3.6079325929291595
123 4.049077476742352
124 7.04351178496955
125 3.7996139559936037
126 3.7994295991858342
127 10.077319824877343
128 4.4078663212533575
129 3.9464458228888177
130 3.693228659167233
131 6.75731992170902
132 3.9418654340578674
133 3.784056227564914
134 3.757739955965826
135 3.722977962625678
136 3.6695223300555253
137 4.000428703655018
138 10.413584859128605
139 8.015206528113394
140 8.457776372571972
141 9.518758232468851
142 10.598584578439642
143 8.689462943982482
144 10.48406727312423
145 8.106909852089144
146 9.76307537028031
147 10.947627585335386
148 12.07647529594811
149 12.74879197958871
150 11.994857539612525
151 9.566021102491154
152 9.897518559283919
153 12.799210075386535
154 9.481078397019758
155 11.597418104293393
156 11.006344908011066
157 6.731747917066095
158 9.094756475184385
159 7.374043946777133
160 7.546336536757572
161 8.529242532817175
162 3.9481067494355813
163 7.147713083199194
164 8.98178419640212
165 7.277117030755168
166 6.6434772107757425
167 7.545737742630202
168 7.505660982535222
169 7.479223715713803
170 7.371330032688426
171 7.395658880786667
172 6.397016672034362
173 8.17029474722606
174 6.658671291789484
175 5.8484081858518735
176 9.13072948947733
177 7.148579484370309
178 6.68435794010873
179 11.487742297027332
180 10.310647490957452
181 12.749535418712766
182 10.97486768992072
183 13.467098247456894
184 10.953758762351974
185 10.856081275401374
186 12.02813644059276
187 12.660035707791604
188 12.132243950538431
189 10.473459463328176
190 13.077523460237346
191 9.537733046846954
192 7.260760157952543
193 7.782728609623652
194 8.756061419510573
195 9.292409209297134
196 10.097207228590817
197 7.937583693029915
198 9.587362278247587
199 10.36185367773748
200 7.688395756574026
201 8.817070247252122
202 10.54167850284359
203 9.97531777337723
204 7.169070147961327
205 8.613686594107707
206 5.876520693546895
207 4.825157363071784
208 8.279636308262551
209 6.125687465611919
210 10.26825992078287
211 9.123065438093612
212 5.7304023816586716
213 8.055871636369632
214 6.79999115614889
215 8.241168776451923
216 8.780483228300486
217 8.314047629814075
218 6.857823198015572
219 6.21651625650547
220 11.501851848814324
221 6.918171875026797
222 4.346413323500772
223 6.897231222769368
224 7.343047991658999
225 8.695742019608351
226 6.785908568223942
227 7.507986555060291
228 8.611039529779337
229 11.193849488020712
230 10.587479450264338
231 11.070788876752562
232 11.804883510114227
233 9.435378601050205
234 10.430569009573857
235 12.367147901307966
236 11.729579995679966
237 13.5927120866164
238 12.318769820517828
239 11.757283592669037
240 9.361211141000421
241 11.326265401528888
242 14.052561384852138
243 10.119282401465782
244 11.222176917122459
245 8.731608834227664
246 9.374913464345658
247 9.806239290095691
248 11.344636937561347
249 12.370971999763292
250 6.2394371436644915
251 10.837220635149816
252 12.313585870447255
253 7.700593960386511
254 9.252374299893
255 10.198085944258734
256 8.82826575847718
257 8.5175227583782
258 11.320728307255886
259 8.64850994413059
260 13.941900553887482
261 13.10736485486044
262 12.284971481554983
263 10.689494882452427
264 9.673517849130361
265 7.4244551324347094
266 11.153152802899754
267 11.311116795296915
268 14.02385804072889
269 6.829757905905695
270 9.097981390939644
271 8.00871674607772
272 8.683260335698703
273 8.78020088573199
274 5.997278729918637
275 8.790614117031337
276 11.206048920524644
277 11.147547008890795
278 10.205998560225744
279 12.218503740345739
280 13.42832286193089
281 7.7874273622329415
282 11.216813068692932
283 8.350883136513604
284 9.70824608045737
285 11.258396324410223
286 11.688720410893607
287 10.190883603358351
288 9.135778974003227
289 12.926760809439552
290 11.135751805790797
291 11.479023601588938
292 12.001657593107353
293 11.759096434578392
294 9.859958943347175
295 12.258966685010849
296 11.853416743447918
297 7.31470915853369
298 10.666338866658792
299 10.63207255084982
300 10.529299610779923
301 11.38965666444955
302 14.099986058251671
303 9.515186722566629
304 12.309892570474226
305 9.79134189497157
306 10.697138767305695
307 8.655598079407653
308 9.457676899204492
309 12.098614457627745
310 9.463906265066166
311 10.108715075543346
312 13.151326541351962
313 11.040894371834534
314 11.676778679636856
315 15.525948625715035
316 12.978363405612615
317 12.257563010451184
318 10.666663069043958
319 8.116307080972724
320 10.0259294597745
321 12.630115008166332
322 10.024511230200268
323 9.562395095424778
324 7.8279944857404775
325 9.437886495897988
326 10.009774569655395
327 8.25609273463274
328 8.646520447478984
329 8.05147837594908
330 10.625429715156478
331 12.16455734657988
332 8.832278164138359
333 11.599018569221
334 7.855053861679128
335 9.393757405411378
336 8.701343876999015
337 6.67524890916137
338 6.394334030213165
339 3.8051545783167375
340 5.913689194412819
341 4.121224044722172
342 3.5719530057053173
343 3.966970396198832
344 9.070412066223493
345 6.144261192901343
346 10.821197665286169
347 10.005131127545711
348 10.921112422253598
349 12.081808949537693
350 9.150354690397362
351 7.691542739355033
352 11.08992074081264
353 9.44880340893425
354 11.16190396304879
355 10.107378528140284
356 9.316633531596825
357 9.405331199741351
358 10.891617132841544
359 11.53260341440604
360 10.493235992881049
361 8.98749580802955
362 9.13821479002715
363 10.099033468688809
364 11.355007878947704
365 11.122787435134452
366 10.220270273712925
367 9.598341233657907
368 7.6606911279308445
369 8.038960700850739
370 7.946224278254858
371 7.4715647565609355
372 9.24685563349973
373 6.841898386395263
374 7.355284052577271
375 9.124836491130372
376 11.15367370448801
377 8.982378155750348
378 8.376530930663764
379 8.368080032815184
380 8.761244317053029
381 8.961722057016384
382 10.298004680673367
383 7.492477988907358
384 6.295184727600083
385 7.230999660369104
386 8.329137852737706
387 3.5253502537638246
388 11.604367864902946
389 7.512488553390156
390 4.027477905653181
391 3.8903129410872563
392 3.8831444615016286
393 3.8506857857314825
394 3.845191076171416
395 3.5383404796101523
396 3.986138429855465
397 3.7643550443139024
398 5.9971131297205496
399 7.798839311524504
400 5.4744935475941725
401 3.8467739184232546
402 3.96602128769231
403 5.57032309170793
404 4.502963095639798
405 3.8278002023768973
406 7.075853308832191
407 5.98410702449317
408 6.385829978665936
409 6.982648217934658
410 9.847609497380928
411 9.800595227716908
412 9.917953742191028
413 11.373157437355914
414 10.87986526004909
415 7.362784199612407
416 10.863855839404437
417 10.3949668888877
418 10.377877363866729
419 11.636339523563523
420 12.008953193832271
421 12.325144527306835
422 12.028130490050067
423 10.733285413809364
424 13.035988836078118
425 13.98467767288987
426 9.251064938670138
427 8.662180885897545
428 10.279788216476799
429 7.861292065109887
430 9.216030486676726
431 11.088207436973411
432 11.352052392666057
433 9.14225917253272
434 10.995618863837828
435 13.740350991781126
436 10.572801241368623
437 12.316092493724176
438 11.59583859507745
439 12.361893122699836
440 7.544081844756313
441 11.035088483469934
442 8.081741796037345
443 12.224819014840582
444 11.403571156361375
445 12.194660152622017
446 11.54738662091153
447 11.26530174835766
448 11.411634244851953
449 10.762838639265906
450 11.948743902705305
451 9.833859888590409
452 10.120680022133826
453 8.10471080180025
454 7.339843363688492
455 7.38072376646037
456 6.7561887302285335
457 7.1120999846241
458 9.752712733357578
459 6.544124110075823
460 6.67304810246591
461 3.9229184314130565
462 8.111601043746495
463 10.696601942699813
464 8.484613845291227
465 10.730725982075379
466 6.777446519559689
467 12.200649464494763
468 6.722079594263524
469 8.656987334532243
470 8.984976218399716
471 10.146426361385322
472 10.214794577934704
473 7.861725965319762
474 10.710777932503593
475 6.309866649964465
476 9.064647162813486
477 8.7512945027625
478 6.3673062625236945
479 3.7772070506499866
480 9.354106433610793
481 5.914714240430711
482 11.709572302548215
483 9.735492851140863
484 10.38197506072862
485 8.953449593488282
486 6.697182021086083
487 10.108710213881473
488 10.367099146954219
489 13.62062822092941
490 10.06232098916654
491 10.00295952053247
492 10.690317688048632
493 9.284973772616286
494 10.919801668503569
495 10.84176284357316
496 11.654312061470016
497 13.168740405743849
498 12.720954522293715
499 8.084786312369662
