0 8.524894851906918
1 8.41798391564228
2 8.718507873876337
3 8.154632853704692
4 8.199913909371872
5 8.304033390816183
6 8.172087958682697
7 9.196816635668862
8 8.212015542230457
9 8.31991775594855
10 8.717461910182223
11 7.516167130183362
12 7.59218334330562
13 8.267623936927375
14 7.605796264524289
15 8.926374962419212
16 8.170654278498667
17 8.452144029631746
18 7.951386409970439
19 8.965219694979522
20 8.337461228802198
21 8.046412501225886
22 9.46581948649247
23 9.234064231231361
24 10.922477168459093
25 10.47092342663257
26 9.926615553025465
27 8.00687232633942
28 8.869584349403869
29 8.331809631969454
30 8.28077610007024
31 7.979869122625469
32 8.17761848848644
33 7.42134342146504
34 8.015247914603451
35 8.970371707058739
36 7.252684974004737
37 8.465084588259046
38 7.997629354478913
39 8.674422541155158
40 8.051161171234082
41 8.244400848657326
42 8.823060612832768
43 8.522632932452495
44 8.097820265889522
45 8.329478090330154
46 9.015785922744852
47 8.472412519116306
48 8.348737976458626
49 8.21771684645864
50 8.380782791788706
51 8.985117665969799
52 8.61315664036582
53 9.132419723952216
54 10.293082926125722
55 10.26172663801031
56 10.854636776529532
57 10.895836442040878
58 8.038596273012223
59 8.647215563890226
60 8.710142196914987
61 8.488111760041033
62 8.127001112483224
63 8.870914936068441
64 8.213378108185688
65 7.779278608306173
66 8.87973039881117
67 8.847653792524344
68 8.730558778595308
69 8.909543808425472
70 9.119885037057452
71 8.392136564961952
72 8.06712123334636
73 8.42838967533673
74 8.717115787217422
75 8.432799656316849
76 7.370452104314392
77 8.281362925954975
78 9.2114718065231
79 8.437338428803086
80 8.52127779859036
81 9.291973620728225
82 8.547190353689345
83 9.004062314247907
84 8.398818568162831
85 8.3921424366716
86 8.29686778642527
87 8.748522582892088
88 8.92887479583775
89 8.669127913988456
90 8.248060883232643
91 9.014924503503071
92 8.735261586656488
93 8.587355965947914
94 9.641034959284395
95 8.994832761569729
96 7.837725120183991
97 8.565929601404463
98 8.219249066271601
99 8.366798692956515
100 7.990211285498435
101 7.816981888251601
102 7.97098418866636
103 7.794499786214169
104 8.985038466959907
105 7.404286143402193
106 8.332570476719452
107 8.142992698711554
108 8.686058546118018
109 8.665005349020303
110 7.9779173208310645
111 8.4476798523899
112 8.20411800913051
113 8.261432133930782
114 8.519902171830065
115 8.530703055604071
116 8.188395953982813
117 8.59483804442791
118 8.662970655628747
119 8.93663131034086
120 8.829277440249484
121 8.700727812207964
122 9.258515601988698
123 8.923966890683241
124 7.697851162781662
125 9.01417155475983
126 7.5350112276680505
127 8.564941613168799
128 7.79466708854999
129 7.392187785304908
130 8.41968093681641
131 8.425712934668717
132 8.421322151179249
133 7.836265134171886
134 8.374315109688649
135 9.44285407845871
136 9.370283657580822
137 9.412630249217845
138 8.925999854430613
139 8.63866044264003
140 10.509591754603655
141 10.798072193000722
142 9.96588390148585
143 10.892940033001006
144 10.438970140984607
145 11.266755037389599
146 9.904998571586036
147 6.812856232330526
148 8.154975069508666
149 8.862729506126573
150 7.971008439727856
151 8.111410357963516
152 9.152602304851868
153 7.920957556644881
154 9.208739048422501
155 7.017035313341116
156 7.956428002165131
157 7.4882847540452415
158 8.461131941610928
159 9.211577322207539
160 8.59665374248518
161 8.520633276651676
162 7.935316338388161
163 10.434339826532085
164 10.139097618481541
165 10.785588807802226
166 11.360447054418476
167 10.696299899296775
168 10.965359006179735
169 9.955785203991717
170 10.36628537407519
171 10.735684668341955
172 8.62094639155814
173 8.882360732497418
174 8.183465350373158
175 7.512052894092771
176 8.182326657987831
177 8.810752571522235
178 8.041251815540821
179 8.960471549587197
180 7.918264258516974
181 8.638570646184506
182 8.49656478145067
183 7.722906119774447
184 8.860226695114712
185 10.511893821828613
186 9.919538617928678
187 10.226289088408581
188 7.879512848408648
189 8.953479323472868
190 8.425007094034497
191 6.208834896596146
192 8.66128865875974
193 7.267853633187405
194 7.8040463473374535
195 8.369670732906819
196 7.8644253241685576
197 8.574429850872336
198 8.812838508465623
199 7.670964512597085
200 7.759230030475378
201 8.431459360205572
202 8.707114242747934
203 9.220126057153532
204 8.067106243852258
205 8.665173911945462
206 6.742511441501996
207 9.275441832854064
208 8.417759536937316
209 8.084670357086496
210 8.738960061998347
211 8.084305758382113
212 8.710240197605797
213 7.978761222794891
214 8.27482131137488
215 9.019642850801722
216 10.266365142389624
217 10.044358757809027
218 10.376601730036745
219 9.74814963570681
220 10.078885016696763
221 9.538861229401128
222 7.824762217016488
223 7.612347453973551
224 7.347206290278597
225 8.611035019764719
226 6.741278208773675
227 6.685950087780745
228 8.540693410045206
229 8.338993200287401
230 8.176489491411834
231 8.172172728046379
232 7.986247926644879
233 8.539461346964174
234 6.040479649307587
235 8.96339803938737
236 8.072198527456075
237 9.143224568862
238 7.2556431756115884
239 7.1534549545452055
240 9.351156574859015
241 7.84332478170763
242 6.163865962067397
243 7.3691141676769965
244 9.04558710484241
245 7.677894426645037
246 8.447536285994032
247 7.326066866791237
248 7.757571181887079
249 7.540717247323071
250 9.031281283308022
251 8.40228412044547
252 8.335959116516637
253 8.395614830241001
254 9.222888035736922
255 7.654953044757195
256 7.928510426868203
257 7.062079576446275
258 7.417799352716473
259 6.085864949676881
260 3.534707179251422
261 5.8433642087429485
262 8.283450334913509
263 6.795022671020204
264 8.267144487729595
265 8.502158270244852
266 6.557147537759084
267 7.417329870131006
268 8.410161755114675
269 8.783618006412981
270 7.767375574783949
271 8.749337982391964
272 8.280248571338857
273 7.388256358908066
274 8.218457736041874
275 8.192375508112379
276 8.672849798748995
277 7.788017374281876
278 6.982570308414795
279 6.72799597906391
280 8.80460390235331
281 8.754857615571325
282 8.720369980328869
283 7.986104644121332
284 8.255448843543183
285 7.656704964695571
286 9.939498637621103
287 8.512824170552287
288 7.711400045875351
289 7.514036696585891
290 11.478364863638854
291 10.739847498348993
292 10.461531615405235
293 8.763867027794364
294 7.635391696374494
295 7.913137654070614
296 6.159816142905427
297 9.425894410031134
298 7.532274066651627
299 7.078002292964683
300 9.003004579271092
301 7.4960123048062055
302 6.098496706948177
303 7.649512691259716
304 7.02024435239123
305 5.248143872994819
306 5.31916613808234
307 6.137305820914704
308 5.594317211373084
309 5.777739999138816
310 4.85288347250515
311 6.404618252999955
312 5.80363940521112
313 7.243234797436532
314 7.04817553737254
315 6.640413214166224
316 7.003610567912853
317 7.4484771031994
318 8.45891513824306
319 7.612082062685332
320 7.359055315210969
321 7.474909556569245
322 8.788258524706317
323 7.583472476371155
324 8.88666042574107
325 9.068960004120541
326 7.932527063822888
327 8.110338693184907
328 9.114927447166863
329 8.006294815798034
330 7.007594450533144
331 7.691230294246153
332 7.262002174575493
333 8.139875031361191
334 6.98347444241841
335 7.6268889509180715
336 7.735862942280369
337 8.219491428956067
338 7.438098826802802
339 7.3407912570488065
340 7.698953959655805
341 8.075904238504144
342 8.581079293368777
343 8.252509270658532
344 8.085666274791217
345 7.999946805696128
346 7.12213479387729
347 7.638097990981764
348 9.240546661364025
349 7.818738536058576
350 7.24380468329869
351 7.82587240170585
352 8.535168270752356
353 9.218183077787945
354 7.951979158648122
355 8.634426865626782
356 8.326971076988205
357 8.573488032343409
358 7.588807377346993
359 7.013653957338349
360 7.138115592883787
361 8.704083456581657
362 10.779354932787902
363 7.9310813268917055
364 8.902802979063992
365 9.159017272336609
366 9.250917191204648
367 7.973692592107172
368 6.11768386099231
369 6.582852716670336
370 7.542736907259908
371 8.799986233101851
372 8.25811949567567
373 7.757263083703151
374 7.228038564935313
375 9.116242611932902
376 7.823214701792141
377 8.281143948992106
378 6.831112061362969
379 7.591243860679593
380 7.174252522613184
381 6.887178973446488
382 6.7275792566989985
383 7.019363830005937
384 6.534001899934194
385 6.406041864238271
386 7.049849624447194
387 6.633383935154808
388 6.12353944680303
389 10.595484896649367
390 11.037625649505896
391 6.964383445208991
392 8.873705946755745
393 8.159834025465996
394 9.34358432722101
395 7.651370463413676
396 7.771139726352133
397 8.275379477832645
398 7.778385516291546
399 7.917843471345351
400 7.720887717268161
401 8.305275119221672
402 9.167112009978993
403 9.254425110435944
404 9.837125806935312
405 7.880515676467137
406 7.948883051379688
407 8.1425220791193
408 8.4333766952098
409 8.786231334685079
410 9.03523193311362
411 8.72027489383717
412 7.718927990571808
413 8.332008263263443
414 7.814968874222185
415 8.617520520909718
416 8.461511363618438
417 8.371722369129445
418 7.8283025101521435
419 8.599592736009527
420 9.538499239316117
421 10.791622401459975
422 8.143129380338687
423 7.1401263898794385
424 8.710279132129989
425 8.194401581111505
426 8.613408839126182
427 8.167109460718637
428 8.686590003229613
429 8.147194871762977
430 8.916304788339636
431 9.026949271024435
432 7.870476184986554
433 8.53499602910798
434 8.53738820960163
435 8.750502497992766
436 7.940709137788694
437 8.072720318326592
438 7.744284774422419
439 7.730983537361614
440 7.731234118774106
441 8.896384219262519
442 7.52164070619087
443 8.148645356301717
444 8.990897215764306
445 8.425307629170849
446 8.246733872473909
447 8.426392431378131
448 11.036957839962431
449 10.491081885002835
450 9.958607766114577
451 8.2236765107395
452 8.22726858231344
453 8.249826916109505
454 8.094780208690633
455 8.232643722590781
456 7.3920258397095
457 9.812487543127084
458 8.974622189825926
459 8.354296178769882
460 7.3645946222847956
461 8.041998191708682
462 8.745139088844033
463 8.175928653420943
464 8.770631996956993
465 8.651803489655379
466 7.695520669090371
467 8.443617706627638
468 10.471901656582261
469 10.57827961330713
470 8.932432193162478
471 6.139065205882303
472 7.705410047554491
473 8.175828584020298
474 7.6314097977822755
475 8.174040349098837
476 8.635109301763162
477 8.196604695238943
478 9.045277853559487
479 8.959684068954681
480 8.400744111798694
481 8.415428037240497
482 8.503415252313712
483 9.24243958190416
484 8.272993294599464
485 8.41519639107013
486 9.82795260758468
487 8.910024846335686
488 8.356570518352246
489 8.20996709396065
490 8.172266668353542
491 8.460195274953627
492 8.352010935271876
493 8.000303042213307
494 8.122945745529185
495 9.771854620839862
496 8.741258615695026
497 8.961800204463136
498 9.173515343417268
499 8.274704860899543
