0 3.2807181998996744
1 4.561855130276486
2 3.5050307543079033
3 6.741536441812401
4 3.8821558675005075
5 6.628411235778807
6 3.6037060603103845
7 5.793866043420421
8 3.0639221848552105
9 3.1160344601202716
10 5.92266157588947
11 5.817510090605761
12 3.651424932937803
13 6.141460713962307
14 3.5620986912744295
15 3.673832015040861
16 3.419293944649226
17 3.869259132153752
18 3.355448518002319
19 3.564360918432895
20 3.382396696633293
21 3.860273835062208
22 3.620928438847126
23 4.176838034649068
24 3.8042133684679817
25 3.5383546086835675
26 3.667076242077178
27 3.526639937455091
28 3.5814368385840027
29 3.475402076380359
30 5.278275380574124
31 3.6075320380595954
32 3.192486903899248
33 3.3722632804146637
34 3.321432499825029
35 3.4294086456257244
36 3.6259876829360422
37 3.6458794728855395
38 3.693298723368926
39 4.997885076685156
40 5.771594428571406
41 6.193905986630741
42 7.2462610544150365
43 8.411785541700539
44 3.5916033908987592
45 6.34415123309253
46 5.022119197067663
47 7.08637745735529
48 7.201022840597464
49 4.984802882537578
50 13.530189064605333
51 10.92461275359722
52 9.477690671096855
53 11.554786352777946
54 10.561107766375248
55 9.747666470950008
56 8.741411494549489
57 10.671156446440309
58 11.502708567504438
59 11.367957546673672
60 11.084598975419443
61 11.839870914216945
62 12.868889882976594
63 10.499527699330091
64 11.241153246537658
65 10.5390167055252
66 11.009239950353145
67 11.107284695029977
68 14.306435160454122
69 11.79332801957788
70 8.71436988957999
71 6.9809300191446235
72 11.404059179916384
73 11.114570706870627
74 8.942503572397287
75 9.747168963697009
76 10.232093528391509
77 8.861735710624972
78 11.439172741594906
79 10.197063065261332
80 10.948374517191963
81 12.670586883429054
82 9.44685950310501
83 8.698368870207613
84 10.464090014077062
85 7.524785427672769
86 9.436004859487603
87 9.963288336369848
88 11.085707136493216
89 10.661908397816175
90 9.536885821141531
91 10.443449539957372
92 7.040033782557692
93 9.626311352325404
94 7.926822969526183
95 10.879761633090146
96 10.719436796546264
97 10.028240393227312
98 11.275958763006836
99 9.553619678343434
100 9.07491333188595
101 12.02628733505187
102 10.762251080641647
103 11.324595136479282
104 10.024396138462915
105 10.850277711671566
106 10.0416978852595
107 9.730691103729596
108 8.222812903794999
109 9.512762805120788
110 8.606884312500206
111 9.265533060683273
112 9.680702697570982
113 9.641295600119744
114 10.971678342499729
115 7.833607403356216
116 9.258162941152916
117 7.1146987409790645
118 8.919596277611374
119 8.838946817617291
120 9.346670281235932
121 6.326947387588297
122 3.9585999993436993
123 4.903547292731153
124 5.876382194181032
125 3.1564892158751205
126 3.5379780645570484
127 7.164623863555056
128 5.480048659086924
129 5.098892756779855
130 5.267514327490737
131 7.377914536918886
132 7.04685482780765
133 3.065404384776451
134 4.874222793046175
135 6.423978851322969
136 5.310830688793795
137 5.553451374836066
138 8.853712467334004
139 9.706458623000712
140 8.97143281461715
141 12.350139041523747
142 11.036615377204813
143 8.91498172754509
144 9.997594980188364
145 8.026291507682075
146 8.770049381182945
147 7.958949180564397
148 10.019139862760783
149 7.7351711455362215
150 6.240777529166801
151 6.177806661521666
152 7.871695656109901
153 7.63497737134622
154 8.249787569625614
155 9.35802588488012
156 6.958486027329266
157 6.8246259155173865
158 8.457724915861387
159 6.00848664144691
160 8.600862007011262
161 2.925818206341141
162 3.861304347682977
163 7.211407788867753
164 9.098050728531337
165 3.9458875658353616
166 3.598044324648619
167 3.496025041612331
168 4.21969511690018
169 7.813786231501586
170 5.246287036653117
171 5.811937150811154
172 6.500814879467438
173 6.413841345849713
174 7.888729262084863
175 6.907929218664786
176 7.702041600119752
177 8.567296437848333
178 6.630250819916751
179 5.681874850326913
180 6.571759985687316
181 7.239051373728116
182 8.39459536138198
183 10.924459631480278
184 6.877946887412832
185 7.231448808193097
186 5.743435641394809
187 5.090699652259573
188 5.760529745378456
189 4.806931897406163
190 8.223913434618108
191 8.335226642261178
192 7.293075207611318
193 8.34395876634581
194 8.180410866120315
195 7.188255734691484
196 8.35781843083286
197 7.995102340293511
198 8.972496117143814
199 8.403891086307528
200 8.768478306045129
201 6.712678826484056
202 10.970532777774503
203 3.7364692436030738
204 6.387450492781155
205 3.8547189468769565
206 6.569760086475563
207 4.35365691182856
208 4.028189420667497
209 6.355768493286963
210 3.7613723887732977
211 5.584541899636794
212 3.8206513572361205
213 2.9980726726065745
214 7.3240933703050395
215 6.367813702038211
216 5.668979452112806
217 8.303319257782332
218 7.9722846586872045
219 4.550093103611425
220 7.819224471680829
221 8.467824114116738
222 5.551138496827909
223 6.997657176536117
224 6.521567507452448
225 6.829666530962723
226 6.669384121409499
227 6.572615321390971
228 7.87027721337158
229 8.33765796443029
230 9.189589480655739
231 7.802483617380815
232 8.72484755575049
233 9.190479038160538
234 8.738991976190366
235 12.334259734149276
236 10.90740666447378
237 12.043497848753848
238 12.25844964340486
239 11.701157466953978
240 10.608142562242136
241 13.327937457679937
242 10.426412558280711
243 10.613796029435608
244 10.503714502547641
245 10.229708574445471
246 9.505739810006729
247 11.555933086935587
248 11.683941750289993
249 11.707330918054359
250 12.602701321759236
251 9.021303775113344
252 8.304429290505462
253 7.61054844447668
254 6.236974774181883
255 8.826400826311541
256 7.528106877751135
257 7.905946790464578
258 6.8934470672844155
259 8.084350159146245
260 8.606895743080933
261 9.939951386324612
262 9.625528458168613
263 7.295095184815588
264 8.466614899475099
265 7.088475712534151
266 5.0933696646541895
267 5.098317165420521
268 4.93657866613168
269 3.3726974558657536
270 4.0830147996577715
271 5.43755269611857
272 4.104982960291813
273 8.170932214139563
274 7.673894073446449
275 7.7156998346331545
276 8.36361752657948
277 8.355238031983731
278 8.03813573374681
279 8.553043916837538
280 7.595913217781468
281 8.286269978666386
282 8.236684761288531
283 9.22610630781143
284 4.631659899790081
285 7.609197102000628
286 10.318205853217671
287 7.901611985283965
288 12.008347046756244
289 10.272336111304934
290 11.994546386366524
291 10.718060233124918
292 11.523512423339037
293 8.243991209963303
294 8.524407259233143
295 9.273474195551314
296 12.120365717541242
297 11.271667798675418
298 7.207482635469899
299 9.799887792723553
300 7.491329386940967
301 7.4260925897913115
302 7.327115449579281
303 7.128608743108429
304 7.959639620892463
305 8.826915496298122
306 7.01521819966545
307 8.042923477102713
308 6.899633030552972
309 7.633167964660058
310 13.03622157617126
311 12.460002108923018
312 10.455335395246355
313 10.367203158393094
314 10.107150053371905
315 12.736881481629776
316 11.001296089137819
317 9.525776380277417
318 9.803954295386902
319 11.843338429792585
320 11.201532960677364
321 11.242877863420297
322 10.303061635468408
323 11.364942291528141
324 10.38177649361436
325 10.711254207632534
326 9.23271891185463
327 7.21699786676519
328 8.68687790034893
329 7.9081965307370545
330 7.118382249490158
331 8.715688503193196
332 9.368863743985388
333 6.868168727724069
334 7.770812520969541
335 6.954351002554737
336 7.990059923425129
337 9.197309372872883
338 10.513772210170238
339 9.613178561329475
340 8.857715733612906
341 10.37574907916919
342 9.325683905031083
343 6.28697495264158
344 7.947415886249293
345 6.564229252533629
346 6.592541043706355
347 9.44379455360538
348 6.881168960180224
349 6.669197848629395
350 7.219997949497457
351 4.525651555894633
352 3.392135247956331
353 9.84335782871345
354 7.522245706087064
355 6.922738371242576
356 8.440741506981444
357 8.582913068027805
358 8.056160344019073
359 7.692046861959527
360 8.834352465342112
361 6.467294753331035
362 6.259978366922302
363 7.175750799017362
364 9.744007011969222
365 7.2703272759932
366 6.1305092713147635
367 3.247075164068535
368 3.5994587223322747
369 5.946226817361935
370 4.929507235176068
371 10.15158213986478
372 11.363563974504983
373 7.514406331081238
374 8.635161725166322
375 9.538961147708985
376 8.203532954508068
377 9.890439271394515
378 8.368134063998601
379 10.91927460065182
380 9.922312975130717
381 8.897256650460287
382 8.015082872349419
383 10.783784052678982
384 11.432643530684821
385 10.269188950668443
386 6.770332778481431
387 10.849341397413067
388 10.869603310454123
389 5.696153052501223
390 4.969543773443318
391 3.7235034390560444
392 3.54386809213017
393 6.380648561737386
394 3.4919009076028744
395 3.618906925197859
396 7.456844640795756
397 6.634288278557059
398 4.3847623471316055
399 6.52588898093187
400 4.2467282144444845
401 5.519352359940006
402 6.95238821735247
403 6.030814005919184
404 7.127282654732611
405 7.753135769719189
406 6.545713102920253
407 3.9016537455660094
408 8.72344389047825
409 4.766109384064356
410 3.879264185874012
411 3.330987377055034
412 5.849958913492875
413 3.097222687694445
414 8.357940073159991
415 9.520810420031696
416 5.66260746753032
417 4.039314080331232
418 3.2480851955001464
419 4.717063792184235
420 3.4768063685011787
421 7.72198837977735
422 4.94981482333379
423 3.7106286069921386
424 4.423272601209585
425 3.9436482034616094
426 5.197426393605233
427 5.3079587250115425
428 2.9691712474489234
429 5.744972568068089
430 4.285312557752659
431 4.856645334660579
432 7.551832612885547
433 8.889712878811475
434 6.2791580582357165
435 4.27934878210584
436 7.635011426936867
437 7.5686355752838
438 8.734630305664572
439 5.6029123284332805
440 5.256932059520759
441 6.008030092075068
442 5.616621976466827
443 6.765085874356838
444 7.404115410256717
445 4.024373136075952
446 4.739173409152621
447 3.3397705612245794
448 6.24731041618984
449 5.454871714289194
450 5.3069991731888475
451 7.3048370801576805
452 3.9947150431084233
453 7.765154329162077
454 4.94546838234737
455 3.233206846516981
456 4.705652581149473
457 5.9489562509430955
458 7.463071933838118
459 4.291860830767885
460 2.998316127936217
461 6.121947265047903
462 3.0580058192482165
463 5.784743714907173
464 6.420357546811709
465 3.2686431439216714
466 3.290881159744073
467 3.4878959234420774
468 3.456835910629689
469 8.005667475234791
470 9.722031984884435
471 7.024956431491295
472 8.259914758638205
473 7.968140021814192
474 8.937971852919645
475 9.841186790247292
476 3.934376767868736
477 6.946086109041723
478 3.096979234827302
479 4.418619223938957
480 3.487065935998419
481 4.053879198927933
482 7.980198023851662
483 8.894256875922746
484 6.508422330380483
485 4.55677582930824
486 5.491353187763315
487 5.649876209041509
488 5.19530456253164
489 3.5804188980948535
490 4.1690379557892365
491 3.351761517838725
492 3.409580551373502
493 6.44775602254687
494 3.9428351727374014
495 3.7254994017535092
496 4.663367527086869
497 6.642729771947767
498 5.531130139971158
499 5.430408014780108
