0 3.876941771155972
1 4.115529878638621
2 3.1020715831671315
3 7.548827251137674
4 6.608226303711734
5 5.57623859136427
6 3.7024297736646403
7 4.132220272640755
8 3.9382992786863
9 3.8416265522407187
10 3.8800606921645624
11 3.5279915853287163
12 3.730195750978773
13 3.8644163610667053
14 3.9512142749188723
15 4.381181309956027
16 3.3419389496558463
17 4.415473057835239
18 6.158101011628664
19 7.580333876528631
20 6.863058807867728
21 6.016916297871691
22 3.8095221448623557
23 3.794379973627533
24 3.8410034951236858
25 3.665084060486894
26 3.9920404919809895
27 3.919565340176751
28 3.343908654852027
29 3.3231004111127973
30 3.9700688782007676
31 3.709275145209008
32 3.745503896898421
33 4.003075177942532
34 3.7270595458870104
35 3.4852769185373655
36 3.3983825825046328
37 3.413081702075233
38 3.9804420741500994
39 3.836084066520628
40 3.717162550336115
41 4.036210897354219
42 3.5900759024120004
43 3.0396415949609787
44 3.8636494395926166
45 4.112036359942671
46 4.0829170649815785
47 3.533156496384451
48 3.575809659556233
49 3.9491383970464353
50 3.7988038071407186
51 3.8899962581824
52 3.651631410948692
53 3.502849962726249
54 3.8655455737546642
55 3.675939565986489
56 3.893479359049293
57 4.088973723322935
58 3.6900881888428367
59 3.741213248649552
60 3.7682189567977855
61 3.7682004200050807
62 3.899392060701552
63 3.9809863070019653
64 3.4179436201206608
65 3.6437805244015404
66 3.143382085286811
67 3.7323976137931534
68 3.7018506606546913
69 3.5752260314317246
70 3.3341225867989697
71 3.965318053017262
72 3.7229426444317815
73 4.9031647598074715
74 4.043566816274225
75 3.82259716765089
76 3.493950234212022
77 3.9657261182080066
78 3.9134829433726406
79 3.7829743379923637
80 3.6403085431523143
81 3.647722105375551
82 3.8954249103851133
83 3.7137344698810044
84 3.9184996862210855
85 4.994015081781071
86 3.863184712506996
87 4.124932725914527
88 4.5226008505320365
89 3.4018417292065473
90 4.722967998107106
91 4.184605174144688
92 5.49602022197945
93 4.028880021285937
94 4.501984334465361
95 4.293761224574004
96 4.453339459648376
97 3.7278612356118717
98 3.5466224697178625
99 3.1773797562886945
100 3.751691464816119
101 3.5336888345952664
102 4.427342353309913
103 3.551762296184829
104 4.935294877428719
105 4.324962487120281
106 3.7995560864680153
107 3.6171579999790553
108 3.4318190617428495
109 4.017480045317073
110 3.7301949799466287
111 3.564857551586392
112 3.5571561711541455
113 3.7221274073490487
114 3.3736787655197213
115 3.785796679086244
116 3.556457451919203
117 3.8335092567261837
118 3.4830585133638023
119 3.5368509997100017
120 3.775007585141962
121 3.888771625425116
122 3.9715436784556704
123 3.714711931003816
124 3.686290101559636
125 3.8570764571659364
126 3.80138445620207
127 3.4883181412928255
128 3.6551120310780973
129 3.6934666373571248
130 5.490392397492555
131 3.645973648568265
132 3.7337431902443785
133 3.8203444892681713
134 5.9928124040065684
135 5.5792755745762594
136 3.542172589231682
137 4.28925521442434
138 3.7470670888775794
139 4.078613334199169
140 3.8055906629537275
141 4.056619751846725
142 3.858702129052872
143 3.3005781313820193
144 3.5978207845910486
145 3.563120053986415
146 3.481719132347461
147 3.570906714429468
148 4.994948059842226
149 4.020234256256937
150 3.5546410776974127
151 4.009996772645208
152 3.6405607908191504
153 4.97564204401482
154 3.7250888198745
155 3.574017173295034
156 3.7785053350363977
157 3.939223152348101
158 3.3970177749148016
159 5.98251723990706
160 3.7887367513077517
161 6.666734127197889
162 3.918079544321187
163 3.4760887691491593
164 4.911212869816828
165 3.507317983738098
166 3.7517722064923222
167 3.6448065084923815
168 3.75613109356599
169 3.4362272740285578
170 4.0535038393354945
171 3.398926273751171
172 5.072406060800917
173 4.938499619476508
174 6.122810313759333
175 3.4020200720328466
176 3.7007854766981425
177 3.986525879018424
178 3.582458128936909
179 6.6219707489949835
180 3.7551739390848926
181 5.908688113596043
182 4.794182410700331
183 8.969870383211802
184 8.230992133872961
185 8.710316899461048
186 6.327179970740012
187 6.734345983012776
188 8.259356572864569
189 9.412256550018666
190 3.862237513688849
191 6.0140923333223135
192 3.749075555034053
193 3.6774464994122367
194 4.674146505942805
195 7.080846561766779
196 3.8169366455753053
197 6.532475160349529
198 7.9902647184636
199 7.096958277049844
200 4.5692999180616924
201 7.686842814020387
202 9.958454489362124
203 5.725633677068187
204 3.7946394214548156
205 7.753343042595902
206 5.9902739611553635
207 6.339954553522822
208 7.5295051978276195
209 6.424314610193013
210 8.025448692451302
211 6.511531285604382
212 3.4634192843839435
213 4.7902316722464695
214 3.7851082715839666
215 3.7594961845804034
216 3.938978176510827
217 3.667379283828546
218 6.199729873881254
219 3.7819420423792556
220 3.8904478102384266
221 3.8089803587942597
222 3.2856403827193446
223 3.525487473958431
224 4.239193167551978
225 7.924300554917479
226 3.586666557681003
227 3.3273086722095075
228 3.9008779283946313
229 3.50279138407269
230 3.2123420131443057
231 5.640021906039491
232 3.5725571823451134
233 3.755564647680145
234 3.7120412451798095
235 4.00182458939387
236 3.6087358127042335
237 5.036398865048962
238 3.4757829580917274
239 3.818550552919774
240 3.1945686827797424
241 3.8962460025140633
242 3.634949873188288
243 3.5570802530111267
244 4.1811202393523015
245 3.8793473979319164
246 4.722278406984618
247 3.8595585546562647
248 4.142932888912903
249 3.2448506656248086
250 3.750172553270925
251 3.4865874808001793
252 7.919094834408872
253 4.680928839461542
254 3.5644079388858083
255 4.607300039007007
256 3.606405864963776
257 3.4839855629548917
258 3.7412127238796584
259 3.598735227958084
260 3.7938445111620345
261 3.6664862968347958
262 3.9009942886455145
263 5.089628286159885
264 4.2014490178854595
265 5.297166343131379
266 3.413441528531995
267 3.692683617121331
268 3.83122408512792
269 3.5363619316481363
270 3.726024748706184
271 3.739420498948401
272 3.0694876592501563
273 3.3931028833798185
274 3.690071885673855
275 3.7979305999274855
276 3.650785628576265
277 3.8150384838896434
278 3.4555025131615658
279 3.526811326220688
280 3.954004347985288
281 3.972116852648397
282 3.7588648083400646
283 3.5734687299024963
284 3.5866831176902663
285 3.6616752076029897
286 3.127655355078796
287 3.8185332515388213
288 3.689555755821338
289 3.2271243779015344
290 3.7368051032487775
291 3.747751554453528
292 4.010594326085262
293 3.580927767580106
294 3.7173483035868378
295 5.153311752603003
296 3.8265266373314493
297 3.7337390709030265
298 4.9091729515725095
299 5.021058103283202
300 4.226812776666582
301 4.133919686909946
302 4.845893882151439
303 3.7326455557075917
304 4.302480166027586
305 3.6998864948903494
306 4.581659504329218
307 3.7884127013455013
308 4.043790430697214
309 4.269737647927628
310 4.052746658902016
311 5.278562896939545
312 5.157254302382246
313 3.4994854228178576
314 3.831302252796818
315 5.149713824281226
316 4.071680164547997
317 4.426557135991101
318 5.106351715562414
319 4.102119065407817
320 3.110564836707036
321 3.894062242968119
322 3.9083271748315718
323 4.8717233687099375
324 3.3000797854784434
325 3.806851687560754
326 4.806840536414836
327 3.1064091140154204
328 4.256653975498814
329 3.0288959184049733
330 4.054487435365989
331 5.304977457790554
332 3.7636680519869072
333 3.4364283168012806
334 3.640207964329621
335 3.512299251169826
336 3.977575227385826
337 3.8233585460460517
338 3.702403723525363
339 3.6301196370384994
340 3.69536460144093
341 4.062752482837856
342 3.5532702063180546
343 3.689313966316972
344 3.753311307632257
345 3.761932977203202
346 6.557305885783922
347 3.4560675132452436
348 3.9696034011279897
349 4.624588140145774
350 3.7031420522825935
351 3.618439351014183
352 4.711702461457494
353 3.8190447112246595
354 3.4925194324447686
355 3.220311406492683
356 4.031180344009802
357 3.9181137303782307
358 6.294294542238017
359 5.246075356346906
360 6.326968886219269
361 6.317435676391721
362 10.04360949655606
363 3.691506935606414
364 7.378299923273803
365 3.94247677501844
366 5.413628936866738
367 6.607164236523708
368 5.758796766448901
369 5.180202713518597
370 5.305993759208775
371 4.264666787960408
372 4.752552657194274
373 5.912657051703941
374 5.082478751719194
375 5.071791171555328
376 4.6382945783624026
377 7.395539866725023
378 5.2169098061338275
379 3.7414749185103378
380 5.398029202393214
381 3.3626452571134
382 3.914472698406021
383 3.3919160404892734
384 4.240392461716789
385 3.5617868112881794
386 4.251871984666247
387 5.009228452480534
388 3.818063259529113
389 4.406554463948144
390 4.0695756431244305
391 5.739618533997025
392 6.1056113765071665
393 6.104997000179296
394 5.8359128439093935
395 4.602714942866631
396 6.058927762121814
397 3.784917270360566
398 4.971695716116931
399 3.895902401470786
400 3.931287755767186
401 3.684794744603903
402 4.131651261301229
403 4.545331453122628
404 6.1621899124175705
405 3.5848306578008895
406 3.210993723559377
407 4.758069058656346
408 3.8563000688771676
409 5.905205965421143
410 5.014905555035091
411 4.92228220854716
412 5.942064604994164
413 3.7984769807454466
414 3.630429280038807
415 5.40795805991786
416 4.863718521889266
417 3.320558156127933
418 4.254956377124133
419 5.771015919116797
420 5.924086138977387
421 3.8489578005177303
422 3.617981280576825
423 4.73472651411118
424 3.5924258902458823
425 3.599840230210856
426 3.6305007947861383
427 3.7568651324251863
428 3.6710294423514505
429 3.604232674628193
430 3.81681826921979
431 3.5246852200096748
432 3.8491500177621165
433 5.603966768563158
434 3.713188122230646
435 3.4919009273758315
436 4.552764773013454
437 3.490721937736001
438 3.8475837858190407
439 3.8407359388364988
440 3.3956026407086872
441 3.4503216084758117
442 3.9269397050791452
443 3.488490914742614
444 3.7352129481196017
445 3.606227100539776
446 4.072816200685656
447 4.6756480235656825
448 4.049200598687025
449 3.8110738900029393
450 4.913647122232965
451 3.7679158637591375
452 3.7490606105181064
453 3.2037756491237515
454 3.2862606425679877
455 4.787465667038963
456 3.4632583612484225
457 4.101060351444192
458 3.5929169375391776
459 3.935934531448709
460 3.4935023945262262
461 3.6212221552912722
462 3.6280340570546685
463 3.8074004019261825
464 3.5288233246895984
465 7.014081068228538
466 4.089068485436146
467 3.9290217718588867
468 3.3313424974592167
469 3.8232187950187204
470 3.4244458446255943
471 3.667389518669358
472 3.431649077385654
473 3.831511922166791
474 3.7662396469426285
475 4.055224237531884
476 3.7388510052679607
477 4.009050493494729
478 3.748353118052446
479 3.43686636208498
480 3.9719749288538035
481 3.5603335430554046
482 3.8090135911006997
483 3.6352314190813435
484 5.755197749177869
485 3.620490716631374
486 5.145248932250387
487 3.892227271702726
488 6.627545901964026
489 7.005574748647434
490 2.716113984062199
491 4.113230522506841
492 3.7975660859335405
493 3.7422426941716185
494 3.957777147898985
495 3.7447186672765738
496 3.894758784341574
497 3.863287363697583
498 3.150828653468362
499 3.519023384505449
