0 3.8994434700356733
1 4.042537860664408
2 3.9998910335799582
3 5.578332915421346
4 3.8041711207393396
5 4.056191531862296
6 4.6159018323843695
7 4.93093513373546
8 3.7809200190887955
9 4.599229514872968
10 4.786854227284607
11 4.3360945496958
12 3.840565564423029
13 4.41449955920436
14 6.092611470175988
15 5.78298830687396
16 5.794844305255996
17 6.803875334131341
18 4.130817804202011
19 7.083534699099548
20 3.920015168252225
21 3.926398168878747
22 3.897268563555382
23 6.167242580108911
24 5.380203157420243
25 5.562333131680507
26 4.792754949295174
27 4.2673419494716835
28 3.922881605135861
29 4.825382124987969
30 7.129052585473636
31 8.048007977693418
32 8.57622974569579
33 6.680986381920001
34 6.61125806692019
35 8.09171940486978
36 5.9259439048991265
37 3.998476880243575
38 4.068695954515302
39 5.608842832219007
40 6.9354721465104125
41 8.601110551241616
42 4.613446329886749
43 5.2898199917629025
44 7.255697524321594
45 8.25759447954002
46 8.285935774787921
47 6.131960200613585
48 5.306900384921612
49 5.915902409020761
50 5.876928737101492
51 5.568859109047935
52 6.804768582537571
53 6.549140037109788
54 7.2853568873483265
55 6.353191679470254
56 6.256301938257415
57 9.44905038520978
58 6.923906723088826
59 8.58771740588106
60 7.4912768007353545
61 7.574015094345411
62 7.567403307249289
63 7.3165911787212154
64 6.9896436612630755
65 5.484433372221972
66 3.8471734610531376
67 3.6538583933354754
68 3.8350735480994893
69 4.842476884596135
70 7.447842563690855
71 8.408422714380816
72 5.727602236858588
73 5.7503815346446245
74 6.424345239626529
75 8.217259298570973
76 7.450368192179226
77 6.104923959485823
78 6.455335863053611
79 8.007790622686894
80 7.3278971691476755
81 7.129655886749039
82 5.384164844269155
83 7.491975681107109
84 6.1033733659383556
85 7.80241630651835
86 7.292080449024146
87 7.350407536009426
88 6.476752275355596
89 5.674584328421386
90 5.884481451374191
91 6.412402107100305
92 5.921592065374964
93 6.368784194266361
94 6.26567137048575
95 4.787967972064367
96 7.431653545562288
97 4.694857091058517
98 4.322372602785828
99 5.517296008939906
100 4.1312038542370795
101 5.0486223143066145
102 5.472793433906387
103 3.71096344276326
104 3.890572809158003
105 4.09946769996016
106 5.56060368307603
107 3.9468860007411166
108 5.6079145806941595
109 5.289153711445113
110 5.31962894054099
111 4.6573265614911366
112 3.951306708541619
113 5.656131477252807
114 4.885108415768992
115 4.691474289752832
116 4.609379198012362
117 4.878312505745948
118 3.8410122097739134
119 4.037206730237099
120 4.114333909052796
121 5.018895238255437
122 5.700679634744502
123 3.8911926784178
124 5.937600909234837
125 4.012846353573335
126 5.645176704362728
127 4.9632569673019455
128 4.504243054247621
129 7.868070843984558
130 8.366112262600106
131 7.320409362203796
132 5.99795188229038
133 7.199196706974913
134 6.40821225270794
135 6.592136736070466
136 5.900825708247865
137 5.526894555189938
138 4.1775151144287515
139 5.518988457582068
140 4.5592561266295695
141 3.947094311493739
142 3.652993250174734
143 5.283180066623292
144 3.988728129234416
145 3.6921071515690684
146 3.8224315761217302
147 3.6675456571053426
148 5.878477433257106
149 4.0028967386490715
150 3.8305872094732734
151 4.1205646690064635
152 4.131366883977922
153 4.173760836153638
154 3.8647604427081967
155 6.224966011314854
156 5.968106614427449
157 5.391771691906976
158 6.35872847816988
159 4.581392294474002
160 5.5945655400328205
161 6.213660826382311
162 5.0673675125586195
163 5.704706863792847
164 4.103975395179074
165 4.361240877160279
166 4.692914560998515
167 3.742802182464849
168 5.332242474107209
169 3.833202184484322
170 3.745590799515189
171 5.346542396284466
172 3.8824975961930432
173 3.5993199730265357
174 3.983880225377689
175 4.826763782436837
176 4.499414986958165
177 4.815988346717451
178 4.153654660841259
179 5.278762286501132
180 4.080746233043328
181 6.590054286704634
182 7.434992811283264
183 6.2315387174213
184 6.591208390237067
185 6.010653923967544
186 6.955509159852263
187 6.395524854698639
188 5.099992530823131
189 3.859251409657672
190 3.892111859619275
191 7.855349122144013
192 9.128584511058948
193 9.516974888970699
194 8.84336891132807
195 7.259881690134053
196 8.611390244376409
197 8.89228663120191
198 8.826407040054427
199 7.098657498494268
200 8.224696285362755
201 7.314197656904519
202 6.697540923533758
203 6.4109660043366805
204 5.063561041789228
205 4.992884302822506
206 5.51983307605329
207 6.869779438244933
208 8.039629249258093
209 7.300565334787636
210 6.9357798826008255
211 6.2624527267388235
212 6.01170444487435
213 6.813548172618928
214 6.8628492669937495
215 7.406615459684747
216 7.785477865836372
217 6.203963748724392
218 6.606335498720793
219 8.993274570644369
220 4.94723387432477
221 3.953901356456793
222 5.572981122905427
223 4.302288342705762
224 4.388537870984831
225 4.0771888022338
226 4.338324186306178
227 5.490060025817499
228 5.6590430280171065
229 4.982129895387691
230 5.2339236578839206
231 4.966026961150889
232 6.825141921458955
233 3.6754881495374683
234 3.859818035886971
235 6.919893865459219
236 6.850484806250272
237 4.73592164591305
238 4.809342197148322
239 5.476628312844106
240 6.740281975933828
241 4.193539559274733
242 9.513780633687764
243 10.061581298096874
244 9.262286675148697
245 9.672058657445037
246 8.528786747951589
247 9.191924453459475
248 8.941436086440975
249 8.384392231953804
250 9.582105482520028
251 9.004347933017025
252 8.845660903768973
253 9.639110755566746
254 8.787407382659543
255 9.186425190933239
256 9.939630733366018
257 11.422911961866683
258 9.485402542355649
259 8.968196631327164
260 8.618531709811323
261 8.985112101511547
262 8.056286369556947
263 8.584525418532943
264 8.965806232408834
265 9.518902149681136
266 8.088702130510654
267 8.675712016864924
268 9.103090768514011
269 8.484247566286058
270 7.952365575583575
271 9.19102149979111
272 8.197859362795267
273 8.092278747547155
274 9.502788818069844
275 7.9733883228707345
276 7.246799913499533
277 7.126424393474974
278 6.590596652220233
279 6.994456673222826
280 8.10367244243292
281 6.160618144190659
282 8.433170934125874
283 7.199791590394775
284 7.889774232653176
285 8.14962419055241
286 7.493624563926576
287 7.446123782405948
288 7.36412801286522
289 6.303077107870651
290 7.408489407816976
291 7.792815328147558
292 9.928194506067799
293 6.872200642540094
294 9.837493968616688
295 8.176396914391972
296 9.924585739607984
297 9.457874286806943
298 9.39266640063351
299 8.514822315141828
300 8.67349837319532
301 8.97569100076975
302 8.691401391581582
303 7.72682602705173
304 8.354872960170322
305 7.125424433183158
306 9.54306683983453
307 10.19241815945276
308 8.31974959402775
309 6.508110411654529
310 6.025430923148659
311 6.03517796272274
312 7.1687397110470465
313 6.359733755760153
314 7.100223832724935
315 7.116493836781794
316 6.469465016175987
317 7.877657147900493
318 7.559149570883702
319 7.078459864196615
320 6.345617491269457
321 4.95172310140326
322 5.204938783286225
323 3.7685085395186344
324 5.3944871812704935
325 5.923148167008115
326 3.7917024924556406
327 5.854698983926103
328 3.7716933540742703
329 3.6909803849699094
330 3.8244797848316634
331 4.4448401048341575
332 5.997623955876106
333 4.4442638173392055
334 4.601333776548584
335 3.9717370722365235
336 3.984196303090661
337 3.7209173436100724
338 4.647278999876576
339 5.387315507792399
340 4.0228402425530625
341 4.078982800866374
342 4.510645523504017
343 3.8831709817849007
344 6.617386066785385
345 6.252599930811428
346 6.824560272357236
347 6.940206994400315
348 6.9204395334211135
349 7.176757752210646
350 6.885201103649847
351 5.696477676325932
352 7.498979667102919
353 7.559115415996027
354 4.439487633140581
355 3.8344928256323616
356 6.661553606592298
357 3.863381598461432
358 3.984380068521328
359 3.7596158359380683
360 4.614768318895426
361 3.988337751672576
362 4.255179913561211
363 3.898759618020135
364 5.910090795373646
365 3.8723387018210333
366 4.3355819483827736
367 4.897827604297329
368 3.9852990424595287
369 6.6636995074348935
370 3.6080999491505983
371 3.6318584861150134
372 4.388039341391508
373 4.146718928583869
374 5.352215781228388
375 5.908929289468603
376 4.233439435086189
377 6.273538699728122
378 4.937644505819691
379 4.518741298995767
380 3.706246337835456
381 4.613696800087174
382 3.8988160743376308
383 5.493415799077358
384 4.102909120189541
385 5.662232440460816
386 3.7958119402913697
387 3.7387951742706647
388 3.919292652786666
389 4.107401877580406
390 6.678935139370052
391 5.40747129551662
392 6.1999529655557755
393 7.037446671642756
394 3.926965072644523
395 5.697702107354204
396 5.3768594376786405
397 3.868168233894827
398 3.9386881698901206
399 6.444046057055226
400 4.068629004123361
401 4.065795082891677
402 3.7887300417888365
403 6.760159845835964
404 3.7905765637188034
405 3.840877977929111
406 6.943740135669605
407 3.7727581797866483
408 6.660484554531458
409 5.872334734968729
410 6.69485087834364
411 5.557292727138873
412 4.22946063842505
413 3.6618610913957093
414 3.798860822769141
415 5.347075502098728
416 3.7967635610477197
417 3.736685663707708
418 3.9893387292071605
419 5.428127199943413
420 5.53215192738319
421 4.290500409507287
422 4.387752992808253
423 3.9114119534189706
424 4.600676556314097
425 3.843155208532742
426 4.537577313571262
427 4.037500924834753
428 4.635950943463618
429 4.827378811659544
430 5.170216011636484
431 4.448380240213737
432 3.8818321893697614
433 5.009717409345272
434 3.7247081258641646
435 3.859809581684218
436 4.842432518110658
437 4.7114207781297734
438 5.120596589487511
439 4.2572745409663835
440 4.753646774263207
441 6.82537036361249
442 3.7014377124429423
443 3.877857885876256
444 6.0083008817839625
445 8.908061696453844
446 6.855229739945981
447 5.39842941397176
448 7.799438300548585
449 5.343056473352735
450 6.479064848276729
451 6.897065879803752
452 7.008041194016445
453 5.135863628957258
454 6.722912347189554
455 3.8955897958693417
456 4.017437850035987
457 5.17928837623041
458 6.435779675443038
459 6.553170872029235
460 7.484410467170125
461 6.935520002550394
462 6.384601247392313
463 7.512975823026237
464 5.947660162597143
465 6.3870035881579295
466 5.8317339048877574
467 5.603503725598597
468 5.598337911494678
469 4.063750511317992
470 5.413562596468692
471 4.248439874669891
472 3.695540800054285
473 9.49708406973543
474 8.556152402981773
475 9.944206176489574
476 9.545371965138678
477 10.877453430044316
478 9.197314534531452
479 7.250017352283048
480 8.965939274372722
481 8.889465524735739
482 9.994467749189475
483 9.810546159936683
484 8.720862959577493
485 9.070126721133096
486 9.446452661853149
487 9.582093869385156
488 9.714457588490498
489 9.774356940110874
490 7.269352615984991
491 9.375585268290205
492 8.873818297925915
493 8.989020228505677
494 9.581703365092974
495 9.048518551037555
496 7.729261640272211
497 7.780132273771456
498 7.1033662435129035
499 7.664276366637809
