#Frame          CA.CA   CA.CA[Max]
       1      16.1339      30.1890
       2      16.0762      29.2787
       3      16.0796      29.2549
       4      16.0723      30.4125
       5      16.1012      29.1731
       6      16.0171      30.0560
       7      16.0202      29.7608
       8      15.8864      29.4433
       9      16.0281      29.0512
      10      15.9181      29.2802
      11      16.1112      30.8232
      12      15.9695      29.1462
      13      16.0540      28.7260
      14      16.0251      32.3540
      15      16.0912      30.0672
      16      16.0561      30.1857
      17      16.1154      30.4641
      18      16.0039      28.9054
      19      15.9996      30.4730
      20      16.1179      29.5006
      21      16.0057      30.5138
      22      16.0642      29.5688
      23      16.0589      32.1100
      24      16.0414      31.1798
      25      16.0337      30.1776
      26      16.0095      29.8477
      27      16.0217      30.2076
      28      16.0539      29.9034
      29      15.9411      29.9846
      30      15.9694      29.6013
      31      16.0290      30.8745
      32      16.0423      31.3635
      33      15.9372      29.4701
      34      15.9620      29.0548
      35      15.9534      30.3551
      36      16.0154      29.5831
      37      15.9938      28.7286
      38      16.0162      29.4545
      39      16.0712      29.3402
      40      16.0780      29.8201
      41      16.0906      30.0418
      42      16.0262      28.8795
      43      16.0006      28.7940
      44      16.0443      30.7765
      45      16.0348      29.5251
      46      15.9759      29.6330
      47      16.1132      29.8527
      48      16.0659      31.6159
      49      15.9651      29.4693
      50      16.0772      29.5832
      51      16.1116      30.5427
      52      16.0301      30.5745
      53      16.0693      30.5361
      54      16.0051      29.6466
      55      16.1045      28.9393
      56      16.0001      29.0462
      57      16.0956      30.5244
      58      15.9833      29.5977
      59      16.0194      29.2702
      60      16.1587      29.6190
      61      16.1170      29.0835
      62      16.0344      29.7415
      63      16.0639      29.1683
      64      16.1239      30.2541
      65      16.0978      30.1188
      66      16.0538      29.4838
      67      16.0824      28.8942
      68      15.9712      29.2026
      69      16.0387      30.4764
      70      16.0021      29.7638
      71      15.9865      28.8665
      72      16.0346      29.0399
      73      16.0444      30.0462
      74      16.0586      30.3427
      75      16.1495      29.9546
      76      16.0759      28.8179
      77      16.1109      29.3416
      78      16.0620      30.7053
      79      16.0339      29.8506
      80      16.0769      31.1280
      81      15.9670      29.6232
      82      16.0369      28.9890
      83      16.0193      29.7032
      84      16.0172      30.2936
      85      16.0619      30.4556
      86      16.0651      29.3616
      87      15.9538      29.5135
      88      15.9431      29.1142
      89      16.0633      30.1200
      90      16.0009      31.0736
      91      15.9289      29.3066
      92      16.0066      29.8962
      93      15.9370      28.6047
      94      16.0338      30.8336
      95      15.9753      29.7831
      96      16.0353      29.8471
      97      15.9986      30.3727
      98      16.1352      29.9429
      99      16.0823      30.1898
     100      16.0652      30.0587
     101      16.0319      29.2787
     102      16.0092      30.8326
     103      15.9742      30.4895
     104      16.0261      29.2239
     105      15.9656      29.5332
     106      16.0363      29.9907
     107      16.0639      29.9412
     108      15.9770      29.7755
     109      16.0593      29.4202
     110      16.0210      29.7732
     111      16.0497      30.5588
     112      16.1152      30.1629
     113      16.1008      29.6370
     114      16.0333      30.2313
     115      15.9560      29.3298
     116      16.0705      30.3733
     117      15.9425      28.5185
     118      16.0062      28.9782
     119      16.0261      30.1114
     120      16.0992      30.4161
     121      16.0341      31.3071
     122      15.9536      29.7034
     123      16.1149      30.0711
     124      15.9222      29.0116
     125      16.1274      29.3672
     126      16.1102      30.4970
     127      16.0698      30.0421
     128      15.9876      29.5438
     129      16.0208      29.8870
     130      15.9916      29.2155
     131      16.0561      29.3288
     132      16.0008      29.3624
     133      15.9474      29.4154
     134      16.0790      29.3592
     135      16.0783      29.4920
     136      15.9568      29.7543
     137      15.9755      29.4525
     138      16.1096      29.7344
     139      16.0585      30.5770
     140      16.0299      29.8904
     141      16.0330      30.5858
     142      16.0298      29.4816
     143      16.0275      28.7568
     144      16.0146      29.9263
     145      16.0267      30.3481
     146      16.0159      30.0800
     147      16.0870      29.7607
     148      16.0751      29.3232
     149      16.0920      30.9325
     150      16.0577      30.2312
     151      16.0651      29.7542
     152      16.0361      30.7313
     153      15.9873      29.3095
     154      16.0808      30.3426
     155      16.0926      29.8921
     156      15.9820      28.8547
     157      16.0176      29.2643
     158      16.0508      29.6378
     159      16.0785      30.5894
     160      16.0164      30.8614
     161      16.1211      32.1233
     162      16.0674      29.8678
     163      15.9891      30.3080
     164      16.0990      31.3360
     165      16.0784      29.8204
     166      15.8966      30.6015
     167      16.0079      30.0614
     168      16.1164      31.3337
     169      16.0858      29.7920
     170      16.1237      29.9681
     171      16.0756      30.0046
     172      16.0611      31.0441
     173      16.0404      29.0007
     174      16.1011      29.5375
     175      16.0749      29.6519
     176      16.0992      29.7512
     177      16.0559      29.4493
     178      16.0853      29.3800
     179      16.0091      29.3548
     180      16.0615      29.6588
     181      16.0180      30.3923
     182      16.0985      29.9442
     183      16.0657      28.9143
     184      16.0804      30.1367
     185      16.0622      29.5401
     186      16.0589      30.9411
     187      15.9565      29.3268
     188      16.0821      30.5563
     189      16.0921      29.9894
     190      16.0578      30.3498
     191      15.9644      29.8814
     192      16.0717      29.6167
     193      16.2142      29.9932
     194      16.1465      30.4779
     195      15.9895      29.5435
     196      16.0690      29.3470
     197      16.0937      30.3402
     198      16.0949      29.8998
     199      16.0431      30.8467
     200      16.0382      30.1741
     201      15.9730      29.4158
     202      15.9463      29.2512
     203      16.0908      29.7470
     204      16.1416      31.1462
     205      16.0823      31.4643
     206      16.0896      30.9882
     207      15.9679      29.7247
     208      16.1836      32.4019
     209      15.9895      29.1990
     210      15.9694      30.7859
     211      16.0537      29.6969
     212      15.9079      29.1342
     213      15.9993      29.8624
     214      16.0696      29.3968
     215      16.0258      29.7139
     216      16.0245      29.0259
     217      16.0229      29.1899
     218      16.0146      29.1005
     219      16.0061      29.7425
     220      16.0750      29.4674
     221      16.1168      29.6303
     222      16.0992      29.0428
     223      16.0499      31.1822
     224      16.1746      30.3101
     225      16.1016      30.5877
     226      16.1160      29.1697
     227      16.1021      29.6164
     228      16.0842      29.3212
     229      16.0261      31.1150
     230      16.0014      29.2677
     231      16.0716      30.0439
     232      16.0796      29.7079
     233      16.0234      29.1880
     234      16.0915      29.9323
     235      16.1376      29.2433
     236      16.0155      29.5428
     237      16.0419      29.2693
     238      16.0497      32.4674
     239      15.9881      29.6333
     240      16.1049      29.8910
     241      16.1436      30.7284
     242      15.9843      29.9370
     243      16.0890      30.0021
     244      16.0472      28.8982
     245      16.0321      28.9824
     246      16.1306      29.8830
     247      16.0398      30.2220
     248      16.0489      31.0355
     249      16.0541      30.0976
     250      15.9508      29.0900
     251      16.0192      30.2230
     252      16.0408      30.5092
     253      16.0566      30.8709
     254      15.9877      31.0187
     255      15.9567      30.3453
     256      15.9347      29.6898
     257      15.9951      30.8607
     258      16.0835      29.0227
     259      16.1316      29.4833
     260      16.0953      29.5362
     261      16.0849      31.4486
     262      15.9775      30.6799
     263      16.0004      30.9482
     264      16.1838      32.0702
     265      16.0331      30.4047
     266      16.0278      30.5131
     267      16.0509      31.4211
     268      16.0775      31.3488
     269      16.0533      31.6585
     270      16.0679      30.9223
     271      16.0197      31.5250
     272      16.0041      29.6519
     273      16.0550      31.1680
     274      16.0436      30.4605
     275      15.9685      30.9287
     276      16.0274      30.9039
     277      16.0499      31.1464
     278      16.0257      29.6140
     279      15.9061      30.0479
     280      15.8823      30.0131
     281      15.9050      30.2889
     282      16.0638      30.8399
     283      16.0651      30.9764
     284      15.9848      30.3381
     285      16.0389      30.4582
     286      16.0016      30.9690
     287      15.9222      30.7832
     288      16.0318      31.2090
     289      16.0708      31.0406
     290      16.0541      30.5577
     291      15.9812      31.0537
     292      16.0448      29.5799
     293      15.9774      29.7829
     294      15.9877      30.1649
     295      16.0210      30.7386
     296      16.0847      30.6291
     297      16.0158      30.5007
     298      15.9925      30.0996
     299      16.0363      31.5980
     300      15.9119      30.7310
     301      16.0132      30.6030
     302      16.0634      31.7351
     303      16.0563      28.8905
     304      16.0681      32.2435
     305      16.0355      30.6715
     306      16.0528      30.4649
     307      16.0767      31.5803
     308      16.0736      30.4845
     309      15.9886      29.2355
     310      16.0221      29.7237
     311      16.1164      31.1378
     312      16.0112      30.9918
     313      16.0583      28.8286
     314      16.0834      31.3313
     315      16.0985      30.8418
     316      16.0834      30.5850
     317      16.0321      30.5306
     318      16.0490      31.1302
     319      16.0177      30.1073
     320      16.0500      30.3905
     321      15.9957      29.6079
     322      15.9376      28.8887
     323      15.9787      30.3520
     324      16.0386      30.5560
     325      16.1040      31.5770
     326      16.0522      31.6351
     327      15.9599      30.8516
     328      15.9894      30.5404
     329      16.1015      29.8966
     330      16.0492      30.8487
     331      16.0897      30.6044
     332      15.9849      30.8041
     333      16.0644      31.5502
     334      16.0619      29.9814
     335      15.9471      31.2135
     336      16.0363      31.3649
     337      15.9467      29.5116
     338      16.0551      31.0030
     339      15.9291      29.7524
     340      15.8556      29.2665
     341      15.9186      29.2177
     342      16.0131      30.7818
     343      15.9694      29.7448
     344      16.0095      30.2585
     345      15.9520      30.2065
     346      15.9212      29.7427
     347      15.9866      30.7866
     348      16.0087      29.3173
     349      15.9521      29.7146
     350      15.9926      30.0422
     351      15.9330      29.6420
     352      15.9407      30.8398
     353      15.9383      29.2015
     354      16.0166      29.9436
     355      15.9692      29.7778
     356      15.9623      29.6225
     357      16.0119      29.9057
     358      16.0076      29.1631
     359      16.0664      30.4698
     360      15.9476      29.7891
     361      15.9776      30.3314
     362      15.9597      30.8119
     363      16.0059      30.1940
     364      16.1326      29.5313
     365      16.0316      28.9032
     366      15.9987      29.2033
     367      16.0554      31.4939
     368      16.0538      29.2389
     369      16.0438      30.4186
     370      16.0200      30.4469
     371      15.9761      30.2006
     372      16.0221      29.8892
     373      16.0462      30.6952
     374      15.8829      30.1863
     375      16.0022      29.8555
     376      15.9595      30.0002
     377      16.0359      29.5259
     378      16.0505      29.6071
     379      15.9635      28.8588
     380      16.0809      29.6602
     381      16.0887      30.6585
     382      16.0444      29.7746
     383      16.0852      29.8360
     384      15.9862      30.5855
     385      15.9462      29.1354
     386      16.0324      29.3144
     387      16.0293      29.5541
     388      16.0177      29.6309
     389      16.0719      30.2340
     390      16.0503      30.1394
     391      16.0598      30.0156
     392      15.9757      30.4524
     393      15.9942      29.3753
     394      16.0147      30.8809
     395      16.0532      30.1489
     396      16.1160      31.5246
     397      15.9278      29.0868
     398      16.0193      29.1091
     399      16.0586      29.5475
     400      15.9679      29.6248
     401      16.0675      29.9099
     402      16.0480      30.7200
     403      16.0607      29.4355
     404      15.9862      29.2632
     405      15.9763      28.6991
     406      15.9180      28.9032
     407      15.9949      30.0427
     408      16.0678      30.9681
     409      15.9139      29.2009
     410      15.9733      29.3081
     411      16.0176      30.0765
     412      16.0727      29.5662
     413      15.9641      29.6620
     414      16.0081      30.1239
     415      15.9673      29.3153
     416      15.9996      28.9145
     417      15.9102      29.8277
     418      15.9511      29.2617
     419      15.9147      29.6192
     420      16.0113      29.6159
     421      15.9732      29.4711
     422      16.0124      29.0554
     423      15.9930      30.6562
     424      15.9894      29.4645
     425      15.9185      29.0854
     426      16.0164      29.9755
     427      15.9463      30.1599
     428      16.0176      30.8364
     429      16.0005      31.6865
     430      15.9997      30.4032
     431      15.9490      30.9685
     432      15.8975      29.7039
     433      15.9707      30.9783
     434      15.9756      30.6626
     435      15.9659      30.2507
     436      15.9435      31.8107
     437      15.9595      30.4938
     438      15.9606      30.8419
     439      15.9699      30.9415
     440      16.0027      31.0174
     441      16.0057      30.4879
     442      15.9731      31.6412
     443      16.0154      30.9447
     444      16.0519      31.5400
     445      15.9401      30.0181
     446      16.0730      30.7346
     447      15.9543      29.4538
     448      15.9892      29.8437
     449      16.0136      30.4899
     450      15.9593      30.7426
     451      16.0839      31.1755
     452      15.9497      30.4462
     453      16.0352      30.3515
     454      16.0416      30.5642
     455      15.9830      31.5793
     456      15.9735      30.9044
     457      16.0474      30.4763
     458      16.0605      30.9128
     459      16.0512      31.3054
     460      16.0586      31.3869
     461      16.0024      30.1794
     462      15.9573      30.1466
     463      15.9854      30.3886
     464      16.0133      31.6182
     465      16.0060      30.4337
     466      15.9843      29.4483
     467      15.9703      30.9688
     468      15.9028      29.3820
     469      16.0423      30.1528
     470      16.0112      29.3849
     471      15.9387      29.5822
     472      15.9627      29.3192
     473      15.9582      29.6977
     474      15.9819      29.3595
     475      15.9747      29.8822
     476      16.0432      29.4216
     477      16.0433      29.6962
     478      16.0136      30.7332
     479      15.9109      31.0895
     480      16.0827      31.3510
     481      16.0527      30.9739
     482      16.1141      30.6076
     483      16.0514      31.8852
     484      16.0409      29.4600
     485      16.0702      31.3425
     486      16.0408      30.9762
     487      15.9813      30.7243
     488      16.0001      31.5207
     489      15.9424      30.9987
     490      16.0187      30.6574
     491      15.9381      31.0211
     492      15.9462      29.2141
     493      16.0877      29.9304
     494      16.0243      29.4742
     495      16.0074      30.7250
     496      16.0080      30.1661
     497      15.9848      30.2350
     498      16.0752      31.7370
     499      15.9869      31.3306
     500      15.9580      31.5000
