0 8.697436112440084
1 8.826892110100449
2 8.003587804532174
3 8.165329651051612
4 8.636766831206891
5 8.903313810038396
6 8.433570180512435
7 9.161003417972958
8 8.456117075967889
9 8.44504450951129
10 7.555722747098186
11 9.091972110079519
12 10.439414008889488
13 9.218267946157226
14 7.488721993981319
15 7.550979652620456
16 8.60522028295512
17 7.792120480389427
18 8.216871384978827
19 6.928705346000906
20 8.118555603734906
21 6.495880057074053
22 6.202022112708456
23 6.991780210780204
24 7.870689974712186
25 6.760197620198062
26 6.929655732604282
27 6.2877812851521195
28 6.4861652827565495
29 7.5602440812896585
30 7.786926007144518
31 7.3312802055403425
32 7.276085232651765
33 6.689385174987928
34 6.824588383557232
35 7.449243042852401
36 7.187398622974859
37 7.055064829441589
38 7.108379908049275
39 8.466521733286793
40 6.672952164801602
41 7.329610744692357
42 7.516979817954075
43 6.970901473393439
44 7.229948529259511
45 6.95416802441296
46 8.039549147464792
47 5.178738848750974
48 6.992858248792549
49 7.217048788090655
50 7.191613350112297
51 8.201927752352448
52 6.528790541664868
53 6.763870796111663
54 7.693938270786442
55 6.4799300368058805
56 6.355132507914151
57 7.320668785820177
58 5.401198901072598
59 6.7526527614490215
60 6.249437834434754
61 6.497000681855006
62 5.289028746597096
63 4.280014369363316
64 3.5162546375594115
65 3.359935668426323
66 4.3042430353231085
67 3.4925186491580043
68 6.42676949633081
69 4.445199299517844
70 6.27105841880303
71 6.099766857877954
72 6.51391037865
73 7.169781799013825
74 6.436271526596203
75 6.4875321194857225
76 5.859398137090371
77 6.600838731516412
78 5.997479030816658
79 7.055801536595819
80 6.3183370005889845
81 6.141856741744949
82 7.035668992559072
83 7.392222609251203
84 6.500416360499999
85 6.075074981967978
86 7.370286506269851
87 7.364232182280612
88 8.063876815455025
89 7.378311055726725
90 7.518807645391765
91 4.882716876696355
92 5.007034882671969
93 7.263259569816196
94 6.306893907374703
95 5.251084050872794
96 6.020146680451678
97 6.455234782716748
98 6.81611048415586
99 6.163956217095363
100 5.576341055889377
101 5.3518264747568125
102 6.820290760091174
103 8.061160262713969
104 8.299591133541211
105 6.1839691204876495
106 7.226999766783849
107 6.827525902377225
108 7.9665574828247365
109 7.367649823595094
110 6.918093789334838
111 7.970690376544186
112 7.77277199952548
113 8.317436949578303
114 8.688055914992107
115 8.208771412627325
116 7.98711865493178
117 6.9497106303381235
118 7.117477353237525
119 7.408212582802628
120 6.454984787492652
121 8.12311209419695
122 7.592586619375012
123 6.832675160137565
124 5.620093323551385
125 8.069702921265904
126 9.998051074755343
127 10.15977752021619
128 9.25919324888681
129 11.480782222109099
130 8.978060030699554
131 8.598745212854402
132 7.423122260109165
133 7.3828718634549295
134 5.960214900392459
135 7.085667780827704
136 7.203941932010659
137 6.930280518586611
138 6.74025349390484
139 4.923780582307975
140 6.709033515284937
141 7.3296521577563825
142 5.574308610895606
143 7.605880946161786
144 6.713304732106411
145 6.000113446685806
146 6.618502591190723
147 7.1241951756569994
148 6.917801940508055
149 9.3609854752782
150 7.364032912367536
151 7.217074982136309
152 8.467663928740974
153 6.4631636703665585
154 6.972822758016062
155 7.6736651328442775
156 8.947084019317677
157 7.054576969381061
158 6.7183217086146305
159 6.858663487727693
160 6.9858645097514644
161 6.082738429214461
162 6.521205509433021
163 9.626756829603028
164 9.841691877607895
165 8.370571399140823
166 7.697344825984954
167 8.152737660030686
168 8.899151172545919
169 9.153886030084571
170 6.861468158475983
171 9.18295192283453
172 8.751081426376203
173 7.5757503342693004
174 7.731124014622444
175 8.507941020817668
176 8.589236602535156
177 8.992873988494761
178 9.421295351161096
179 8.36951209409764
180 8.941656200297452
181 7.537022580072237
182 6.652234302013051
183 9.23273298711031
184 9.935927143337354
185 8.852442914553837
186 7.666162434625556
187 9.273600697282744
188 7.943884344569445
189 7.68746297889804
190 9.134831938329976
191 8.467956050825357
192 9.651644065499205
193 7.841765264482252
194 6.950051962220077
195 6.998447303683274
196 7.436753720399865
197 8.465280675051398
198 10.728385107907302
199 9.358389378588003
200 8.785840972032192
201 7.732595851210373
202 8.494394092935316
203 9.049668493324868
204 8.340526726236778
205 7.756629295155658
206 7.455252564120463
207 7.810624425595915
208 7.040269519290507
209 8.305133722032346
210 8.760266333384813
211 8.627424065145624
212 8.546930401985213
213 9.004066994835673
214 8.366918698444913
215 8.186125248760106
216 9.411789038229195
217 7.922461338209747
218 7.6995148306720225
219 7.320086207222494
220 8.085959252265914
221 7.584925719263016
222 7.505415698411386
223 7.515194497098162
224 9.301069620536849
225 8.2447925042134
226 8.43430824594204
227 8.565791095426837
228 9.026834727647987
229 8.477725956014055
230 8.53441112900538
231 6.906915344926264
232 8.998749261966422
233 8.503046517105233
234 8.41433874538242
235 8.886166798882535
236 8.105462812049208
237 8.183767781374689
238 9.421329206044568
239 8.26976829375904
240 8.665511159492583
241 8.580286238628686
242 9.932500065153224
243 10.648416541925828
244 10.514989783867964
245 9.472851033400866
246 9.318854759941452
247 8.896886952101426
248 10.683960866116434
249 10.945241449534338
250 10.338964237271892
251 10.425772535405239
252 8.489597957427883
253 7.1771058151182245
254 8.058752335082325
255 8.316117143444437
256 9.22853348086191
257 10.05834591175012
258 8.455649574682212
259 8.98689423400791
260 11.201426570249987
261 10.215884203114946
262 10.215746743890469
263 10.769495143776743
264 9.504975639405668
265 10.306861046383966
266 9.632537514482275
267 10.335569980600948
268 9.968018945697802
269 11.028332352782233
270 8.96003490221319
271 7.104694408426243
272 7.700089875034352
273 8.23942989646707
274 8.079679315601672
275 8.758250454698645
276 8.343161655824833
277 7.610708180519756
278 9.584648853396617
279 9.779363096841472
280 9.69295603024852
281 7.880822153336825
282 7.4808028710752055
283 8.335917588798077
284 7.059053020034835
285 6.895571281150244
286 7.4149991965229125
287 8.246125613041354
288 7.261013574572683
289 6.727199360093674
290 8.495478287058175
291 6.914745304338558
292 8.34005492117724
293 7.613891253781083
294 7.039606358165293
295 6.716256772896069
296 6.815095123211652
297 7.091586507152632
298 7.2900068709479005
299 6.896858730485917
300 7.664734084340371
301 6.531755427817389
302 8.229019592579286
303 7.655357187979719
304 8.159015936281053
305 8.913101013134808
306 9.0131588215104
307 8.15396870557574
308 8.069271084745887
309 7.659563674661263
310 7.99240021476536
311 7.992391772727208
312 9.672135321928375
313 9.355499568965678
314 9.89816765526529
315 8.216019578278416
316 8.875150355504616
317 8.882025762140753
318 8.383252583994791
319 9.039825578992478
320 7.217749378154933
321 9.609717429129729
322 7.980271155445499
323 8.820272456002355
324 7.723477257959452
325 7.626988713233042
326 8.134633673763318
327 8.2914515192895
328 8.468600768563224
329 8.232635886364786
330 9.148408448182751
331 9.115765401513805
332 7.7759235032789045
333 8.158866658929673
334 9.518628300122531
335 9.875200331765985
336 10.741419759428805
337 8.105262990056369
338 9.524460039982898
339 10.061399382561001
340 7.724886056888399
341 10.756018706186513
342 10.055259574048334
343 9.593425956138804
344 9.807202619127189
345 7.52305765609691
346 7.882167007640526
347 8.84831461062402
348 8.516534564063631
349 9.45146190885703
350 11.168032095803097
351 11.296763175718686
352 11.955266272006558
353 10.988447532231133
354 10.360037368959587
355 10.26298348328841
356 11.30515001301742
357 9.987536871088226
358 11.566019077434479
359 11.460597601691765
360 9.689850044805388
361 10.872380089057524
362 9.412360552976494
363 10.698308573353227
364 11.476404729004143
365 10.54335487235531
366 10.779043208600312
367 10.111556984661997
368 9.896395854202547
369 9.476996464788554
370 8.876837615400431
371 8.51172939173719
372 8.982167911474395
373 8.816493028838668
374 8.375425250012615
375 8.589965229604132
376 8.587953882023958
377 8.90932057645805
378 9.130825023545496
379 9.269763250817995
380 8.861925058677812
381 8.084845211080822
382 9.097006563498036
383 8.688703872309926
384 7.434169214299848
385 8.902350358186787
386 8.316918930860473
387 7.856933889191447
388 8.513631048682651
389 8.451266458040612
390 8.0199453161718
391 9.15361031928335
392 7.45782257884291
393 7.745721480008011
394 9.016671072722335
395 7.83040877701398
396 9.214532432494677
397 7.899122318978159
398 7.264824178012264
399 7.381058642714706
400 7.695859562770963
401 7.221514372021541
402 7.855279756927899
403 7.38796246355802
404 7.646343273837933
405 7.109465843018685
406 8.667327331186886
407 7.20981700459194
408 7.536289667884028
409 7.647632899979882
410 7.641340209547957
411 8.02523669116055
412 6.8764162007814775
413 8.027506411682507
414 11.482105148569028
415 9.708860349183679
416 9.731559613736517
417 10.82343951125901
418 11.530226586338143
419 11.629020675516925
420 11.065039816558492
421 9.380585399514974
422 9.064948929526583
423 11.267418605316518
424 8.765761638871224
425 10.036747166954113
426 8.54416810903487
427 8.457973321461651
428 8.776968702117387
429 10.810047061534966
430 9.758181687407742
431 9.359629756408314
432 9.819426372781631
433 8.567182807130601
434 9.36519910843331
435 9.95688852796113
436 10.563833706226957
437 10.388101187042315
438 8.837807205685206
439 9.148113450739167
440 11.150795458145973
441 10.583803146518886
442 9.007161631718965
443 9.070174560469559
444 10.954312886971366
445 9.059420310697151
446 8.979599777244205
447 10.421580623733231
448 9.396047657675533
449 9.939233835774203
450 7.634879999951228
451 8.099400947828965
452 9.339226312751482
453 10.778512475564423
454 10.463373933877968
455 7.35136279364964
456 10.072968001500634
457 10.196465478320897
458 10.209785043683183
459 10.829247864984136
460 10.428242286460128
461 9.455956971536262
462 10.05111182205902
463 9.070824800631705
464 9.299682113838239
465 10.050817929937354
466 10.94308641169221
467 9.649090559674017
468 9.673994414158438
469 9.93896505422453
470 10.063682447039596
471 9.693212652512932
472 9.8161691883216
473 11.065462267859361
474 10.407468169573335
475 10.924824098144894
476 8.336447792266727
477 7.6623802776053225
478 8.907087192947667
479 9.006727289493732
480 9.923384563912242
481 8.505995731844838
482 7.217421020594658
483 7.197727373684178
484 8.873065077137749
485 9.111016410485352
486 8.371486442956877
487 8.682654034965363
488 8.716220248921687
489 8.768180106452942
490 9.364647615092577
491 8.546667634740505
492 8.179850498948202
493 7.693579264015646
494 8.025468419518006
495 9.13626518334234
496 9.176776940306274
497 8.993904039368909
498 9.350345762898916
499 7.4513431555277165
