0 7.536381804777687
1 7.551032170019883
2 9.823866425144416
3 9.618726816811408
4 8.618582776545814
5 7.281241291879152
6 6.8416790245513734
7 7.466055986923702
8 8.314296097278325
9 8.787026437347462
10 7.925555922272254
11 9.446828107117245
12 4.655879594698042
13 4.020284836108681
14 5.1269488155072445
15 7.42295639298582
16 6.712348123646355
17 4.392428346262949
18 9.499259106350365
19 9.496675816202547
20 10.728704884814025
21 8.656146762383099
22 9.606169030487273
23 9.867370483884557
24 9.854028247392824
25 5.948125295155735
26 7.607036175423896
27 6.662135433736377
28 8.553306077540803
29 8.78167100917732
30 10.887025665394336
31 9.711907781081658
32 7.856463617247762
33 6.85996642132998
34 5.122337802624349
35 7.177142847891981
36 9.510024308825296
37 8.265463912427379
38 7.5964093399100685
39 7.70235356851702
40 5.7172840197325066
41 6.471913646012287
42 8.97875541582054
43 8.551136208313254
44 9.646543783371014
45 9.121889643365645
46 9.20712962555141
47 9.588779845864487
48 9.063071786556966
49 7.692925846027643
50 8.840295871203894
51 9.71794929140288
52 6.349636715437345
53 10.548122919397231
54 8.036940403526419
55 7.93550219765679
56 7.7230310035675585
57 9.634797827840769
58 8.149379322995754
59 7.322429166049776
60 8.687234289907396
61 7.359443185647811
62 10.466798444981562
63 8.47507392735067
64 7.577123892661565
65 7.495317943478059
66 9.06554930352606
67 9.573471303083098
68 7.628863070578483
69 6.912989444242013
70 8.093097256872715
71 8.482551144417535
72 6.7233779153031055
73 9.768291928510886
74 7.883738728647962
75 7.532008497281081
76 8.416321821203343
77 7.68268577765035
78 7.673670621627527
79 7.56343779840143
80 5.683631668312091
81 6.370820007331222
82 6.70784078043782
83 8.626662150806236
84 8.516013070831749
85 9.158756826985448
86 10.553119581385362
87 8.133502601883466
88 8.217648564589135
89 9.077362193725373
90 8.866187279668805
91 7.584029123284583
92 9.825457158314114
93 10.76760335507589
94 9.501967572641295
95 9.97436815045723
96 8.227685343098782
97 11.104619941531242
98 8.761989409276183
99 6.408672054055491
100 8.189331870997977
101 9.205249106473985
102 7.958365001583482
103 6.550690963858304
104 9.35462367779207
105 8.094863750170342
106 7.3624327883512
107 8.415144669294804
108 8.179609065557456
109 7.7322837456859
110 3.7445145957820176
111 5.54005342894332
112 7.543836216157019
113 4.826730086789632
114 5.580703345809005
115 7.737624699468359
116 9.801839831672591
117 8.630076110695489
118 9.083828235528829
119 7.90718344089855
120 8.91581439124651
121 8.30269016081692
122 8.366460504761411
123 3.90560323536924
124 7.68957259652807
125 9.8038860756214
126 7.591642310093245
127 8.199197186646327
128 7.469939405947788
129 10.419706979187284
130 7.898780321866038
131 9.164632710472684
132 8.43884759064457
133 9.377058800369714
134 6.785732396075886
135 9.807893790847986
136 6.128039604305807
137 4.784902533634437
138 6.420770117268203
139 5.520405139175813
140 6.044555436580322
141 6.733385678067968
142 5.548072239383044
143 6.59225079960599
144 6.506375882203428
145 4.764223170684832
146 5.798520906607248
147 6.381238358368592
148 7.11094631595633
149 8.528185488851413
150 6.056238300985721
151 5.6778295903522125
152 9.807790197950085
153 8.157802983140893
154 6.870632666410269
155 11.795359264952532
156 9.772099482645558
157 11.374579617527221
158 9.923992867506906
159 9.54499050498042
160 8.179975262174693
161 8.77681014061331
162 6.757238018567459
163 7.653469176467857
164 7.852416283146821
165 7.798202214551724
166 7.155443503051438
167 8.509389347474485
168 7.48417860002846
169 8.737336939246369
170 8.741873206476582
171 8.940933140241974
172 8.644730594008717
173 6.9516289164551255
174 8.370027470150536
175 5.900945831121374
176 7.398678169475761
177 8.884630556012004
178 9.20545740792549
179 6.630842971880225
180 8.471497548180887
181 8.003722936929345
182 8.179349261381503
183 6.070186194056349
184 9.791480527267863
185 4.856146438738483
186 3.8162151545805494
187 6.8335948403305675
188 8.90526425893454
189 8.60124592662395
190 8.684062073979973
191 10.860042581188251
192 8.981180844490899
193 8.317071664698581
194 9.225489923418964
195 5.23210671392308
196 8.052799345114684
197 4.8040577947855025
198 5.740520943915908
199 6.481209610453447
200 7.385273689068651
201 7.213723407900329
202 5.29912781817307
203 5.271840423429017
204 9.018264733604923
205 7.745618796977799
206 9.39194933669219
207 8.682551969835734
208 9.318880762673913
209 8.65237264964238
210 8.27143759341126
211 7.888455023299919
212 8.605518474768555
213 10.214133650410183
214 10.225999125004167
215 8.733586139050871
216 9.624235585466987
217 8.309565945755068
218 10.589720137428841
219 7.013673411134075
220 11.199930706384862
221 9.430847173462068
222 8.441185134703208
223 9.259719812807312
224 8.931872053327812
225 8.09959937277465
226 10.419639925804901
227 9.688008237632529
228 7.914292549607784
229 6.905273689950976
230 8.15381892060265
231 9.562498068611408
232 8.232462523149096
233 8.236821927343687
234 10.15653910135135
235 11.3272736816579
236 6.363868502019064
237 8.48164889047122
238 6.53567406431649
239 10.049046790414298
240 9.265406945045257
241 9.130295066774497
242 7.3387402472014776
243 8.875145090214804
244 7.018423390351323
245 7.1339205724715065
246 7.226906365060162
247 5.639680498034571
248 7.678997626531844
249 4.6638815058209255
250 8.991870396886663
251 8.615607191948513
252 7.4057281774821755
253 5.700315496639322
254 6.2357605623141685
255 5.0754771722488705
256 5.592937841737159
257 5.529491679578678
258 5.858659553250028
259 4.023300455452052
260 7.415670211287385
261 11.424999308894472
262 12.042211157977105
263 11.907680467595277
264 10.257750832811347
265 10.263745197662002
266 7.001660852802739
267 7.697221283687598
268 3.1937779750494073
269 6.664876657548621
270 8.578507832914697
271 9.237183784619836
272 8.98339439207478
273 8.623118975481646
274 8.96467582328858
275 8.839855934208547
276 7.196305517168058
277 8.533502331253798
278 8.186397377309628
279 9.473893646225688
280 8.35422751733658
281 8.063491511881939
282 9.028970476086974
283 11.08626720055541
284 7.281940384237107
285 8.84861880033015
286 8.158963147038742
287 8.107842316024396
288 9.228383029010281
289 8.902778139198023
290 6.332902700281947
291 8.568209575070469
292 7.401472023726207
293 8.049767284767507
294 9.532883450459073
295 6.240930063894796
296 5.342128877102864
297 6.802390268104059
298 6.630324774176352
299 7.006405105349175
300 7.119354134367354
301 7.357321991655812
302 9.622544265260426
303 9.200918854979227
304 8.778056287987294
305 11.112978464816837
306 8.202092032721131
307 3.920205741675967
308 8.349626441557186
309 10.706987054277171
310 6.969014412881501
311 8.221656135843162
312 10.504993115702955
313 10.232526870055597
314 7.668381664173196
315 7.336583278727494
316 9.639001422944188
317 7.843930355283336
318 7.76155074452919
319 9.416598688039128
320 9.870737733414824
321 6.105794065713137
322 6.275545647320343
323 7.386117939017572
324 10.137264126174578
325 8.635205975787784
326 6.306492451148603
327 6.602875365295993
328 9.164710006158458
329 8.601113269997235
330 8.492725900518503
331 8.803336509152498
332 8.24950038935585
333 8.035799388251965
334 10.36243952287286
335 9.648074538121795
336 12.05136875395663
337 9.166104841864701
338 8.098210570555398
339 9.712119855925325
340 11.274943821443447
341 9.727403738508645
342 10.215785447014856
343 6.90360523159543
344 11.266008664560553
345 8.443080085741586
346 9.509488933093033
347 10.17611528010649
348 8.59976959581684
349 8.803880044769214
350 10.684205029653087
351 8.335378342908749
352 9.464905462265651
353 8.811493724205015
354 9.639092504183942
355 6.258568598542743
356 7.3490025869483
357 6.289594162875209
358 7.153496034905726
359 8.885711662418249
360 10.488294898012915
361 11.005613336656351
362 10.406748041323045
363 9.155856796528084
364 9.744656773536082
365 10.062506652805709
366 11.008136746881672
367 7.425786290208528
368 7.887633684501645
369 8.695366955814558
370 9.246633019215226
371 8.060594280955408
372 8.242867465448423
373 8.37570533544926
374 7.362878861066743
375 7.97884187245418
376 8.912450647285477
377 7.740456834079391
378 8.547798160518763
379 5.745505115475481
380 4.376838114257679
381 4.326209428519447
382 3.676748359280237
383 6.708316790699833
384 3.8566758647354
385 7.610681193148278
386 6.767011398957575
387 8.237050857394424
388 7.778769700754336
389 8.964685713877348
390 8.199192113519073
391 7.1013295884751
392 8.815883923153471
393 6.940707644331563
394 6.505010940254323
395 7.2668387665370355
396 6.4268969264921365
397 8.548546238084548
398 6.405075599564344
399 8.69413291196422
400 8.518386406539166
401 9.203138642042344
402 7.77335497168235
403 7.501505176760453
404 8.142031525967305
405 7.968613623117937
406 7.71968934762356
407 8.233941429058815
408 9.428368167395558
409 6.762012086259038
410 6.843208315378772
411 7.767158448464815
412 9.14145794277144
413 9.600011260196233
414 9.730281763752789
415 7.121412902018748
416 7.272615372187444
417 9.149743288441906
418 9.13030718331139
419 7.873188380436144
420 9.195188391972916
421 9.68205359781166
422 8.388974594521594
423 6.873393701458659
424 10.776012141102816
425 8.838844867164505
426 8.864579718637634
427 8.15988216171975
428 8.083563317985593
429 7.140921369042194
430 7.190341482306442
431 8.886818415501867
432 8.613524097634409
433 7.3533530159799625
434 10.56147242218742
435 7.730672397032461
436 7.848923868589524
437 10.26246293550125
438 8.324740854725887
439 9.78630693207907
440 9.090746199235172
441 6.39416819282723
442 6.881203682765936
443 3.512603630291192
444 6.004039843967969
445 7.308708432225291
446 6.064260902586134
447 7.335688444292259
448 7.156757654885086
449 6.440212467360261
450 7.464953416165812
451 5.8849987026322115
452 5.488643867388555
453 6.62785740910092
454 7.486056467037496
455 7.173164159861318
456 7.340489359302343
457 7.637703694891562
458 5.479153187102525
459 6.066367920901358
460 8.886168510572027
461 6.712977513339264
462 6.896122737881055
463 5.577708670749027
464 6.331228260422528
465 7.5860579074653165
466 5.777346232839017
467 5.94298072073787
468 7.296567858188404
469 6.094531335456349
470 4.637793392363737
471 7.53023699312171
472 6.27129432721144
473 8.537129221336565
474 5.907269822250557
475 9.210409194686779
476 8.160688854269836
477 7.902249687353862
478 7.289852736828933
479 6.7171048607250965
480 6.832930924020548
481 7.429193754913067
482 6.469115544327363
483 6.509997343067183
484 6.164795992337244
485 4.844865127266515
486 4.035931845515934
487 5.211645755656802
488 6.788376253998697
489 7.42115662607688
490 5.9709280788442145
491 7.745512545728663
492 6.383730933883813
493 5.08424612024611
494 7.126065228728386
495 7.30796590883131
496 8.34710729997518
497 7.014911012069713
498 6.136295003510478
499 6.83498351398817
