0 8.73298196465546
1 9.066271071955933
2 8.179350023627409
3 8.161748132207192
4 8.156495043425524
5 7.072820685556969
6 7.8159693823913825
7 8.098109311180828
8 8.263701032333024
9 7.5718766799375
10 9.47143201423144
11 7.7628789152964135
12 7.005088250591346
13 7.795571976483592
14 7.546859043576331
15 8.466290786662983
16 7.184776587626525
17 7.646657246883651
18 7.7279144865507945
19 8.931824467456549
20 9.010941736123106
21 8.599365003238049
22 10.52758863230211
23 8.598750771133933
24 9.007930941364041
25 7.772089813950303
26 8.520119436665556
27 7.937052929990429
28 8.682451566123211
29 7.8609159044101515
30 8.4307792031089
31 8.343789486104082
32 8.25759496577309
33 9.471947925601636
34 9.915908996492785
35 8.002066574642528
36 10.02759906127057
37 9.033334681863149
38 7.96185059723856
39 7.919627661552757
40 8.487262508911002
41 7.970631130216955
42 8.204285390293359
43 7.734101943601069
44 8.343469182625213
45 10.00498251397939
46 8.369110066266643
47 9.515174766823717
48 9.200776990096578
49 9.95671402513166
50 8.425580119484728
51 7.396450481364855
52 10.580720087031096
53 9.631056804366468
54 8.897189402434746
55 9.232265342419444
56 7.677900370371712
57 8.592239095559474
58 9.944898933750235
59 8.642819284412735
60 8.053805475921934
61 7.515851175228617
62 8.810524420067347
63 9.405091537792156
64 8.97191235014203
65 9.42346785433793
66 7.3931135825835135
67 9.421023520698652
68 8.561842738515008
69 7.734990536405077
70 7.564587220063037
71 9.438349289153571
72 8.709908959271036
73 7.469453754058329
74 7.436910330243229
75 8.932275913701101
76 9.162652940674747
77 7.844976797231068
78 9.019786982571523
79 7.949380941976625
80 8.149242430631292
81 7.769300307897861
82 7.930076185300612
83 7.680534084217436
84 9.059578219589554
85 7.967685391106851
86 7.300132095488681
87 9.44097542872726
88 8.45161436660681
89 8.017397448932924
90 10.130601400886892
91 8.835859816457862
92 10.462881806281832
93 8.463203946670133
94 7.886022483626832
95 8.054863438904459
96 9.386627260326817
97 8.40334818892908
98 8.146917047967648
99 8.14738640692977
100 10.677191360900599
101 7.946597837316249
102 8.34700255190562
103 8.806990858366749
104 8.591954546911554
105 7.35289480024371
106 10.080904329378459
107 7.787824487700539
108 7.92329604164025
109 8.645819422987282
110 8.653546509885498
111 8.11422557506399
112 10.293023057693368
113 8.546248738120047
114 8.808385944755182
115 8.943077902659846
116 8.090330055908
117 8.189714663051255
118 9.01417081792849
119 8.028131312964089
120 10.40829273059839
121 8.383179900164553
122 8.72115234564976
123 9.796111390009557
124 8.878636737890744
125 8.625092534795115
126 6.467956383288711
127 6.204505773608898
128 8.405615154664128
129 4.120028923601785
130 6.026583631632451
131 9.261335185187066
132 7.8585346459270795
133 8.453135401261113
134 9.0732103690405
135 7.070810682080574
136 7.751759371890997
137 9.204081089075823
138 9.582354452820026
139 8.225227165084997
140 8.091724578098967
141 8.989933836487156
142 9.43695925635194
143 8.539001054629242
144 8.735041114279639
145 10.39596831221416
146 7.777089214835019
147 9.268806203874423
148 10.298444344402064
149 7.144596661513546
150 7.949989085479823
151 7.989065016307332
152 9.028307743284266
153 10.092942857303466
154 7.979265037828912
155 8.650493803915863
156 7.309395424225402
157 9.426135972982882
158 7.898241073048454
159 8.697323434113809
160 7.7386364362585205
161 7.525837660057481
162 9.175482301902962
163 9.531643492851538
164 7.9235804752970855
165 8.312144225721168
166 9.598237417780576
167 9.219847584368763
168 8.420526369005236
169 9.597909642889897
170 12.653948816739367
171 7.71848854809
172 7.962273818628105
173 7.964284373127674
174 9.498642002597514
175 8.780566115251808
176 7.406658926962415
177 7.780769915418153
178 9.55808725662636
179 7.817733960430119
180 8.582780930828228
181 7.808172714058563
182 7.757756219368584
183 7.929061565228617
184 7.750914855021977
185 8.137720192640108
186 8.0488877091952
187 7.331800693960949
188 8.532483548575026
189 8.623306291317784
190 10.737806687063728
191 8.094283765750923
192 7.8071329651624675
193 8.143567032018987
194 8.113290011078462
195 7.454566542834161
196 11.170872581351912
197 10.091735642475868
198 9.675427281778976
199 8.746820483988651
200 7.575362642572839
201 7.89277937619
202 7.840841860273376
203 7.549119837914613
204 7.862798694178014
205 7.695518330820459
206 8.320033467957709
207 8.353843184425342
208 8.277118999214643
209 7.680953519655475
210 11.204053371727806
211 11.500696437006411
212 8.06273680839921
213 8.052679660354963
214 10.68550563957186
215 10.75951288976633
216 9.98496380329335
217 11.515646551173301
218 7.795237131027089
219 8.153731775179361
220 7.918579880590617
221 9.56974686292518
222 9.77299457787001
223 10.905498668824965
224 9.944084477703749
225 9.988456926533967
226 11.08994051380009
227 10.01429882612677
228 8.113897947521957
229 8.353328797548604
230 8.246518410641794
231 7.9188627273750125
232 7.3605537145851745
233 7.671950653464073
234 7.728971036548809
235 7.706062654042773
236 7.793122300717154
237 7.806595294960796
238 6.711223512004589
239 12.42009526914031
240 11.365793711412678
241 11.999846650128715
242 7.872232935109762
243 7.118128014475663
244 6.2187696780345405
245 8.04251417709148
246 9.517565642788794
247 8.32475550066197
248 6.671400863506553
249 8.12174091370815
250 8.785009864706955
251 7.163828223713681
252 9.438240527585007
253 10.116756470665763
254 9.475581234266436
255 9.36786410610132
256 8.191567256144909
257 10.187137689170013
258 11.64478963699759
259 10.000500844445519
260 7.087652716995529
261 6.5592022300017065
262 7.96544461879549
263 8.571647707294614
264 10.106058019960846
265 9.677113345009559
266 10.21626800484633
267 9.109123871593283
268 7.694092009489779
269 8.097142270197502
270 8.429391300706484
271 11.19929456356943
272 10.089046894757683
273 8.402460568578775
274 8.329275071223153
275 8.646204695096877
276 10.114405710595697
277 12.934909943242495
278 11.993445543254452
279 7.933786647157657
280 8.300086272445053
281 7.927280109690985
282 8.357519694009689
283 7.760084430593422
284 9.925496259635542
285 9.051269618648936
286 8.336756129594043
287 7.51537918383447
288 8.205342094715776
289 8.678249271748713
290 9.466270733183665
291 7.802922029802956
292 8.368361710636986
293 9.667844909163339
294 8.14752528149937
295 8.251665040203537
296 8.013732237611846
297 10.494215408579121
298 8.01214409803829
299 11.360247623137786
300 11.504782764121208
301 11.732075771428566
302 11.632077147067614
303 10.8819058386588
304 10.256402235583366
305 10.737809852072749
306 11.185281336650666
307 12.429961255747212
308 11.228870925043724
309 12.005399533934844
310 12.199900205955545
311 11.769151851156096
312 9.12903122645419
313 10.823214270083062
314 11.05256475324361
315 11.787604469869708
316 10.839733812544992
317 8.387414257225538
318 10.976061436176828
319 8.06646775476392
320 7.823211304414927
321 10.05787721894335
322 9.45507494258825
323 9.124636270156289
324 9.42658521163832
325 10.02569073114356
326 11.280853470232149
327 10.228055049240549
328 9.970829917600804
329 9.564798229661513
330 8.928169055988977
331 8.531826033806096
332 9.638259014574935
333 9.108009967214446
334 7.527962103596863
335 6.047147649113585
336 8.266048557114479
337 10.15944938954474
338 9.062173783461462
339 8.432412188299685
340 10.967481700901212
341 8.79529081555005
342 8.570167689718446
343 8.682855799559642
344 9.584767102753645
345 8.314889235416128
346 12.072738723148557
347 9.730499967464239
348 10.110475168283875
349 8.080054866642966
350 4.79384260192645
351 4.375034449653958
352 3.721167268162535
353 7.314122387344812
354 7.844351083927217
355 7.765527702014417
356 6.112511949646836
357 6.605311427523858
358 4.134702280873917
359 3.9028693971434256
360 8.457387854064846
361 6.544206183155744
362 9.23721635169001
363 7.574744347919121
364 4.239360131286229
365 5.769637446611887
366 6.544279957939871
367 7.612010502222214
368 9.348725107579433
369 7.572610515991611
370 9.54107246180261
371 9.028102420236467
372 10.225439012702635
373 8.993275989450938
374 9.133524314518171
375 9.458815332738958
376 8.565664453600892
377 10.204134020846817
378 8.537310154299
379 8.191375525569617
380 8.131728146249504
381 9.862826897931944
382 8.96288318924381
383 9.277206222512186
384 7.94218195207604
385 9.433423649327281
386 9.639100078068537
387 9.100167321107582
388 10.539144659158183
389 10.273874138966319
390 10.661775347166706
391 8.993647897435773
392 9.131169485770798
393 9.401244498571648
394 9.124042797787935
395 11.966250364680446
396 7.806934424473189
397 9.976790129753265
398 9.413742792424095
399 9.638896364413949
400 9.42495989872824
401 10.523310498841436
402 10.70170434174378
403 8.430737281244442
404 11.223218575069655
405 12.135761470531481
406 9.420847031111782
407 10.30995361752988
408 8.29173275088371
409 8.039481842704491
410 8.63165343016793
411 10.42325235782085
412 10.322317825429382
413 8.878694958328163
414 8.110232440008915
415 8.652214403325969
416 7.826424564163283
417 3.999938208763698
418 8.127932184922901
419 3.6185513773979765
420 6.917077660399163
421 9.0757381170622
422 10.72480758675461
423 4.098551083187306
424 7.0253735638718116
425 3.7306630657596918
426 8.068332309356869
427 7.0760095200491095
428 7.0786923029002535
429 3.9549556745037866
430 4.0311377056809485
431 7.096144481442895
432 3.8705225890606427
433 7.856407333912268
434 8.14579260535143
435 3.843052740565136
436 5.368408984668795
437 4.103225862594453
438 6.364485459909926
439 5.394223594665299
440 3.6954501264448405
441 4.38777921826385
442 6.933677182648892
443 5.364230421802691
444 4.121715070940007
445 8.939667117283129
446 6.2022270701579885
447 5.001971133848491
448 7.203057052243651
449 4.0094891116899465
450 6.590910864386041
451 6.634980884194285
452 5.764086358059101
453 3.756319002366474
454 4.126414148835195
455 8.306522855413405
456 6.373033265641826
457 5.088917237098863
458 3.907213669372025
459 3.843476595131998
460 4.369008062579988
461 8.010538564913372
462 7.329058632154447
463 7.108734140130098
464 6.218617431948759
465 7.7640674533452625
466 3.498210249711893
467 7.420506179952128
468 6.927964374322155
469 7.766704328761553
470 7.548789407425781
471 6.142992893866997
472 6.743724493771798
473 3.9072709549273688
474 7.141803671951525
475 6.665188053527113
476 8.392105695292436
477 9.713185358994803
478 8.041636930540442
479 8.276844339373252
480 7.925782761019501
481 8.584689561813155
482 8.14369249053417
483 7.854902800283512
484 10.261119467029141
485 7.655583620145049
486 8.029328169706098
487 8.838459075617195
488 8.490297543116471
489 8.621669618854042
490 7.64292948807832
491 9.2716997488007
492 8.945571193988956
493 9.842571808348602
494 7.853187341888418
495 7.591535777152579
496 8.15587796953372
497 8.757899494914588
498 9.081936378456572
499 8.409592643936088
