0	0.0
1	0.6719451546669006
2	0.6377424001693726
3	0.6500763893127441
4	0.6759784817695618
5	0.6303769946098328
6	0.6790478825569153
7	0.6640399694442749
8	0.7177780866622925
9	0.6783165335655212
10	0.6549837589263916
11	0.6574525833129883
12	0.6690635681152344
13	0.7147377133369446
14	0.6533706188201904
15	0.7103018164634705
16	0.7443271279335022
17	0.6308166980743408
18	0.6856259107589722
19	0.6925825476646423
20	0.6646682620048523
21	0.696107029914856
22	0.6797217130661011
23	0.6297154426574707
24	0.7481535077095032
25	0.7385390400886536
26	0.6895467042922974
27	0.6766900420188904
28	0.7053171396255493
29	0.71456378698349
30	0.5876385569572449
31	0.7604157328605652
32	0.6972094178199768
33	0.6440989375114441
34	0.6596946716308594
35	0.6820292472839355
36	0.6739367842674255
37	0.7358412146568298
38	0.6944296360015869
39	0.6891764998435974
40	0.7607945203781128
41	0.6463614702224731
42	0.6719337105751038
43	0.6408435106277466
44	0.66768479347229
45	0.6792356967926025
46	0.7620670199394226
47	0.7010425925254822
48	0.7190318703651428
49	0.7040554881095886
50	0.7033476233482361
51	0.7418926358222961
52	0.6718788146972656
53	0.6395531296730042
54	0.6715065836906433
55	0.7005496621131897
56	0.6461172103881836
57	0.5928834080696106
58	0.6468761563301086
59	0.7302694916725159
60	0.6754521131515503
61	0.6444976329803467
62	0.6880680918693542
63	0.6390321254730225
64	0.7377439141273499
65	0.6850377321243286
66	0.7114264369010925
67	0.6720492839813232
68	0.7185184955596924
69	0.6688741445541382
70	0.6851202845573425
71	0.6676246523857117
72	0.6689146757125854
73	0.7876908779144287
74	0.660584032535553
75	0.6615774035453796
76	0.7104790210723877
77	0.7132697105407715
78	0.7024697065353394
79	0.7177643179893494
80	0.7574760913848877
81	0.6837186217308044
82	0.661444365978241
83	0.6823673248291016
84	0.6480478048324585
85	0.7140717506408691
86	0.6007068753242493
87	0.6586380004882812
88	0.6901023387908936
89	0.7277523279190063
90	0.6187558770179749
91	0.6939278841018677
92	0.656760036945343
93	0.6988622546195984
94	0.7493306398391724
95	0.6942967176437378
96	0.6852832436561584
97	0.674497127532959
98	0.6946077942848206
99	0.7135395407676697
100	0.7826497554779053
101	0.6171741485595703
102	0.6707031726837158
103	0.6862306594848633
104	0.6955434679985046
105	0.705508291721344
106	0.6784236431121826
107	0.711867094039917
108	0.7384691834449768
109	0.6347742080688477
110	0.6604729294776917
111	0.6151027679443359
112	0.6447460651397705
113	0.6906972527503967
114	0.5840820670127869
115	0.6493312120437622
116	0.7158095836639404
117	0.6069819331169128
118	0.6499899625778198
119	0.6512024998664856
120	0.6814045310020447
121	0.6575021743774414
122	0.6924753189086914
123	0.6602648496627808
124	0.6407391428947449
125	0.6373227834701538
126	0.6046651005744934
127	0.6470445394515991
128	0.648874819278717
129	0.6627113223075867
130	0.6930192708969116
131	0.6435787081718445
132	0.7706055641174316
133	0.7205893397331238
134	0.6857107877731323
135	0.744483232498169
136	0.7125208973884583
137	0.6826311945915222
138	0.6736702919006348
139	0.6575913429260254
140	0.7037376761436462
141	0.6604238152503967
142	0.7036368250846863
143	0.6688206791877747
144	0.659126341342926
145	0.7124411463737488
146	0.6521164774894714
147	0.630063533782959
148	0.6337834000587463
149	0.7368900775909424
150	0.6541653871536255
151	0.6343867778778076
152	0.6711845397949219
153	0.7104800343513489
154	0.6801853179931641
155	0.7009260058403015
156	0.7146314978599548
157	0.7179310917854309
158	0.6959524750709534
159	0.6965748071670532
160	0.7323892116546631
161	0.6922324895858765
162	0.6675710082054138
163	0.6719931960105896
164	0.6613585352897644
165	0.6269628405570984
166	0.6590191721916199
167	0.7197508811950684
168	0.7119235992431641
169	0.6761531233787537
170	0.6876797676086426
171	0.6459826827049255
172	0.7160392999649048
173	0.5822912454605103
174	0.6310253143310547
175	0.7767981886863708
176	0.7104493379592896
177	0.6393025517463684
178	0.6794796586036682
179	0.6769936680793762
180	0.7291092872619629
181	0.7056796550750732
182	0.7147374153137207
183	0.641773521900177
184	0.7122275829315186
185	0.7203250527381897
186	0.668021559715271
187	0.7042518854141235
188	0.6909598112106323
189	0.7099686861038208
190	0.6784195899963379
191	0.670176088809967
192	0.6969354152679443
193	0.6565721035003662
194	0.6947042346000671
195	0.6433649063110352
196	0.6479862928390503
197	0.7133790254592896
198	0.6498047113418579
199	0.6155467629432678
200	0.6645635366439819
201	0.5983117818832397
202	0.7153914570808411
203	0.7049612998962402
204	0.7022169828414917
205	0.7174490690231323
206	0.7369896769523621
207	0.7032600045204163
208	0.7316332459449768
209	0.7312754988670349
210	0.7481997609138489
211	0.724431574344635
212	0.6675713658332825
213	0.7089290618896484
214	0.6277806162834167
215	0.6561649441719055
216	0.7187404632568359
217	0.6753419041633606
218	0.718230128288269
219	0.6760708093643188
220	0.774401068687439
221	0.7227346301078796
222	0.6209117770195007
223	0.6974378824234009
224	0.6857835650444031
225	0.6834619641304016
226	0.6466348767280579
227	0.6857931613922119
228	0.7267335057258606
229	0.7376965284347534
230	0.6402212977409363
231	0.665778398513794
232	0.7239351272583008
233	0.7013298869132996
234	0.7649345397949219
235	0.7063221335411072
236	0.748151421546936
237	0.6928584575653076
238	0.6901465058326721
239	0.6898477077484131
240	0.7530681490898132
241	0.7390087246894836
242	0.75959712266922
243	0.7325698733329773
244	0.6939889788627625
245	0.6722070574760437
246	0.7668777704238892
247	0.6546319723129272
248	0.6297544836997986
249	0.6564139723777771
250	0.646964430809021
251	0.6877816915512085
252	0.7318806052207947
253	0.745448112487793
254	0.7574670314788818
255	0.7026745080947876
256	0.722587525844574
257	0.6963514685630798
258	0.7049421072006226
259	0.6525216102600098
260	0.7099306583404541
261	0.6394635438919067
262	0.6748186945915222
263	0.7192718386650085
264	0.6843454837799072
265	0.700448215007782
266	0.736444354057312
267	0.6707010269165039
268	0.6906595230102539
269	0.6598321199417114
270	0.6980482935905457
271	0.7292494773864746
272	0.6674549579620361
273	0.6918805241584778
274	0.7716627717018127
275	0.7391732931137085
276	0.6497763395309448
277	0.7281551957130432
278	0.7851725220680237
279	0.6895853877067566
280	0.6725793480873108
281	0.6999865174293518
282	0.6615973114967346
283	0.6783120632171631
284	0.8135032057762146
285	0.6830251812934875
286	0.6527263522148132
287	0.6787343621253967
288	0.6739162802696228
289	0.6624824404716492
290	0.7268152236938477
291	0.6778709888458252
292	0.7172389030456543
293	0.6913790702819824
294	0.749575138092041
295	0.7686912417411804
296	0.7283015251159668
297	0.7301747798919678
298	0.6785964965820312
299	0.6448086500167847
300	0.6267002820968628
301	0.7264538407325745
302	0.6820063591003418
303	0.7095157504081726
304	0.7767018675804138
305	0.6655831933021545
306	0.7135316133499146
307	0.700760006904602
308	0.6811460852622986
309	0.7348514795303345
310	0.70657879114151
311	0.6815282106399536
312	0.628807008266449
313	0.6337708830833435
314	0.6149081587791443
315	0.6347744464874268
316	0.6777141690254211
317	0.6416032910346985
318	0.631781280040741
319	0.6442779302597046
320	0.7212711572647095
321	0.653221845626831
322	0.7123662233352661
323	0.7396008968353271
324	0.6777822971343994
325	0.6991621851921082
326	0.701607882976532
327	0.6942177414894104
328	0.6801828742027283
329	0.6836100220680237
330	0.6661145687103271
331	0.7290130257606506
332	0.7343910932540894
333	0.7124033570289612
334	0.7360579967498779
335	0.7433428764343262
336	0.686303973197937
337	0.6589407920837402
338	0.7412011027336121
339	0.7021522521972656
340	0.652972400188446
341	0.7139443755149841
342	0.6537969708442688
343	0.6617931723594666
344	0.6477293372154236
345	0.6423347592353821
346	0.7512224912643433
347	0.775087296962738
348	0.7430774569511414
349	0.6352005004882812
350	0.630504846572876
351	0.6523498296737671
352	0.7395285367965698
353	0.6974807381629944
354	0.6340939998626709
355	0.6388903260231018
356	0.681048572063446
357	0.6689634919166565
358	0.7495430707931519
359	0.7037144899368286
360	0.728855311870575
361	0.673467755317688
362	0.7454344034194946
363	0.6354100108146667
364	0.6056612730026245
365	0.7055374979972839
366	0.6927309632301331
367	0.7295459508895874
368	0.7098013162612915
369	0.6906933784484863
370	0.6556298136711121
371	0.7090149521827698
372	0.6556504964828491
373	0.701432466506958
374	0.7201273441314697
375	0.691803514957428
376	0.71677565574646
377	0.7281008362770081
378	0.6864100098609924
379	0.6801338195800781
380	0.6847668290138245
381	0.7144426703453064
382	0.6551824808120728
383	0.7198631167411804
384	0.7380674481391907
385	0.7251632809638977
386	0.6930598020553589
387	0.7161281108856201
388	0.7077063322067261
389	0.6974973678588867
390	0.6665942072868347
391	0.7658117413520813
392	0.7558293342590332
393	0.6664794683456421
394	0.686632513999939
395	0.753615140914917
396	0.720961332321167
397	0.6561195254325867
398	0.6917975544929504
399	0.618696928024292
400	0.5880823135375977
401	0.6242295503616333
402	0.682929515838623
403	0.691543698310852
404	0.6830236911773682
405	0.7039069533348083
406	0.7184696197509766
407	0.6719790697097778
408	0.7897794842720032
409	0.7527041435241699
410	0.6800179481506348
411	0.670644223690033
412	0.6805137991905212
413	0.6840788722038269
414	0.7032109498977661
415	0.64738529920578
416	0.6927681565284729
417	0.7223021984100342
418	0.6552613377571106
419	0.6841658353805542
420	0.6806610226631165
421	0.716657817363739
422	0.7105172276496887
423	0.6948293447494507
424	0.7813236117362976
425	0.6804878115653992
426	0.6744011640548706
427	0.7232287526130676
428	0.6521623730659485
429	0.7090290188789368
430	0.6469171643257141
431	0.7332712411880493
432	0.6985980272293091
433	0.6733102202415466
434	0.7004162073135376
435	0.7499030828475952
436	0.7525376677513123
437	0.694339394569397
438	0.7454445362091064
439	0.7953487634658813
440	0.6903495192527771
441	0.7153469920158386
442	0.7159789204597473
443	0.727817714214325
444	0.7061722278594971
445	0.7154840230941772
446	0.6879132986068726
447	0.6843336820602417
448	0.6884909868240356
449	0.689556896686554
450	0.6896151304244995
451	0.6601575613021851
452	0.6803140640258789
453	0.7318830490112305
454	0.7284751534461975
455	0.6857365965843201
456	0.7268422842025757
457	0.7072696685791016
458	0.6393060088157654
459	0.6449739933013916
460	0.7282999753952026
461	0.7292978763580322
462	0.7389452457427979
463	0.7450137734413147
464	0.7002567052841187
465	0.7191498875617981
466	0.7161834836006165
467	0.7041262984275818
468	0.7151044607162476
469	0.6714862585067749
470	0.6823112368583679
471	0.6815528273582458
472	0.7303484082221985
473	0.6501966714859009
474	0.7360789775848389
475	0.7484590411186218
476	0.6406939625740051
477	0.7337573766708374
478	0.6906103491783142
479	0.6777212619781494
480	0.7003473043441772
481	0.6953518986701965
482	0.720757007598877
483	0.6293977499008179
484	0.6500255465507507
485	0.7077953219413757
486	0.6978763341903687
487	0.6669250130653381
488	0.7225151658058167
489	0.6963357329368591
490	0.6702358722686768
491	0.7416946887969971
492	0.7684504985809326
493	0.7108603715896606
494	0.7023566365242004
495	0.736753523349762
496	0.7463623881340027
497	0.739396333694458
498	0.7007824778556824
499	0.7982603311538696
