0 9.54542593211621
1 10.001935688642734
2 9.183563444925717
3 9.874496486471587
4 9.321817129038129
5 10.049616021979743
6 10.178069461657598
7 10.701870969437921
8 9.461391813748575
9 10.11597805577464
10 10.885964372161972
11 10.016224497246348
12 11.345965780671595
13 10.763925937878
14 11.055644442318755
15 11.250976724179553
16 9.111134261135055
17 7.923323819281689
18 8.369725664632398
19 8.552867609361531
20 9.978077503122424
21 8.278922878759435
22 9.545303881876226
23 7.686479626154673
24 9.189522034178125
25 9.718890810756657
26 9.800505171447961
27 8.723793582008614
28 9.361854098490165
29 8.98706374221395
30 9.678468747368706
31 8.60964506773842
32 8.869789183159462
33 8.808665236693887
34 9.530325524068893
35 8.383330175701285
36 10.10625726245516
37 8.835680332358244
38 9.429468812925853
39 8.464101910396732
40 9.01694692034211
41 7.941126283463442
42 7.831346440030994
43 9.504994034342078
44 9.355311935353544
45 8.962583994071883
46 9.296496596335219
47 8.954827436168857
48 9.867996350285532
49 9.176301634742854
50 8.920450978338692
51 9.60094485899414
52 7.724745685589711
53 9.045738667017691
54 9.77000576686154
55 10.102923919466052
56 8.662776155009595
57 8.481027943400546
58 9.514472125714505
59 9.625989984134355
60 9.425003717147797
61 8.147481834256007
62 8.80612163529819
63 8.696732862591922
64 9.011441260704283
65 9.49093086072348
66 9.103389204689782
67 8.99992188127529
68 8.525681455866946
69 8.11003267292775
70 8.772398706761477
71 10.392428449430783
72 8.267415808533734
73 8.81937067691405
74 8.982304355424974
75 7.8156216975303385
76 9.48377461367685
77 8.835275514874207
78 8.098131865664637
79 7.815179107934857
80 8.540632004929654
81 8.241136560091844
82 7.32822257828752
83 8.622828184275729
84 8.494963458349957
85 9.788547665851425
86 7.584371341759083
87 11.272199142776552
88 11.306360585668566
89 7.074304201313663
90 6.667727335948701
91 6.339137901024334
92 11.143339676044185
93 10.437334309319468
94 10.941019120318836
95 11.914700404894067
96 11.168558895896641
97 10.70525048743681
98 11.317708152591695
99 11.323926182386048
100 10.790055026692194
101 10.863736273587847
102 10.74844463384879
103 10.611447021630571
104 9.767911789441337
105 10.668186180923998
106 8.804374339980416
107 9.958843515864352
108 9.627188455613046
109 10.877834728658256
110 9.226023400171192
111 9.836108026893594
112 10.413064028471288
113 8.655606293234156
114 9.745142792771597
115 10.052851903239768
116 9.440853708725097
117 9.788777761930278
118 11.32874986216397
119 11.467270859927549
120 10.530918358734379
121 11.306920868006141
122 10.26875655075618
123 8.241068821833792
124 8.933835323917686
125 9.55513856652684
126 11.538539363037113
127 10.610360761636029
128 10.210509571303904
129 9.361213045056056
130 9.884855889420644
131 11.102432002726186
132 11.248008515101946
133 10.576368492847083
134 11.19966222129506
135 11.013997792741213
136 8.93383249370715
137 9.108248474643663
138 9.294499294025059
139 9.347548873791629
140 8.799894153924294
141 9.438124443910832
142 10.479348935998733
143 9.788648349377699
144 11.448653665496938
145 10.757595250902492
146 11.379023609043703
147 8.367489135849585
148 8.460833302699218
149 8.11686570047205
150 10.0313115542496
151 8.945348744196156
152 9.574222781332471
153 9.268856805381269
154 9.504859837664016
155 9.818906477731916
156 10.309461750604692
157 9.749593637846816
158 9.326063437099766
159 8.376296537885818
160 10.054863125068387
161 9.301082097155383
162 11.398187608776803
163 10.613786803100226
164 11.005815771839945
165 8.695376728863707
166 8.335957677130944
167 11.270507128564807
168 10.294653296117692
169 10.931891351525659
170 10.114348868230868
171 9.16418592328489
172 6.561502261427836
173 7.537607485009568
174 9.77879132014241
175 11.600519518633847
176 10.711795090027806
177 11.817609491444962
178 10.80321267404528
179 10.895062092062666
180 11.49596070782216
181 10.31416057759214
182 11.299627600007156
183 9.393271068896297
184 10.309962940667537
185 8.864782712326894
186 8.881703312592105
187 9.381082321759889
188 8.420852750227443
189 9.319961795434159
190 8.651000202678178
191 8.246421733324398
192 9.090832676999606
193 5.372439677643105
194 3.99430783769109
195 3.734156082968927
196 4.165878664157657
197 2.8106136308941916
198 4.071728215346173
199 2.727494807752242
200 3.0263699442720933
201 3.8396334292634324
202 8.910287580387942
203 7.838817984535817
204 7.880159279769457
205 8.98022515903136
206 5.605026811731403
207 3.3885281500075015
208 6.8613941288176505
209 5.083112641725961
210 3.7089584478671997
211 4.592786636414093
212 3.571310859706041
213 3.844737796127846
214 3.8149955408624137
215 3.6558169688973066
216 3.571212140386623
217 11.221744368260248
218 11.051330596907032
219 11.124907847960415
220 11.468963985398146
221 10.589030494735924
222 8.725117055719176
223 9.318542104432096
224 10.213287965987522
225 9.336798492438728
226 9.562783125523989
227 8.567795301624558
228 10.570994624020948
229 9.033557291022245
230 9.262396913339483
231 8.931224443600446
232 6.152652150162287
233 6.623005590880749
234 9.187615213377319
235 9.244000189583591
236 7.449993182600617
237 6.2350301977009845
238 6.30332600833869
239 7.767920648241346
240 6.979195477571064
241 7.482245930104951
242 7.170120020969474
243 6.884578737048101
244 8.633002394141977
245 6.365302928789014
246 7.929483089018149
247 6.269634476844813
248 5.626427527216929
249 6.888930139281834
250 6.6594149774101705
251 7.466262579737703
252 8.092401071974367
253 8.876307592059877
254 8.82009586537243
255 8.524863973787149
256 8.401368074885413
257 7.72872323617606
258 8.396548591344391
259 8.661089279492494
260 10.05113724898522
261 8.803430666131923
262 8.832681855420907
263 8.733527105568234
264 9.682341566708775
265 8.07403337641739
266 8.447845579682012
267 8.868927690629393
268 8.376456110104968
269 9.926086714911307
270 10.94533075204892
271 10.616971024869573
272 11.269339512411747
273 11.064547128159585
274 10.756409035489165
275 10.913399272089485
276 11.301257339278466
277 10.980438580821703
278 11.752398653741736
279 11.628598406004336
280 11.188448324929245
281 11.523828860577211
282 10.697733243702048
283 11.33063034100401
284 11.216066036288133
285 11.358430671211272
286 10.966237124234725
287 10.678686056248415
288 10.870783662938955
289 11.306298119658685
290 11.460524347562531
291 11.88870470519908
292 11.841116777819556
293 11.602688822192594
294 8.027567179606317
295 9.624180368132725
296 8.989772042662539
297 9.232628197486642
298 8.25347325276729
299 9.29126509845995
300 10.10391373754863
301 9.668818559616676
302 8.72410739479432
303 6.018518662772566
304 5.46076758253714
305 6.388470704683998
306 10.032953490605955
307 8.819957257483102
308 8.259735360463882
309 8.304176536337765
310 8.831890379856002
311 11.201238104201638
312 11.263942135744877
313 11.158473785722478
314 11.840773489565654
315 11.04890397692723
316 11.019981970063563
317 11.045482792017479
318 11.141293975450104
319 8.99051428666191
320 9.480306203500799
321 9.115871415005417
322 11.176028044546275
323 11.186390344231683
324 11.352664797686142
325 11.163308692629714
326 11.602263692989085
327 11.530945231378777
328 11.302136731551514
329 11.560903241156092
330 8.263430266872808
331 8.346073416947222
332 11.314153456207483
333 11.560307347682645
334 11.035212697005143
335 11.680773730897918
336 11.651688981564929
337 11.605761118139778
338 10.666120464785253
339 11.548664516980969
340 10.596868531891813
341 11.581409179768986
342 10.688903276759927
343 7.962922207198645
344 8.019872444257924
345 10.821068144923832
346 11.331795115246997
347 3.487868171198823
348 3.393230936658893
349 3.5134389777667363
350 3.8411511545460764
351 3.651447279509338
352 9.060679572889436
353 8.484099330830905
354 9.248693794652901
355 8.825531582745217
356 8.813890248044142
357 8.898756291853367
358 8.214090664063445
359 8.678345440806602
360 9.554783474159201
361 9.807832498948594
362 9.565300608260026
363 8.746814164449333
364 9.418971606339092
365 8.82548049557372
366 8.340839956898412
367 8.934039739417072
368 8.761796353888037
369 8.756232363084692
370 8.62901148210832
371 9.226316466167042
372 10.08854454797638
373 8.589673061915398
374 11.325562814245737
375 11.423652425297659
376 11.217128493521644
377 11.46021326926398
378 11.128685578177812
379 10.514727737706783
380 7.271875571806826
381 8.694568612990459
382 9.027706090013035
383 9.124994086788412
384 8.593159671628321
385 10.618278758221077
386 11.11721154164643
387 11.175010218689991
388 10.697190393070505
389 11.989599595403165
390 11.069115063092616
391 11.108278335421483
392 10.808989438398735
393 11.035996195871162
394 10.573543459929377
395 11.087977011203037
396 11.624562336024095
397 10.988203951192967
398 11.893940931585266
399 11.21427215948629
400 11.571500045985092
401 10.718492932174033
402 11.082236327682692
403 11.69883489599279
404 9.43325114827616
405 9.381023012040167
406 9.12826809998334
407 8.740523576237127
408 11.625757101113521
409 10.307054191310897
410 10.950161837264508
411 11.61457182485501
412 9.467533807951643
413 9.658244723830395
414 9.586847402074795
415 9.64732647028646
416 8.802916936993123
417 8.161657867562734
418 9.58501786287225
419 8.981875374919813
420 9.91400697741584
421 7.721281168979735
422 9.191160726395761
423 9.086721966190654
424 9.465640292377463
425 8.886062454487027
426 9.469114583208981
427 9.824883395533247
428 10.918151956261228
429 9.239088075594156
430 10.907020784668301
431 11.284339996304256
432 10.991119122878274
433 11.366528874082174
434 11.646609579456324
435 12.227334605094175
436 9.379003731963579
437 11.543629438734886
438 11.117761045443894
439 11.297187741702015
440 11.998130193829965
441 11.639640570771174
442 11.514577924950569
443 10.748176865557713
444 10.734930679106602
445 11.113953855627436
446 11.10599560514506
447 11.123733692809932
448 11.531772294566524
449 11.230139286829429
450 11.145605387945281
451 11.059036281021191
452 11.54525785563966
453 11.140615714041449
454 11.271859760549155
455 10.846902216765288
456 11.312374016634845
457 11.618560920369566
458 11.276240685302549
459 10.624890371021856
460 11.500442144189554
461 11.013631076638521
462 10.991796948023584
463 10.486695701324344
464 11.784978535041864
465 10.884554358195802
466 11.527037289166733
467 11.273172984851339
468 10.241022539446131
469 10.145166150961446
470 11.64826858206503
471 11.516837409351467
472 11.20832503002607
473 11.08582187005718
474 8.11470326383374
475 8.862338541277355
476 11.208597392528237
477 11.305149113625875
478 10.668402592552187
479 8.873707174999298
480 9.105306839199441
481 10.116098189192883
482 11.758451083771147
483 10.505619347351146
484 11.680230612482557
485 11.46333520304436
486 11.563504791791386
487 11.216074163763738
488 11.915359233411106
489 11.971503421784456
490 11.259201998589043
491 11.874177044893601
492 10.790800997297154
493 10.577361823582786
494 8.267186294592078
495 7.003402248743325
496 11.43397135718932
497 7.784784066006252
498 10.752882928666923
499 6.15889735536296
