0 6.987310094797908
1 9.9196254889993
2 11.537551980839226
3 10.590284788029704
4 9.545039956786894
5 9.978440773851261
6 10.066434503144729
7 11.160369280530047
8 10.825973606999659
9 9.388310160650775
10 9.37167285231948
11 11.544152094745778
12 10.76056386201734
13 11.04280191072418
14 8.206894533591479
15 8.450072919646873
16 10.069798604051112
17 9.779149567815942
18 8.774350992547813
19 8.870919630847474
20 9.024702140098002
21 7.771547976247687
22 10.165924831675547
23 7.746353971700638
24 6.767817090601218
25 8.276248921199514
26 9.393919367296444
27 8.858878588024538
28 9.190195730107098
29 7.1684576930382375
30 8.202353510299979
31 7.549489902874167
32 9.992315267186616
33 11.230641623867461
34 8.520368352066745
35 9.643245452491627
36 9.913360548109464
37 9.580920462628187
38 7.814130556124602
39 7.745786997021318
40 8.423949173027871
41 8.203809394220963
42 8.020404470378566
43 7.563086811770679
44 9.879072866159172
45 7.6330990759876585
46 6.545441228629206
47 9.147330708316384
48 8.466648722024212
49 9.095056440081205
50 9.039903316044336
51 5.782956262344827
52 6.8456315584071925
53 8.847407608535047
54 9.177289164001321
55 9.415806138976507
56 8.363244432572401
57 9.31641652170643
58 9.744970377962547
59 7.581334609169201
60 6.875382577949958
61 9.335896829559598
62 10.024252065065065
63 8.407682880992716
64 9.341974111643125
65 11.753364657300567
66 9.361773427978077
67 8.741750418835734
68 9.432760313749933
69 9.09160808379128
70 9.309307288072583
71 9.506699601019864
72 10.408753058542029
73 9.957497077552828
74 10.470629351438886
75 9.531440027081613
76 11.259309229334002
77 10.380513767728882
78 10.173744324572864
79 11.406729796684266
80 8.488152953703413
81 10.141550288344607
82 10.436380089737524
83 10.094306969009219
84 11.061823776341908
85 9.06458945911129
86 9.657410322256343
87 9.594434231576509
88 7.162643781586197
89 9.086540453609496
90 7.506031808659769
91 8.735298378096006
92 9.011164583635342
93 9.73347185715497
94 9.427910988468346
95 7.598430801544853
96 8.71638497915789
97 7.567649938088931
98 9.827461124856812
99 8.584664258058721
100 7.270855516427923
101 6.70637668348293
102 6.0677675890265474
103 10.570297708591843
104 10.98038075859242
105 10.187871199703068
106 6.902996426515608
107 9.975284320619059
108 8.166294426701505
109 10.972019296778946
110 11.755408542612308
111 11.587146610915934
112 11.77653310711346
113 12.413634130741313
114 10.045850955376682
115 10.19167110750095
116 7.468393040331671
117 11.428214537128039
118 11.408065899051666
119 10.303091481811084
120 11.754816200835993
121 10.541429725073408
122 9.069161894019045
123 9.983587332266836
124 11.610366145999047
125 8.450486691750935
126 10.101388818793852
127 10.177930768830674
128 9.940213657300147
129 11.266545693256795
130 9.404430311254192
131 11.321635362195256
132 10.020562682679909
133 9.435183501147502
134 5.883919784334819
135 4.686200274233825
136 6.133365071464096
137 6.5063074075573795
138 4.4835772992745
139 6.5277064228363155
140 6.3364867234413875
141 5.631183186054968
142 9.294301586082854
143 10.79060443687608
144 9.48738975150418
145 10.984295473138527
146 9.755954381018428
147 10.021608803973262
148 9.481910279582001
149 9.76036224989326
150 10.248572724709343
151 9.95896175508413
152 9.839506060507913
153 11.511223193231453
154 9.836560042202112
155 8.856595648453771
156 8.776150048832944
157 9.146848638457284
158 9.173700087772326
159 9.863082603008909
160 7.33338065338986
161 9.453871979511717
162 7.832142978964601
163 7.6643865877343265
164 6.875920847110338
165 9.60276048293854
166 8.709682327809332
167 6.4466902655595435
168 6.7643049756596465
169 7.093388186944396
170 6.719742377597974
171 7.911588920397816
172 7.415922634909674
173 5.024387321190884
174 4.9696927813436895
175 8.315531372794693
176 7.310789571878246
177 6.71586234453072
178 11.173667059370665
179 8.03416726788513
180 9.788938478033774
181 6.59918845525728
182 7.603912126744307
183 9.06066700543185
184 7.7407949619008605
185 7.883870537558412
186 8.260779905154628
187 8.751449973508159
188 8.576405783244658
189 11.113644193203355
190 7.528567092855071
191 7.66537840053948
192 10.708265535231282
193 4.627881065573537
194 4.793833273042538
195 9.91680437538487
196 6.328763979168602
197 7.484392057430823
198 7.970973975939985
199 7.768829753670027
200 7.125143904547768
201 7.259386171585241
202 7.923699739845315
203 8.215469170626694
204 8.11114648306369
205 7.119522565006473
206 8.12519334638341
207 6.664819764558945
208 6.788955586372958
209 6.670619999573589
210 7.124246268692442
211 7.39117961110857
212 9.08953848983477
213 10.215791299059667
214 8.24164580010848
215 9.727409503214462
216 10.523605266719452
217 8.844941312695683
218 11.254805018376642
219 9.049339003199359
220 5.895490212766423
221 10.789988903691972
222 12.320650499686998
223 11.846575012132854
224 12.347105303969743
225 12.78725984477353
226 12.790583494404924
227 12.161935361042618
228 8.815659134501681
229 10.337692316193102
230 9.427768608468542
231 11.48072343934641
232 10.343876444780209
233 8.522580748265401
234 8.049311917180383
235 8.006992627636604
236 9.432263917711197
237 9.516827911796415
238 9.676767382984096
239 10.482659498964509
240 6.480294404744707
241 7.9967298963276
242 8.025438299537509
243 9.909539862829712
244 9.765215692295309
245 7.57739694784449
246 7.663327300539552
247 7.650955706755072
248 6.398542519454501
249 7.525963930812499
250 7.400426697825678
251 9.010926188577193
252 7.897749587206779
253 7.43572243915955
254 6.793870247311766
255 8.139306805020752
256 7.701259268909891
257 8.371154944534887
258 7.80794889329129
259 4.53636185770914
260 7.934339158255239
261 7.6537952603956185
262 7.731661954475632
263 8.446332355551977
264 8.326556348267127
265 7.733687914396838
266 7.991782150461012
267 8.250190296485494
268 10.732771613599825
269 11.455496594564394
270 12.30711095808607
271 11.849878058897337
272 12.440621660761854
273 12.32748915793785
274 11.772151187652941
275 10.70863912085844
276 10.967472720167232
277 8.437017433330231
278 8.374452375132927
279 10.118559701496807
280 9.244488385906191
281 8.872138587365923
282 9.977181222013591
283 9.067513201053881
284 8.57908469274631
285 9.35502593517548
286 8.9718844360053
287 10.489554929065745
288 8.076238314781204
289 10.187486081391398
290 8.323143970607529
291 10.059461595102908
292 9.991859749323892
293 9.715231498770457
294 12.250311559566105
295 8.918177237947106
296 11.005974286108005
297 8.295047900149866
298 9.144872624699921
299 10.528519220716126
300 9.862899009209004
301 11.16643157566756
302 9.517680379078723
303 9.302140838167297
304 9.718498028901854
305 9.593764455366838
306 9.769510497658315
307 10.672179354381095
308 10.657621705148006
309 9.944466742237019
310 8.487430917092714
311 11.110502570164503
312 8.885779156732367
313 9.592309367270786
314 8.571356008747378
315 10.334463003681794
316 9.348175527962509
317 10.272788989810536
318 9.903946018373087
319 11.753832688397665
320 12.18410629879143
321 11.98749662936493
322 11.387100324662015
323 9.424648052364208
324 9.886137287289948
325 8.086719567120316
326 10.418355925580727
327 10.063921690822237
328 8.780859055080676
329 9.892427998892051
330 9.994507899984274
331 8.221187418786092
332 8.61926119097885
333 9.226172695477755
334 6.23616852933537
335 8.255412882621489
336 7.525099394296019
337 10.283873987273319
338 6.888615183269914
339 8.086193782322587
340 7.154001779427981
341 6.338568124840453
342 8.06318697195211
343 7.604473040717552
344 8.875281929224276
345 8.72959278424889
346 7.708831465213187
347 8.422038563991995
348 7.95503206904464
349 8.573194290799417
350 7.201227468778301
351 7.070524829632628
352 7.379519706252169
353 9.053762198110041
354 5.582329236474096
355 10.147163747356801
356 9.225444299876543
357 9.701930908539323
358 7.496568332106609
359 7.766988361230825
360 8.334590251537682
361 7.182579621496899
362 9.370629953072708
363 8.385431775619118
364 8.50613863833403
365 8.073738053017756
366 7.006126448429889
367 7.830162856898007
368 7.9397197117769736
369 8.046525080237757
370 8.733151350368894
371 9.402156091095131
372 9.212513054938812
373 6.9806647274921785
374 8.278597386938312
375 7.798288785335055
376 10.710807079037203
377 8.448289631038651
378 9.934068653525959
379 7.875244607613575
380 6.821422735415094
381 9.816263374917689
382 8.45125309651788
383 8.773102144090856
384 8.799534703728138
385 9.002056173696952
386 10.730689673442974
387 9.478933800008228
388 7.596642582326051
389 9.252212667437567
390 7.391627699409947
391 9.7929727772189
392 9.993054932455044
393 6.06617641693441
394 6.979587232212898
395 6.643837222613591
396 9.253095955796395
397 7.3287333576001155
398 7.894635574142026
399 6.598493924321617
400 7.380838601327106
401 8.14980171385211
402 9.12182602649286
403 7.063318497440486
404 8.675442618688047
405 8.546013482874068
406 8.338781784657806
407 8.822540477393195
408 7.290969525531699
409 9.39456564359995
410 7.370851372965541
411 8.782832659207815
412 6.472726835001018
413 8.504446524997702
414 8.263255675539487
415 8.031896234498754
416 6.696796118351007
417 6.850750869957728
418 7.426874897967678
419 7.846509677808072
420 8.548514005671581
421 9.234221774462945
422 6.542312765715229
423 8.420128314184337
424 7.015468190666564
425 4.607551500112916
426 7.359529721914654
427 6.659124812777287
428 7.729419466453632
429 8.438459565863356
430 8.485646043016143
431 9.895450779029389
432 8.222907709539358
433 9.994206924548877
434 9.254697413296793
435 10.753634532028688
436 8.400849774173857
437 8.92636646075845
438 8.774693831496906
439 8.602611697340087
440 7.708227124487811
441 4.762208007709105
442 6.514770001869908
443 6.544365291101214
444 9.326060101438229
445 6.955482038111913
446 7.376120375364502
447 8.329836234478861
448 7.168645424993271
449 7.21687323142266
450 9.290994988607741
451 10.017855694795498
452 7.98521522794931
453 8.247113661099576
454 6.805949932423868
455 10.444577115904805
456 8.968264991003876
457 7.078376201201841
458 9.779979998548107
459 9.367559137775375
460 9.687981975309125
461 7.284716862155621
462 9.042405817073215
463 9.390024722666224
464 9.422633377013279
465 8.095081625322523
466 10.011413030962771
467 8.608951058771856
468 8.200831680856231
469 6.629497407959718
470 8.287360716836837
471 6.9465468487807
472 7.716182067461437
473 6.937220601391727
474 6.830569078682568
475 8.447307218186916
476 7.968351215579619
477 8.771836002140315
478 9.377858807888433
479 7.174056463341466
480 7.578415039594913
481 9.41538799413029
482 8.064162416790916
483 10.174834398125391
484 7.722187607895803
485 6.152693403540352
486 7.5001628735466745
487 8.835968029470562
488 8.215947165703268
489 7.342349886595513
490 8.028684965910642
491 6.733324651430236
492 8.068493239875622
493 9.145585379895156
494 6.894824398376295
495 9.66236716348581
496 8.717715486483893
497 10.144957233493088
498 8.475214846831616
499 10.187671197368465
