0 4.072600218828989
1 4.114954471528978
2 3.9682171820580363
3 4.119949004751866
4 5.383987313033785
5 4.041603365574966
6 4.394737466088748
7 4.012364900535554
8 4.721816401712497
9 4.105925981390911
10 4.424859599902654
11 4.460007293671291
12 4.039284236723095
13 4.615344323548829
14 3.964100693748108
15 4.248550043216186
16 4.291090211288871
17 5.275656987111902
18 4.507194805551532
19 4.505272913672652
20 5.394178980312462
21 4.145492753608596
22 4.706501123681007
23 4.603932737626568
24 4.765467050383777
25 5.750677269611257
26 3.782818625166775
27 6.10483848798482
28 5.800183785827698
29 3.9619444900559495
30 4.119012976817107
31 3.8162123183286667
32 4.3199198730462385
33 5.139923748046883
34 5.244572333684923
35 4.631226783758154
36 4.395300189659826
37 4.933534319164176
38 3.9649698569560647
39 4.5114886103015905
40 4.678050632567293
41 5.495509975327321
42 5.590189485109559
43 4.9553701499439935
44 4.470884509078304
45 4.528933054770861
46 5.247281230161698
47 5.325070224910775
48 4.054704269639675
49 4.490503785026181
50 4.858858553513194
51 4.139758627393037
52 5.014552396542199
53 4.445978046475766
54 4.297010339206036
55 4.609214232030732
56 5.671738161564899
57 5.2150810583756835
58 5.014447070453471
59 4.6872447008094795
60 5.4884589662154895
61 4.526229940813982
62 5.257157195537175
63 3.9255350576972607
64 4.096011388612218
65 4.677902008586846
66 4.338864880460664
67 4.445007311927215
68 4.851168294494031
69 4.439982157226294
70 4.540946782416827
71 4.399061275149785
72 4.056460190837953
73 4.298199824743764
74 4.621331779320263
75 4.114803721821819
76 4.660148914966451
77 4.1804577853743154
78 4.393670172075478
79 3.4926121284988536
80 4.432548720240879
81 4.327012610710037
82 4.035868430212763
83 5.413326111278926
84 4.248670932450462
85 4.429488172092155
86 4.427264197347494
87 5.246781133328609
88 4.198483365157035
89 4.524214977554518
90 4.5503466912617005
91 5.317878887777258
92 4.239604975664571
93 4.4542948219503575
94 4.227479560981762
95 4.306491558979511
96 4.433298234793256
97 4.126952215146669
98 5.061434261577792
99 4.760597704903385
100 5.796420318436547
101 6.027406313873083
102 7.265557817078966
103 5.450304255011846
104 5.0836759244717875
105 5.150836393773483
106 5.296800590383756
107 5.869777592519915
108 5.329280369521745
109 6.784678819782961
110 6.314059232953683
111 5.187018050120947
112 4.630118253015229
113 4.644243156421374
114 4.5481364484286475
115 4.619868375834878
116 4.21679896570344
117 4.430263521772084
118 4.212679591171172
119 4.380853408720555
120 4.679837771436069
121 3.917978145842612
122 4.413608555770634
123 4.217012654047024
124 4.802408404180676
125 3.8310564577396873
126 4.58767206434109
127 4.334872082013541
128 4.39941176681967
129 5.365082663471778
130 4.065585215100842
131 6.837300387273691
132 5.522928167273241
133 4.495566537403808
134 4.6883454603716475
135 4.187882829118355
136 4.691491213005359
137 5.120697574396418
138 6.199676207303167
139 4.379259369060209
140 4.886758691634233
141 5.834923264514141
142 5.386816106586218
143 5.773253741709919
144 6.026702233240217
145 5.38002185624874
146 4.674740410103182
147 5.987275764014459
148 4.3333261293567915
149 5.58557356035926
150 5.194716827242534
151 5.717340383304261
152 5.992023239997396
153 5.770797800262922
154 4.404365404267469
155 5.0233352953626484
156 4.146995828090158
157 5.113818424998584
158 4.474733555296936
159 5.287549478232634
160 4.757349484758803
161 6.935640582160205
162 4.563814352098021
163 4.882623533114295
164 6.1021291140303395
165 4.577596686887242
166 3.6870299222965146
167 6.370108261935405
168 7.163516896821611
169 5.987978651431302
170 5.970077588967781
171 4.620151997776422
172 4.4736869305346
173 4.117112427849881
174 7.04924351959725
175 4.928058696087327
176 6.687640547369364
177 6.799898903534094
178 4.8059053458696415
179 6.628952335310989
180 6.087907702324674
181 5.210930293308669
182 6.144697142921367
183 5.597435657029021
184 5.81850278340539
185 4.61715807452268
186 5.685790586399948
187 4.719490476188967
188 4.949041697025317
189 5.393572673689675
190 4.402483374189515
191 4.457497281859729
192 5.326124358958888
193 5.7756322196359475
194 5.834967279840037
195 5.850637148178874
196 4.321357682728083
197 4.124877021784098
198 6.567776489478752
199 5.930782447019157
200 5.596444996020302
201 5.526730369275532
202 5.578698544444251
203 4.608471248726181
204 6.0340219072217005
205 5.497973441066289
206 5.563339626659788
207 6.440603559567665
208 6.409400101117837
209 6.144377147879487
210 6.383379191633166
211 5.959677374492445
212 5.744443615932887
213 5.324111138880832
214 6.35702769404249
215 5.280289293439612
216 4.5133320627347375
217 5.830542877843738
218 6.1394511357012815
219 4.547254519654037
220 5.708007070299196
221 4.574870873131342
222 6.5161909941762
223 6.775220298384315
224 6.066546206988803
225 6.587467666922674
226 5.870499394410622
227 6.1909205340394555
228 5.501499373481075
229 4.795602602686923
230 4.615518858275095
231 7.0119432290326085
232 5.194328968442731
233 6.1633905634648665
234 6.618279614188071
235 5.652982781618499
236 6.204846464518986
237 4.781215363959666
238 4.472340001102952
239 4.9960585869095775
240 6.223024182167485
241 5.584897952462114
242 6.842135990422503
243 6.236224516874107
244 5.476806133618995
245 4.75055014900314
246 6.371302153472315
247 5.6523073296026585
248 5.963296527033566
249 5.4195443136438275
250 6.729178388571245
251 5.459089167787937
252 4.822587191287212
253 6.700500998108053
254 5.760158248025925
255 4.579766981437054
256 4.977092632755968
257 4.542273749300309
258 4.876638414466856
259 4.012778626587628
260 4.11621673026648
261 5.848040430986035
262 4.548988759616824
263 4.424962449221616
264 5.278878182443612
265 4.408482905063015
266 4.511705342035482
267 4.250823249293253
268 4.410303384995771
269 4.39443052224682
270 4.2742157981463835
271 4.628193913500324
272 5.2090011991760985
273 5.621242538054458
274 5.426134430722721
275 4.661429236791989
276 4.817297591171513
277 4.554619648739101
278 4.7706218587445965
279 5.625412869357845
280 6.4150218576226425
281 5.104999267413899
282 6.029212372010865
283 5.746752824413937
284 4.474307080208613
285 5.867012438011649
286 4.494991064359699
287 5.9008697775869585
288 6.104906214463287
289 6.504695706302484
290 6.597177521600221
291 5.079464218755968
292 5.745189502811541
293 6.376816281626873
294 6.537025637389595
295 4.765776461085347
296 5.473418685693938
297 5.529820164962698
298 5.478446704242004
299 5.804686142975412
300 4.738287253601812
301 6.791277324157236
302 6.70004054031926
303 4.960752815483955
304 4.622751093452828
305 6.578592399642936
306 6.258161471776318
307 4.936333876265269
308 4.1424269170897885
309 5.289936697543163
310 6.8244025074246775
311 5.077405508070981
312 4.852220188516223
313 5.354095111957938
314 6.348751879348976
315 6.400833272669992
316 4.703177985816717
317 4.248447792086508
318 4.901789774972808
319 4.6520303667877965
320 4.8729447234998435
321 3.53632500790208
322 4.5583028739730675
323 4.245320472977993
324 4.821541812159931
325 4.9215673092030405
326 4.42543859931724
327 4.420441371474829
328 5.681354472953776
329 5.126368475898116
330 4.719743821867795
331 5.008920091221233
332 5.053687961730836
333 6.1888345709744685
334 6.316933251758538
335 5.969642813060324
336 5.524203868935013
337 5.770544633138524
338 6.697397437700122
339 5.9452422435821495
340 5.524556383512487
341 6.570438291290718
342 5.20814226897419
343 5.389711072622871
344 6.249609913144645
345 5.692854234527505
346 5.281956585718439
347 4.610480171450534
348 4.223198409570632
349 5.6586228685990685
350 7.014153966014819
351 6.9174246866143525
352 6.186070139895764
353 5.584879421647779
354 6.651384172100988
355 4.603428913060558
356 7.148188077825353
357 5.862752464167497
358 6.574736222233668
359 7.151806210312883
360 5.274172346576636
361 6.2082369227812215
362 6.152741868753267
363 5.2702324234600475
364 6.764563133713918
365 6.784226511765178
366 6.923139561817729
367 6.2008268355932366
368 7.0046405128608225
369 6.320737084169864
370 6.27669786108186
371 6.136953448417439
372 6.350264632075477
373 7.485096578957309
374 5.986948429563741
375 4.50741384023956
376 5.56749905020172
377 4.639569124023169
378 4.935345907585826
379 4.776528341612071
380 5.181445561702147
381 5.789430127886808
382 6.145108659853954
383 4.196864068858822
384 4.855396000901885
385 5.328552642125415
386 4.121405240638681
387 4.625651908039548
388 7.06514540645271
389 6.75004815479869
390 4.72221789029437
391 4.876785320571833
392 4.564912860991155
393 4.592451644845135
394 5.146366616770074
395 6.601173106685451
396 6.890019019142514
397 6.291443941884028
398 5.492318237787201
399 6.2589751106935925
400 5.582014785748545
401 6.139311124062065
402 6.6643122698067225
403 5.627046561036799
404 4.541981368934873
405 4.461257898130347
406 5.204987950087705
407 5.691671623684298
408 5.2940372326162155
409 6.513532993781745
410 6.4250005964922225
411 6.112786106792441
412 5.970947338964883
413 7.054152747630816
414 6.874816562355851
415 4.584717657499008
416 5.736603665041136
417 5.8334211788324355
418 5.026360016603332
419 6.594785865080934
420 4.6485447173958825
421 4.611785075508031
422 4.704815827344666
423 7.440907645717208
424 7.20305886466571
425 6.242453719877938
426 4.42900122505988
427 4.636883999279386
428 6.493557561778036
429 6.8474399297855735
430 6.7314579695285355
431 6.4800159052735955
432 5.935232808819729
433 6.643522371185229
434 6.848797493740941
435 5.548205005421804
436 6.7335995316097454
437 6.256436289993982
438 5.331127918347359
439 6.5743258540594915
440 5.712603487066148
441 5.796565827874873
442 4.488942489674577
443 4.711688573091573
444 4.371630678657308
445 4.374617934242542
446 4.438477775341865
447 4.412427011376716
448 5.118913456664924
449 4.282736501963101
450 4.524727335320943
451 4.53960665714308
452 4.46183945979946
453 4.455511357102348
454 4.462918633505412
455 4.829400331156102
456 4.380462855854416
457 5.350596237163635
458 5.7790541294235585
459 7.069968906341012
460 5.968143510085331
461 5.054002278045396
462 6.100876775746378
463 4.980188882193333
464 6.167657964616864
465 6.285265726853256
466 6.702357781713962
467 5.445537034912486
468 5.616481484515629
469 7.525980161474989
470 5.177109871946631
471 4.578242744013384
472 4.133269918881988
473 4.41769758375172
474 4.656755174445068
475 5.988461729223013
476 5.963108367788379
477 6.602880458871544
478 5.698866178667703
479 5.993667909193326
480 6.600784563328922
481 6.8026810823703325
482 5.091440622477437
483 6.947298822134942
484 6.629503041889494
485 5.190220671061241
486 4.779739655765905
487 5.561897244999313
488 4.750401645820194
489 4.6080523763836325
490 3.9538922588696823
491 4.60402922123805
492 5.958265460027402
493 4.7216545746582845
494 4.7384685464940235
495 4.324629824138042
496 5.520353794057856
497 5.542060165709235
498 4.578904667898342
499 4.526394472868619
