0 5.318629515108235
1 4.959587099738852
2 4.968444796962534
3 3.8858490479878633
4 3.509044403715458
5 5.26514151592995
6 6.111876237379766
7 5.128672931781213
8 7.143816449115446
9 6.722654408380418
10 5.531178621574835
11 5.556309547984075
12 7.4879370140257
13 5.395980247199468
14 5.312805178556569
15 5.194159073037886
16 6.5634410714065945
17 5.442483848896334
18 5.824075530379667
19 3.483764038516384
20 3.5607268598340633
21 3.551882106721003
22 3.4103626143264547
23 3.45279455058992
24 3.46009385050939
25 3.4636958313271955
26 3.9632494123556445
27 4.312032612324279
28 3.3320350989055423
29 3.9692586584737097
30 3.5679644932818677
31 3.5299947326687904
32 3.5440660813664557
33 4.488356206739342
34 4.893317446656674
35 3.4702640829669953
36 3.635605710715795
37 3.3847334017358697
38 3.389530451986445
39 3.6779419409981178
40 3.697773659982616
41 3.8960758656292356
42 3.569913879329083
43 4.321012349346396
44 3.57747562595931
45 3.539632214689701
46 3.7310028166501366
47 3.3949120547222456
48 3.5136450755611497
49 3.5030448672181014
50 3.3507571266086082
51 3.641256601998455
52 3.5454644473853465
53 3.339043912743347
54 3.416606100513829
55 3.3315506744517327
56 3.413112045469933
57 3.6473709584567064
58 3.9065168351622686
59 3.378396118161932
60 3.451027537740557
61 4.4812452245310865
62 4.012522231481477
63 4.641455388911129
64 4.864562789480938
65 4.3745891908103465
66 4.201563614728273
67 4.887397254225554
68 4.46481122011452
69 4.638258929346444
70 3.8670982143112638
71 3.7319848240018363
72 4.768413249285329
73 4.350168689484485
74 4.231243514387314
75 5.260546972918565
76 4.854041073589165
77 5.240765971944511
78 4.475853214584521
79 5.0419515579453495
80 4.677396713632467
81 4.325220535761227
82 3.9919772029143576
83 4.893831165259192
84 4.248179854400238
85 4.125529355316554
86 3.759079403520145
87 4.714859658837201
88 5.1066502598692045
89 4.096195654014452
90 5.480700092668959
91 4.3116840109251395
92 4.357883624624274
93 4.90967276651083
94 5.204349821127654
95 5.2646088727876394
96 4.974296926050803
97 4.635550422841438
98 4.457966688594163
99 4.74110451680324
100 4.544717675434766
101 5.062225528195101
102 4.382031698435078
103 4.179187753396945
104 4.664252259074745
105 4.479547266550936
106 4.523578709969323
107 4.311354639217309
108 4.5144469312046445
109 4.378957042395747
110 4.2009959511751775
111 4.5732989254901835
112 5.303021584872251
113 7.945707730309204
114 6.888623774157426
115 4.896903593034996
116 4.33808430456541
117 5.580777839321507
118 5.8256639410174325
119 5.1353440756927915
120 3.636866312399661
121 3.4468888579001224
122 3.3546072624183285
123 5.803281313745357
124 5.4241281296983415
125 7.625235371454691
126 8.392305553681432
127 8.630651455128275
128 7.111022471741956
129 4.374869047560083
130 4.525051622743052
131 5.190539273107251
132 3.9215696897568857
133 6.518817816319856
134 5.463792791486114
135 8.174905838074627
136 4.982710744608492
137 4.151443255894478
138 3.5935099588371817
139 4.119304471094356
140 4.350550271413199
141 4.631908264982947
142 3.5476038368333063
143 4.118579697908446
144 4.365362084953249
145 4.231885279475938
146 4.655037575181341
147 4.289879154663675
148 3.759426763880308
149 4.416302580293354
150 4.3291756547514835
151 4.615398342019389
152 4.519185607991343
153 3.92575046641545
154 4.247183219058839
155 4.202009328581832
156 3.498119817985604
157 4.7036680709704175
158 7.177486910358989
159 3.4507692527813654
160 4.32770885712849
161 4.753010061007375
162 6.704798522789988
163 6.380380857663833
164 4.497690532910859
165 5.9559966512403575
166 5.470922577070319
167 4.105008901975651
168 6.2117280052045
169 5.112127248319136
170 4.461691351090963
171 4.719010143469482
172 5.945475078652772
173 4.896710396444403
174 4.68667568174991
175 4.892278079209485
176 5.343249096016108
177 4.778188689874186
178 4.4859344788233315
179 4.708943411651219
180 3.609894132933393
181 4.958427981058932
182 4.499862072771204
183 5.473192916979305
184 4.935756568448216
185 5.09249571537782
186 4.974201152176408
187 4.078231459873769
188 4.346167684239385
189 4.186395014186987
190 4.646192123994274
191 3.8376182544195836
192 4.444459791114322
193 4.189157142822046
194 4.243647192391741
195 4.194594662387027
196 5.845272257681914
197 5.0950312630423475
198 4.970227428485497
199 5.598552291385504
200 4.745352384098573
201 5.026954037174958
202 4.041558047354303
203 4.284957565983752
204 3.848596750693861
205 4.317481579349545
206 4.956097900564765
207 4.078296256911488
208 4.568650271520657
209 4.591919944232315
210 4.256577643453219
211 4.054069064686623
212 4.459529660121519
213 5.430614471229013
214 4.359768829144072
215 4.59852076132833
216 4.881606048517781
217 3.8874361200640184
218 4.267457259919715
219 6.00911267051098
220 4.531554812694282
221 4.727432162950552
222 3.618154851712037
223 4.121592100454756
224 4.729166276118675
225 5.065354868962293
226 5.1221840549121005
227 4.950092930721163
228 4.598947724167227
229 4.319343793507781
230 4.413052946752104
231 4.273122553485691
232 4.637808624395604
233 4.9084304862456225
234 5.402239865017557
235 5.012699159806425
236 4.724252716748885
237 4.532727870964783
238 5.265377789580828
239 4.64282262016855
240 4.000197912297516
241 3.934539268983856
242 4.455351082093371
243 4.140431634422489
244 4.724674878475095
245 5.125734356450049
246 4.540113944893804
247 4.315299995586998
248 4.4878843254928595
249 4.74783475713774
250 4.7338907812713495
251 4.608282577584572
252 4.4880131215067625
253 4.301219472263033
254 3.8611346118364196
255 4.529157701799179
256 5.351641169149805
257 4.205731714506134
258 4.2050690012549286
259 4.670970529896623
260 4.54231791099598
261 4.466260603028772
262 4.6298869317198
263 6.190017602528863
264 4.627449003091256
265 5.226588220442139
266 5.053601949826767
267 4.257452719002456
268 4.741715513008181
269 4.171310835331698
270 4.813038408430511
271 4.311881753898517
272 5.074837946840402
273 5.6140098492454715
274 4.3977286206076425
275 5.370638577590767
276 5.4582489802886505
277 4.7047343282964125
278 4.46937571172759
279 4.60907638995314
280 4.468374377136444
281 4.528843357857974
282 5.080942154882777
283 4.33092412551897
284 4.451477843800296
285 4.199979346952876
286 4.521645494249906
287 4.8742321288179955
288 4.824884270969563
289 4.6203252976433395
290 4.580230275196201
291 5.23949667996232
292 4.445853307819372
293 4.735802950797144
294 4.976412060175514
295 4.36599078395955
296 4.27086936009011
297 4.569431503309312
298 4.377869266818908
299 4.4072340526399145
300 4.513234868140893
301 3.931680349136841
302 5.188153429935409
303 3.802178570397069
304 4.530310484917718
305 4.662719903328971
306 4.5106380019139385
307 5.515728072258758
308 4.571886200877486
309 4.974852214533652
310 4.259573065224223
311 4.6847498982268725
312 4.79919407881628
313 4.833456489605431
314 4.586733588805205
315 4.8661314364585655
316 5.290269992295468
317 4.106806136936951
318 4.333805925189753
319 4.363091106442831
320 4.422597793125764
321 4.414826849497159
322 4.207396935667273
323 4.1255866420005
324 4.4009929924138556
325 4.330175287620909
326 4.038738245318851
327 4.453612117428607
328 4.834152003319032
329 4.667568913476131
330 4.479216655764504
331 4.345012886304583
332 4.151719771980998
333 4.806884527356907
334 3.849874703991117
335 4.694581178796208
336 4.722500929013502
337 4.09477058347688
338 4.833851399721223
339 4.2305999484946755
340 4.061875758679929
341 4.432745273869475
342 4.165004223337615
343 4.350691290081267
344 4.351746392935141
345 4.430544996709753
346 3.977697581148237
347 4.259168813012904
348 4.2026458706828285
349 7.53495437429354
350 4.555216148344471
351 4.952102546102138
352 4.560242538099453
353 3.853471004898699
354 4.604406259383688
355 5.736775121903127
356 4.266007018630738
357 4.377970262011009
358 4.299928086942155
359 4.529405427436445
360 4.973058667074528
361 3.535879950664506
362 3.9903453835500993
363 5.167958550378414
364 4.283133279170378
365 4.066801747568338
366 4.400148164068802
367 4.170483573026779
368 4.235277525152829
369 4.8709561136145565
370 4.182803698777883
371 3.802854554431214
372 3.8678056614035152
373 4.247153705636506
374 3.871839629688268
375 4.362830045372516
376 3.8425520677651197
377 4.473478863367916
378 4.693424809510036
379 5.378212251583372
380 4.076492147529078
381 4.494131939577357
382 5.392211631234335
383 3.864416933182749
384 4.431623565456259
385 4.560206848897067
386 5.180202401915621
387 4.908256236945156
388 4.240347816787703
389 4.362228258713116
390 4.654775348334073
391 4.849397481663184
392 4.466303637021869
393 4.465348187575664
394 4.680757478661741
395 4.32588682667064
396 4.0748217452966715
397 4.480362912308485
398 5.434671188524176
399 4.550867242593004
400 4.427262969581688
401 4.713588022518574
402 4.262450384505149
403 3.9841103561460818
404 4.845648633558775
405 4.042837974384236
406 4.100348114946177
407 4.431071405423507
408 4.975877299193282
409 4.720119156648113
410 4.984292629309656
411 4.139270081816628
412 4.253473487139213
413 5.2073820479519
414 3.9452708952764977
415 4.378025097098493
416 4.476031672415568
417 4.4688189809228955
418 5.2045957848603255
419 4.213238795315056
420 5.157504047335366
421 4.504878054201174
422 4.610742176634771
423 4.15647670088553
424 4.551278807599706
425 4.01647714080394
426 4.238449838838143
427 3.8173170183828384
428 5.1221219861704546
429 4.899515960444625
430 5.12731305715603
431 4.170245682708755
432 4.451172109598175
433 4.016821069287654
434 4.7622475720215105
435 4.624539539016464
436 4.790772123503666
437 4.202061396935095
438 4.931394948257502
439 3.592247507366621
440 4.627767639498269
441 4.430213799949883
442 4.01281292379803
443 4.198662852019539
444 4.2872323390444835
445 4.76433940241716
446 4.22582114301711
447 4.665221435767338
448 4.089779512518643
449 4.373847554525934
450 4.437349527602556
451 4.281692352731404
452 3.9426597241062993
453 4.593951537944657
454 4.899079116705871
455 5.435699507544604
456 4.628515960710218
457 4.6404502544952
458 4.361544225263297
459 5.2340372576852126
460 4.982718766529326
461 4.003838318460319
462 4.203410463403694
463 4.219036010313397
464 4.611121015445447
465 3.9527316963643355
466 4.932262855337
467 5.192926686116326
468 3.923396254221972
469 4.676417875404935
470 4.31950926219524
471 4.425752043597336
472 4.606482662685442
473 5.310583430196525
474 4.824430049878115
475 4.525211885716399
476 4.374280329391691
477 4.347947042675209
478 4.902144099525763
479 4.876542995648884
480 4.812226451827447
481 4.33598768137601
482 4.220205928969776
483 4.409261673414905
484 5.107011645986887
485 4.1071655388757335
486 4.166341059629727
487 4.235903393251091
488 3.7960074987973624
489 4.472485524132219
490 4.235620335706043
491 4.578412438360789
492 4.1886510444228495
493 4.67197597772485
494 4.355168649559976
495 4.3955567073038795
496 4.703125928426786
497 4.489602367066019
498 4.4152080717989355
499 4.336675876476283
