#Frame    total[bond] total[angle]   total[dih] total[vdw14] total[elec14]   total[vdw]  total[elec] total[total]
       1     271.9065     655.0538    1148.5261     290.9119     4069.1078    -620.0757   -5328.7737     486.6566
       2     247.5488     709.0898    1147.5771     288.6120     4083.1195    -629.7883   -5335.7127     510.4462
       3     269.2931     664.8887    1129.8386     294.7902     4115.4004    -602.6359   -5432.3916     439.1834
       4     248.7035     654.3222    1165.2592     292.8409     4103.7621    -619.5306   -5370.2601     475.0971
       5     274.1001     685.3762    1144.0243     287.0521     4119.5038    -603.6021   -5421.2111     485.2432
       6     273.3818     661.6673    1142.2625     295.8254     4127.6955    -608.2765   -5484.4663     408.0897
       7     257.3791     650.1089    1146.2272     300.5408     4109.1769    -604.0418   -5417.5660     441.8250
       8     265.6213     664.8219    1122.4394     294.4289     4089.1038    -615.7718   -5382.2944     438.3492
       9     355.5665     657.4063    1159.9951     293.3272     4057.1077    -508.5081   -5449.4453     565.4494
      10     262.8299     676.5304    1146.6048     288.9882     4063.3223    -617.9229   -5288.6323     531.7204
      11     256.0593     654.9008    1139.1809     300.8463     4089.2969    -602.3466   -5514.4905     323.4470
      12     259.3027     671.3458    1141.4427     295.2076     4091.7094    -609.4204   -5436.0463     413.5414
      13     251.8133     653.6458    1145.1440     304.4459     4062.7114    -614.1134   -5483.8012     319.8457
      14     252.2272     663.4272    1134.9318     298.4450     4113.5651    -607.6025   -5556.3006     298.6933
      15     272.3896     696.5650    1134.1586     285.1934     4046.5627    -528.1903   -5331.4063     575.2726
      16     260.2803     689.2565    1144.3854     293.0148     4093.4795    -598.3450   -5373.7177     508.3539
      17     262.0057     658.4727    1133.3032     306.8392     4093.3523    -604.5243   -5447.5177     401.9311
      18     257.4205     645.3951    1164.5466     277.5927     4100.3371    -614.1504   -5346.4207     484.7207
      19     273.9484     693.4575    1146.1760     296.1045     4076.6696    -592.9131   -5330.7601     562.6828
      20     502.7585     645.1059    1167.4598     354.5156     4092.6782    -589.9399   -5436.3064     736.2717
      21     274.6668     654.3989    1149.3155     293.6809     4125.8063    -632.1034   -5476.5107     389.2542
      22     279.6571     681.9822    1153.4303     288.1671     4102.9310    -623.7231   -5445.6710     436.7735
      23     254.4582     661.1766    1133.6759     306.7558     4080.5363    -594.5336   -5447.3901     394.6791
      24     264.4010     719.3269    1161.1350     292.4253     4094.6043    -606.7254   -5305.6565     619.5107
      25     250.8142     671.7477    1141.3435     293.8061     4136.1692    -588.4798   -5467.0588     438.3419
      26     260.8200     726.8018    1158.3707     282.3941     4098.5187    -616.9444   -5346.5833     563.3777
      27     236.4001     684.5666    1141.4514     292.5747     4091.8717    -600.1100   -5331.3005     515.4540
      28     241.1296     668.4867    1150.3196     304.7208     4100.7354    -615.9622   -5405.6460     443.7838
      29     260.2833     686.8103    1138.7179     302.6545     4100.2638    -612.0594   -5399.1077     477.5627
      30     272.0267     676.1839    1162.9740     296.9214     4110.3781    -621.6462   -5432.4146     464.4231
      31     249.3195     683.9491    1155.4767     298.9832     4074.1222    -599.9154   -5442.6798     419.2554
      32     291.7131     647.6640    1139.0256     293.8542     4100.8385    -619.1963   -5357.0046     496.8945
      33     247.7471     670.9624    1133.5046     304.5393     4104.5757    -604.7157   -5469.5912     387.0222
      34     246.2417     681.0357    1132.9269     296.1578     4108.7691    -606.4204   -5391.0536     467.6571
      35     257.2697     657.5416    1129.4980     298.0654     4085.7199    -600.9976   -5404.7167     422.3803
      36     269.6962     666.7385    1151.8925     283.3163     4100.6846    -605.2552   -5457.2012     409.8717
      37     245.7486     667.4223    1161.9002     302.3725     4088.8037    -635.0817   -5385.6965     445.4691
      38     282.6842     670.9973    1148.0827     297.6039     4069.3872    -614.5812   -5285.1914     568.9826
      39     253.1098     699.0691    1135.9955     288.5057     4047.9905    -587.0783   -5352.5962     484.9961
      40     261.5460     654.9814    1138.6194     298.4940     4068.1457    -599.0933   -5396.0223     426.6708
      41     263.8245     654.9775    1120.2164     312.6246     4080.4521    -601.4184   -5445.7148     384.9620
      42     276.8016     661.4876    1145.3081     286.9188     4102.1060    -606.3740   -5395.4187     470.8292
      43     268.0249     662.8863    1160.3294     287.2796     4072.7455    -593.6444   -5394.4065     463.2148
      44     284.4510     693.0412    1153.8917     291.5529     4046.1050    -623.9765   -5439.9401     405.1250
      45     264.1306     661.2759    1146.9692     292.6409     4078.9351    -594.6793   -5404.0027     445.2697
      46     259.0515     695.9705    1135.8930     308.5882     4069.1234    -589.1792   -5481.5765     397.8709
      47     271.5791     647.0628    1130.2752     288.2931     4078.8914    -602.5482   -5378.8536     434.6998
      48     266.9802     667.7975    1154.3364     294.6605     4060.3802    -618.6783   -5433.0836     392.3929
      49     250.3473     674.5110    1145.1528     296.9315     4072.4448    -599.6045   -5374.9127     464.8703
      50     260.5745     654.1403    1142.5353     298.9502     4073.4834    -600.3536   -5375.0676     454.2626
      51     307.2630     683.6060    1135.0340     284.6425     4058.0148    -603.9365   -5391.5462     473.0778
      52     263.9798     682.4657    1132.8142     291.2673     4096.8070    -613.1872   -5314.0875     540.0593
      53     261.1290     657.4518    1135.7857     287.6170     4055.8688    -602.6303   -5279.3024     515.9196
      54     305.1541     675.4066    1141.7780     292.3728     4071.1184    -617.7458   -5358.1132     509.9709
      55     251.2607     698.6870    1146.3096     291.5361     4069.3254    -614.2871   -5357.3697     485.4620
      56     255.2160     670.0365    1146.6498     302.2536     4069.9615    -609.2713   -5338.7282     496.1179
      57     245.0794     653.2704    1148.4977     304.4079     4104.3849    -615.9730   -5222.8500     616.8173
      58     269.8035     681.4238    1151.4329     288.1728     4076.8784    -622.1193   -5406.4727     439.1195
      59     268.5171     663.0579    1156.3233     289.7637     4092.9891    -614.6420   -5444.8402     411.1687
      60     271.3830     657.5467    1129.1720     299.0915     4089.5345    -599.7461   -5388.8773     458.1043
      61     265.6724     643.2057    1125.7299     300.1048     4125.8814    -612.3054   -5433.1720     415.1168
      62     257.4772     670.1842    1138.7095     294.8243     4057.4827    -617.6484   -5314.9476     486.0820
      63     245.1549     627.4084    1149.3953     300.8128     4128.1233    -593.9113   -5493.0081     363.9753
      64     276.4661     663.5556    1152.1597     298.4597     4126.1387    -604.7905   -5488.5462     423.4432
      65     275.7012     670.6083    1157.1401     293.9949     4132.9401    -604.1615   -5509.7902     416.4328
      66     252.6150     696.2831    1143.2933     304.4517     4111.5939    -618.1550   -5430.7644     459.3176
      67     260.2651     646.6982    1149.3202     312.3112     4124.9055    -609.0933   -5469.3930     415.0140
      68     263.8687     663.6329    1137.1874     289.5651     4148.8134    -607.5261   -5532.3401     363.2013
      69     268.3174     662.6159    1140.6328     292.4195     4085.2520    -603.0273   -5457.4418     388.7685
      70     274.9898     665.2822    1142.7275     294.9557     4104.5562    -602.7265   -5444.6094     435.1755
      71     257.9935     708.7343    1131.4060     301.7589     4119.7895    -602.6366   -5474.8505     442.1950
      72     268.4213     659.8817    1130.8804     300.8001     4088.1655    -594.7930   -5376.3411     477.0149
      73     234.2668     691.9882    1136.5253     313.5050     4120.2553    -607.1265   -5439.1523     450.2618
      74     250.0057     687.6589    1123.4466     303.7153     4090.2078    -613.7139   -5371.5022     469.8182
      75     241.5894     694.3199    1133.6169     297.3596     4081.7061    -608.0111   -5439.9450     400.6358
      76     264.5916     690.1759    1149.9152     287.9054     4059.2129    -598.0952   -5405.0031     448.7027
      77     284.2370     663.5305    1132.9698     277.4054     4068.5069    -620.3339   -5409.8866     396.4290
      78     269.2793     668.8655    1140.7866     290.9027     4069.3395    -596.9267   -5410.0497     432.1973
      79     280.8265     670.7359    1132.5601     294.9562     4082.0037    -601.1680   -5393.9478     465.9666
      80     268.2048     658.6931    1133.8172     305.6167     4082.2990    -598.1299   -5363.9202     486.5807
      81     276.1663     693.1963    1134.2646     299.2633     4069.4979    -614.6227   -5392.5321     465.2336
      82     260.9424     658.2747    1160.3906     295.8704     4094.7893    -593.1153   -5448.7066     428.4455
      83     244.4003     663.1141    1148.8771     289.9524     4083.8647    -600.9892   -5462.0738     367.1456
      84     240.6440     625.5669    1143.1588     301.7850     4102.8269    -620.1111   -5474.0018     319.8688
      85     253.0216     630.3907    1158.0314     308.5902     4108.5830    -597.8192   -5474.6056     386.1921
      86     256.2007     670.7226    1138.8362     305.1803     4065.2925    -615.4718   -5421.3769     399.3835
      87     259.5507     618.9108    1144.3598     295.8997     4087.7235    -615.4799   -5420.8113     370.1534
      88     271.7993     663.5817    1144.0233     278.5793     4095.7350    -604.8642   -5479.2029     369.6516
      89     237.9962     689.7928    1130.3236     303.8875     4090.6507    -606.4748   -5417.6648     428.5111
      90     278.7304     655.2005    1127.5750     297.2520     4085.9465    -590.7301   -5467.6888     386.2855
      91     261.0270     647.6249    1135.6146     299.3438     4081.0400    -597.4397   -5405.3982     421.8124
      92     266.8719     683.6418    1108.8390     298.6494     4072.6824    -599.6299   -5461.0533     370.0014
      93     270.3142     689.7876    1122.8638     280.8626     4046.2449    -599.8500   -5459.8400     350.3831
      94     265.0117     690.7746    1146.7999     291.3822     4090.9969    -618.0235   -5378.1470     488.7947
      95     264.0884     657.5852    1135.9644     292.1994     4077.6716    -593.7630   -5514.0889     319.6572
      96     263.8091     694.3704    1137.6418     291.6238     4060.3261    -605.3372   -5477.4110     365.0231
      97     261.1679     641.0705    1135.4620     295.8610     4094.1942    -606.6220   -5432.2434     388.8904
      98     261.6319     658.7196    1136.7800     288.6451     4043.2953    -587.0678   -5399.2136     402.7905
      99     270.0548     673.7290    1142.6505     299.4063     4100.4701    -607.6066   -5459.0940     419.6101
     100     272.6272     685.2696    1154.8851     288.2912     4070.1076    -602.8021   -5445.8947     422.4839
     101     266.7542     650.2265    1123.8186     298.5268     4068.0266    -584.4593   -5467.6255     355.2679
     102     250.4515     673.5981    1136.0387     297.8619     4080.3798    -598.7672   -5494.3275     345.2355
     103     263.0513     679.0871    1155.2276     282.8986     4107.1931    -626.7608   -5504.4723     356.2246
     104     253.8551     657.1242    1154.5012     292.6519     4124.8101    -610.4639   -5516.3374     356.1411
     105     259.1353     675.0155    1134.1190     295.1525     4131.2466    -607.3876   -5444.7722     442.5091
     106     272.6386     654.0292    1142.9038     294.5653     4116.2309    -586.9164   -5512.5213     380.9301
     107     261.6291     676.8716    1148.6360     295.7441     4093.0460    -601.4935   -5417.1358     457.2975
     108     249.6699     648.0820    1136.4921     293.2651     4131.6467    -595.5118   -5477.4853     386.1585
     109     252.5485     699.1882    1147.7503     288.6512     4085.1324    -606.5689   -5436.4487     430.2532
     110     260.3515     690.9903    1165.4337     292.0713     4112.0938    -607.9142   -5550.1692     362.8573
     111     280.7196     653.2723    1141.6021     291.2633     4123.2517    -616.3610   -5475.9029     397.8451
     112     269.9133     635.0305    1134.8738     295.0943     4099.4416    -601.7597   -5378.9940     453.5998
     113     254.2951     686.9450    1147.2314     301.6085     4117.6857    -620.3748   -5379.6401     507.7508
     114     270.5832     670.2366    1146.4519     290.2725     4074.2033    -602.0065   -5357.0709     492.6700
     115     284.5267     679.3743    1145.2578     291.1682     4093.5424    -616.4458   -5412.3217     465.1018
     116     254.0662     667.6150    1133.0752     300.8541     4106.1528    -592.2858   -5401.1742     468.3033
     117     259.0872     690.0846    1175.6847     295.9407     4109.9718    -603.8230   -5539.5900     387.3560
     118     266.6653     698.0454    1122.1000     288.2155     4085.7840    -627.6339   -5461.9895     371.1868
     119     276.7778     724.6108    1145.0262     296.7767     4090.7467    -594.7304   -5392.9132     546.2945
     120     252.6716     656.1554    1152.1009     295.8684     4112.1411    -623.9514   -5314.6138     530.3723
     121     259.1516     656.7686    1161.4425     293.3426     4128.9241    -588.7786   -5475.7911     435.0597
     122     277.8734     657.5226    1132.6648     295.4642     4136.3208    -609.2937   -5402.5712     487.9809
     123     249.2237     623.3722    1145.9775     292.4948     4109.0531    -611.4512   -5460.1569     348.5132
     124     258.3857     631.1248    1143.2347     284.6562     4088.4616    -622.9231   -5350.0075     432.9322
     125     247.4962     646.3156    1137.0088     306.9003     4133.9114    -599.2599   -5500.8775     371.4950
     126     262.3312     669.5954    1143.4007     293.1461     4118.6520    -599.7199   -5403.6847     483.7208
     127     278.7122     672.9172    1152.5577     290.1067     4082.7264    -614.2738   -5416.1784     446.5681
     128     266.5669     690.6112    1142.8227     295.4625     4133.1858    -601.5147   -5350.3380     576.7964
     129     259.2094     683.9497    1131.0817     286.1467     4106.2328    -612.7791   -5303.4024     550.4389
     130     263.5196     693.2805    1131.5225     285.0422     4062.0257    -597.7144   -5344.2682     493.4079
     131     247.2535     689.5939    1129.6478     304.3210     4115.8136    -587.3780   -5363.0262     536.2256
     132     277.7851     690.9947    1116.0833     290.5262     4109.2631    -613.4872   -5358.3791     512.7861
     133     263.4507     679.8973    1119.4906     296.3079     4117.5032    -621.4201   -5314.9053     540.3244
     134     280.6886     700.6473    1132.6688     285.0123     4074.4026    -609.8314   -5288.3719     575.2161
     135     253.3496     662.7928    1144.2646     292.7722     4101.4030    -607.4148   -5375.4144     471.7530
     136     267.2496     674.8279    1143.6422     304.7475     4069.1845    -610.3308   -5344.5136     504.8071
     137     285.7348     653.7719    1149.2180     291.0528     4090.0899    -613.8110   -5362.0491     494.0072
     138     257.8063     700.2387    1138.6255     290.6246     4067.5247    -610.0876   -5286.8037     557.9284
     139     252.5871     644.1901    1137.8429     300.4888     4064.8208    -624.2768   -5261.8906     513.7624
     140     278.9754     656.4172    1129.7114     291.3156     4077.1142    -606.1458   -5297.0885     530.2994
     141     252.9749     663.3576    1103.7101     303.3390     4076.6844    -594.3403   -5333.8902     471.8355
     142     285.3348     724.6553    1129.2673     292.0151     4053.8594    -608.2876   -5301.2949     575.5495
     143     260.7109     656.5634    1147.6639     283.4114     4113.4687    -612.3362   -5376.6451     472.8370
     144     265.2988     677.4716    1136.7538     297.7176     4105.8498    -601.7964   -5421.5776     459.7175
     145     262.9694     672.0398    1126.3645     297.3210     4079.0296    -596.6584   -5424.4267     416.6392
     146     253.0737     667.0418    1152.6829     296.3771     4079.3935    -608.4887   -5347.5533     492.5271
     147     266.2381     699.3055    1161.0062     296.4303     4065.7078    -588.4138   -5331.7134     568.5607
     148     245.4969     652.2257    1144.0014     312.5425     4174.4306    -580.3683   -5456.8505     491.4782
     149     251.1071     650.1353    1165.8358     295.9320     4128.8064    -600.0085   -5393.6508     498.1574
     150     257.4144     677.9342    1135.4658     297.5257     4101.9979    -605.4336   -5404.3571     460.5473
     151     263.3124     672.4529    1135.2765     291.0931     4105.3022    -602.1852   -5391.0116     474.2402
     152     264.8431     657.0111    1170.3324     299.1674     4085.8601    -614.7641   -5457.9975     404.4524
     153     259.8425     681.2458    1159.6129     295.4815     4127.2717    -591.9620   -5432.8992     498.5932
     154     262.4996     649.4477    1135.1759     288.3536     4128.9800    -606.6255   -5432.9081     424.9233
     155     289.4649     647.8995    1144.2715     293.5800     4088.7032    -580.0338   -5482.5354     401.3500
     156     262.0176     686.6012    1162.8033     296.5811     4113.0272    -596.1439   -5467.7609     457.1256
     157     249.4912     656.6837    1151.1986     309.8374     4119.2638    -611.6609   -5385.7230     489.0909
     158     259.3313     714.8783    1137.3347     294.3525     4076.9208    -603.0906   -5422.9769     456.7501
     159     258.3270     669.0365    1129.3885     294.6524     4093.5689    -587.9033   -5384.9008     472.1692
     160     261.1472     652.7800    1135.6030     303.6213     4122.4798    -601.0391   -5413.7625     460.8297
     161     277.4033     671.5076    1149.6220     304.9258     4115.7598    -595.7454   -5480.8180     442.6551
     162     260.1748     720.3992    1140.5208     298.0092     4096.9044    -611.8171   -5432.0222     472.1692
     163     262.7483     677.5996    1127.5634     305.6846     4091.5481    -612.0578   -5325.3239     527.7623
     164     267.8649     654.7040    1139.7120     301.4507     4110.4770    -591.1246   -5307.0818     576.0022
     165     244.1834     657.8747    1160.3055     309.5838     4112.7896    -602.9407   -5428.1361     453.6601
     166     269.4867     647.2488    1140.6902     302.7839     4118.2816    -620.4725   -5356.7132     501.3055
     167     266.3254     676.2598    1137.8614     286.3134     4097.6954    -577.1573   -5507.0604     380.2377
     168     280.5439     684.7833    1152.6747     294.7658     4090.2813    -607.9338   -5442.2368     452.8785
     169     274.6587     664.2852    1147.5676     297.8710     4080.4380    -613.1926   -5343.4243     508.2035
     170     274.8504     665.3104    1153.7704     298.2459     4084.7015    -596.7777   -5491.5090     388.5919
     171     271.4899     666.0686    1136.9345     312.1341     4131.4736    -613.9655   -5577.1869     326.9483
     172     269.4292     638.3798    1135.9889     288.8371     4084.6741    -605.6782   -5503.9227     307.7081
     173     272.0498     688.7253    1145.2133     285.7945     4100.6073    -600.5093   -5492.4860     399.3950
     174     257.9431     672.8528    1124.0631     306.0493     4119.9872    -601.4193   -5468.4022     411.0740
     175     241.8122     657.7871    1157.5749     300.5981     4125.0612    -595.0296   -5469.4575     418.3464
     176     266.8173     652.9304    1149.1332     299.2105     4133.7896    -615.7691   -5482.9664     403.1454
     177     259.1999     672.9063    1139.8823     299.8389     4090.0227    -636.1410   -5478.6624     347.0467
     178     255.4655     656.2059    1145.0053     274.3435     4110.8445    -606.7865   -5490.8791     344.1991
     179     260.0806     694.2848    1134.4655     288.4270     4111.8384    -618.9221   -5344.4961     525.6781
     180     268.5518     662.1817    1173.4599     292.5108     4092.5729    -614.6377   -5290.3155     584.3238
     181     271.6636     680.3720    1129.4478     306.0636     4057.9014    -606.8920   -5336.0066     502.5498
     182     261.4156     672.3667    1155.6760     290.4559     4081.3256    -621.9076   -5410.2807     429.0515
     183     231.0840     666.3975    1160.7127     296.1080     4108.6389    -608.0433   -5422.4359     432.4619
     184     243.5302     695.9144    1131.4554     293.3791     4096.2584    -599.0653   -5434.5874     426.8847
     185     299.1794     651.4831    1130.2765     296.1599     4059.5757    -591.8635   -5363.1385     481.6727
     186     254.4969     673.3765    1140.8564     290.9141     4097.3458    -607.5331   -5352.0515     497.4051
     187     218.1087     700.2102    1135.6109     308.8064     4111.8807    -601.9791   -5448.0810     424.5567
     188     252.7439     671.1152    1121.7584     287.6075     4118.1246    -605.4924   -5412.7513     433.1058
     189     243.6267     705.2939    1141.3901     298.0293     4101.4214    -604.6232   -5446.7422     438.3959
     190     248.8050     642.5385    1145.2962     294.1970     4082.8983    -595.4039   -5430.2024     388.1287
     191     281.7462     700.7996    1112.0629     302.9818     4061.1568    -592.5129   -5437.8643     428.3701
     192     263.7870     697.0893    1132.0407     298.2302     4063.8212    -599.4341   -5409.0944     446.4399
     193     269.2993     642.1979    1128.0612     287.3717     4073.2922    -612.4533   -5311.1211     476.6479
     194     256.9422     648.3781    1113.6361     294.2019     4106.8034    -606.8831   -5369.2174     443.8610
     195     264.2786     692.2846    1131.2203     311.7966     4087.5632    -601.6219   -5456.5277     428.9938
     196     263.0572     695.9118    1124.8755     283.3577     4077.8858    -605.7888   -5462.7356     376.5636
     197     300.0190     683.0474    1145.6216     293.0120     4069.3693    -602.3751   -5434.7028     453.9915
     198     271.2688     698.5979    1135.9877     291.2469     4077.9238    -576.5194   -5415.1202     483.3855
     199     250.5262     642.4858    1158.1567     290.2378     4105.7753    -617.2314   -5337.0947     492.8556
     200     275.7414     679.1898    1149.3816     296.1373     4110.9223    -602.2173   -5446.1220     463.0331
     201     253.7450     695.8877    1150.1297     286.0681     4106.5923    -606.6288   -5396.1927     489.6012
     202     278.2498     681.4741    1150.6030     291.8227     4101.4489    -603.0642   -5328.9748     571.5595
     203     282.6413     652.9723    1149.0730     281.5116     4080.9700    -595.1932   -5314.3941     537.5809
     204     257.5185     698.7024    1135.7793     296.8795     4117.3815    -601.1453   -5333.6295     571.4864
     205     263.6330     673.7987    1172.9924     315.0381     4099.1378    -608.4959   -5332.2683     583.8358
     206     263.9705     647.8739    1159.5896     303.6457     4092.8738    -593.3646   -5233.4124     641.1765
     207     260.9205     662.4990    1145.0683     289.6086     4073.3764    -578.0846   -5327.9062     525.4820
     208     272.7864     722.1033    1135.4928     296.9326     4042.7203    -582.0594   -5239.8351     648.1408
     209     264.4777     683.8684    1146.1423     285.9366     4108.2129    -607.9965   -5268.1565     612.4850
     210     297.5395     641.8302    1137.4820     293.5601     4097.4932    -601.0399   -5209.6981     657.1669
     211     273.0902     683.2638    1147.1268     289.5493     4066.6650    -608.1802   -5316.2351     535.2799
     212     277.1015     656.5353    1154.2045     288.8008     4104.5995    -607.8855   -5370.2116     503.1445
     213     288.4316     696.2607    1161.4006     290.7623     4092.0020    -598.6025   -5404.4995     525.7552
     214     286.0379     666.2347    1147.1787     311.7706     4083.3933    -596.2605   -5450.9681     447.3865
     215     242.9890     677.9558    1136.5958     298.6887     4094.7991    -608.9219   -5386.4086     455.6979
     216     248.2849     659.1053    1123.9144     304.0705     4079.3170    -602.7963   -5357.8168     454.0790
     217     263.3174     636.1901    1120.4360     301.3917     4105.0142    -606.8695   -5335.5732     483.9067
     218     277.7342     654.8162    1131.8429     275.5252     4079.1382    -589.9636   -5285.1433     543.9498
     219     268.4486     679.4261    1140.2225     288.2878     4127.8068    -606.9914   -5475.2675     421.9329
     220     251.3482     644.7982    1146.9311     301.6528     4112.7275    -611.2351   -5429.0105     417.2120
     221     256.7624     668.3738    1169.9089     294.1082     4117.2654    -608.7713   -5478.8280     418.8195
     222     286.9987     666.5387    1131.2387     302.7371     4121.0598    -605.6538   -5453.0080     449.9112
     223     289.7339     710.1882    1142.4682     272.9067     4092.7004    -633.1079   -5392.8121     482.0775
     224     261.3425     679.2127    1137.5120     296.2960     4100.9412    -606.1021   -5414.1288     455.0735
     225     251.1943     685.3113    1147.8596     299.1589     4101.6239    -612.0937   -5436.0635     436.9908
     226     273.2012     668.6172    1145.7671     291.9097     4081.5393    -592.1415   -5392.1776     476.7154
     227     264.2707     654.9750    1145.3066     299.3385     4079.0396    -605.0024   -5230.6978     607.2302
     228     257.7683     696.9954    1158.5194     291.2065     4110.1611    -602.8347   -5273.5505     638.2655
     229     258.3939     699.1094    1127.0313     283.4589     4101.9409    -615.4804   -5291.7860     562.6680
     230     243.5001     654.3092    1150.8348     295.2108     4116.2955    -607.4789   -5310.7500     541.9214
     231     257.8330     644.2565    1129.5727     298.7295     4117.1162    -598.4470   -5374.4086     474.6522
     232     256.4134     659.7350    1160.4810     296.6139     4106.8423    -602.6123   -5464.5903     412.8830
     233     263.2556     674.2038    1151.1608     291.4331     4107.6877    -612.9416   -5349.4865     525.3128
     234     260.5074     674.9671    1139.5986     294.3595     4115.4414    -598.3144   -5441.2556     445.3039
     235     254.2341     677.5647    1173.7752     293.2670     4143.9256    -618.8932   -5377.9513     545.9221
     236     236.7638     665.7094    1129.8520     297.4300     4120.7135    -617.5877   -5397.1830     435.6981
     237     260.5217     672.7688    1153.0647     290.7512     4096.7783    -619.2100   -5362.4528     492.2219
     238     249.5184     633.9903    1131.0625     308.9065     4123.6293    -609.5383   -5389.0706     448.4982
     239     286.6759     657.5383    1144.3362     279.3679     4083.4650    -594.9456   -5309.0335     547.4041
     240     252.7394     658.3472    1144.1549     293.6764     4104.3574    -611.8688   -5373.3279     468.0786
     241     252.5074     711.9387    1134.7968     291.0343     4106.7978    -620.1903   -5407.9742     468.9106
     242     262.3024     678.2284    1125.1120     286.2539     4108.9694    -617.4638   -5470.0445     373.3579
     243     256.1840     701.8899    1147.6711     301.9518     4071.9988    -620.2002   -5451.8884     407.6070
     244     275.3412     628.6317    1134.9313     293.8497     4107.3095    -606.6564   -5448.8015     384.6056
     245     277.9192     687.1143    1134.5794     303.7191     4116.2722    -607.5517   -5454.4134     457.6390
     246     257.2889     655.8094    1150.5512     287.9113     4116.4377    -615.9100   -5356.4070     495.6814
     247     266.7171     667.3908    1112.3703     295.5444     4070.0267    -622.2003   -5431.3886     358.4603
     248     246.3630     654.1801    1121.2953     287.8105     4111.7925    -617.3131   -5464.3249     339.8034
     249     269.6232     694.4284    1147.1976     290.0058     4071.9778    -605.1548   -5427.3714     440.7064
     250     273.1421     688.1284    1134.4988     290.3445     4100.4834    -624.7259   -5320.6467     541.2246
     251     263.3330     675.6409    1155.2808     281.1940     4061.8523    -603.0659   -5428.6223     405.6128
     252     280.1153     675.8360    1124.9594     302.4370     4088.4659    -590.8355   -5358.8083     522.1698
     253     285.1135     665.3426    1161.0690     287.6385     4086.5091    -613.1634   -5354.5302     517.9791
     254     269.1376     667.5353    1143.6116     297.3096     4082.2425    -616.9730   -5346.4125     496.4511
     255     263.6712     689.0288    1145.2432     298.1370     4109.6716    -593.0062   -5509.2670     403.4785
     256     264.6941     640.3124    1151.9448     301.1276     4134.8362    -603.6771   -5523.8711     365.3670
     257     289.1310     643.9297    1137.7586     281.0981     4090.8844    -617.6545   -5520.5601     304.5872
     258     234.8276     690.1193    1151.2473     300.9210     4108.8947    -618.4156   -5518.3220     349.2723
     259     280.5805     674.1726    1146.6020     297.0193     4102.3252    -603.5484   -5493.0083     404.1428
     260     261.9322     631.3762    1137.6806     284.9088     4061.7311    -599.2669   -5371.0433     407.3187
     261     266.3443     644.3331    1134.5495     297.6588     4087.4000    -623.2906   -5292.8092     514.1860
     262     254.1446     700.4618    1142.7640     280.7616     4042.7488    -612.7004   -5283.8944     524.2860
     263     282.5884     706.2515    1126.3650     273.9823     4081.4380    -627.8929   -5265.5482     577.1840
     264     259.7962     684.0202    1131.7920     291.5849     4084.0268    -619.1584   -5395.3568     436.7048
     265     260.0024     716.0229    1152.9592     298.6407     4066.7216    -611.6135   -5367.6449     515.0885
     266     261.0389     685.7086    1150.1734     302.4274     4075.0698    -606.9713   -5384.5139     482.9330
     267     282.7550     655.2020    1144.0217     295.9546     4077.4075    -612.8093   -5256.7975     585.7341
     268     276.5256     645.5930    1160.8474     292.1818     4068.9070    -594.5094   -5328.0653     521.4800
     269     252.9954     686.2356    1150.7774     298.2506     4099.5467    -587.2883   -5336.2219     564.2956
     270     233.5076     666.9653    1162.6819     292.9859     4077.6457    -602.8728   -5443.6961     387.2176
     271     267.1277     707.0904    1148.2887     287.5626     4043.2676    -608.9279   -5435.4117     408.9973
     272     261.5056     693.0689    1152.3147     303.5905     4099.6517    -594.6658   -5557.9468     357.5189
     273     280.9576     648.8516    1132.0202     295.7353     4072.5440    -585.5292   -5420.8993     423.6802
     274     271.3563     688.8988    1169.0278     300.3623     4081.9933    -624.5801   -5404.6256     482.4329
     275     238.2510     687.3623    1164.2411     294.6018     4095.1814    -611.0215   -5494.7355     373.8806
     276     263.6295     666.0744    1125.5242     295.8568     4076.9219    -605.8236   -5578.6238     243.5594
     277     285.8467     683.7391    1136.1787     288.7371     4087.9572    -623.0427   -5494.9616     364.4544
     278     271.5091     657.7254    1136.5845     296.1822     4110.6311    -606.1960   -5363.4309     503.0054
     279     255.5656     655.0986    1155.9165     299.6588     4071.4880    -596.0657   -5374.5864     467.0753
     280     287.2223     643.2357    1153.2983     298.3328     4104.2860    -592.6778   -5495.2223     398.4750
     281     260.2028     683.2998    1138.2880     295.9072     4052.4069    -614.1376   -5433.2700     382.6972
     282     279.1352     662.5808    1135.0332     292.0125     4065.8136    -610.6823   -5536.0322     287.8608
     283     268.4628     691.5577    1149.5685     285.5384     4057.9939    -598.6971   -5475.2408     379.1834
     284     264.1469     653.3808    1141.5885     289.1583     4093.9016    -607.0322   -5457.6324     377.5116
     285     269.0981     691.8002    1134.9280     290.9173     4078.7670    -604.4213   -5551.0289     310.0603
     286     272.7942     662.6086    1147.5539     294.4382     4085.9175    -615.4932   -5415.7864     432.0328
     287     257.7902     643.8406    1156.5178     300.8162     4091.1687    -609.9564   -5518.3749     321.8023
     288     264.5371     642.5619    1152.5912     287.4971     4084.5006    -590.2658   -5462.9373     378.4847
     289     284.3839     654.4766    1141.7910     301.1481     4031.2425    -614.1462   -5359.6021     439.2937
     290     266.4040     677.3284    1148.3477     302.0898     4080.4361    -601.3691   -5347.6727     525.5642
     291     280.4040     656.6494    1124.8556     288.1318     4082.4124    -615.3301   -5344.5814     472.5416
     292     248.3449     672.2312    1147.4313     302.7773     4092.7690    -612.9033   -5387.5102     463.1403
     293     249.6854     677.5846    1130.4392     291.2777     4095.1415    -591.9189   -5491.6077     360.6018
     294     267.7948     670.0836    1142.3476     289.3881     4070.6815    -613.7927   -5518.7399     307.7630
     295     240.8729     663.1790    1122.8231     301.7264     4058.5608    -634.0011   -5353.7954     399.3657
     296     277.9874     669.1174    1137.4351     289.9420     4066.9946    -606.5478   -5318.2806     516.6481
     297     286.3055     658.5234    1130.9269     287.7817     4038.3305    -588.0075   -5431.3523     382.5082
     298     243.4225     688.1747    1145.3590     290.8209     4099.1307    -615.2556   -5365.4512     486.2010
     299     267.1686     666.3021    1130.7231     288.9631     4069.1783    -607.7137   -5373.9929     440.6286
     300     279.1323     664.5687    1134.0417     297.6274     4069.2838    -602.5363   -5317.6793     524.4383
     301     277.3857     701.3475    1123.1453     280.7638     4065.6332    -596.4002   -5376.2437     475.6317
     302     269.2824     665.0671    1122.8136     297.9542     4085.8054    -619.9334   -5261.3091     559.6803
     303     274.7010     663.5542    1135.1359     285.2951     4079.6014    -614.4632   -5365.0729     458.7515
     304     254.5806     699.0282    1144.2481     299.0492     4095.6186    -592.8434   -5424.0521     475.6293
     305     261.0441     659.0386    1134.3363     288.3495     4113.3892    -616.2330   -5372.3762     467.5485
     306     273.9609     628.6548    1155.4443     287.3267     4078.7176    -621.5979   -5295.4942     507.0120
     307     287.1345     634.0703    1132.9249     289.5681     4101.8910    -621.5387   -5311.4036     512.6465
     308     252.2204     644.4151    1154.7397     294.7295     4081.8980    -610.3020   -5465.0299     352.6709
     309     253.6032     678.0202    1126.9373     298.3954     4067.8280    -597.1217   -5499.8251     327.8374
     310     395.5890     738.5842    1147.2672     294.1817     4081.8416     752.9916   -5270.7570    2139.6983
     311     260.8962     664.6079    1146.2142     302.9787     4079.5169    -598.4598   -5468.6607     387.0933
     312     244.1979     636.4344    1136.4449     298.5488     4123.3465    -596.3264   -5425.3766     417.2695
     313     266.0469     700.2921    1140.3681     297.8275     4109.6760    -596.8535   -5461.3500     456.0072
     314     274.9167     652.3167    1132.3951     280.7802     4082.3399    -596.0255   -5406.1327     420.5904
     315     264.7814     650.6059    1150.0741     287.5752     4122.9504    -607.3687   -5376.4630     492.1553
     316     259.3066     669.9647    1138.2114     296.7722     4063.6543    -624.2027   -5367.2627     436.4438
     317     261.7922     657.6189    1139.1101     325.4310     4107.8007    -598.3679   -5512.7994     380.5857
     318     259.4824     656.3106    1131.2778     303.0674     4106.1928    -591.2130   -5408.9738     456.1442
     319     298.6115     688.0119    1138.5797     291.0407     4051.4770    -600.4270   -5499.5551     367.7387
     320     265.1062     652.3266    1131.3572     295.2378     4056.7027    -585.4061   -5456.9286     358.3957
     321     267.1041     674.2811    1148.7368     298.5754     4071.0122    -598.6068   -5486.6708     374.4321
     322     275.6541     643.2660    1144.1288     283.8136     4045.2767    -606.0158   -5443.9858     342.1376
     323     257.2530     687.3141    1147.8875     299.6878     4069.5228    -596.3142   -5557.2640     308.0870
     324     256.0412     669.5287    1142.3557     297.2961     4080.0411    -604.0009   -5485.4901     355.7717
     325     238.8027     641.1137    1138.6586     288.7068     4100.0321    -627.5364   -5489.7574     290.0200
     326     250.7845     657.3999    1141.3173     291.8480     4085.0013    -594.4063   -5516.9008     315.0439
     327     270.3880     625.3716    1154.6921     284.4599     4046.2554    -607.0356   -5455.9464     318.1850
     328     248.1310     675.8849    1153.6710     293.5149     4106.9831    -602.1768   -5490.3270     385.6813
     329     260.9716     676.3189    1140.3829     288.0877     4080.3608    -619.5519   -5475.4824     351.0876
     330     250.6118     667.9704    1138.0507     294.2758     4048.6445    -605.4446   -5440.7857     353.3229
     331     272.5687     656.9812    1162.0885     292.0946     4105.5348    -601.6563   -5571.3066     316.3050
     332     284.7010     661.4221    1159.3764     287.2328     4100.6908    -620.1555   -5469.6473     403.6204
     333     257.0944     634.7911    1154.5554     305.5978     4109.6298    -625.9621   -5533.8402     301.8662
     334     244.5098     673.1901    1134.8522     287.8931     4091.3394    -606.1955   -5435.2288     390.3603
     335     256.5859     677.4065    1141.3194     284.8737     4046.5960    -608.2540   -5400.0871     398.4404
     336     242.5984     681.8105    1159.7211     294.8030     4074.6489    -603.1523   -5402.8408     447.5888
     337     254.3553     662.7871    1131.6485     303.9861     4072.8041    -601.0212   -5530.9532     293.6068
     338     267.8898     675.4002    1142.0529     301.9657     4088.2578    -626.5673   -5423.6803     425.3188
     339     276.1024     652.3039    1168.5959     288.5493     4048.0911    -591.3085   -5449.3625     392.9717
     340     249.8275     624.0046    1167.2278     302.9739     4090.5866    -609.2156   -5523.1763     302.2286
     341     258.9955     668.1067    1129.7373     286.7016     4071.2599    -609.4701   -5446.0207     359.3102
     342     272.6391     673.4076    1156.7479     291.5217     4092.8427    -610.2684   -5477.1931     399.6974
     343     248.9747     682.0754    1126.3175     308.9045     4064.9353    -603.3360   -5516.5527     311.3187
     344     262.7373     650.9176    1133.9043     290.7252     4040.1210    -606.4298   -5373.9523     398.0233
     345     262.5099     639.0882    1138.5602     292.0734     4049.9045    -596.9791   -5454.0867     331.0704
     346     266.5146     632.3627    1148.3194     293.8474     4088.9524    -607.4242   -5475.5763     346.9959
     347     276.9701     679.1685    1148.5550     284.9396     4074.5073    -604.5866   -5544.7091     314.8449
     348     254.1988     676.8881    1156.2047     288.8491     4108.1741    -604.1536   -5510.6932     369.4680
     349     270.0876     637.6407    1139.9913     287.7991     4047.6100    -599.9703   -5432.1281     351.0303
     350     256.0121     688.0301    1137.3220     292.4428     4091.8644    -585.7790   -5521.3610     358.5312
     351     269.4780     651.1294    1139.0149     290.1954     4091.5869    -590.6124   -5403.6405     447.1517
     352     253.3283     671.0070    1149.5998     301.8007     4115.4403    -599.5709   -5523.4906     368.1146
     353     269.4485     598.2307    1140.6595     293.7194     4099.3916    -607.7456   -5480.6279     313.0763
     354     246.7252     654.2040    1161.3780     294.0013     4119.0196    -591.4346   -5469.7570     414.1364
     355     277.5978     637.8987    1168.9754     289.3274     4096.6170    -586.0271   -5459.8472     424.5419
     356     251.1490     725.4228    1141.8981     297.2948     4074.6077    -607.3994   -5438.9699     444.0031
     357     252.5747     702.4047    1148.1354     296.7069     4109.7694    -592.4556   -5449.9895     467.1458
     358     272.5597     683.2104    1168.6918     295.8309     4074.7475    -605.6152   -5405.6921     483.7329
     359     273.2908     667.2817    1141.1087     285.7228     4064.6685    -599.0736   -5419.4411     413.5578
     360     277.7433     697.6972    1150.8065     286.8132     4045.1299    -599.2372   -5431.5870     427.3659
     361     281.5764     669.2337    1151.5076     295.5956     4085.0673    -605.1745   -5408.0997     469.7064
     362     284.2263     678.0410    1161.0009     288.4339     4090.9134    -592.4108   -5403.5011     506.7035
     363     271.4877     663.7736    1130.1067     293.1842     4104.5489    -590.8120   -5407.1298     465.1593
     364     267.8129     675.3960    1159.1308     298.0911     4073.6558    -607.8038   -5297.1254     569.1574
     365     291.5490     643.7652    1151.8057     290.3064     4069.2032    -591.3804   -5360.9966     494.2524
     366     246.5073     691.4373    1157.4404     286.8725     4078.0406    -610.2788   -5350.0357     499.9836
     367     251.2965     666.3540    1160.6766     297.7774     4091.7619    -590.7844   -5307.1059     569.9761
     368     243.7560     692.1888    1127.9247     291.0195     4074.5507    -604.9103   -5380.3714     444.1579
     369     266.6545     649.4839    1136.6563     293.0784     4095.4388    -604.8102   -5447.0997     389.4020
     370     273.1206     677.4468    1134.4778     308.9664     4086.4914    -589.4699   -5444.5070     446.5262
     371     272.1475     674.2578    1148.5585     292.3779     4099.0581    -626.3752   -5510.5999     349.4246
     372     252.7784     682.1093    1166.2073     306.6390     4073.5888    -599.4017   -5513.2325     368.6885
     373     278.6786     657.5722    1137.0225     297.0981     4098.4109    -605.8729   -5388.8290     474.0803
     374     253.9619     672.9462    1145.5758     284.6992     4059.4000    -590.7414   -5538.1827     287.6589
     375     257.7628     652.9730    1132.5328     300.4607     4074.8454    -598.7528   -5321.4676     498.3543
     376     269.9121     685.2101    1158.3065     295.5705     4055.6478    -615.1944   -5431.6833     417.7692
     377     263.0497     628.7126    1147.2716     295.5965     4091.4075    -606.9748   -5506.4272     312.6359
     378     254.4942     664.8105    1146.1377     291.8726     4085.8640    -622.0445   -5578.0516     243.0829
     379     285.6255     660.7122    1144.5600     287.1472     4061.7136    -606.3877   -5487.2293     346.1415
     380     275.0937     688.3438    1146.4911     292.7683     4099.9556    -619.4910   -5509.5210     373.6405
     381     254.0837     667.4969    1154.7739     296.6141     4092.4166    -612.9306   -5600.0555     252.3992
     382     259.5750     685.6356    1144.4706     300.7890     4121.0110    -621.7933   -5557.9559     331.7320
     383     263.6239     692.4913    1138.6571     295.3304     4076.3475    -612.4737   -5500.4277     353.5488
     384     256.9566     653.3124    1157.8112     293.8908     4111.5637    -635.3126   -5519.9492     318.2730
     385     250.6599     660.6543    1149.5736     297.4800     4113.9135    -603.7780   -5410.9421     457.5612
     386     276.2379     688.7069    1136.5576     294.2678     4133.0656    -624.7557   -5450.6474     453.4325
     387     253.8096     661.9594    1169.1111     300.3561     4075.1786    -627.7384   -5445.3582     387.3182
     388     277.3353     660.8742    1145.8022     285.9607     4090.5347    -626.7385   -5498.7463     335.0223
     389     274.7569     661.7259    1146.4815     290.5942     4085.4791    -606.8668   -5402.0403     450.1304
     390     301.2297     672.9370    1139.8059     283.7243     4102.0961    -607.6910   -5501.8693     390.2327
     391     283.4845     682.2761    1150.7603     279.6700     4103.8673    -608.0099   -5454.2728     437.7755
     392     279.8575     672.2842    1160.8119     287.2759     4090.8508    -605.7431   -5443.9192     441.4181
     393     259.7633     680.4577    1169.1265     302.2227     4089.2266    -622.6243   -5569.4410     308.7314
     394     279.0286     713.7572    1162.3888     282.9136     4081.0661    -612.2881   -5519.6145     387.2517
     395     271.4365     645.9520    1134.0442     306.1800     4140.8338    -606.3205   -5581.4739     310.6521
     396     249.9831     667.0335    1151.5056     306.8628     4115.8851    -618.9607   -5569.2239     303.0855
     397     265.3176     648.8494    1157.8828     300.2119     4121.6553    -585.5548   -5648.2925     260.0697
     398     257.9239     689.6898    1172.2091     293.3601     4080.7459    -603.3194   -5438.8682     451.7411
     399     262.6342     627.8163    1156.8214     296.5583     4118.3455    -610.7537   -5537.8796     313.5425
     400     259.0659     677.2657    1150.2817     286.7140     4072.6474    -593.9655   -5404.8634     447.1458
     401     261.0704     639.0093    1150.8346     307.9677     4114.2470    -602.2264   -5553.5164     317.3861
     402     260.9082     653.2069    1156.5259     299.9139     4122.8814    -622.4643   -5440.2787     430.6932
     403     276.0816     682.8556    1162.9531     298.0362     4095.7672    -610.2447   -5599.2801     306.1689
     404     273.7072     632.9912    1142.8789     285.8322     4100.9147    -623.3312   -5504.2906     308.7023
     405     270.8789     691.3961    1147.1824     295.0808     4103.4467    -621.6935   -5512.7848     373.5065
     406     236.1198     670.7370    1138.3087     297.5615     4117.1975    -615.5217   -5520.8061     323.5967
     407     264.5295     670.0149    1152.1199     297.8954     4108.9447    -603.4155   -5528.6961     361.3928
     408     243.1683     660.6002    1145.6775     304.3436     4081.9136    -610.9018   -5468.7973     356.0041
     409     278.5130     688.9332    1140.4170     293.2154     4082.1931    -617.4923   -5457.6310     408.1484
     410     264.3098     648.5273    1154.8081     301.9792     4111.3242    -628.3762   -5437.2981     415.2744
     411     254.3540     693.6748    1168.3985     275.8512     4059.3474    -618.8269   -5529.1685     303.6304
     412     251.6846     649.3636    1133.9963     298.0586     4104.2555    -599.4352   -5508.7930     329.1304
     413     263.5909     687.5054    1127.4487     294.0354     4064.2680    -603.3122   -5410.4506     423.0856
     414     257.9814     675.7049    1142.5671     297.7236     4067.0327    -585.4707   -5500.5205     355.0186
     415     254.9890     630.4792    1138.0471     306.5221     4082.9369    -598.1778   -5483.7812     331.0153
     416     277.8239     653.6496    1144.8247     298.5507     4109.8460    -615.5729   -5497.7805     371.3416
     417     281.8465     664.6543    1178.7078     284.6862     4090.7923    -579.0321   -5542.0920     379.5631
     418     241.7613     649.9594    1152.2657     301.2176     4116.9209    -614.2539   -5607.0194     240.8515
     419     231.7499     696.8899    1144.4327     296.6946     4111.5159    -630.9438   -5563.6036     286.7356
     420     251.3715     638.4958    1171.5268     301.8255     4095.9506    -626.6112   -5539.0788     293.4801
     421     296.2024     660.2136    1116.7926     290.3023     4115.3671    -609.2924   -5393.7617     475.8239
     422     245.0154     662.7335    1161.0050     305.5498     4131.8869    -626.7168   -5545.2839     334.1900
     423     261.4501     659.4652    1161.2211     289.5056     4073.9280    -607.2415   -5493.7354     344.5930
     424     258.6845     625.0497    1142.8808     297.1627     4067.6959    -603.9245   -5458.7662     328.7830
     425     276.7273     665.7516    1145.4686     311.9132     4067.0736    -599.0967   -5633.0732     234.7645
     426     270.3251     667.1317    1148.3503     287.2932     4080.2146    -605.0794   -5440.5215     407.7140
     427     264.2766     687.6570    1132.7404     294.4075     4063.3787    -593.2288   -5429.9889     419.2424
     428     267.4699     655.5447    1146.4209     290.7849     4077.7682    -612.5534   -5452.3714     373.0638
     429     268.6136     674.9314    1141.8040     282.2700     4054.1268    -633.5027   -5416.1336     372.1095
     430     267.8458     673.8853    1151.6430     298.1634     4048.2697    -612.2660   -5410.0406     417.5006
     431     304.3242     654.4273    1152.1366     278.8032     4072.4001    -608.3612   -5559.3391     294.3913
     432     230.0323     644.1372    1143.5504     297.5496     4102.3102    -617.7622   -5515.6344     284.1830
     433     274.4009     690.2283    1137.3945     298.3232     4110.8070    -608.6334   -5528.2127     374.3076
     434     256.4862     689.9886    1139.1774     287.5257     4052.8666    -592.9347   -5415.9265     417.1832
     435     252.6132     689.0435    1138.9312     283.6956     4065.4918    -606.1453   -5439.9236     383.7065
     436     267.9738     684.8100    1136.4095     303.5835     4084.5410    -606.4345   -5530.8125     340.0709
     437     256.5139     696.1271    1130.0878     288.9085     4085.7579    -588.8149   -5597.2605     271.3198
     438     253.4846     684.6154    1147.0612     292.0887     4077.3113    -603.4565   -5432.7364     418.3683
     439     278.1664     675.7005    1149.1995     304.8288     4049.5001    -608.5222   -5463.6892     385.1838
     440     295.3968     677.2573    1136.3308     291.6850     4031.7325    -593.6930   -5368.9297     469.7798
     441     264.8319     649.2457    1139.2849     276.0478     4044.5539    -593.4208   -5508.3194     272.2240
     442     279.9201     670.3005    1138.2135     283.6862     4074.9728    -625.3330   -5465.6080     356.1522
     443     251.5664     661.7196    1134.7765     286.5595     4033.3970    -602.8918   -5489.3190     275.8082
     444     271.4258     675.1921    1123.2740     280.1996     4043.1844    -581.5233   -5532.8110     278.9416
     445     249.6435     656.2141    1132.5053     287.6933     4054.0287    -610.7802   -5437.7209     331.5838
     446     285.3897     697.5231    1118.1405     297.7517     4029.6600    -593.8977   -5467.3466     367.2206
     447     257.8288     698.1841    1152.5912     289.7221     4043.8398    -621.1251   -5526.3673     294.6737
     448     276.3557     639.9333    1145.2470     283.9438     4068.0530    -605.9822   -5564.3761     243.1745
     449     286.3607     685.7585    1142.5223     296.7172     4062.2620    -606.1424   -5580.8016     286.6767
     450     273.0068     710.7078    1138.8808     295.9416     4039.6902    -599.0235   -5471.5815     387.6222
     451     276.1863     638.0815    1119.3628     291.3948     4091.6512    -592.9025   -5493.4633     330.3108
     452     274.3867     704.2657    1121.9946     295.1444     4063.5942    -590.6987   -5372.0272     496.6598
     453     262.7010     658.7364    1155.3876     311.3025     4082.1495    -611.0764   -5520.2257     338.9748
     454     234.6032     668.4101    1119.4129     299.9632     4070.8855    -609.9906   -5456.7274     326.5570
     455     259.5165     667.0803    1151.0770     297.1694     4089.5860    -622.6075   -5384.2624     457.5591
     456     265.0843     675.8245    1130.6448     293.7004     4070.9835    -617.7572   -5432.2131     386.2671
     457     265.4065     670.6512    1130.1158     293.2370     4058.9779    -604.2717   -5429.1401     384.9768
     458     256.0091     673.3950    1165.4947     303.8558     4071.2770    -599.0350   -5473.3989     397.5977
     459     272.3427     692.1290    1149.6337     290.7970     4089.3344    -603.8632   -5489.7794     400.5942
     460     247.1944     682.9188    1157.4349     290.7761     4092.6213    -599.3932   -5518.6161     352.9361
     461     280.8194     699.2055    1150.6043     294.4391     4094.6858    -611.4911   -5467.5298     440.7332
     462     291.4923     675.3246    1124.2237     287.2029     4033.5351    -597.8242   -5411.4532     402.5012
     463     274.3506     714.4537    1148.6867     293.1829     4076.7941    -625.9120   -5571.1022     310.4538
     464     277.3082     677.5440    1153.3826     296.1581     4032.6291    -605.7515   -5383.0285     448.2420
     465     290.9957     654.5381    1141.1527     303.4209     4061.3094    -600.4752   -5490.9708     359.9709
     466     249.1650     668.9323    1135.3101     300.9514     4068.7003    -608.8397   -5427.8967     386.3227
     467     286.0333     619.0168    1152.7084     282.3524     4059.8264    -605.0749   -5401.7676     393.0948
     468     262.8273     710.0578    1137.9571     298.9066     4087.3492    -595.1559   -5371.4993     530.4428
     469     279.3786     684.2096    1125.5090     282.3088     4040.5431    -619.3116   -5426.1058     366.5316
     470     285.2102     640.9888    1146.6582     286.4228     4067.7273    -601.9021   -5444.1070     380.9982
     471     272.7801     675.2393    1142.3281     304.7958     4116.2164    -608.6286   -5472.7367     429.9944
     472     284.6855     662.8561    1112.8302     283.3333     4064.8072    -577.1157   -5533.4588     297.9378
     473     253.5622     662.9405    1138.9322     286.1243     4097.3842    -597.3119   -5526.2265     315.4048
     474     267.4780     682.9018    1130.7593     287.8714     4078.8900    -611.2485   -5404.6584     431.9938
     475     260.6755     667.1271    1143.1884     290.4865     4107.9505    -600.6545   -5467.4509     401.3226
     476     252.7647     690.1420    1145.1246     306.1441     4069.7066    -617.9213   -5433.1255     412.8352
     477     254.4763     702.6223    1156.8646     304.1388     4070.5012    -604.7270   -5479.4277     404.4486
     478     246.8485     660.3375    1131.4639     300.5971     4100.7136    -620.7536   -5442.9226     376.2844
     479     278.2519     630.5106    1140.0078     296.5773     4096.7100    -592.7689   -5423.5738     425.7149
     480     260.1381     663.1411    1146.3461     286.5273     4065.0761    -622.9316   -5430.7524     367.5447
     481     242.5722     655.9660    1155.7902     289.3726     4085.3425    -624.5953   -5472.5392     331.9090
     482     269.0175     658.1451    1146.7656     288.8010     4076.4582    -605.0900   -5377.3665     456.7310
     483     277.1554     682.3133    1141.8254     280.4032     4063.9424    -633.5826   -5332.8677     479.1894
     484     246.5295     682.9257    1130.0060     301.1097     4092.4457    -607.0454   -5361.4889     484.4823
     485     255.7051     677.3252    1128.1984     288.0658     4084.2429    -618.9514   -5471.8581     342.7278
     486     260.1444     679.2814    1142.9848     290.1602     4064.1981    -603.2997   -5511.5416     321.9275
     487     260.4343     684.1981    1142.3743     297.3710     4106.0165    -610.0932   -5454.7279     425.5731
     488     247.5561     718.1610    1122.4465     291.5178     4085.8120    -607.5838   -5517.7027     340.2067
     489     285.4067     651.5163    1137.5227     293.9455     4065.1400    -615.6202   -5393.0160     424.8950
     490     253.2280     675.4218    1141.3438     293.2447     4064.4164    -604.6730   -5403.6207     419.3610
     491     260.6523     653.6058    1127.1155     303.1727     4081.9503    -603.4721   -5439.2023     383.8223
     492     234.5070     686.1190    1146.8303     300.7042     4056.2089    -600.2803   -5459.5850     364.5041
     493     254.8115     643.9517    1138.3932     299.7066     4058.9220    -596.9615   -5411.0517     387.7718
     494     281.4886     683.5696    1151.2912     294.1486     4057.8356    -634.1175   -5390.3945     443.8216
     495     267.4021     665.4095    1136.5288     292.3078     4038.1345    -623.9099   -5418.1063     357.7665
     496     269.5915     627.5313    1128.4321     299.9132     4064.2256    -623.9109   -5332.7945     432.9883
     497     253.0318     640.2084    1154.9941     308.3609     4106.2210    -609.1411   -5403.4675     450.2076
     498     270.9998     646.9498    1146.0349     287.2378     4077.5396    -611.5512   -5496.0522     321.1586
     499     259.5379     622.6712    1149.1489     292.4813     4077.4883    -590.6438   -5428.2821     382.4016
     500     262.5254     639.9840    1145.3597     289.3050     4067.7696    -610.9196   -5455.9327     338.0915
